-0.004299297679556	0.000000000000000
-0.004299586616756	0.000000000000000
-0.004299853552885	0.000000000000000
-0.004300098489463	0.000000000000000
-0.004300321414432	0.000000000000000
-0.004300522341571	0.000000000000000
-0.004300701268350	0.000000000000000
-0.004300858220770	0.000000000000000
-0.004300993174182	0.000000000000000
-0.004301106163849	0.000000000000000
-0.004301197179459	0.000000000000000
-0.004301266229513	0.000000000000000
-0.004301313342957	0.000000000000000
-0.004301338468957	0.000000000000000
-0.004301341695147	0.000000000000000
-0.004301322954865	0.000000000000000
-0.004301282307406	0.000000000000000
-0.004301219732013	0.000000000000000
-0.004301135253323	0.000000000000000
-0.004301028857959	0.000000000000000
-0.004300900579860	0.000000000000000
-0.004300750409908	0.000000000000000
-0.004300578365939	0.000000000000000
-0.004300384444253	0.000000000000000
-0.004300168673084	0.000000000000000
-0.004299931036610	0.000000000000000
-0.004299671579919	0.000000000000000
-0.004299390267931	0.000000000000000
-0.004299087144257	0.000000000000000
-0.004298762207608	0.000000000000000
-0.004298415459000	0.000000000000000
-0.004298046931967	0.000000000000000
-0.004297656608176	0.000000000000000
-0.004297244527257	0.000000000000000
-0.004296810655569	0.000000000000000
-0.004296355069372	0.000000000000000
-0.004295877720796	0.000000000000000
-0.004295378647404	0.000000000000000
-0.004294857858965	0.000000000000000
-0.004294315356893	0.000000000000000
-0.004293751179786	0.000000000000000
-0.004293165290579	0.000000000000000
-0.004292557758648	0.000000000000000
-0.004291928549496	0.000000000000000
-0.004291277712368	0.000000000000000
-0.004290605213800	0.000000000000000
-0.004289911123714	0.000000000000000
-0.004289195406097	0.000000000000000
-0.004288458110313	0.000000000000000
-0.004287699213152	0.000000000000000
-0.004286918761271	0.000000000000000
-0.004286116748031	0.000000000000000
-0.004285293202577	0.000000000000000
-0.004284448115774	0.000000000000000
-0.004283581526712	0.000000000000000
-0.004282693440706	0.000000000000000
-0.004281783849760	0.000000000000000
-0.004280852822208	0.000000000000000
-0.004279900310714	0.000000000000000
-0.004278926375256	0.000000000000000
-0.004277930996839	0.000000000000000
-0.004276914233278	0.000000000000000
-0.004275876050598	0.000000000000000
-0.004274816505012	0.000000000000000
-0.004273735593032	0.000000000000000
-0.004272633331601	0.000000000000000
-0.004271509733256	0.000000000000000
-0.004270364834555	0.000000000000000
-0.004269198617363	0.000000000000000
-0.004268011137126	0.000000000000000
-0.004266802385470	0.000000000000000
-0.004265572378777	0.000000000000000
-0.004264321141577	0.000000000000000
-0.004263048706650	0.000000000000000
-0.004261755057384	0.000000000000000
-0.004260440239808	0.000000000000000
-0.004259104253063	0.000000000000000
-0.004257747128430	0.000000000000000
-0.004256368879861	0.000000000000000
-0.004254969531816	0.000000000000000
-0.004253549071954	0.000000000000000
-0.004252107565998	0.000000000000000
-0.004250645003660	0.000000000000000
-0.004249161404366	0.000000000000000
-0.004247656796655	0.000000000000000
-0.004246131202648	0.000000000000000
-0.004244584613033	0.000000000000000
-0.004243017102539	0.000000000000000
-0.004241428627263	0.000000000000000
-0.004239819258481	0.000000000000000
-0.004238188989666	0.000000000000000
-0.004236537835394	0.000000000000000
-0.004234865856970	0.000000000000000
-0.004233173013983	0.000000000000000
-0.004231459379275	0.000000000000000
-0.004229724954201	0.000000000000000
-0.004227969746994	0.000000000000000
-0.004226193807196	0.000000000000000
-0.004224397133382	0.000000000000000
-0.004222579755094	0.000000000000000
-0.004220741697541	0.000000000000000
-0.004218882977064	0.000000000000000
-0.004217003627232	0.000000000000000
-0.004215103637484	0.000000000000000
-0.004213183088576	0.000000000000000
-0.004211241936259	0.000000000000000
-0.004209280266278	0.000000000000000
-0.004207298041041	0.000000000000000
-0.004205295349639	0.000000000000000
-0.004203272152755	0.000000000000000
-0.004201228509681	0.000000000000000
-0.004199164440032	0.000000000000000
-0.004197079963976	0.000000000000000
-0.004194975102697	0.000000000000000
-0.004192849882646	0.000000000000000
-0.004190704329748	0.000000000000000
-0.004188538482410	0.000000000000000
-0.004186352318077	0.000000000000000
-0.004184145927307	0.000000000000000
-0.004181919286207	0.000000000000000
-0.004179672446640	0.000000000000000
-0.004177405407323	0.000000000000000
-0.004175118234019	0.000000000000000
-0.004172810902819	0.000000000000000
-0.004170483491766	0.000000000000000
-0.004168135984561	0.000000000000000
-0.004165768424583	0.000000000000000
-0.004163380851389	0.000000000000000
-0.004160973268216	0.000000000000000
-0.004158545710683	0.000000000000000
-0.004156098214515	0.000000000000000
-0.004153630795853	0.000000000000000
-0.004151143482741	0.000000000000000
-0.004148636313826	0.000000000000000
-0.004146109306431	0.000000000000000
-0.004143562484489	0.000000000000000
-0.004140995887639	0.000000000000000
-0.004138409546073	0.000000000000000
-0.004135803475043	0.000000000000000
-0.004133177706805	0.000000000000000
-0.004130532270046	0.000000000000000
-0.004127867213831	0.000000000000000
-0.004125182529787	0.000000000000000
-0.004122478277502	0.000000000000000
-0.004119754482722	0.000000000000000
-0.004117011152228	0.000000000000000
-0.004114248341206	0.000000000000000
-0.004111466077552	0.000000000000000
-0.004108664373910	0.000000000000000
-0.004105843277754	0.000000000000000
-0.004103002813389	0.000000000000000
-0.004100143004015	0.000000000000000
-0.004097263900928	0.000000000000000
-0.004094365508288	0.000000000000000
-0.004091447882086	0.000000000000000
-0.004088511039649	0.000000000000000
-0.004085555018262	0.000000000000000
-0.004082579833146	0.000000000000000
-0.004079585556727	0.000000000000000
-0.004076572164835	0.000000000000000
-0.004073539750340	0.000000000000000
-0.004070488288635	0.000000000000000
-0.004067417854490	0.000000000000000
-0.004064328457729	0.000000000000000
-0.004061220139430	0.000000000000000
-0.004058092944971	0.000000000000000
-0.004054946866988	0.000000000000000
-0.004051781993718	0.000000000000000
-0.004048598329677	0.000000000000000
-0.004045395889570	0.000000000000000
-0.004042174747001	0.000000000000000
-0.004038934914660	0.000000000000000
-0.004035676431546	0.000000000000000
-0.004032399327110	0.000000000000000
-0.004029103640594	0.000000000000000
-0.004025789406739	0.000000000000000
-0.004022456669272	0.000000000000000
-0.004019105441921	0.000000000000000
-0.004015735773569	0.000000000000000
-0.004012347718531	0.000000000000000
-0.004008941262212	0.000000000000000
-0.004005516499429	0.000000000000000
-0.004002073427087	0.000000000000000
-0.003998612092584	0.000000000000000
-0.003995132525282	0.000000000000000
-0.003991634802264	0.000000000000000
-0.003988118886939	0.000000000000000
-0.003984584878289	0.000000000000000
-0.003981032793156	0.000000000000000
-0.003977462663444	0.000000000000000
-0.003973874539752	0.000000000000000
-0.003970268445046	0.000000000000000
-0.003966644425708	0.000000000000000
-0.003963002519301	0.000000000000000
-0.003959342760636	0.000000000000000
-0.003955665198033	0.000000000000000
-0.003951969859624	0.000000000000000
-0.003948256787147	0.000000000000000
-0.003944526024527	0.000000000000000
-0.003940777604052	0.000000000000000
-0.003937011571945	0.000000000000000
-0.003933227958002	0.000000000000000
-0.003929426814255	0.000000000000000
-0.003925608171306	0.000000000000000
-0.003921772077431	0.000000000000000
-0.003917918564147	0.000000000000000
-0.003914047683421	0.000000000000000
-0.003910159452472	0.000000000000000
-0.003906253953333	0.000000000000000
-0.003902331176211	0.000000000000000
-0.003898391211656	0.000000000000000
-0.003894434059912	0.000000000000000
-0.003890459796402	0.000000000000000
-0.003886468444014	0.000000000000000
-0.003882460040720	0.000000000000000
-0.003878434637550	0.000000000000000
-0.003874392284061	0.000000000000000
-0.003870333014864	0.000000000000000
-0.003866256864523	0.000000000000000
-0.003862163882944	0.000000000000000
-0.003858054124731	0.000000000000000
-0.003853927619874	0.000000000000000
-0.003849784403703	0.000000000000000
-0.003845624544989	0.000000000000000
-0.003841448070668	0.000000000000000
-0.003837255016474	0.000000000000000
-0.003833045463019	0.000000000000000
-0.003828819413717	0.000000000000000
-0.003824576922654	0.000000000000000
-0.003820318053628	0.000000000000000
-0.003816042841450	0.000000000000000
-0.003811751323940	0.000000000000000
-0.003807443541683	0.000000000000000
-0.003803119571596	0.000000000000000
-0.003798779435967	0.000000000000000
-0.003794423161181	0.000000000000000
-0.003790050850979	0.000000000000000
-0.003785662485843	0.000000000000000
-0.003781258155266	0.000000000000000
-0.003776837888385	0.000000000000000
-0.003772401754562	0.000000000000000
-0.003767949765455	0.000000000000000
-0.003763481995476	0.000000000000000
-0.003758998477269	0.000000000000000
-0.003754499276823	0.000000000000000
-0.003749984419570	0.000000000000000
-0.003745453964699	0.000000000000000
-0.003740907969778	0.000000000000000
-0.003736346460035	0.000000000000000
-0.003731769503222	0.000000000000000
-0.003727177148622	0.000000000000000
-0.003722569436169	0.000000000000000
-0.003717946408590	0.000000000000000
-0.003713308141269	0.000000000000000
-0.003708654652708	0.000000000000000
-0.003703986021442	0.000000000000000
-0.003699302266936	0.000000000000000
-0.003694603473274	0.000000000000000
-0.003689889668476	0.000000000000000
-0.003685160905256	0.000000000000000
-0.003680417234170	0.000000000000000
-0.003675658716888	0.000000000000000
-0.003670885399186	0.000000000000000
-0.003666097331873	0.000000000000000
-0.003661294537435	0.000000000000000
-0.003656477154643	0.000000000000000
-0.003651645112886	0.000000000000000
-0.003646798572356	0.000000000000000
-0.003641937511958	0.000000000000000
-0.003637062044391	0.000000000000000
-0.003632172167967	0.000000000000000
-0.003627267952634	0.000000000000000
-0.003622349490321	0.000000000000000
-0.003617416769720	0.000000000000000
-0.003612469895714	0.000000000000000
-0.003607508905209	0.000000000000000
-0.003602533832894	0.000000000000000
-0.003597544767066	0.000000000000000
-0.003592541738727	0.000000000000000
-0.003587524816854	0.000000000000000
-0.003582494030133	0.000000000000000
-0.003577449477545	0.000000000000000
-0.003572391160361	0.000000000000000
-0.003567319187225	0.000000000000000
-0.003562233581258	0.000000000000000
-0.003557134397426	0.000000000000000
-0.003552021709916	0.000000000000000
-0.003546895561443	0.000000000000000
-0.003541756009404	0.000000000000000
-0.003536603122907	0.000000000000000
-0.003531436939511	0.000000000000000
-0.003526257523458	0.000000000000000
-0.003521064952129	0.000000000000000
-0.003515859243455	0.000000000000000
-0.003510640486010	0.000000000000000
-0.003505408730998	0.000000000000000
-0.003500164027540	0.000000000000000
-0.003494906439210	0.000000000000000
-0.003489636045796	0.000000000000000
-0.003484352852088	0.000000000000000
-0.003479056974303	0.000000000000000
-0.003473748430724	0.000000000000000
-0.003468427318002	0.000000000000000
-0.003463093659272	0.000000000000000
-0.003457747527930	0.000000000000000
-0.003452389007825	0.000000000000000
-0.003447018103032	0.000000000000000
-0.003441634936249	0.000000000000000
-0.003436239521247	0.000000000000000
-0.003430831947811	0.000000000000000
-0.003425412265792	0.000000000000000
-0.003419980521511	0.000000000000000
-0.003414536819036	0.000000000000000
-0.003409081159613	0.000000000000000
-0.003403613661181	0.000000000000000
-0.003398134359822	0.000000000000000
-0.003392643306227	0.000000000000000
-0.003387140585058	0.000000000000000
-0.003381626253848	0.000000000000000
-0.003376100360304	0.000000000000000
-0.003370562989659	0.000000000000000
-0.003365014194820	0.000000000000000
-0.003359454017339	0.000000000000000
-0.003353882575867	0.000000000000000
-0.003348299881232	0.000000000000000
-0.003342706006776	0.000000000000000
-0.003337101052400	0.000000000000000
-0.003331485030038	0.000000000000000
-0.003325858052091	0.000000000000000
-0.003320220158234	0.000000000000000
-0.003314571399685	0.000000000000000
-0.003308911887674	0.000000000000000
-0.003303241641437	0.000000000000000
-0.003297560745050	0.000000000000000
-0.003291869272454	0.000000000000000
-0.003286167282131	0.000000000000000
-0.003280454829355	0.000000000000000
-0.003274732005820	0.000000000000000
-0.003268998851643	0.000000000000000
-0.003263255454851	0.000000000000000
-0.003257501867249	0.000000000000000
-0.003251738165859	0.000000000000000
-0.003245964419567	0.000000000000000
-0.003240180682757	0.000000000000000
-0.003234387047454	0.000000000000000
-0.003228583544907	0.000000000000000
-0.003222770292857	0.000000000000000
-0.003216947307648	0.000000000000000
-0.003211114704329	0.000000000000000
-0.003205272519627	0.000000000000000
-0.003199420834889	0.000000000000000
-0.003193559719696	0.000000000000000
-0.003187689257082	0.000000000000000
-0.003181809484709	0.000000000000000
-0.003175920498566	0.000000000000000
-0.003170022364562	0.000000000000000
-0.003164115149588	0.000000000000000
-0.003158198926492	0.000000000000000
-0.003152273760305	0.000000000000000
-0.003146339733306	0.000000000000000
-0.003140396916399	0.000000000000000
-0.003134445354871	0.000000000000000
-0.003128485171793	0.000000000000000
-0.003122516388994	0.000000000000000
-0.003116539103852	0.000000000000000
-0.003110553389006	0.000000000000000
-0.003104559301465	0.000000000000000
-0.003098556940368	0.000000000000000
-0.003092546354654	0.000000000000000
-0.003086527632810	0.000000000000000
-0.003080500835755	0.000000000000000
-0.003074466054576	0.000000000000000
-0.003068423334863	0.000000000000000
-0.003062372798365	0.000000000000000
-0.003056314466261	0.000000000000000
-0.003050248440005	0.000000000000000
-0.003044174809461	0.000000000000000
-0.003038093610471	0.000000000000000
-0.003032004960167	0.000000000000000
-0.003025908894759	0.000000000000000
-0.003019805534845	0.000000000000000
-0.003013694905732	0.000000000000000
-0.003007577129968	0.000000000000000
-0.003001452251400	0.000000000000000
-0.002995320364164	0.000000000000000
-0.002989181538560	0.000000000000000
-0.002983035850129	0.000000000000000
-0.002976883386323	0.000000000000000
-0.002970724213358	0.000000000000000
-0.002964558411242	0.000000000000000
-0.002958386066145	0.000000000000000
-0.002952207247953	0.000000000000000
-0.002946022040600	0.000000000000000
-0.002939830506048	0.000000000000000
-0.002933632748095	0.000000000000000
-0.002927428843568	0.000000000000000
-0.002921218838389	0.000000000000000
-0.002915002868594	0.000000000000000
-0.002908780950006	0.000000000000000
-0.002902553212249	0.000000000000000
-0.002896319716485	0.000000000000000
-0.002890080545965	0.000000000000000
-0.002883835767096	0.000000000000000
-0.002877585492272	0.000000000000000
-0.002871329772561	0.000000000000000
-0.002865068694534	0.000000000000000
-0.002858802369685	0.000000000000000
-0.002852530824566	0.000000000000000
-0.002846254201350	0.000000000000000
-0.002839972530507	0.000000000000000
-0.002833685935373	0.000000000000000
-0.002827394463327	0.000000000000000
-0.002821098227166	0.000000000000000
-0.002814797292818	0.000000000000000
-0.002808491748810	0.000000000000000
-0.002802181672550	0.000000000000000
-0.002795867160173	0.000000000000000
-0.002789548286597	0.000000000000000
-0.002783225135053	0.000000000000000
-0.002776897794161	0.000000000000000
-0.002770566344536	0.000000000000000
-0.002764230876514	0.000000000000000
-0.002757891472685	0.000000000000000
-0.002751548209214	0.000000000000000
-0.002745201189513	0.000000000000000
-0.002738850490665	0.000000000000000
-0.002732496192410	0.000000000000000
-0.002726138370298	0.000000000000000
-0.002719777169214	0.000000000000000
-0.002713412577399	0.000000000000000
-0.002707044787699	0.000000000000000
-0.002700673804707	0.000000000000000
-0.002694299760021	0.000000000000000
-0.002687922712864	0.000000000000000
-0.002681542793833	0.000000000000000
-0.002675160038207	0.000000000000000
-0.002668774565566	0.000000000000000
-0.002662386470787	0.000000000000000
-0.002655995805233	0.000000000000000
-0.002649602699331	0.000000000000000
-0.002643207223352	0.000000000000000
-0.002636809454783	0.000000000000000
-0.002630409513678	0.000000000000000
-0.002624007448932	0.000000000000000
-0.002617603393175	0.000000000000000
-0.002611197406232	0.000000000000000
-0.002604789575652	0.000000000000000
-0.002598380034811	0.000000000000000
-0.002591968814718	0.000000000000000
-0.002585556052027	0.000000000000000
-0.002579141810885	0.000000000000000
-0.002572726188656	0.000000000000000
-0.002566309299794	0.000000000000000
-0.002559891191038	0.000000000000000
-0.002553472005968	0.000000000000000
-0.002547051788331	0.000000000000000
-0.002540630663790	0.000000000000000
-0.002534208716081	0.000000000000000
-0.002527786022061	0.000000000000000
-0.002521362705582	0.000000000000000
-0.002514938827711	0.000000000000000
-0.002508514502285	0.000000000000000
-0.002502089816297	0.000000000000000
-0.002495664863761	0.000000000000000
-0.002489239739491	0.000000000000000
-0.002482814533258	0.000000000000000
-0.002476389354380	0.000000000000000
-0.002469964270261	0.000000000000000
-0.002463539403179	0.000000000000000
-0.002457114828307	0.000000000000000
-0.002450690661245	0.000000000000000
-0.002444266966303	0.000000000000000
-0.002437843880456	0.000000000000000
-0.002431421452453	0.000000000000000
-0.002424999825333	0.000000000000000
-0.002418579060484	0.000000000000000
-0.002412159265459	0.000000000000000
-0.002405740543094	0.000000000000000
-0.002399322987874	0.000000000000000
-0.002392906673511	0.000000000000000
-0.002386491737178	0.000000000000000
-0.002380078266251	0.000000000000000
-0.002373666319068	0.000000000000000
-0.002367256044960	0.000000000000000
-0.002360847512994	0.000000000000000
-0.002354440819046	0.000000000000000
-0.002348036088563	0.000000000000000
-0.002341633401224	0.000000000000000
-0.002335232824150	0.000000000000000
-0.002328834537791	0.000000000000000
-0.002322438554710	0.000000000000000
-0.002316045028158	0.000000000000000
-0.002309654037854	0.000000000000000
-0.002303265685104	0.000000000000000
-0.002296880078247	0.000000000000000
-0.002290497304979	0.000000000000000
-0.002284117464408	0.000000000000000
-0.002277740687322	0.000000000000000
-0.002271367020095	0.000000000000000
-0.002264996621089	0.000000000000000
-0.002258629537193	0.000000000000000
-0.002252265937943	0.000000000000000
-0.002245905837367	0.000000000000000
-0.002239549419925	0.000000000000000
-0.002233196718920	0.000000000000000
-0.002226847904302	0.000000000000000
-0.002220503014284	0.000000000000000
-0.002214162181203	0.000000000000000
-0.002207825528268	0.000000000000000
-0.002201493103583	0.000000000000000
-0.002195165068743	0.000000000000000
-0.002188841477796	0.000000000000000
-0.002182522472476	0.000000000000000
-0.002176208135149	0.000000000000000
-0.002169898568383	0.000000000000000
-0.002163593874586	0.000000000000000
-0.002157294194638	0.000000000000000
-0.002150999555516	0.000000000000000
-0.002144710154510	0.000000000000000
-0.002138426009721	0.000000000000000
-0.002132147298266	0.000000000000000
-0.002125874066043	0.000000000000000
-0.002119606465161	0.000000000000000
-0.002113344560474	0.000000000000000
-0.002107088491320	0.000000000000000
-0.002100838336323	0.000000000000000
-0.002094594223711	0.000000000000000
-0.002088356240740	0.000000000000000
-0.002082124497383	0.000000000000000
-0.002075899108187	0.000000000000000
-0.002069680180472	0.000000000000000
-0.002063467799861	0.000000000000000
-0.002057262087967	0.000000000000000
-0.002051063166979	0.000000000000000
-0.002044871114568	0.000000000000000
-0.002038686047296	0.000000000000000
-0.002032508089232	0.000000000000000
-0.002026337308578	0.000000000000000
-0.002020173874313	0.000000000000000
-0.002014017819937	0.000000000000000
-0.002007869318955	0.000000000000000
-0.002001728432971	0.000000000000000
-0.001995595297220	0.000000000000000
-0.001989470012628	0.000000000000000
-0.001983352674475	0.000000000000000
-0.001977243415484	0.000000000000000
-0.001971142322259	0.000000000000000
-0.001965049509636	0.000000000000000
-0.001958965093442	0.000000000000000
-0.001952889183027	0.000000000000000
-0.001946821874922	0.000000000000000
-0.001940763291955	0.000000000000000
-0.001934713526524	0.000000000000000
-0.001928672711300	0.000000000000000
-0.001922640944001	0.000000000000000
-0.001916618319243	0.000000000000000
-0.001910604980300	0.000000000000000
-0.001904601006380	0.000000000000000
-0.001898606524208	0.000000000000000
-0.001892621632935	0.000000000000000
-0.001886646465009	0.000000000000000
-0.001880681107900	0.000000000000000
-0.001874725670040	0.000000000000000
-0.001868780289409	0.000000000000000
-0.001862845046316	0.000000000000000
-0.001856920068628	0.000000000000000
-0.001851005469015	0.000000000000000
-0.001845101343988	0.000000000000000
-0.001839207822660	0.000000000000000
-0.001833325005396	0.000000000000000
-0.001827452998548	0.000000000000000
-0.001821591939008	0.000000000000000
-0.001815741907422	0.000000000000000
-0.001809903030018	0.000000000000000
-0.001804075418814	0.000000000000000
-0.001798259192130	0.000000000000000
-0.001792454438680	0.000000000000000
-0.001786661308579	0.000000000000000
-0.001780879877655	0.000000000000000
-0.001775110275185	0.000000000000000
-0.001769352612818	0.000000000000000
-0.001763607010164	0.000000000000000
-0.001757873549626	0.000000000000000
-0.001752152387926	0.000000000000000
-0.001746443613164	0.000000000000000
-0.001740747332717	0.000000000000000
-0.001735063664528	0.000000000000000
-0.001729392741287	0.000000000000000
-0.001723734645426	0.000000000000000
-0.001718089512146	0.000000000000000
-0.001712457450541	0.000000000000000
-0.001706838562038	0.000000000000000
-0.001701232975184	0.000000000000000
-0.001695640784108	0.000000000000000
-0.001690062150568	0.000000000000000
-0.001684497109711	0.000000000000000
-0.001678945847303	0.000000000000000
-0.001673408439093	0.000000000000000
-0.001667885012911	0.000000000000000
-0.001662375676358	0.000000000000000
-0.001656880540205	0.000000000000000
-0.001651399735431	0.000000000000000
-0.001645933355191	0.000000000000000
-0.001640481527271	0.000000000000000
-0.001635044359994	0.000000000000000
-0.001629621965408	0.000000000000000
-0.001624214478502	0.000000000000000
-0.001618821974643	0.000000000000000
-0.001613444598731	0.000000000000000
-0.001608082473001	0.000000000000000
-0.001602735672909	0.000000000000000
-0.001597404334258	0.000000000000000
-0.001592088605679	0.000000000000000
-0.001586788538160	0.000000000000000
-0.001581504283720	0.000000000000000
-0.001576235965313	0.000000000000000
-0.001570983662469	0.000000000000000
-0.001565747531044	0.000000000000000
-0.001560527658066	0.000000000000000
-0.001555324156131	0.000000000000000
-0.001550137162331	0.000000000000000
-0.001544966776562	0.000000000000000
-0.001539813113470	0.000000000000000
-0.001534676288191	0.000000000000000
-0.001529556433416	0.000000000000000
-0.001524453622399	0.000000000000000
-0.001519368024354	0.000000000000000
-0.001514299705266	0.000000000000000
-0.001509248818466	0.000000000000000
-0.001504215449390	0.000000000000000
-0.001499199717565	0.000000000000000
-0.001494201773502	0.000000000000000
-0.001489221675897	0.000000000000000
-0.001484259592434	0.000000000000000
-0.001479315594805	0.000000000000000
-0.001474389823804	0.000000000000000
-0.001469482387206	0.000000000000000
-0.001464593410670	0.000000000000000
-0.001459722982676	0.000000000000000
-0.001454871242573	0.000000000000000
-0.001450038302726	0.000000000000000
-0.001445224269131	0.000000000000000
-0.001440429247331	0.000000000000000
-0.001435653390179	0.000000000000000
-0.001430896767085	0.000000000000000
-0.001426159525555	0.000000000000000
-0.001421441763958	0.000000000000000
-0.001416743601604	0.000000000000000
-0.001412065151970	0.000000000000000
-0.001407406539031	0.000000000000000
-0.001402767863092	0.000000000000000
-0.001398149244776	0.000000000000000
-0.001393550814242	0.000000000000000
-0.001388972646641	0.000000000000000
-0.001384414906544	0.000000000000000
-0.001379877669505	0.000000000000000
-0.001375361077123	0.000000000000000
-0.001370865210408	0.000000000000000
-0.001366390233946	0.000000000000000
-0.001361936210551	0.000000000000000
-0.001357503287732	0.000000000000000
-0.001353091564598	0.000000000000000
-0.001348701169710	0.000000000000000
-0.001344332199531	0.000000000000000
-0.001339984781779	0.000000000000000
-0.001335659024384	0.000000000000000
-0.001331355050654	0.000000000000000
-0.001327072963546	0.000000000000000
-0.001322812877583	0.000000000000000
-0.001318574911947	0.000000000000000
-0.001314359183317	0.000000000000000
-0.001310165803102	0.000000000000000
-0.001305994887303	0.000000000000000
-0.001301846530534	0.000000000000000
-0.001297720887551	0.000000000000000
-0.001293618022584	0.000000000000000
-0.001289538092270	0.000000000000000
-0.001285481187411	0.000000000000000
-0.001281447424630	0.000000000000000
-0.001277436916976	0.000000000000000
-0.001273449793398	0.000000000000000
-0.001269486148163	0.000000000000000
-0.001265546089921	0.000000000000000
-0.001261629761895	0.000000000000000
-0.001257737242770	0.000000000000000
-0.001253868674918	0.000000000000000
-0.001250024168088	0.000000000000000
-0.001246203789306	0.000000000000000
-0.001242407727479	0.000000000000000
-0.001238636040348	0.000000000000000
-0.001234888853201	0.000000000000000
-0.001231166293659	0.000000000000000
-0.001227468461021	0.000000000000000
-0.001223795464582	0.000000000000000
-0.001220147435726	0.000000000000000
-0.001216524475782	0.000000000000000
-0.001212926670662	0.000000000000000
-0.001209354205217	0.000000000000000
-0.001205807103322	0.000000000000000
-0.001202285544554	0.000000000000000
-0.001198789614922	0.000000000000000
-0.001195319422684	0.000000000000000
-0.001191875095838	0.000000000000000
-0.001188456736746	0.000000000000000
-0.001185064442673	0.000000000000000
-0.001181698358179	0.000000000000000
-0.001178358588373	0.000000000000000
-0.001175045213964	0.000000000000000
-0.001171758389004	0.000000000000000
-0.001168498194298	0.000000000000000
-0.001165264753407	0.000000000000000
-0.001162058198057	0.000000000000000
-0.001158878591272	0.000000000000000
-0.001155726103360	0.000000000000000
-0.001152600797652	0.000000000000000
-0.001149502823937	0.000000000000000
-0.001146432261963	0.000000000000000
-0.001143389244632	0.000000000000000
-0.001140373874163	0.000000000000000
-0.001137386282407	0.000000000000000
-0.001134426530542	0.000000000000000
-0.001131494804306	0.000000000000000
-0.001128591148405	0.000000000000000
-0.001125715716706	0.000000000000000
-0.001122868597236	0.000000000000000
-0.001120049909889	0.000000000000000
-0.001117259779375	0.000000000000000
-0.001114498304742	0.000000000000000
-0.001111765590057	0.000000000000000
-0.001109061751691	0.000000000000000
-0.001106386928328	0.000000000000000
-0.001103741198917	0.000000000000000
-0.001101124676448	0.000000000000000
-0.001098537501274	0.000000000000000
-0.001095979760213	0.000000000000000
-0.001093451558999	0.000000000000000
-0.001090953051752	0.000000000000000
-0.001088484299273	0.000000000000000
-0.001086045451320	0.000000000000000
-0.001083636602442	0.000000000000000
-0.001081257852298	0.000000000000000
-0.001078909378612	0.000000000000000
-0.001076591189524	0.000000000000000
-0.001074303487728	0.000000000000000
-0.001072046350560	0.000000000000000
-0.001069819883829	0.000000000000000
-0.001067624214882	0.000000000000000
-0.001065459453306	0.000000000000000
-0.001063325722637	0.000000000000000
-0.001061223109505	0.000000000000000
-0.001059151748370	0.000000000000000
-0.001057111752971	0.000000000000000
-0.001055103245812	0.000000000000000
-0.001053126301471	0.000000000000000
-0.001051181092728	0.000000000000000
-0.001049267684828	0.000000000000000
-0.001047386214793	0.000000000000000
-0.001045536797631	0.000000000000000
-0.001043719551662	0.000000000000000
-0.001041934585865	0.000000000000000
-0.001040182004921	0.000000000000000
-0.001038461964950	0.000000000000000
-0.001036774528131	0.000000000000000
-0.001035119857303	0.000000000000000
-0.001033498046152	0.000000000000000
-0.001031909215478	0.000000000000000
-0.001030353498273	0.000000000000000
-0.001028830975879	0.000000000000000
-0.001027341817398	0.000000000000000
-0.001025886098976	0.000000000000000
-0.001024463969668	0.000000000000000
-0.001023075526822	0.000000000000000
-0.001021720911430	0.000000000000000
-0.001020400213797	0.000000000000000
-0.001019113605446	0.000000000000000
-0.001017861152074	0.000000000000000
-0.001016643019079	0.000000000000000
-0.001015459299141	0.000000000000000
-0.001014310145345	0.000000000000000
-0.001013195641764	0.000000000000000
-0.001012115968562	0.000000000000000
-0.001011071193968	0.000000000000000
-0.001010061467555	0.000000000000000
-0.001009086939853	0.000000000000000
-0.001008147697229	0.000000000000000
-0.001007243891642	0.000000000000000
-0.001006375643551	0.000000000000000
-0.001005543089064	0.000000000000000
-0.001004746353712	0.000000000000000
-0.001003985565691	0.000000000000000
-0.001003260856807	0.000000000000000
-0.001002572373629	0.000000000000000
-0.001001920234031	0.000000000000000
-0.001001304571387	0.000000000000000
-0.001000725533293	0.000000000000000
-0.001000183261842	0.000000000000000
-0.000999677853883	0.000000000000000
-0.000999209502968	0.000000000000000
-0.000998778306872	0.000000000000000
-0.000998384440912	0.000000000000000
-0.000998028000399	0.000000000000000
-0.000997709176723	0.000000000000000
-0.000997428085771	0.000000000000000
-0.000997184884136	0.000000000000000
-0.000996979696364	0.000000000000000
-0.000996812727862	0.000000000000000
-0.000996684035848	0.000000000000000
-0.000996593865834	0.000000000000000
-0.000996542308124	0.000000000000000
-0.000996529546938	0.000000000000000
-0.000996555718576	0.000000000000000
-0.000996620977604	0.000000000000000
-0.000996725513958	0.000000000000000
-0.000996869461202	0.000000000000000
-0.000997052975931	0.000000000000000
-0.000997276235160	0.000000000000000
-0.000997539401628	0.000000000000000
-0.000997842650125	0.000000000000000
-0.000998186127961	0.000000000000000
-0.000998570023116	0.000000000000000
-0.000998994505213	0.000000000000000
-0.000999459761530	0.000000000000000
-0.000999965930157	0.000000000000000
-0.001000513239064	0.000000000000000
-0.001001101839029	0.000000000000000
-0.001001731928797	0.000000000000000
-0.001002403677314	0.000000000000000
-0.001003117294271	0.000000000000000
-0.001003872960043	0.000000000000000
-0.001004670870691	0.000000000000000
-0.001005511212490	0.000000000000000
-0.001006394211506	0.000000000000000
-0.001007320034923	0.000000000000000
-0.001008288919275	0.000000000000000
-0.001009301052091	0.000000000000000
-0.001010356659054	0.000000000000000
-0.001011455923285	0.000000000000000
-0.001012599106956	0.000000000000000
-0.001013786394272	0.000000000000000
-0.001015018037599	0.000000000000000
-0.001016294238211	0.000000000000000
-0.001017615242381	0.000000000000000
-0.001018981274854	0.000000000000000
-0.001020392581301	0.000000000000000
-0.001021849408709	0.000000000000000
-0.001023351992528	0.000000000000000
-0.001024900576896	0.000000000000000
-0.001026495446523	0.000000000000000
-0.001028136814099	0.000000000000000
-0.001029824984671	0.000000000000000
-0.001031560203798	0.000000000000000
-0.001033342742564	0.000000000000000
-0.001035172888968	0.000000000000000
-0.001037050917276	0.000000000000000
-0.001038977103601	0.000000000000000
-0.001040951759679	0.000000000000000
-0.001042975184047	0.000000000000000
-0.001045047646831	0.000000000000000
-0.001047169488800	0.000000000000000
-0.001049341005300	0.000000000000000
-0.001051562516143	0.000000000000000
-0.001053834376140	0.000000000000000
-0.001056156851906	0.000000000000000
-0.001058530357674	0.000000000000000
-0.001060955175886	0.000000000000000
-0.001063431690338	0.000000000000000
-0.001065960242426	0.000000000000000
-0.001068541207693	0.000000000000000
-0.001071174954661	0.000000000000000
-0.001073861854214	0.000000000000000
-0.001076602297879	0.000000000000000
-0.001079396675659	0.000000000000000
-0.001082245398291	0.000000000000000
-0.001085148863711	0.000000000000000
-0.001088107503485	0.000000000000000
-0.001091121726699	0.000000000000000
-0.001094191983942	0.000000000000000
-0.001097318712473	0.000000000000000
-0.001100502359944	0.000000000000000
-0.001103743408454	0.000000000000000
-0.001107042307372	0.000000000000000
-0.001110399553118	0.000000000000000
-0.001113815636321	0.000000000000000
-0.001117291060296	0.000000000000000
-0.001120826320388	0.000000000000000
-0.001124421992432	0.000000000000000
-0.001128078538382	0.000000000000000
-0.001131796577604	0.000000000000000
-0.001135576625624	0.000000000000000
-0.001139419263872	0.000000000000000
-0.001143325085738	0.000000000000000
-0.001147294682397	0.000000000000000
-0.001151328664491	0.000000000000000
-0.001155427645506	0.000000000000000
-0.001159592304390	0.000000000000000
-0.001163823222038	0.000000000000000
-0.001168121140569	0.000000000000000
-0.001172486698422	0.000000000000000
-0.001176920585931	0.000000000000000
-0.001181423568681	0.000000000000000
-0.001185996303188	0.000000000000000
-0.001190639600360	0.000000000000000
-0.001195354181349	0.000000000000000
-0.001200140856222	0.000000000000000
-0.001205000403099	0.000000000000000
-0.001209933650821	0.000000000000000
-0.001214941413290	0.000000000000000
-0.001220024617914	0.000000000000000
-0.001225184037369	0.000000000000000
-0.001230420649627	0.000000000000000
-0.001235735333926	0.000000000000000
-0.001241129053777	0.000000000000000
-0.001246602751656	0.000000000000000
-0.001252157431118	0.000000000000000
-0.001257794073785	0.000000000000000
-0.001263513764176	0.000000000000000
-0.001269317491558	0.000000000000000
-0.001275206418571	0.000000000000000
-0.001281181585692	0.000000000000000
-0.001287244172005	0.000000000000000
-0.001293395332072	0.000000000000000
-0.001299636251103	0.000000000000000
-0.001305968173515	0.000000000000000
-0.001312392334503	0.000000000000000
-0.001318910028939	0.000000000000000
-0.001325522558465	0.000000000000000
-0.001332231303544	0.000000000000000
-0.001339037609383	0.000000000000000
-0.001345942923055	0.000000000000000
-0.001352948709268	0.000000000000000
-0.001360056391021	0.000000000000000
-0.001367267571881	0.000000000000000
-0.001374583794680	0.000000000000000
-0.001382006661109	0.000000000000000
-0.001389537792940	0.000000000000000
-0.001397178961932	0.000000000000000
-0.001404931786038	0.000000000000000
-0.001412798150513	0.000000000000000
-0.001420779804664	0.000000000000000
-0.001428878688124	0.000000000000000
-0.001437096652613	0.000000000000000
-0.001445435707564	0.000000000000000
-0.001453897882829	0.000000000000000
-0.001462485221110	0.000000000000000
-0.001471199889697	0.000000000000000
-0.001480044050971	0.000000000000000
-0.001489019957281	0.000000000000000
-0.001498129913722	0.000000000000000
-0.001507376286987	0.000000000000000
-0.001516761512170	0.000000000000000
-0.001526288062151	0.000000000000000
-0.001535958536103	0.000000000000000
-0.001545775538866	0.000000000000000
-0.001555741768095	0.000000000000000
-0.001565860037283	0.000000000000000
-0.001576133152788	0.000000000000000
-0.001586564096270	0.000000000000000
-0.001597155816266	0.000000000000000
-0.001607911465036	0.000000000000000
-0.001618834204091	0.000000000000000
-0.001629927289784	0.000000000000000
-0.001641194092846	0.000000000000000
-0.001652638083181	0.000000000000000
-0.001664262771981	0.000000000000000
-0.001676071850984	0.000000000000000
-0.001688069060554	0.000000000000000
-0.001700258249219	0.000000000000000
-0.001712643408401	0.000000000000000
-0.001725228601513	0.000000000000000
-0.001738018065255	0.000000000000000
-0.001751016072049	0.000000000000000
-0.001764227111475	0.000000000000000
-0.001777655746936	0.000000000000000
-0.001791306680365	0.000000000000000
-0.001805184756519	0.000000000000000
-0.001819294996476	0.000000000000000
-0.001833642494991	0.000000000000000
-0.001848232546968	0.000000000000000
-0.001863070624811	0.000000000000000
-0.001878162312557	0.000000000000000
-0.001893513381375	0.000000000000000
-0.001909129784530	0.000000000000000
-0.001925017650056	0.000000000000000
-0.001941183282866	0.000000000000000
-0.001957633182487	0.000000000000000
-0.001974374059639	0.000000000000000
-0.001991412805225	0.000000000000000
-0.002008756542526	0.000000000000000
-0.002026412613873	0.000000000000000
-0.002044388559258	0.000000000000000
-0.002062692206183	0.000000000000000
-0.002081331566648	0.000000000000000
-0.002100314947638	0.000000000000000
-0.002119650888580	0.000000000000000
-0.002139348235803	0.000000000000000
-0.002159416083985	0.000000000000000
-0.002179863785155	0.000000000000000
-0.002200701071719	0.000000000000000
-0.002221937963045	0.000000000000000
-0.002243584733677	0.000000000000000
-0.002265652065986	0.000000000000000
-0.002288150965106	0.000000000000000
-0.002311092821962	0.000000000000000
-0.002334489309289	0.000000000000000
-0.002358352625779	0.000000000000000
-0.002382695243416	0.000000000000000
-0.002407530122877	0.000000000000000
-0.002432870647162	0.000000000000000
-0.002458730617167	0.000000000000000
-0.002485124335912	0.000000000000000
-0.002512066561189	0.000000000000000
-0.002539572585404	0.000000000000000
-0.002567658181939	0.000000000000000
-0.002596339689996	0.000000000000000
-0.002625634031150	0.000000000000000
-0.002655558652911	0.000000000000000
-0.002686131676263	0.000000000000000
-0.002717371818081	0.000000000000000
-0.002749298457643	0.000000000000000
-0.002781931668214	0.000000000000000
-0.002815292210412	0.000000000000000
-0.002849401634500	0.000000000000000
-0.002884282201107	0.000000000000000
-0.002919957018049	0.000000000000000
-0.002956449998896	0.000000000000000
-0.002993785953346	0.000000000000000
-0.003031990592167	0.000000000000000
-0.003071090522920	0.000000000000000
-0.003111113421031	0.000000000000000
-0.003152087909574	0.000000000000000
-0.003194043735792	0.000000000000000
-0.003237011696541	0.000000000000000
-0.003281023857017	0.000000000000000
-0.003326113341906	0.000000000000000
-0.003372314714270	0.000000000000000
-0.003419663677342	0.000000000000000
-0.003468197487606	0.000000000000000
-0.003517954710637	0.000000000000000
-0.003568975421399	0.000000000000000
-0.003621301391216	0.000000000000000
-0.003674975839259	0.000000000000000
-0.003730043868626	0.000000000000000
-0.003786552233663	0.000000000000000
-0.003844549701769	0.000000000000000
-0.003904086836834	0.000000000000000
-0.003965216403407	0.000000000000000
-0.004027993175823	0.000000000000000
-0.004092474294851	0.000000000000000
-0.004158719118972	0.000000000000000
-0.004226789598346	0.000000000000000
-0.004296750115622	0.000000000000000
-0.004368667870914	0.000000000000000
-0.004442612828715	0.000000000000000
-0.004518657906054	0.000000000000000
-0.004596879178040	0.000000000000000
-0.004677355907079	0.000000000000000
-0.004760170821741	0.000000000000000
-0.004845410238543	0.000000000000000
-0.004933164194796	0.000000000000000
-0.005023526692898	0.000000000000000
-0.005116595937816	0.000000000000000
-0.005212474408434	0.000000000000000
-0.005311269213256	0.000000000000000
-0.005413092292767	0.000000000000000
-0.005518060594859	0.000000000000000
-0.005626296458597	0.000000000000000
-0.005737927755434	0.000000000000000
-0.005853088318466	0.000000000000000
-0.005971918166843	0.000000000000000
-0.006094563851321	0.000000000000000
-0.006221178796313	0.000000000000000
-0.006351923737585	0.000000000000000
-0.006486967019874	0.000000000000000
-0.006626485085095	0.000000000000000
-0.006770662843129	0.000000000000000
-0.006919694284553	0.000000000000000
-0.007073782748299	0.000000000000000
-0.007233141721307	0.000000000000000
-0.007397995202272	0.000000000000000
-0.007568578356741	0.000000000000000
-0.007745138224999	0.000000000000000
-0.007927934284507	0.000000000000000
-0.008117239309049	0.000000000000000
-0.008313339982040	0.000000000000000
-0.008516537871740	0.000000000000000
-0.008727150230246	0.000000000000000
-0.008945510865455	0.000000000000000
-0.009171971327052	0.000000000000000
-0.009406901745965	0.000000000000000
-0.009650692126850	0.000000000000000
-0.009903753528193	0.000000000000000
-0.010166519287919	0.000000000000000
-0.010439446513198	0.000000000000000
-0.010723017523377	0.000000000000000
-0.011017741386384	0.000000000000000
-0.011324155716555	0.000000000000000
-0.011642828425531	0.000000000000000
-0.011974359717249	0.000000000000000
-0.012319384129232	0.000000000000000
-0.012678572847894	0.000000000000000
-0.013052636090488	0.000000000000000
-0.013442325693897	0.000000000000000
-0.013848437845862	0.000000000000000
-0.014271816235652	0.000000000000000
-0.014713355073167	0.000000000000000
-0.015174002720882	0.000000000000000
-0.015654765282478	0.000000000000000
-0.016156710778540	0.000000000000000
-0.016680973305151	0.000000000000000
-0.017228757865895	0.000000000000000
-0.017801345289642	0.000000000000000
-0.018400097749841	0.000000000000000
-0.019026464581195	0.000000000000000
-0.019681988729245	0.000000000000000
-0.020368313519253	0.000000000000000
-0.021087190124757	0.000000000000000
-0.021840485662090	0.000000000000000
-0.022630191892490	0.000000000000000
-0.023458434652018	0.000000000000000
-0.024327484102426	0.000000000000000
-0.025239765957053	0.000000000000000
-0.026197873445803	0.000000000000000
-0.027204580559420	0.000000000000000
-0.028262856233422	0.000000000000000
-0.029375880038474	0.000000000000000
-0.030547058925200	0.000000000000000
-0.031780045804359	0.000000000000000
-0.033078759572293	0.000000000000000
-0.034447407051835	0.000000000000000
-0.035890506909570	0.000000000000000
-0.037412915804236	0.000000000000000
-0.039019856922149	0.000000000000000
-0.040716951202344	0.000000000000000
-0.042510251586527	0.000000000000000
-0.044406280287570	0.000000000000000
-0.046412069943112	0.000000000000000
-0.048535208488775	0.000000000000000
-0.050783888463712	0.000000000000000
-0.053166961146750	0.000000000000000
-0.055693996117882	0.000000000000000
-0.058375346376940	0.000000000000000
-0.061222220495177	0.000000000000000
-0.064246761480702	0.000000000000000
-0.067462133978569	0.000000000000000
-0.070882620120899	0.000000000000000
-0.074523725353621	0.000000000000000
-0.078402294884254	0.000000000000000
-0.082536642498647	0.000000000000000
-0.086946692529966	0.000000000000000
-0.091654136488447	0.000000000000000
-0.096682606608149	0.000000000000000
-0.102057867099743	0.000000000000000
-0.107808025775938	0.000000000000000
-0.113963768172426	0.000000000000000
-0.120558616136297	0.000000000000000
-0.127629214082137	0.000000000000000
-0.135215645392596	0.000000000000000
-0.143361782470498	0.000000000000000
-0.152115673304739	0.000000000000000
-0.161529969266306	0.000000000000000
-0.171662397166374	0.000000000000000
-0.182576280445083	0.000000000000000
-0.194341113809147	0.000000000000000
-0.207033196440123	0.000000000000000
-0.220736328107895	0.000000000000000
-0.235542573752290	0.000000000000000
-0.251553100799461	0.000000000000000
-0.268879094583541	0.000000000000000
-0.287642754839115	0.000000000000000
-0.307978376943922	0.000000000000000
-0.330033519966298	0.000000000000000
-0.353970259708675	0.000000000000000
-0.379966524740571	0.000000000000000
-0.408217507622681	0.000000000000000
-0.438937138456401	0.000000000000000
-0.472359601948871	0.000000000000000
-0.508740868491143	0.000000000000000
-0.548360199648596	0.000000000000000
-0.591521573018423	0.000000000000000
-0.638554951645970	0.000000000000000
-0.689817302875869	0.000000000000000
-0.745693240771683	0.000000000000000
-0.806595132529484	0.000000000000000
-0.872962471499236	0.000000000000000
-0.945260269463017	0.000000000000000
-1.023976169067079	0.000000000000000
-1.109615921088757	0.000000000000000
-1.202696807624837	0.000000000000000
-1.303738534453069	0.000000000000000
-1.413251065735294	0.000000000000000
-1.531718836703946	0.000000000000000
-1.659580779351307	0.000000000000000
-1.797205636599799	0.000000000000000
-1.944862157747483	0.000000000000000
-2.102683972150602	0.000000000000000
-2.270629266041690	0.000000000000000
-2.448435872482083	0.000000000000000
-2.635573014735250	0.000000000000000
-2.831191759935829	0.000000000000000
-3.034077186573155	0.000000000000000
-3.242606292137021	0.000000000000000
-3.454716658628631	0.000000000000000
-3.667891668211773	0.000000000000000
-3.879168418703080	0.000000000000000
-4.085174165656351	0.000000000000000
-4.282195903557598	0.000000000000000
-4.466285430984708	0.000000000000000
-4.633398937982722	0.000000000000000
-4.779566046460505	0.000000000000000
-4.901078769404832	0.000000000000000
-4.994686780519354	0.000000000000000
-5.057782464214825	0.000000000000000
-5.088558223841120	0.000000000000000
-5.086119961166142	0.000000000000000
-5.050544488307207	0.000000000000000
-4.982874513269739	0.000000000000000
-4.885051758630910	0.000000000000000
-4.759795605758802	0.000000000000000
-4.610440266482891	0.000000000000000
-4.440746965310101	0.000000000000000
-4.254708645900361	0.000000000000000
-4.056363381249482	0.000000000000000
-3.849629501839455	0.000000000000000
-3.638171270888157	0.000000000000000
-3.425299491458001	0.000000000000000
-3.213907409884719	0.000000000000000
-3.006439146430794	0.000000000000000
-2.804885778342091	0.000000000000000
-2.610803143527420	0.000000000000000
-2.425345235567483	0.000000000000000
-2.249307497989544	0.000000000000000
-2.083175153481036	0.000000000000000
-1.927172699221818	0.000000000000000
-1.781311729636754	0.000000000000000
-1.645435167533299	0.000000000000000
-1.519256772785681	0.000000000000000
-1.402395411287714	0.000000000000000
-1.294404016183012	0.000000000000000
-1.194793485872908	0.000000000000000
-1.103051950162483	0.000000000000000
-1.018659939553406	0.000000000000000
-0.941102024061563	0.000000000000000
-0.869875482398381	0.000000000000000
-0.804496520088655	0.000000000000000
-0.744504506004493	0.000000000000000
-0.689464633250076	0.000000000000000
-0.638969352879559	0.000000000000000
-0.592638870184464	0.000000000000000
-0.550120941096364	0.000000000000000
-0.511090161363681	0.000000000000000
-0.475246901572772	0.000000000000000
-0.442316008239637	0.000000000000000
-0.412045362823825	0.000000000000000
-0.384204370254624	0.000000000000000
-0.358582428884394	0.000000000000000
-0.334987419695321	0.000000000000000
-0.313244242789274	0.000000000000000
-0.293193418457945	0.000000000000000
-0.274689765117316	0.000000000000000
-0.257601160246297	0.000000000000000
-0.241807387426783	0.000000000000000
-0.227199069516675	0.000000000000000
-0.213676685923049	0.000000000000000
-0.201149670688786	0.000000000000000
-0.189535587809429	0.000000000000000
-0.178759378520883	0.000000000000000
-0.168752675932514	0.000000000000000
-0.159453182274964	0.000000000000000
-0.150804103420807	0.000000000000000
-0.142753636319642	0.000000000000000
-0.135254504628959	0.000000000000000
-0.128263538309456	0.000000000000000
-0.121741293429563	0.000000000000000
-0.115651707819618	0.000000000000000
-0.109961790301403	0.000000000000000
-0.104641339238020	0.000000000000000
-0.099662688059655	0.000000000000000
-0.095000475440430	0.000000000000000
-0.090631437144466	0.000000000000000
-0.086534217781120	0.000000000000000
-0.082689200608224	0.000000000000000
-0.079078353274719	0.000000000000000
-0.075685088218425	0.000000000000000
-0.072494136196509	0.000000000000000
-0.069491431611097	0.000000000000000
-0.066664008554781	0.000000000000000
-0.063999906493475	0.000000000000000
-0.061488084644547	0.000000000000000
-0.059118344131353	0.000000000000000
-0.056881257361237	0.000000000000000
-0.054768103764879	0.000000000000000
-0.052770811240153	0.000000000000000
-0.050881902933957	0.000000000000000
-0.049094448717879	0.000000000000000
-0.047402021019322	0.000000000000000
-0.045798654411336	0.000000000000000
-0.044278808791004	0.000000000000000
-0.042837335848544	0.000000000000000
-0.041469448196401	0.000000000000000
-0.040170691367429	0.000000000000000
-0.038936918074127	0.000000000000000
-0.037764264608927	0.000000000000000
-0.036649129301707	0.000000000000000
-0.035588152794458	0.000000000000000
-0.034578199724026	0.000000000000000
-0.033616342303933	0.000000000000000
-0.032699844752285	0.000000000000000
-0.031826149437962	0.000000000000000
-0.030992863846276	0.000000000000000
-0.030197748662619	0.000000000000000
-0.029438706836260	0.000000000000000
-0.028713773480316	0.000000000000000
-0.028021106549139	0.000000000000000
-0.027358978226660	0.000000000000000
-0.026725767006247	0.000000000000000
-0.026119950405262	0.000000000000000
-0.025540098128086	0.000000000000000
-0.024984865831016	0.000000000000000
-0.024452989334359	0.000000000000000
-0.023943279288096	0.000000000000000
-0.023454616145140	0.000000000000000
-0.022985945601916	0.000000000000000
-0.022536274297624	0.000000000000000
-0.022104665911011	0.000000000000000
-0.021690237418438	0.000000000000000
-0.021292155712756	0.000000000000000
-0.020909634413661	0.000000000000000
-0.020541930958502	0.000000000000000
-0.020188343801053	0.000000000000000
-0.019848209899300	0.000000000000000
-0.019520902309080	0.000000000000000
-0.019205827998166	0.000000000000000
-0.018902425754207	0.000000000000000
-0.018610164276262	0.000000000000000
-0.018328540358904	0.000000000000000
-0.018057077219963	0.000000000000000
-0.017795323013367	0.000000000000000
-0.017542849142980	0.000000000000000
-0.017299249217646	0.000000000000000
-0.017064137459940	0.000000000000000
-0.016837147749404	0.000000000000000
-0.016617932312211	0.000000000000000
-0.016406160837563	0.000000000000000
-0.016201519351084	0.000000000000000
-0.016003709424015	0.000000000000000
-0.015812447174730	0.000000000000000
-0.015627462592544	0.000000000000000
-0.015448498676162	0.000000000000000
-0.015275310771184	0.000000000000000
-0.015107665867443	0.000000000000000
-0.014945342009008	0.000000000000000
-0.014788127686420	0.000000000000000
-0.014635821218243	0.000000000000000
-0.014488230364858	0.000000000000000
-0.014345171682448	0.000000000000000
-0.014206470158469	0.000000000000000
-0.014071958759084	0.000000000000000
-0.013941477972310	0.000000000000000
-0.013814875482153	0.000000000000000
-0.013692005754027	0.000000000000000
-0.013572729683453	0.000000000000000
-0.013456914378990	0.000000000000000
-0.013344432668930	0.000000000000000
-0.013235162969997	0.000000000000000
-0.013128988959952	0.000000000000000
-0.013025799297057	0.000000000000000
-0.012925487377605	0.000000000000000
-0.012827951159283	0.000000000000000
-0.012733092904194	0.000000000000000
-0.012640818891713	0.000000000000000
-0.012551039433570	0.000000000000000
-0.012463668435894	0.000000000000000
-0.012378623434489	0.000000000000000
-0.012295825254985	0.000000000000000
-0.012215198044798	0.000000000000000
-0.012136668884780	0.000000000000000
-0.012060167932831	0.000000000000000
-0.011985627990707	0.000000000000000
-0.011912984647592	0.000000000000000
-0.011842175937872	0.000000000000000
-0.011773142382641	0.000000000000000
-0.011705826815115	0.000000000000000
-0.011640174255815	0.000000000000000
-0.011576131871067	0.000000000000000
-0.011513648837955	0.000000000000000
-0.011452676259504	0.000000000000000
-0.011393167108055	0.000000000000000
-0.011335076116590	0.000000000000000
-0.011278359715499	0.000000000000000
-0.011222975922649	0.000000000000000
-0.011168884377018	0.000000000000000
-0.011116046130873	0.000000000000000
-0.011064423693529	0.000000000000000
-0.011013980949527	0.000000000000000
-0.010964683045894	0.000000000000000
-0.010916496433351	0.000000000000000
-0.010869388702322	0.000000000000000
-0.010823328665898	0.000000000000000
-0.010778286170569	0.000000000000000
-0.010734232162899	0.000000000000000
-0.010691138582501	0.000000000000000
-0.010648978360028	0.000000000000000
-0.010607725365389	0.000000000000000
-0.010567354330062	0.000000000000000
-0.010527840892465	0.000000000000000
-0.010489161466600	0.000000000000000
-0.010451293349067	0.000000000000000
-0.010414214494573	0.000000000000000
-0.010377903658880	0.000000000000000
-0.010342340298342	0.000000000000000
-0.010307504531326	0.000000000000000
-0.010273377121178	0.000000000000000
-0.010239939496083	0.000000000000000
-0.010207173642831	0.000000000000000
-0.010175062176633	0.000000000000000
-0.010143588220688	0.000000000000000
-0.010112735496346	0.000000000000000
-0.010082488170133	0.000000000000000
-0.010052830978106	0.000000000000000
-0.010023749099099	0.000000000000000
-0.009995228177574	0.000000000000000
-0.009967254309853	0.000000000000000
-0.009939814030372	0.000000000000000
-0.009912894279260	0.000000000000000
-0.009886482379931	0.000000000000000
-0.009860566078868	0.000000000000000
-0.009835133451776	0.000000000000000
-0.009810172982311	0.000000000000000
-0.009785673431494	0.000000000000000
-0.009761623974134	0.000000000000000
-0.009738014047070	0.000000000000000
-0.009714833400367	0.000000000000000
-0.009692072130578	0.000000000000000
-0.009669720585270	0.000000000000000
-0.009647769381871	0.000000000000000
-0.009626209454069	0.000000000000000
-0.009605031929646	0.000000000000000
-0.009584228287484	0.000000000000000
-0.009563790124110	0.000000000000000
-0.009543709369412	0.000000000000000
-0.009523978160355	0.000000000000000
-0.009504588805520	0.000000000000000
-0.009485533902670	0.000000000000000
-0.009466806166505	0.000000000000000
-0.009448398620580	0.000000000000000
-0.009430304358750	0.000000000000000
-0.009412516767001	0.000000000000000
-0.009395029329094	0.000000000000000
-0.009377835778031	0.000000000000000
-0.009360929939064	0.000000000000000
-0.009344305859649	0.000000000000000
-0.009327957736428	0.000000000000000
-0.009311879883770	0.000000000000000
-0.009296066791736	0.000000000000000
-0.009280513116476	0.000000000000000
-0.009265213586428	0.000000000000000
-0.009250163146054	0.000000000000000
-0.009235356805089	0.000000000000000
-0.009220789718978	0.000000000000000
-0.009206457213497	0.000000000000000
-0.009192354650204	0.000000000000000
-0.009178477556213	0.000000000000000
-0.009164821580320	0.000000000000000
-0.009151382443824	0.000000000000000
-0.009138155996417	0.000000000000000
-0.009125138200509	0.000000000000000
-0.009112325073009	0.000000000000000
-0.009099712783955	0.000000000000000
-0.009087297552104	0.000000000000000
-0.009075075711072	0.000000000000000
-0.009063043672612	0.000000000000000
-0.009051197930678	0.000000000000000
-0.009039535088852	0.000000000000000
-0.009028051784102	0.000000000000000
-0.009016744767781	0.000000000000000
-0.009005610868299	0.000000000000000
-0.008994646965222	0.000000000000000
-0.008983850018079	0.000000000000000
-0.008973217067693	0.000000000000000
-0.008962745212562	0.000000000000000
-0.008952431633905	0.000000000000000
-0.008942273510616	0.000000000000000
-0.008932268196008	0.000000000000000
-0.008922413022592	0.000000000000000
-0.008912705391596	0.000000000000000
-0.008903142772782	0.000000000000000
-0.008893722690250	0.000000000000000
-0.008884442753607	0.000000000000000
-0.008875300552171	0.000000000000000
-0.008866293782771	0.000000000000000
-0.008857420209011	0.000000000000000
-0.008848677549105	0.000000000000000
-0.008840063691359	0.000000000000000
-0.008831576487183	0.000000000000000
-0.008823213850673	0.000000000000000
-0.008814973749224	0.000000000000000
-0.008806854189970	0.000000000000000
-0.008798853230549	0.000000000000000
-0.008790968939276	0.000000000000000
-0.008783199447771	0.000000000000000
-0.008775542927631	0.000000000000000
-0.008767997580135	0.000000000000000
-0.008760561641345	0.000000000000000
-0.008753233380835	0.000000000000000
-0.008746011114471	0.000000000000000
-0.008738893179660	0.000000000000000
-0.008731877962842	0.000000000000000
-0.008724963836916	0.000000000000000
-0.008718149296312	0.000000000000000
-0.008711432739560	0.000000000000000
-0.008704812737867	0.000000000000000
-0.008698287754941	0.000000000000000
-0.008691856387704	0.000000000000000
-0.008685517204546	0.000000000000000
-0.008679268807950	0.000000000000000
-0.008673109845612	0.000000000000000
-0.008667038968045	0.000000000000000
-0.008661054880133	0.000000000000000
-0.008655156264942	0.000000000000000
-0.008649341883314	0.000000000000000
-0.008643610482613	0.000000000000000
-0.008637960832584	0.000000000000000
-0.008632391754230	0.000000000000000
-0.008626902062427	0.000000000000000
-0.008621490593158	0.000000000000000
-0.008616156244028	0.000000000000000
-0.008610897855514	0.000000000000000
-0.008605714376069	0.000000000000000
-0.008600604704415	0.000000000000000
-0.008595567796146	0.000000000000000
-0.008590602602864	0.000000000000000
-0.008585708127612	0.000000000000000
-0.008580883333585	0.000000000000000
-0.008576127261972	0.000000000000000
-0.008571438948391	0.000000000000000
-0.008566817410895	0.000000000000000
-0.008562261748250	0.000000000000000
-0.008557771019539	0.000000000000000
-0.008553344313467	0.000000000000000
-0.008548980778455	0.000000000000000
-0.008544679484174	0.000000000000000
-0.008540439625269	0.000000000000000
-0.008536260303371	0.000000000000000
-0.008532140724365	0.000000000000000
-0.008528080063690	0.000000000000000
-0.008524077486242	0.000000000000000
-0.008520132235219	0.000000000000000
-0.008516243501593	0.000000000000000
-0.008512410545813	0.000000000000000
-0.008508632571987	0.000000000000000
-0.008504908872445	0.000000000000000
-0.008501238704887	0.000000000000000
-0.008497621325170	0.000000000000000
-0.008494056057834	0.000000000000000
-0.008490542167368	0.000000000000000
-0.008487079004239	0.000000000000000
-0.008483665860746	0.000000000000000
-0.008480302068783	0.000000000000000
-0.008476986986332	0.000000000000000
-0.008473719952533	0.000000000000000
-0.008470500336934	0.000000000000000
-0.008467327499660	0.000000000000000
-0.008464200840631	0.000000000000000
-0.008461119718760	0.000000000000000
-0.008458083556300	0.000000000000000
-0.008455091751090	0.000000000000000
-0.008452143720215	0.000000000000000
-0.008449238873359	0.000000000000000
-0.008446376671816	0.000000000000000
-0.008443556523178	0.000000000000000
-0.008440777898849	0.000000000000000
-0.008438040240035	0.000000000000000
-0.008435343014425	0.000000000000000
-0.008432685691498	0.000000000000000
-0.008430067755288	0.000000000000000
-0.008427488677081	0.000000000000000
-0.008424947951409	0.000000000000000
-0.008422445091798	0.000000000000000
-0.008419979595188	0.000000000000000
-0.008417550960217	0.000000000000000
-0.008415158727742	0.000000000000000
-0.008412802412473	0.000000000000000
-0.008410481532052	0.000000000000000
-0.008408195654576	0.000000000000000
-0.008405944293028	0.000000000000000
-0.008403727014717	0.000000000000000
-0.008401543379629	0.000000000000000
-0.008399392917791	0.000000000000000
-0.008397275246858	0.000000000000000
-0.008395189873961	0.000000000000000
-0.008393136450090	0.000000000000000
-0.008391114494697	0.000000000000000
-0.008389123625155	0.000000000000000
-0.008387163432824	0.000000000000000
-0.008385233529156	0.000000000000000
-0.008383333481206	0.000000000000000
-0.008381462925047	0.000000000000000
-0.008379621481126	0.000000000000000
-0.008377808734452	0.000000000000000
-0.008376024339230	0.000000000000000
-0.008374267899403	0.000000000000000
-0.008372539063507	0.000000000000000
-0.008370837463768	0.000000000000000
-0.008369162727474	0.000000000000000
-0.008367514510315	0.000000000000000
-0.008365892468257	0.000000000000000
-0.008364296230152	0.000000000000000
-0.008362725478866	0.000000000000000
-0.008361179860734	0.000000000000000
-0.008359659026763	0.000000000000000
-0.008358162697562	0.000000000000000
-0.008356690468287	0.000000000000000
-0.008355242078164	0.000000000000000
-0.008353817194324	0.000000000000000
-0.008352415458131	0.000000000000000
-0.008351036621135	0.000000000000000
-0.008349680318791	0.000000000000000
-0.008348346277277	0.000000000000000
-0.008347034179139	0.000000000000000
-0.008345743733311	0.000000000000000
-0.008344474629291	0.000000000000000
-0.008343226591824	0.000000000000000
-0.008341999320282	0.000000000000000
-0.008340792530432	0.000000000000000
-0.008339605942600	0.000000000000000
-0.008338439251316	0.000000000000000
-0.008337292232077	0.000000000000000
-0.008336164543169	0.000000000000000
-0.008335055976624	0.000000000000000
-0.008333966198254	0.000000000000000
-0.008332895019925	0.000000000000000
-0.008331842097932	0.000000000000000
-0.008330807226459	0.000000000000000
-0.008329790119731	0.000000000000000
-0.008328790543812	0.000000000000000
-0.008327808215900	0.000000000000000
-0.008326842923594	0.000000000000000
-0.008325894384138	0.000000000000000
-0.008324962370309	0.000000000000000
-0.008324046638467	0.000000000000000
-0.008323146939740	0.000000000000000
-0.008322263045946	0.000000000000000
-0.008321394712679	0.000000000000000
-0.008320541715480	0.000000000000000
-0.008319703814663	0.000000000000000
-0.008318880785332	0.000000000000000
-0.008318072401215	0.000000000000000
-0.008317278433565	0.000000000000000
-0.008316498668580	0.000000000000000
-0.008315732871587	0.000000000000000
-0.008314980841264	0.000000000000000
-0.008314242354905	0.000000000000000
-0.008313517175881	0.000000000000000
-0.008312805146898	0.000000000000000
-0.008312105995222	0.000000000000000
-0.008311419555968	0.000000000000000
-0.008310745593596	0.000000000000000
-0.008310083946170	0.000000000000000
-0.008309434347369	0.000000000000000
-0.008308796665367	0.000000000000000
-0.008308170637225	0.000000000000000
-0.008307556120890	0.000000000000000
-0.008306952881553	0.000000000000000
-0.008306360762918	0.000000000000000
-0.008305779516627	0.000000000000000
-0.008305209015330	0.000000000000000
-0.008304649038839	0.000000000000000
-0.008304099390920	0.000000000000000
-0.008303559908683	0.000000000000000
-0.008303030395729	0.000000000000000
-0.008302510681963	0.000000000000000
-0.008302000573001	0.000000000000000
-0.008301499885376	0.000000000000000
-0.008301008474726	0.000000000000000
-0.008300526122028	0.000000000000000
-0.008300052689027	0.000000000000000
-0.008299587967774	0.000000000000000
-0.008299131830825	0.000000000000000
-0.008298684067075	0.000000000000000
-0.008298244535853	0.000000000000000
-0.008297813045569	0.000000000000000
-0.008297389462314	0.000000000000000
-0.008296973588920	0.000000000000000
-0.008296565279275	0.000000000000000
-0.008296164382711	0.000000000000000
-0.008295770706054	0.000000000000000
-0.008295384127256	0.000000000000000
-0.008295004458327	0.000000000000000
-0.008294631559105	0.000000000000000
-0.008294265286497	0.000000000000000
-0.008293905441461	0.000000000000000
-0.008293551928235	0.000000000000000
-0.008293204555700	0.000000000000000
-0.008292863182301	0.000000000000000
-0.008292527663173	0.000000000000000
-0.008292197868128	0.000000000000000
-0.008291873607309	0.000000000000000
-0.008291554769131	0.000000000000000
-0.008291241198664	0.000000000000000
-0.008290932752815	0.000000000000000
-0.008290629295899	0.000000000000000
-0.008290330671300	0.000000000000000
-0.008290036749805	0.000000000000000
-0.008289747391068	0.000000000000000
-0.008289462456447	0.000000000000000
-0.008289181810463	0.000000000000000
-0.008288905319392	0.000000000000000
-0.008288632831432	0.000000000000000
-0.008288364237009	0.000000000000000
-0.008288099383965	0.000000000000000
-0.008287838157234	0.000000000000000
-0.008287580410672	0.000000000000000
-0.008287326013826	0.000000000000000
-0.008287074858419	0.000000000000000
-0.008286826793535	0.000000000000000
-0.008286581702444	0.000000000000000
-0.008286339449021	0.000000000000000
-0.008286099929711	0.000000000000000
-0.008285862996516	0.000000000000000
-0.008285628532799	0.000000000000000
-0.008285396426619	0.000000000000000
-0.008285166544258	0.000000000000000
-0.008284938770616	0.000000000000000
-0.008284712969974	0.000000000000000
-0.008284489061258	0.000000000000000
-0.008284266884196	0.000000000000000
-0.008284046331282	0.000000000000000
-0.008283827311778	0.000000000000000
-0.008283609681689	0.000000000000000
-0.008283393335188	0.000000000000000
-0.008283178157229	0.000000000000000
-0.008282964029389	0.000000000000000
-0.008282750861503	0.000000000000000
-0.008282538504482	0.000000000000000
-0.008282326872504	0.000000000000000
-0.008282115857401	0.000000000000000
-0.008281905338730	0.000000000000000
-0.008281695201477	0.000000000000000
-0.008281485356229	0.000000000000000
-0.008281275670186	0.000000000000000
-0.008281066075903	0.000000000000000
-0.008280856429108	0.000000000000000
-0.008280646631523	0.000000000000000
-0.008280436596782	0.000000000000000
-0.008280226206159	0.000000000000000
-0.008280015355295	0.000000000000000
-0.008279803946882	0.000000000000000
-0.008279591889461	0.000000000000000
-0.008279379051454	0.000000000000000
-0.008279165369507	0.000000000000000
-0.008278950703600	0.000000000000000
-0.008278734996479	0.000000000000000
-0.008278518116132	0.000000000000000
-0.008278299988324	0.000000000000000
-0.008278080481651	0.000000000000000
-0.008277859556313	0.000000000000000
-0.008277637045060	0.000000000000000
-0.008277412920845	0.000000000000000
-0.008277187038590	0.000000000000000
-0.008276959321868	0.000000000000000
-0.008276729682926	0.000000000000000
-0.008276498029509	0.000000000000000
-0.008276264247016	0.000000000000000
-0.008276028265841	0.000000000000000
-0.008275790000551	0.000000000000000
-0.008275549321944	0.000000000000000
-0.008275306179396	0.000000000000000
-0.008275060467495	0.000000000000000
-0.008274812103624	0.000000000000000
-0.008274560985443	0.000000000000000
-0.008274307031317	0.000000000000000
-0.008274050160304	0.000000000000000
-0.008273790288963	0.000000000000000
-0.008273527302976	0.000000000000000
-0.008273261146786	0.000000000000000
-0.008272991735122	0.000000000000000
-0.008272718934711	0.000000000000000
-0.008272442745000	0.000000000000000
-0.008272163006960	0.000000000000000
-0.008271879672763	0.000000000000000
-0.008271592647260	0.000000000000000
-0.008271301861181	0.000000000000000
-0.008271007216207	0.000000000000000
-0.008270708646119	0.000000000000000
-0.008270406055754	0.000000000000000
-0.008270099380781	0.000000000000000
-0.008269788514127	0.000000000000000
-0.008269473419774	0.000000000000000
-0.008269153975276	0.000000000000000
-0.008268830121968	0.000000000000000
-0.008268501783566	0.000000000000000
-0.008268168877766	0.000000000000000
-0.008267831328866	0.000000000000000
-0.008267489047848	0.000000000000000
-0.008267141990761	0.000000000000000
-0.008266790043586	0.000000000000000
-0.008266433152811	0.000000000000000
-0.008266071234769	0.000000000000000
-0.008265704229091	0.000000000000000
-0.008265332040807	0.000000000000000
-0.008264954609192	0.000000000000000
-0.008264571855134	0.000000000000000
-0.008264183720612	0.000000000000000
-0.008263790106125	0.000000000000000
-0.008263390962170	0.000000000000000
-0.008262986214094	0.000000000000000
-0.008262575772311	0.000000000000000
-0.008262159593471	0.000000000000000
-0.008261737584542	0.000000000000000
-0.008261309682147	0.000000000000000
-0.008260875838205	0.000000000000000
-0.008260435947309	0.000000000000000
-0.008259989945539	0.000000000000000
-0.008259537803616	0.000000000000000
-0.008259079404008	0.000000000000000
-0.008258614719820	0.000000000000000
-0.008258143646869	0.000000000000000
-0.008257666137621	0.000000000000000
-0.008257182139541	0.000000000000000
-0.008256691555151	0.000000000000000
-0.008256194341508	0.000000000000000
-0.008255690420744	0.000000000000000
-0.008255179734330	0.000000000000000
-0.008254662215048	0.000000000000000
-0.008254137803880	0.000000000000000
-0.008253606428431	0.000000000000000
-0.008253068021803	0.000000000000000
-0.008252522542106	0.000000000000000
-0.008251969888001	0.000000000000000
-0.008251410044681	0.000000000000000
-0.008250842915800	0.000000000000000
-0.008250268442166	0.000000000000000
-0.008249686569911	0.000000000000000
-0.008249097252967	0.000000000000000
-0.008248500388474	0.000000000000000
-0.008247895962015	0.000000000000000
-0.008247283874520	0.000000000000000
-0.008246664101345	0.000000000000000
-0.008246036545129	0.000000000000000
-0.008245401189567	0.000000000000000
-0.008244757930855	0.000000000000000
-0.008244106738468	0.000000000000000
-0.008243447558319	0.000000000000000
-0.008242780301598	0.000000000000000
-0.008242104936964	0.000000000000000
-0.008241421417360	0.000000000000000
-0.008240729636895	0.000000000000000
-0.008240029592699	0.000000000000000
-0.008239321199946	0.000000000000000
-0.008238604405298	0.000000000000000
-0.008237879142164	0.000000000000000
-0.008237145409406	0.000000000000000
-0.008236403042713	0.000000000000000
-0.008235652120674	0.000000000000000
-0.008234892487343	0.000000000000000
-0.008234124119636	0.000000000000000
-0.008233346987114	0.000000000000000
-0.008232560996768	0.000000000000000
-0.008231766116175	0.000000000000000
-0.008230962301235	0.000000000000000
-0.008230149470856	0.000000000000000
-0.008229327590871	0.000000000000000
-0.008228496618667	0.000000000000000
-0.008227656466973	0.000000000000000
-0.008226807122554	0.000000000000000
-0.008225948513747	0.000000000000000
-0.008225080589322	0.000000000000000
-0.008224203292076	0.000000000000000
-0.008223316601913	0.000000000000000
-0.008222420422855	0.000000000000000
-0.008221514740637	0.000000000000000
-0.008220599489073	0.000000000000000
-0.008219674624597	0.000000000000000
-0.008218740086293	0.000000000000000
-0.008217795836626	0.000000000000000
-0.008216841820173	0.000000000000000
-0.008215878001155	0.000000000000000
-0.008214904305089	0.000000000000000
-0.008213920711294	0.000000000000000
-0.008212927153720	0.000000000000000
-0.008211923589002	0.000000000000000
-0.008210909964958	0.000000000000000
-0.008209886255379	0.000000000000000
-0.008208852384173	0.000000000000000
-0.008207808322335	0.000000000000000
-0.008206754017584	0.000000000000000
-0.008205689427424	0.000000000000000
-0.008204614497051	0.000000000000000
-0.008203529193990	0.000000000000000
-0.008202433458910	0.000000000000000
-0.008201327257900	0.000000000000000
-0.008200210535827	0.000000000000000
-0.008199083249952	0.000000000000000
-0.008197945367447	0.000000000000000
-0.008196796820009	0.000000000000000
-0.008195637595940	0.000000000000000
-0.008194467614526	0.000000000000000
-0.008193286865924	0.000000000000000
-0.008192095276569	0.000000000000000
-0.008190892825346	0.000000000000000
-0.008189679468474	0.000000000000000
-0.008188455127744	0.000000000000000
-0.008187219830438	0.000000000000000
-0.008185973455232	0.000000000000000
-0.008184716015582	0.000000000000000
-0.008183447448117	0.000000000000000
-0.008182167707184	0.000000000000000
-0.008180876766700	0.000000000000000
-0.008179574566768	0.000000000000000
-0.008178261078092	0.000000000000000
-0.008176936272290	0.000000000000000
-0.008175600067779	0.000000000000000
-0.008174252469723	0.000000000000000
-0.008172893406637	0.000000000000000
-0.008171522858935	0.000000000000000
-0.008170140767715	0.000000000000000
-0.008168747107824	0.000000000000000
-0.008167341835995	0.000000000000000
-0.008165924912383	0.000000000000000
-0.008164496297482	0.000000000000000
-0.008163055940051	0.000000000000000
-0.008161603843312	0.000000000000000
-0.008160139904989	0.000000000000000
-0.008158664144263	0.000000000000000
-0.008157176491478	0.000000000000000
-0.008155676912560	0.000000000000000
-0.008154165386556	0.000000000000000
-0.008152641858981	0.000000000000000
-0.008151106291341	0.000000000000000
-0.008149558657704	0.000000000000000
-0.008147998916659	0.000000000000000
-0.008146427036007	0.000000000000000
-0.008144842962325	0.000000000000000
-0.008143246679156	0.000000000000000
-0.008141638141859	0.000000000000000
-0.008140017314610	0.000000000000000
-0.008138384163810	0.000000000000000
-0.008136738649963	0.000000000000000
-0.008135080744035	0.000000000000000
-0.008133410396870	0.000000000000000
-0.008131727599370	0.000000000000000
-0.008130032291017	0.000000000000000
-0.008128324443663	0.000000000000000
-0.008126604035640	0.000000000000000
-0.008124871019388	0.000000000000000
-0.008123125366281	0.000000000000000
-0.008121367034849	0.000000000000000
-0.008119596004762	0.000000000000000
-0.008117812235880	0.000000000000000
-0.008116015693390	0.000000000000000
-0.008114206342034	0.000000000000000
-0.008112384149126	0.000000000000000
-0.008110549092689	0.000000000000000
-0.008108701124931	0.000000000000000
-0.008106840238053	0.000000000000000
-0.008104966354101	0.000000000000000
-0.008103079485257	0.000000000000000
-0.008101179587551	0.000000000000000
-0.008099266620894	0.000000000000000
-0.008097340552751	0.000000000000000
-0.008095401357361	0.000000000000000
-0.008093449018127	0.000000000000000
-0.008091483475360	0.000000000000000
-0.008089504708164	0.000000000000000
-0.008087512702895	0.000000000000000
-0.008085507405995	0.000000000000000
-0.008083488800524	0.000000000000000
-0.008081456858081	0.000000000000000
-0.008079411521479	0.000000000000000
-0.008077352816188	0.000000000000000
-0.008075280647193	0.000000000000000
-0.008073195035619	0.000000000000000
-0.008071095926436	0.000000000000000
-0.008068983294293	0.000000000000000
-0.008066857124751	0.000000000000000
-0.008064717361907	0.000000000000000
-0.008062564003039	0.000000000000000
-0.008060396998852	0.000000000000000
-0.008058216345320	0.000000000000000
-0.008056021979442	0.000000000000000
-0.008053813915964	0.000000000000000
-0.008051592086238	0.000000000000000
-0.008049356491972	0.000000000000000
-0.008047107089358	0.000000000000000
-0.008044843858797	0.000000000000000
-0.008042566760533	0.000000000000000
-0.008040275792289	0.000000000000000
-0.008037970906500	0.000000000000000
-0.008035652070905	0.000000000000000
-0.008033319284133	0.000000000000000
-0.008030972499994	0.000000000000000
-0.008028611697780	0.000000000000000
-0.008026236840860	0.000000000000000
-0.008023847929488	0.000000000000000
-0.008021444920859	0.000000000000000
-0.008019027767195	0.000000000000000
-0.008016596493607	0.000000000000000
-0.008014151031516	0.000000000000000
-0.008011691380042	0.000000000000000
-0.008009217536655	0.000000000000000
