-0.065109367636438	0.000000000000000
-0.065112091108108	0.000000000000000
-0.065114636460419	0.000000000000000
-0.065117003739407	0.000000000000000
-0.065119193002024	0.000000000000000
-0.065121204303481	0.000000000000000
-0.065123037698037	0.000000000000000
-0.065124693243248	0.000000000000000
-0.065126170984726	0.000000000000000
-0.065127470984097	0.000000000000000
-0.065128593293118	0.000000000000000
-0.065129537965106	0.000000000000000
-0.065130305056372	0.000000000000000
-0.065130894612702	0.000000000000000
-0.065131306693907	0.000000000000000
-0.065131541353943	0.000000000000000
-0.065131598644272	0.000000000000000
-0.065131478619112	0.000000000000000
-0.065131181329613	0.000000000000000
-0.065130706826626	0.000000000000000
-0.065130055170007	0.000000000000000
-0.065129226408182	0.000000000000000
-0.065128220591786	0.000000000000000
-0.065127037776822	0.000000000000000
-0.065125678013805	0.000000000000000
-0.065124141357979	0.000000000000000
-0.065122427857125	0.000000000000000
-0.065120537566082	0.000000000000000
-0.065118470540680	0.000000000000000
-0.065116226823692	0.000000000000000
-0.065113806471852	0.000000000000000
-0.065111209539277	0.000000000000000
-0.065108436075180	0.000000000000000
-0.065105486130996	0.000000000000000
-0.065102359757934	0.000000000000000
-0.065099057009931	0.000000000000000
-0.065095577935399	0.000000000000000
-0.065091922585234	0.000000000000000
-0.065088091012450	0.000000000000000
-0.065084083267725	0.000000000000000
-0.065079899402205	0.000000000000000
-0.065075539467056	0.000000000000000
-0.065071003508140	0.000000000000000
-0.065066291580738	0.000000000000000
-0.065061403740813	0.000000000000000
-0.065056340026842	0.000000000000000
-0.065051100493336	0.000000000000000
-0.065045685199216	0.000000000000000
-0.065040094184795	0.000000000000000
-0.065034327504292	0.000000000000000
-0.065028385204830	0.000000000000000
-0.065022267336079	0.000000000000000
-0.065015973955327	0.000000000000000
-0.065009505104991	0.000000000000000
-0.065002860835130	0.000000000000000
-0.064996041200651	0.000000000000000
-0.064989046247294	0.000000000000000
-0.064981876022999	0.000000000000000
-0.064974530579706	0.000000000000000
-0.064967009968628	0.000000000000000
-0.064959314233905	0.000000000000000
-0.064951443426323	0.000000000000000
-0.064943397600887	0.000000000000000
-0.064935176798127	0.000000000000000
-0.064926781070279	0.000000000000000
-0.064918210470647	0.000000000000000
-0.064909465040068	0.000000000000000
-0.064900544833435	0.000000000000000
-0.064891449897372	0.000000000000000
-0.064882180279180	0.000000000000000
-0.064872736031522	0.000000000000000
-0.064863117197218	0.000000000000000
-0.064853323827768	0.000000000000000
-0.064843355973219	0.000000000000000
-0.064833213680410	0.000000000000000
-0.064822896995063	0.000000000000000
-0.064812405967083	0.000000000000000
-0.064801740649652	0.000000000000000
-0.064790901082757	0.000000000000000
-0.064779887314636	0.000000000000000
-0.064768699402501	0.000000000000000
-0.064757337385488	0.000000000000000
-0.064745801315363	0.000000000000000
-0.064734091238039	0.000000000000000
-0.064722207201806	0.000000000000000
-0.064710149257263	0.000000000000000
-0.064697917442975	0.000000000000000
-0.064685511816711	0.000000000000000
-0.064672932425995	0.000000000000000
-0.064660179311224	0.000000000000000
-0.064647252521669	0.000000000000000
-0.064634152109157	0.000000000000000
-0.064620878119054	0.000000000000000
-0.064607430592980	0.000000000000000
-0.064593809585465	0.000000000000000
-0.064580015143806	0.000000000000000
-0.064566047312372	0.000000000000000
-0.064551906137550	0.000000000000000
-0.064537591668022	0.000000000000000
-0.064523103952833	0.000000000000000
-0.064508443037618	0.000000000000000
-0.064493608965356	0.000000000000000
-0.064478601788409	0.000000000000000
-0.064463421551819	0.000000000000000
-0.064448068301475	0.000000000000000
-0.064432542090779	0.000000000000000
-0.064416842956398	0.000000000000000
-0.064400970951567	0.000000000000000
-0.064384926124385	0.000000000000000
-0.064368708520747	0.000000000000000
-0.064352318181857	0.000000000000000
-0.064335755159289	0.000000000000000
-0.064319019501715	0.000000000000000
-0.064302111254191	0.000000000000000
-0.064285030464067	0.000000000000000
-0.064267777172396	0.000000000000000
-0.064250351437109	0.000000000000000
-0.064232753297893	0.000000000000000
-0.064214982798766	0.000000000000000
-0.064197039994268	0.000000000000000
-0.064178924924478	0.000000000000000
-0.064160637638735	0.000000000000000
-0.064142178188525	0.000000000000000
-0.064123546611379	0.000000000000000
-0.064104742958367	0.000000000000000
-0.064085767284215	0.000000000000000
-0.064066619623333	0.000000000000000
-0.064047300026538	0.000000000000000
-0.064027808542679	0.000000000000000
-0.064008145219503	0.000000000000000
-0.063988310104230	0.000000000000000
-0.063968303238973	0.000000000000000
-0.063948124670741	0.000000000000000
-0.063927774451737	0.000000000000000
-0.063907252630032	0.000000000000000
-0.063886559245987	0.000000000000000
-0.063865694346980	0.000000000000000
-0.063844657986200	0.000000000000000
-0.063823450213075	0.000000000000000
-0.063802071059122	0.000000000000000
-0.063780520582730	0.000000000000000
-0.063758798834442	0.000000000000000
-0.063736905853962	0.000000000000000
-0.063714841695738	0.000000000000000
-0.063692606398183	0.000000000000000
-0.063670200012812	0.000000000000000
-0.063647622593568	0.000000000000000
-0.063624874175680	0.000000000000000
-0.063601954815578	0.000000000000000
-0.063578864559749	0.000000000000000
-0.063555603450179	0.000000000000000
-0.063532171542042	0.000000000000000
-0.063508568878885	0.000000000000000
-0.063484795509660	0.000000000000000
-0.063460851482937	0.000000000000000
-0.063436736845082	0.000000000000000
-0.063412451643973	0.000000000000000
-0.063387995927530	0.000000000000000
-0.063363369746998	0.000000000000000
-0.063338573148872	0.000000000000000
-0.063313606180214	0.000000000000000
-0.063288468888711	0.000000000000000
-0.063263161326152	0.000000000000000
-0.063237683539660	0.000000000000000
-0.063212035579164	0.000000000000000
-0.063186217489240	0.000000000000000
-0.063160229320767	0.000000000000000
-0.063134071126101	0.000000000000000
-0.063107742949431	0.000000000000000
-0.063081244845724	0.000000000000000
-0.063054576855146	0.000000000000000
-0.063027739035461	0.000000000000000
-0.063000731433350	0.000000000000000
-0.062973554095091	0.000000000000000
-0.062946207076421	0.000000000000000
-0.062918690422970	0.000000000000000
-0.062891004185397	0.000000000000000
-0.062863148414472	0.000000000000000
-0.062835123159116	0.000000000000000
-0.062806928469636	0.000000000000000
-0.062778564399025	0.000000000000000
-0.062750030995526	0.000000000000000
-0.062721328311840	0.000000000000000
-0.062692456393038	0.000000000000000
-0.062663415297014	0.000000000000000
-0.062634205073858	0.000000000000000
-0.062604825769861	0.000000000000000
-0.062575277440977	0.000000000000000
-0.062545560135174	0.000000000000000
-0.062515673908912	0.000000000000000
-0.062485618811782	0.000000000000000
-0.062455394891805	0.000000000000000
-0.062425002207491	0.000000000000000
-0.062394440811443	0.000000000000000
-0.062363710748391	0.000000000000000
-0.062332812073486	0.000000000000000
-0.062301744847495	0.000000000000000
-0.062270509116319	0.000000000000000
-0.062239104935433	0.000000000000000
-0.062207532354679	0.000000000000000
-0.062175791432319	0.000000000000000
-0.062143882219905	0.000000000000000
-0.062111804772007	0.000000000000000
-0.062079559143759	0.000000000000000
-0.062047145385753	0.000000000000000
-0.062014563556243	0.000000000000000
-0.061981813706156	0.000000000000000
-0.061948895897783	0.000000000000000
-0.061915810180008	0.000000000000000
-0.061882556608203	0.000000000000000
-0.061849135239911	0.000000000000000
-0.061815546133073	0.000000000000000
-0.061781789341295	0.000000000000000
-0.061747864920667	0.000000000000000
-0.061713772927772	0.000000000000000
-0.061679513417564	0.000000000000000
-0.061645086451640	0.000000000000000
-0.061610492087799	0.000000000000000
-0.061575730377264	0.000000000000000
-0.061540801377965	0.000000000000000
-0.061505705155511	0.000000000000000
-0.061470441764963	0.000000000000000
-0.061435011264097	0.000000000000000
-0.061399413710076	0.000000000000000
-0.061363649161310	0.000000000000000
-0.061327717679674	0.000000000000000
-0.061291619326220	0.000000000000000
-0.061255354161600	0.000000000000000
-0.061218922240388	0.000000000000000
-0.061182323625456	0.000000000000000
-0.061145558379091	0.000000000000000
-0.061108626561110	0.000000000000000
-0.061071528233953	0.000000000000000
-0.061034263461932	0.000000000000000
-0.060996832302064	0.000000000000000
-0.060959234816168	0.000000000000000
-0.060921471070800	0.000000000000000
-0.060883541129389	0.000000000000000
-0.060845445051873	0.000000000000000
-0.060807182903104	0.000000000000000
-0.060768754748208	0.000000000000000
-0.060730160650739	0.000000000000000
-0.060691400675322	0.000000000000000
-0.060652474886673	0.000000000000000
-0.060613383351980	0.000000000000000
-0.060574126132561	0.000000000000000
-0.060534703298439	0.000000000000000
-0.060495114916289	0.000000000000000
-0.060455361052628	0.000000000000000
-0.060415441770810	0.000000000000000
-0.060375357142867	0.000000000000000
-0.060335107235161	0.000000000000000
-0.060294692115759	0.000000000000000
-0.060254111856290	0.000000000000000
-0.060213366517692	0.000000000000000
-0.060172456181287	0.000000000000000
-0.060131380911468	0.000000000000000
-0.060090140772269	0.000000000000000
-0.060048735844205	0.000000000000000
-0.060007166195666	0.000000000000000
-0.059965431896757	0.000000000000000
-0.059923533019283	0.000000000000000
-0.059881469638051	0.000000000000000
-0.059839241822720	0.000000000000000
-0.059796849650287	0.000000000000000
-0.059754293195138	0.000000000000000
-0.059711572528733	0.000000000000000
-0.059668687726555	0.000000000000000
-0.059625638860452	0.000000000000000
-0.059582426013226	0.000000000000000
-0.059539049259362	0.000000000000000
-0.059495508674116	0.000000000000000
-0.059451804331168	0.000000000000000
-0.059407936312415	0.000000000000000
-0.059363904699458	0.000000000000000
-0.059319709563992	0.000000000000000
-0.059275350988655	0.000000000000000
-0.059230829053230	0.000000000000000
-0.059186143836059	0.000000000000000
-0.059141295421986	0.000000000000000
-0.059096283890031	0.000000000000000
-0.059051109321113	0.000000000000000
-0.059005771802529	0.000000000000000
-0.058960271408257	0.000000000000000
-0.058914608226387	0.000000000000000
-0.058868782347258	0.000000000000000
-0.058822793848147	0.000000000000000
-0.058776642814808	0.000000000000000
-0.058730329337657	0.000000000000000
-0.058683853498620	0.000000000000000
-0.058637215386962	0.000000000000000
-0.058590415091836	0.000000000000000
-0.058543452696390	0.000000000000000
-0.058496328295457	0.000000000000000
-0.058449041974868	0.000000000000000
-0.058401593827537	0.000000000000000
-0.058353983943032	0.000000000000000
-0.058306212408998	0.000000000000000
-0.058258279323213	0.000000000000000
-0.058210184777991	0.000000000000000
-0.058161928865685	0.000000000000000
-0.058113511677672	0.000000000000000
-0.058064933310223	0.000000000000000
-0.058016193864096	0.000000000000000
-0.057967293429379	0.000000000000000
-0.057918232101138	0.000000000000000
-0.057869009986195	0.000000000000000
-0.057819627174412	0.000000000000000
-0.057770083765789	0.000000000000000
-0.057720379864586	0.000000000000000
-0.057670515569317	0.000000000000000
-0.057620490981042	0.000000000000000
-0.057570306198638	0.000000000000000
-0.057519961327239	0.000000000000000
-0.057469456472972	0.000000000000000
-0.057418791738459	0.000000000000000
-0.057367967226283	0.000000000000000
-0.057316983045382	0.000000000000000
-0.057265839298221	0.000000000000000
-0.057214536098417	0.000000000000000
-0.057163073553268	0.000000000000000
-0.057111451764563	0.000000000000000
-0.057059670850206	0.000000000000000
-0.057007730918876	0.000000000000000
-0.056955632081359	0.000000000000000
-0.056903374449462	0.000000000000000
-0.056850958138611	0.000000000000000
-0.056798383260938	0.000000000000000
-0.056745649930731	0.000000000000000
-0.056692758267935	0.000000000000000
-0.056639708388232	0.000000000000000
-0.056586500405821	0.000000000000000
-0.056533134441683	0.000000000000000
-0.056479610619446	0.000000000000000
-0.056425929051479	0.000000000000000
-0.056372089863121	0.000000000000000
-0.056318093181790	0.000000000000000
-0.056263939125339	0.000000000000000
-0.056209627817173	0.000000000000000
-0.056155159384311	0.000000000000000
-0.056100533954280	0.000000000000000
-0.056045751655224	0.000000000000000
-0.055990812614187	0.000000000000000
-0.055935716955709	0.000000000000000
-0.055880464816440	0.000000000000000
-0.055825056328044	0.000000000000000
-0.055769491619237	0.000000000000000
-0.055713770827175	0.000000000000000
-0.055657894081120	0.000000000000000
-0.055601861519593	0.000000000000000
-0.055545673281198	0.000000000000000
-0.055489329502368	0.000000000000000
-0.055432830321302	0.000000000000000
-0.055376175877288	0.000000000000000
-0.055319366313575	0.000000000000000
-0.055262401773959	0.000000000000000
-0.055205282396084	0.000000000000000
-0.055148008328290	0.000000000000000
-0.055090579716837	0.000000000000000
-0.055032996705827	0.000000000000000
-0.054975259445929	0.000000000000000
-0.054917368086449	0.000000000000000
-0.054859322775693	0.000000000000000
-0.054801123668552	0.000000000000000
-0.054742770917366	0.000000000000000
-0.054684264670946	0.000000000000000
-0.054625605089147	0.000000000000000
-0.054566792331173	0.000000000000000
-0.054507826551892	0.000000000000000
-0.054448707910074	0.000000000000000
-0.054389436569674	0.000000000000000
-0.054330012686688	0.000000000000000
-0.054270436429235	0.000000000000000
-0.054210707961546	0.000000000000000
-0.054150827444984	0.000000000000000
-0.054090795050999	0.000000000000000
-0.054030610949680	0.000000000000000
-0.053970275309893	0.000000000000000
-0.053909788299563	0.000000000000000
-0.053849150094093	0.000000000000000
-0.053788360867454	0.000000000000000
-0.053727420794667	0.000000000000000
-0.053666330054310	0.000000000000000
-0.053605088821508	0.000000000000000
-0.053543697284251	0.000000000000000
-0.053482155615493	0.000000000000000
-0.053420464000121	0.000000000000000
-0.053358622629203	0.000000000000000
-0.053296631678165	0.000000000000000
-0.053234491344054	0.000000000000000
-0.053172201808974	0.000000000000000
-0.053109763268990	0.000000000000000
-0.053047175918021	0.000000000000000
-0.052984439940766	0.000000000000000
-0.052921555539156	0.000000000000000
-0.052858522910027	0.000000000000000
-0.052795342253868	0.000000000000000
-0.052732013769678	0.000000000000000
-0.052668537654287	0.000000000000000
-0.052604914117262	0.000000000000000
-0.052541143364702	0.000000000000000
-0.052477225602887	0.000000000000000
-0.052413161037545	0.000000000000000
-0.052348949879596	0.000000000000000
-0.052284592351557	0.000000000000000
-0.052220088655198	0.000000000000000
-0.052155439008575	0.000000000000000
-0.052090643632805	0.000000000000000
-0.052025702749623	0.000000000000000
-0.051960616579402	0.000000000000000
-0.051895385337130	0.000000000000000
-0.051830009257341	0.000000000000000
-0.051764488567262	0.000000000000000
-0.051698823490927	0.000000000000000
-0.051633014260645	0.000000000000000
-0.051567061109141	0.000000000000000
-0.051500964276069	0.000000000000000
-0.051434723992045	0.000000000000000
-0.051368340494907	0.000000000000000
-0.051301814030647	0.000000000000000
-0.051235144841901	0.000000000000000
-0.051168333170765	0.000000000000000
-0.051101379264298	0.000000000000000
-0.051034283373030	0.000000000000000
-0.050967045742891	0.000000000000000
-0.050899666635371	0.000000000000000
-0.050832146301885	0.000000000000000
-0.050764484996567	0.000000000000000
-0.050696682983860	0.000000000000000
-0.050628740524365	0.000000000000000
-0.050560657882804	0.000000000000000
-0.050492435320538	0.000000000000000
-0.050424073111163	0.000000000000000
-0.050355571528381	0.000000000000000
-0.050286930835099	0.000000000000000
-0.050218151313298	0.000000000000000
-0.050149233243199	0.000000000000000
-0.050080176897621	0.000000000000000
-0.050010982565138	0.000000000000000
-0.049941650529135	0.000000000000000
-0.049872181073067	0.000000000000000
-0.049802574490134	0.000000000000000
-0.049732831072176	0.000000000000000
-0.049662951112234	0.000000000000000
-0.049592934910254	0.000000000000000
-0.049522782764727	0.000000000000000
-0.049452494973722	0.000000000000000
-0.049382071845993	0.000000000000000
-0.049311513686095	0.000000000000000
-0.049240820808463	0.000000000000000
-0.049169993522657	0.000000000000000
-0.049099032139447	0.000000000000000
-0.049027936982103	0.000000000000000
-0.048956708372437	0.000000000000000
-0.048885346631973	0.000000000000000
-0.048813852082416	0.000000000000000
-0.048742225054512	0.000000000000000
-0.048670465883961	0.000000000000000
-0.048598574900764	0.000000000000000
-0.048526552442215	0.000000000000000
-0.048454398851951	0.000000000000000
-0.048382114467943	0.000000000000000
-0.048309699638280	0.000000000000000
-0.048237154712253	0.000000000000000
-0.048164480041528	0.000000000000000
-0.048091675980796	0.000000000000000
-0.048018742883869	0.000000000000000
-0.047945681118035	0.000000000000000
-0.047872491045581	0.000000000000000
-0.047799173023095	0.000000000000000
-0.047725727435515	0.000000000000000
-0.047652154651286	0.000000000000000
-0.047578455040097	0.000000000000000
-0.047504628990798	0.000000000000000
-0.047430676880082	0.000000000000000
-0.047356599096452	0.000000000000000
-0.047282396029015	0.000000000000000
-0.047208068069677	0.000000000000000
-0.047133615612384	0.000000000000000
-0.047059039061011	0.000000000000000
-0.046984338818380	0.000000000000000
-0.046909515284770	0.000000000000000
-0.046834568875102	0.000000000000000
-0.046759500003305	0.000000000000000
-0.046684309081285	0.000000000000000
-0.046608996532747	0.000000000000000
-0.046533562780858	0.000000000000000
-0.046458008250817	0.000000000000000
-0.046382333381318	0.000000000000000
-0.046306538597309	0.000000000000000
-0.046230624341387	0.000000000000000
-0.046154591060911	0.000000000000000
-0.046078439196084	0.000000000000000
-0.046002169196757	0.000000000000000
-0.045925781518001	0.000000000000000
-0.045849276617077	0.000000000000000
-0.045772654955100	0.000000000000000
-0.045695917000023	0.000000000000000
-0.045619063220298	0.000000000000000
-0.045542094087278	0.000000000000000
-0.045465010080700	0.000000000000000
-0.045387811680179	0.000000000000000
-0.045310499373671	0.000000000000000
-0.045233073653932	0.000000000000000
-0.045155535006002	0.000000000000000
-0.045077883933896	0.000000000000000
-0.045000120944836	0.000000000000000
-0.044922246538925	0.000000000000000
-0.044844261229302	0.000000000000000
-0.044766165530624	0.000000000000000
-0.044687959967452	0.000000000000000
-0.044609645062318	0.000000000000000
-0.044531221341916	0.000000000000000
-0.044452689341780	0.000000000000000
-0.044374049598388	0.000000000000000
-0.044295302659236	0.000000000000000
-0.044216449068754	0.000000000000000
-0.044137489379680	0.000000000000000
-0.044058424147820	0.000000000000000
-0.043979253933735	0.000000000000000
-0.043899979310322	0.000000000000000
-0.043820600845565	0.000000000000000
-0.043741119116449	0.000000000000000
-0.043661534705357	0.000000000000000
-0.043581848194467	0.000000000000000
-0.043502060180442	0.000000000000000
-0.043422171256914	0.000000000000000
-0.043342182025730	0.000000000000000
-0.043262093100120	0.000000000000000
-0.043181905084615	0.000000000000000
-0.043101618599994	0.000000000000000
-0.043021234269712	0.000000000000000
-0.042940752719764	0.000000000000000
-0.042860174587765	0.000000000000000
-0.042779500511111	0.000000000000000
-0.042698731133586	0.000000000000000
-0.042617867105548	0.000000000000000
-0.042536909087962	0.000000000000000
-0.042455857736535	0.000000000000000
-0.042374713719106	0.000000000000000
-0.042293477716003	0.000000000000000
-0.042212150398285	0.000000000000000
-0.042130732454378	0.000000000000000
-0.042049224578303	0.000000000000000
-0.041967627459804	0.000000000000000
-0.041885941807456	0.000000000000000
-0.041804168334479	0.000000000000000
-0.041722307744968	0.000000000000000
-0.041640360769406	0.000000000000000
-0.041558328135191	0.000000000000000
-0.041476210572578	0.000000000000000
-0.041394008824303	0.000000000000000
-0.041311723639533	0.000000000000000
-0.041229355771985	0.000000000000000
-0.041146905976588	0.000000000000000
-0.041064375027798	0.000000000000000
-0.040981763691316	0.000000000000000
-0.040899072756065	0.000000000000000
-0.040816303006759	0.000000000000000
-0.040733455231017	0.000000000000000
-0.040650530238617	0.000000000000000
-0.040567528834015	0.000000000000000
-0.040484451831924	0.000000000000000
-0.040401300060247	0.000000000000000
-0.040318074340694	0.000000000000000
-0.040234775514460	0.000000000000000
-0.040151404426211	0.000000000000000
-0.040067961924799	0.000000000000000
-0.039984448876752	0.000000000000000
-0.039900866138662	0.000000000000000
-0.039817214591601	0.000000000000000
-0.039733495119392	0.000000000000000
-0.039649708607526	0.000000000000000
-0.039565855957525	0.000000000000000
-0.039481938068216	0.000000000000000
-0.039397955862573	0.000000000000000
-0.039313910260488	0.000000000000000
-0.039229802184886	0.000000000000000
-0.039145632582498	0.000000000000000
-0.039061402398153	0.000000000000000
-0.038977112582557	0.000000000000000
-0.038892764102500	0.000000000000000
-0.038808357932910	0.000000000000000
-0.038723895049466	0.000000000000000
-0.038639376442070	0.000000000000000
-0.038554803113131	0.000000000000000
-0.038470176066878	0.000000000000000
-0.038385496316525	0.000000000000000
-0.038300764891310	0.000000000000000
-0.038215982827493	0.000000000000000
-0.038131151161775	0.000000000000000
-0.038046270950883	0.000000000000000
-0.037961343260660	0.000000000000000
-0.037876369157845	0.000000000000000
-0.037791349724708	0.000000000000000
-0.037706286048623	0.000000000000000
-0.037621179238840	0.000000000000000
-0.037536030401266	0.000000000000000
-0.037450840651110	0.000000000000000
-0.037365611132612	0.000000000000000
-0.037280342972510	0.000000000000000
-0.037195037329556	0.000000000000000
-0.037109695366330	0.000000000000000
-0.037024318248229	0.000000000000000
-0.036938907161309	0.000000000000000
-0.036853463295911	0.000000000000000
-0.036767987861764	0.000000000000000
-0.036682482070677	0.000000000000000
-0.036596947149861	0.000000000000000
-0.036511384328704	0.000000000000000
-0.036425794857230	0.000000000000000
-0.036340180003858	0.000000000000000
-0.036254541033670	0.000000000000000
-0.036168879221264	0.000000000000000
-0.036083195869745	0.000000000000000
-0.035997492282706	0.000000000000000
-0.035911769774709	0.000000000000000
-0.035826029675404	0.000000000000000
-0.035740273324734	0.000000000000000
-0.035654502081596	0.000000000000000
-0.035568717308579	0.000000000000000
-0.035482920379256	0.000000000000000
-0.035397112691438	0.000000000000000
-0.035311295649890	0.000000000000000
-0.035225470656939	0.000000000000000
-0.035139639151607	0.000000000000000
-0.035053802580641	0.000000000000000
-0.034967962392318	0.000000000000000
-0.034882120056849	0.000000000000000
-0.034796277054924	0.000000000000000
-0.034710434882958	0.000000000000000
-0.034624595052161	0.000000000000000
-0.034538759080948	0.000000000000000
-0.034452928509443	0.000000000000000
-0.034367104886491	0.000000000000000
-0.034281289781185	0.000000000000000
-0.034195484772063	0.000000000000000
-0.034109691449937	0.000000000000000
-0.034023911425076	0.000000000000000
-0.033938146320053	0.000000000000000
-0.033852397777168	0.000000000000000
-0.033766667446984	0.000000000000000
-0.033680957000061	0.000000000000000
-0.033595268115305	0.000000000000000
-0.033509602494307	0.000000000000000
-0.033423961859948	0.000000000000000
-0.033338347935180	0.000000000000000
-0.033252762464517	0.000000000000000
-0.033167207214566	0.000000000000000
-0.033081683968286	0.000000000000000
-0.032996194522892	0.000000000000000
-0.032910740681975	0.000000000000000
-0.032825324277041	0.000000000000000
-0.032739947154253	0.000000000000000
-0.032654611179763	0.000000000000000
-0.032569318236253	0.000000000000000
-0.032484070214981	0.000000000000000
-0.032398869027033	0.000000000000000
-0.032313716614175	0.000000000000000
-0.032228614929142	0.000000000000000
-0.032143565930488	0.000000000000000
-0.032058571608192	0.000000000000000
-0.031973633974897	0.000000000000000
-0.031888755045224	0.000000000000000
-0.031803936864793	0.000000000000000
-0.031719181501104	0.000000000000000
-0.031634491021799	0.000000000000000
-0.031549867537801	0.000000000000000
-0.031465313165590	0.000000000000000
-0.031380830038598	0.000000000000000
-0.031296420323256	0.000000000000000
-0.031212086195454	0.000000000000000
-0.031127829848098	0.000000000000000
-0.031043653506310	0.000000000000000
-0.030959559413834	0.000000000000000
-0.030875549820444	0.000000000000000
-0.030791627008726	0.000000000000000
-0.030707793288060	0.000000000000000
-0.030624050977801	0.000000000000000
-0.030540402422275	0.000000000000000
-0.030456849988834	0.000000000000000
-0.030373396064846	0.000000000000000
-0.030290043060744	0.000000000000000
-0.030206793407750	0.000000000000000
-0.030123649564530	0.000000000000000
-0.030040614005361	0.000000000000000
-0.029957689231377	0.000000000000000
-0.029874877764202	0.000000000000000
-0.029792182151061	0.000000000000000
-0.029709604967370	0.000000000000000
-0.029627148798253	0.000000000000000
-0.029544816257202	0.000000000000000
-0.029462609999495	0.000000000000000
-0.029380532679467	0.000000000000000
-0.029298586987300	0.000000000000000
-0.029216775642333	0.000000000000000
-0.029135101376709	0.000000000000000
-0.029053566957312	0.000000000000000
-0.028972175171785	0.000000000000000
-0.028890928831706	0.000000000000000
-0.028809830782974	0.000000000000000
-0.028728883888499	0.000000000000000
-0.028648091032047	0.000000000000000
-0.028567455137957	0.000000000000000
-0.028486979148519	0.000000000000000
-0.028406666034145	0.000000000000000
-0.028326518786980	0.000000000000000
-0.028246540430824	0.000000000000000
-0.028166734021423	0.000000000000000
-0.028087102637790	0.000000000000000
-0.028007649369727	0.000000000000000
-0.027928377362957	0.000000000000000
-0.027849289779636	0.000000000000000
-0.027770389798510	0.000000000000000
-0.027691680641351	0.000000000000000
-0.027613165547457	0.000000000000000
-0.027534847798045	0.000000000000000
-0.027456730690835	0.000000000000000
-0.027378817555857	0.000000000000000
-0.027301111752665	0.000000000000000
-0.027223616669901	0.000000000000000
-0.027146335724030	0.000000000000000
-0.027069272365721	0.000000000000000
-0.026992430076630	0.000000000000000
-0.026915812349909	0.000000000000000
-0.026839422729969	0.000000000000000
-0.026763264789277	0.000000000000000
-0.026687342118127	0.000000000000000
-0.026611658346252	0.000000000000000
-0.026536217131244	0.000000000000000
-0.026461022161969	0.000000000000000
-0.026386077157843	0.000000000000000
-0.026311385871001	0.000000000000000
-0.026236952079718	0.000000000000000
-0.026162779598861	0.000000000000000
-0.026088872275703	0.000000000000000
-0.026015233979665	0.000000000000000
-0.025941868621098	0.000000000000000
-0.025868780134155	0.000000000000000
-0.025795972493809	0.000000000000000
-0.025723449698948	0.000000000000000
-0.025651215782967	0.000000000000000
-0.025579274815268	0.000000000000000
-0.025507630889738	0.000000000000000
-0.025436288132361	0.000000000000000
-0.025365250709306	0.000000000000000
-0.025294522818300	0.000000000000000
-0.025224108675041	0.000000000000000
-0.025154012542815	0.000000000000000
-0.025084238707015	0.000000000000000
-0.025014791498748	0.000000000000000
-0.024945675268111	0.000000000000000
-0.024876894394368	0.000000000000000
-0.024808453307070	0.000000000000000
-0.024740356454066	0.000000000000000
-0.024672608315106	0.000000000000000
-0.024605213406420	0.000000000000000
-0.024538176279827	0.000000000000000
-0.024471501509706	0.000000000000000
-0.024405193704881	0.000000000000000
-0.024339257514841	0.000000000000000
-0.024273697615480	0.000000000000000
-0.024208518707646	0.000000000000000
-0.024143725529346	0.000000000000000
-0.024079322854008	0.000000000000000
-0.024015315479396	0.000000000000000
-0.023951708240600	0.000000000000000
-0.023888505997096	0.000000000000000
-0.023825713648823	0.000000000000000
-0.023763336117948	0.000000000000000
-0.023701378353961	0.000000000000000
-0.023639845349384	0.000000000000000
-0.023578742118684	0.000000000000000
-0.023518073708613	0.000000000000000
-0.023457845196664	0.000000000000000
-0.023398061676289	0.000000000000000
-0.023338728291375	0.000000000000000
-0.023279850212947	0.000000000000000
-0.023221432615022	0.000000000000000
-0.023163480726986	0.000000000000000
-0.023105999804131	0.000000000000000
-0.023048995111749	0.000000000000000
-0.022992471959241	0.000000000000000
-0.022936435673767	0.000000000000000
-0.022880891615164	0.000000000000000
-0.022825845173307	0.000000000000000
-0.022771301752510	0.000000000000000
-0.022717266789225	0.000000000000000
-0.022663745747402	0.000000000000000
-0.022610744109235	0.000000000000000
-0.022558267394478	0.000000000000000
-0.022506321138414	0.000000000000000
-0.022454910887477	0.000000000000000
-0.022404042231931	0.000000000000000
-0.022353720786472	0.000000000000000
-0.022303952166823	0.000000000000000
-0.022254742024207	0.000000000000000
-0.022206096040472	0.000000000000000
-0.022158019896927	0.000000000000000
-0.022110519312483	0.000000000000000
-0.022063600021169	0.000000000000000
-0.022017267773196	0.000000000000000
-0.021971528343670	0.000000000000000
-0.021926387523794	0.000000000000000
-0.021881851121571	0.000000000000000
-0.021837924962933	0.000000000000000
-0.021794614891807	0.000000000000000
-0.021751926778998	0.000000000000000
-0.021709866490719	0.000000000000000
-0.021668439921253	0.000000000000000
-0.021627652979475	0.000000000000000
-0.021587511588897	0.000000000000000
-0.021548021692637	0.000000000000000
-0.021509189232118	0.000000000000000
-0.021471020170862	0.000000000000000
-0.021433520497474	0.000000000000000
-0.021396696193345	0.000000000000000
-0.021360553252595	0.000000000000000
-0.021325097703150	0.000000000000000
-0.021290335554752	0.000000000000000
-0.021256272843729	0.000000000000000
-0.021222915616750	0.000000000000000
-0.021190269931012	0.000000000000000
-0.021158341844913	0.000000000000000
-0.021127137427544	0.000000000000000
-0.021096662765584	0.000000000000000
-0.021066923934022	0.000000000000000
-0.021037927048092	0.000000000000000
-0.021009678202408	0.000000000000000
-0.020982183502606	0.000000000000000
-0.020955449079463	0.000000000000000
-0.020929481044669	0.000000000000000
-0.020904285541156	0.000000000000000
-0.020879868701242	0.000000000000000
-0.020856236667098	0.000000000000000
-0.020833395596699	0.000000000000000
-0.020811351641996	0.000000000000000
-0.020790110968772	0.000000000000000
-0.020769679742431	0.000000000000000
-0.020750064138489	0.000000000000000
-0.020731270343021	0.000000000000000
-0.020713304539089	0.000000000000000
-0.020696172921790	0.000000000000000
-0.020679881690536	0.000000000000000
-0.020664437050959	0.000000000000000
-0.020649845224324	0.000000000000000
-0.020636112427528	0.000000000000000
-0.020623244890234	0.000000000000000
-0.020611248847790	0.000000000000000
-0.020600130554470	0.000000000000000
-0.020589896262267	0.000000000000000
-0.020580552227431	0.000000000000000
-0.020572104737874	0.000000000000000
-0.020564560078291	0.000000000000000
-0.020557924543305	0.000000000000000
-0.020552204444853	0.000000000000000
-0.020547406107982	0.000000000000000
-0.020543535874354	0.000000000000000
-0.020540600093369	0.000000000000000
-0.020538605139708	0.000000000000000
-0.020537557399196	0.000000000000000
-0.020537463274055	0.000000000000000
-0.020538329197428	0.000000000000000
-0.020540161615960	0.000000000000000
-0.020542967000134	0.000000000000000
-0.020546751835216	0.000000000000000
-0.020551522647681	0.000000000000000
-0.020557285980569	0.000000000000000
-0.020564048407948	0.000000000000000
-0.020571816542087	0.000000000000000
-0.020580597006932	0.000000000000000
-0.020590396479298	0.000000000000000
-0.020601221668083	0.000000000000000
-0.020613079308263	0.000000000000000
-0.020625976190568	0.000000000000000
-0.020639919137000	0.000000000000000
-0.020654915016279	0.000000000000000
-0.020670970746596	0.000000000000000
-0.020688093285562	0.000000000000000
-0.020706289658770	0.000000000000000
-0.020725566921877	0.000000000000000
-0.020745932206323	0.000000000000000
-0.020767392700867	0.000000000000000
-0.020789955642788	0.000000000000000
-0.020813628340306	0.000000000000000
-0.020838418170896	0.000000000000000
-0.020864332583120	0.000000000000000
-0.020891379097373	0.000000000000000
-0.020919565306312	0.000000000000000
-0.020948898875937	0.000000000000000
-0.020979387577809	0.000000000000000
-0.021011039248472	0.000000000000000
-0.021043861815179	0.000000000000000
-0.021077863311364	0.000000000000000
-0.021113051857518	0.000000000000000
-0.021149435666362	0.000000000000000
-0.021187023067396	0.000000000000000
-0.021225822493533	0.000000000000000
-0.021265842484380	0.000000000000000
-0.021307091709405	0.000000000000000
-0.021349578934616	0.000000000000000
-0.021393313063078	0.000000000000000
-0.021438303131759	0.000000000000000
-0.021484558294520	0.000000000000000
-0.021532087849053	0.000000000000000
-0.021580901233543	0.000000000000000
-0.021631008029241	0.000000000000000
-0.021682417972192	0.000000000000000
-0.021735140953167	0.000000000000000
-0.021789187006997	0.000000000000000
-0.021844566356516	0.000000000000000
-0.021901289376332	0.000000000000000
-0.021959366612872	0.000000000000000
-0.022018808819155	0.000000000000000
-0.022079626890313	0.000000000000000
-0.022141831943551	0.000000000000000
-0.022205435296432	0.000000000000000
-0.022270448426701	0.000000000000000
-0.022336883063049	0.000000000000000
-0.022404751127725	0.000000000000000
-0.022474064744023	0.000000000000000
-0.022544836296224	0.000000000000000
-0.022617078377965	0.000000000000000
-0.022690803809336	0.000000000000000
-0.022766025667557	0.000000000000000
-0.022842757279834	0.000000000000000
-0.022921012217238	0.000000000000000
-0.023000804321484	0.000000000000000
-0.023082147705762	0.000000000000000
-0.023165056748242	0.000000000000000
-0.023249546117749	0.000000000000000
-0.023335630769491	0.000000000000000
-0.023423325952743	0.000000000000000
-0.023512647230845	0.000000000000000
-0.023603610478883	0.000000000000000
-0.023696231878774	0.000000000000000
-0.023790527942676	0.000000000000000
-0.023886515527060	0.000000000000000
-0.023984211837513	0.000000000000000
-0.024083634413912	0.000000000000000
-0.024184801164469	0.000000000000000
-0.024287730369003	0.000000000000000
-0.024392440684910	0.000000000000000
-0.024498951158503	0.000000000000000
-0.024607281231676	0.000000000000000
-0.024717450751086	0.000000000000000
-0.024829479970682	0.000000000000000
-0.024943389589043	0.000000000000000
-0.025059200726996	0.000000000000000
-0.025176934955636	0.000000000000000
-0.025296614301834	0.000000000000000
-0.025418261259394	0.000000000000000
-0.025541898801566	0.000000000000000
-0.025667550390252	0.000000000000000
-0.025795239996154	0.000000000000000
-0.025924992093309	0.000000000000000
-0.026056831685685	0.000000000000000
-0.026190784311504	0.000000000000000
-0.026326876071018	0.000000000000000
-0.026465133616136	0.000000000000000
-0.026605584175323	0.000000000000000
-0.026748255582257	0.000000000000000
-0.026893176261664	0.000000000000000
-0.027040375265197	0.000000000000000
-0.027189882269166	0.000000000000000
-0.027341727613693	0.000000000000000
-0.027495942299465	0.000000000000000
-0.027652557991129	0.000000000000000
-0.027811607073960	0.000000000000000
-0.027973122637676	0.000000000000000
-0.028137138500260	0.000000000000000
-0.028303689235055	0.000000000000000
-0.028472810178405	0.000000000000000
-0.028644537456396	0.000000000000000
-0.028818907996381	0.000000000000000
-0.028995959557755	0.000000000000000
-0.029175730735597	0.000000000000000
-0.029358260992821	0.000000000000000
-0.029543590689717	0.000000000000000
-0.029731761091432	0.000000000000000
-0.029922814393052	0.000000000000000
-0.030116793748911	0.000000000000000
-0.030313743287421	0.000000000000000
-0.030513708145230	0.000000000000000
-0.030716734495535	0.000000000000000
-0.030922869564445	0.000000000000000
-0.031132161650477	0.000000000000000
-0.031344660177084	0.000000000000000
-0.031560415705325	0.000000000000000
-0.031779479952266	0.000000000000000
-0.032001905856877	0.000000000000000
-0.032227747568425	0.000000000000000
-0.032457060523057	0.000000000000000
-0.032689901415075	0.000000000000000
-0.032926328297938	0.000000000000000
-0.033166400599811	0.000000000000000
-0.033410179113723	0.000000000000000
-0.033657726108282	0.000000000000000
-0.033909105318419	0.000000000000000
-0.034164381983785	0.000000000000000
-0.034423622908945	0.000000000000000
-0.034686896525987	0.000000000000000
-0.034954272883293	0.000000000000000
-0.035225823716183	0.000000000000000
-0.035501622529950	0.000000000000000
-0.035781744581821	0.000000000000000
-0.036066266976737	0.000000000000000
-0.036355268719178	0.000000000000000
-0.036648830738989	0.000000000000000
-0.036947035957954	0.000000000000000
-0.037249969364281	0.000000000000000
-0.037557718037816	0.000000000000000
-0.037870371244439	0.000000000000000
-0.038188020494076	0.000000000000000
-0.038510759555251	0.000000000000000
-0.038838684584621	0.000000000000000
-0.039171894190447	0.000000000000000
-0.039510489470133	0.000000000000000
-0.039854574085459	0.000000000000000
-0.040204254372529	0.000000000000000
-0.040559639417377	0.000000000000000
-0.040920841094261	0.000000000000000
-0.041287974188768	0.000000000000000
-0.041661156499299	0.000000000000000
-0.042040508868055	0.000000000000000
-0.042426155353795	0.000000000000000
-0.042818223271329	0.000000000000000
-0.043216843288172	0.000000000000000
-0.043622149591915	0.000000000000000
-0.044034279952196	0.000000000000000
-0.044453375809853	0.000000000000000
-0.044879582451569	0.000000000000000
-0.045313049106127	0.000000000000000
-0.045753929061951	0.000000000000000
-0.046202379805455	0.000000000000000
-0.046658563136733	0.000000000000000
-0.047122645363073	0.000000000000000
-0.047594797393578	0.000000000000000
-0.048075194885792	0.000000000000000
-0.048564018467050	0.000000000000000
-0.049061453829242	0.000000000000000
-0.049567691917911	0.000000000000000
-0.050082929133847	0.000000000000000
-0.050607367483953	0.000000000000000
-0.051141214793883	0.000000000000000
-0.051684684895091	0.000000000000000
-0.052237997816170	0.000000000000000
-0.052801380033076	0.000000000000000
-0.053375064677460	0.000000000000000
-0.053959291731990	0.000000000000000
-0.054554308321001	0.000000000000000
-0.055160368945022	0.000000000000000
-0.055777735729824	0.000000000000000
-0.056406678707965	0.000000000000000
-0.057047476104622	0.000000000000000
-0.057700414625203	0.000000000000000
-0.058365789773441	0.000000000000000
-0.059043906146085	0.000000000000000
-0.059735077810286	0.000000000000000
-0.060439628608829	0.000000000000000
-0.061157892532356	0.000000000000000
-0.061890214134717	0.000000000000000
-0.062636948875678	0.000000000000000
-0.063398463572386	0.000000000000000
-0.064175136807310	0.000000000000000
-0.064967359369299	0.000000000000000
-0.065775534775318	0.000000000000000
-0.066600079691461	0.000000000000000
-0.067441424482700	0.000000000000000
-0.068300013769671	0.000000000000000
-0.069176306933860	0.000000000000000
-0.070070778741977	0.000000000000000
-0.070983919929374	0.000000000000000
-0.071916237897491	0.000000000000000
-0.072868257315514	0.000000000000000
-0.073840520853884	0.000000000000000
-0.074833589937713	0.000000000000000
-0.075848045466511	0.000000000000000
-0.076884488667916	0.000000000000000
-0.077943541914185	0.000000000000000
-0.079025849634581	0.000000000000000
-0.080132079201679	0.000000000000000
-0.081262921939634	0.000000000000000
-0.082419094153066	0.000000000000000
-0.083601338149072	0.000000000000000
-0.084810423416384	0.000000000000000
-0.086047147778398	0.000000000000000
-0.087312338632528	0.000000000000000
-0.088606854285492	0.000000000000000
-0.089931585272473	0.000000000000000
-0.091287455829967	0.000000000000000
-0.092675425405081	0.000000000000000
-0.094096490250489	0.000000000000000
-0.095551685104033	0.000000000000000
-0.097042084913874	0.000000000000000
-0.098568806752874	0.000000000000000
-0.100133011754074	0.000000000000000
-0.101735907141079	0.000000000000000
-0.103378748437051	0.000000000000000
-0.105062841739157	0.000000000000000
-0.106789546149441	0.000000000000000
-0.108560276285193	0.000000000000000
-0.110376504965870	0.000000000000000
-0.112239766134137	0.000000000000000
-0.114151657758080	0.000000000000000
-0.116113844989362	0.000000000000000
-0.118128063558896	0.000000000000000
-0.120196123350203	0.000000000000000
-0.122319912001225	0.000000000000000
-0.124501398957106	0.000000000000000
-0.126742639654331	0.000000000000000
-0.129045779866020	0.000000000000000
-0.131413060463844	0.000000000000000
-0.133846822380433	0.000000000000000
-0.136349511811240	0.000000000000000
-0.138923685779990	0.000000000000000
-0.141572018141072	0.000000000000000
-0.144297305763871	0.000000000000000
-0.147102475193578	0.000000000000000
-0.149990589683921	0.000000000000000
-0.152964856744101	0.000000000000000
-0.156028636054457	0.000000000000000
-0.159185447878603	0.000000000000000
-0.162438982092390	0.000000000000000
-0.165793107711645	0.000000000000000
-0.169251883021588	0.000000000000000
-0.172819566331127	0.000000000000000
-0.176500627522223	0.000000000000000
-0.180299760219784	0.000000000000000
-0.184221894783825	0.000000000000000
-0.188272212152823	0.000000000000000
-0.192456158585381	0.000000000000000
-0.196779461351380	0.000000000000000
-0.201248145503903	0.000000000000000
-0.205868551593129	0.000000000000000
-0.210647354723071	0.000000000000000
-0.215591584840598	0.000000000000000
-0.220708648176394	0.000000000000000
-0.226006350354325	0.000000000000000
-0.231492920919762	0.000000000000000
-0.237177039342885	0.000000000000000
-0.243067862985314	0.000000000000000
-0.249175056853309	0.000000000000000
-0.255508825018810	0.000000000000000
-0.262079944541067	0.000000000000000
-0.268899801345470	0.000000000000000
-0.275980428261222	0.000000000000000
-0.283334545918271	0.000000000000000
-0.290975605920015	0.000000000000000
-0.298917836688161	0.000000000000000
-0.307176292416405	0.000000000000000
-0.315766904768533	0.000000000000000
-0.324706537657500	0.000000000000000
-0.334013045275870	0.000000000000000
-0.343705333280146	0.000000000000000
-0.353803423273624	0.000000000000000
-0.364328520725682	0.000000000000000
-0.375303085991994	0.000000000000000
-0.386750908422642	0.000000000000000
-0.398697183853353	0.000000000000000
-0.411168594527462	0.000000000000000
-0.424193391324544	0.000000000000000
-0.437801477997194	0.000000000000000
-0.452024496482935	0.000000000000000
-0.466895912303882	0.000000000000000
-0.482451098800848	0.000000000000000
-0.498727419040179	0.000000000000000
-0.515764302989167	0.000000000000000
-0.533603317620746	0.000000000000000
-0.552288227043162	0.000000000000000
-0.571865039027958	0.000000000000000
-0.592382033030564	0.000000000000000
-0.613889764249759	0.000000000000000
-0.636441037482440	0.000000000000000
-0.660090841832123	0.000000000000000
-0.684896237471566	0.000000000000000
-0.710916182346491	0.000000000000000
-0.738211285395149	0.000000000000000
-0.766843470723727	0.000000000000000
-0.796875533221830	0.000000000000000
-0.828370565079885	0.000000000000000
-0.861391228272430	0.000000000000000
-0.895998844632472	0.000000000000000
-0.932252273648793	0.000000000000000
-0.970206543533180	0.000000000000000
-1.009911198730400	0.000000000000000
-1.051408327629674	0.000000000000000
-1.094730231812136	0.000000000000000
-1.139896702347628	0.000000000000000
-1.186911874394537	0.000000000000000
-1.235760640563816	0.000000000000000
-1.286404620507163	0.000000000000000
-1.338777706214924	0.000000000000000
-1.392781235850522	0.000000000000000
-1.448278889048092	0.000000000000000
-1.505091448565606	0.000000000000000
-1.562991638682467	0.000000000000000
-1.621699318453657	0.000000000000000
-1.680877387344566	0.000000000000000
-1.740128835665369	0.000000000000000
-1.798995436176727	0.000000000000000
-1.856958615981163	0.000000000000000
-1.913443049673314	0.000000000000000
-1.967823463848874	0.000000000000000
-2.019435020527371	0.000000000000000
-2.067587447128435	0.000000000000000
-2.111582799785007	0.000000000000000
-2.150736400679644	0.000000000000000
-2.184400110635605	0.000000000000000
-2.211986723627425	0.000000000000000
-2.232993968012855	0.000000000000000
-2.247026418425880	0.000000000000000
-2.253813616755187	0.000000000000000
-2.253222900496313	0.000000000000000
-2.245265821079508	0.000000000000000
-2.230097581927218	0.000000000000000
-2.208009545911675	0.000000000000000
-2.179415477502725	0.000000000000000
-2.144832710021513	0.000000000000000
-2.104859785349605	0.000000000000000
-2.060152279229146	0.000000000000000
-2.011398490820190	0.000000000000000
-1.959296469734284	0.000000000000000
-1.904533537383871	0.000000000000000
-1.847769081590199	0.000000000000000
-1.789621023173463	0.000000000000000
-1.730656019736822	0.000000000000000
-1.671383201106101	0.000000000000000
-1.612251044238673	0.000000000000000
-1.553646885110821	0.000000000000000
-1.495898523542004	0.000000000000000
-1.439277387378544	0.000000000000000
-1.384002766635151	0.000000000000000
-1.330246698899151	0.000000000000000
-1.278139160115451	0.000000000000000
-1.227773293412611	0.000000000000000
-1.179210478149945	0.000000000000000
-1.132485101914172	0.000000000000000
-1.087608950117432	0.000000000000000
-1.044575166399650	0.000000000000000
-1.003361768429018	0.000000000000000
-0.963934724565790	0.000000000000000
-0.926250612860523	0.000000000000000
-0.890258892135754	0.000000000000000
-0.855903821249396	0.000000000000000
-0.823126063477981	0.000000000000000
-0.791864013974514	0.000000000000000
-0.762054886202131	0.000000000000000
-0.733635590513201	0.000000000000000
-0.706543435464173	0.000000000000000
-0.680716679273553	0.000000000000000
-0.656094955506383	0.000000000000000
-0.632619593483204	0.000000000000000
-0.610233852481874	0.000000000000000
-0.588883084527377	0.000000000000000
-0.568514839345312	0.000000000000000
-0.549078922690530	0.000000000000000
-0.530527417365247	0.000000000000000
-0.512814674830284	0.000000000000000
-0.495897283848896	0.000000000000000
-0.479734021502696	0.000000000000000
-0.464285791478916	0.000000000000000
-0.449515552405622	0.000000000000000
-0.435388239692237	0.000000000000000
-0.421870683490244	0.000000000000000
-0.408931523893573	0.000000000000000
-0.396541125548180	0.000000000000000
-0.384671492447813	0.000000000000000
-0.373296184067682	0.000000000000000
-0.362390233391862	0.000000000000000
-0.351930067212867	0.000000000000000
-0.341893429449301	0.000000000000000
-0.332259307455125	0.000000000000000
-0.323007861181692	0.000000000000000
-0.314120356190633	0.000000000000000
-0.305579099588008	0.000000000000000
-0.297367379168115	0.000000000000000
-0.289469406161942	0.000000000000000
-0.281870260804200	0.000000000000000
-0.274555840978457	0.000000000000000
-0.267512814101069	0.000000000000000
-0.260728571448384	0.000000000000000
-0.254191185272573	0.000000000000000
-0.247889368732306	0.000000000000000
-0.241812437840422	0.000000000000000
-0.235950276044065	0.000000000000000
-0.230293300807585	0.000000000000000
-0.224832432315171	0.000000000000000
-0.219559064050067	0.000000000000000
-0.214465035182805	0.000000000000000
-0.209542604851354	0.000000000000000
-0.204784427707590	0.000000000000000
-0.200183531234004	0.000000000000000
-0.195733294408203	0.000000000000000
-0.191427427658007	0.000000000000000
-0.187259954029392	0.000000000000000
-0.183225191558878	0.000000000000000
-0.179317736778234	0.000000000000000
-0.175532449048385	0.000000000000000
-0.171864436107471	0.000000000000000
-0.168309040327679	0.000000000000000
-0.164861825756433	0.000000000000000
-0.161518566127980	0.000000000000000
-0.158275233513666	0.000000000000000
-0.155127987513888	0.000000000000000
-0.152073165348889	0.000000000000000
-0.149107272371875	0.000000000000000
-0.146226973119610	0.000000000000000
-0.143429083063484	0.000000000000000
-0.140710560589311	0.000000000000000
-0.138068499690775	0.000000000000000
-0.135500123006203	0.000000000000000
-0.133002775109763	0.000000000000000
-0.130573916378613	0.000000000000000
-0.128211117186845	0.000000000000000
-0.125912052310594	0.000000000000000
-0.123674495732669	0.000000000000000
-0.121496315752496	0.000000000000000
-0.119375470343675	0.000000000000000
-0.117310002725861	0.000000000000000
-0.115298037267005	0.000000000000000
-0.113337775557418	0.000000000000000
-0.111427492683677	0.000000000000000
-0.109565533751146	0.000000000000000
-0.107750310563583	0.000000000000000
-0.105980298506401	0.000000000000000
-0.104254033507490	0.000000000000000
-0.102570109293585	0.000000000000000
-0.100927174747837	0.000000000000000
-0.099323931290284	0.000000000000000
-0.097759130561443	0.000000000000000
-0.096231572126036	0.000000000000000
-0.094740101304447	0.000000000000000
-0.093283607183736	0.000000000000000
-0.091861020603788	0.000000000000000
-0.090471312360967	0.000000000000000
-0.089113491462148	0.000000000000000
-0.087786603441601	0.000000000000000
-0.086489728770525	0.000000000000000
-0.085221981410226	0.000000000000000
-0.083982507331205	0.000000000000000
-0.082770483141308	0.000000000000000
-0.081585114855467	0.000000000000000
-0.080425636609523	0.000000000000000
-0.079291309525985	0.000000000000000
-0.078181420574465	0.000000000000000
-0.077095281478799	0.000000000000000
-0.076032227798671	0.000000000000000
-0.074991617862084	0.000000000000000
-0.073972831865830	0.000000000000000
-0.072975271074763	0.000000000000000
-0.071998356883212	0.000000000000000
-0.071041530040194	0.000000000000000
-0.070104249949969	0.000000000000000
-0.069185993853081	0.000000000000000
-0.068286256165402	0.000000000000000
-0.067404547864053	0.000000000000000
-0.066540395742034	0.000000000000000
-0.065693341907199	0.000000000000000
-0.064862943147900	0.000000000000000
-0.064048770357852	0.000000000000000
-0.063250408076220	0.000000000000000
-0.062467453893646	0.000000000000000
-0.061699518022426	0.000000000000000
-0.060946222831762	0.000000000000000
-0.060207202343473	0.000000000000000
-0.059482101871022	0.000000000000000
-0.058770577595788	0.000000000000000
-0.058072296113794	0.000000000000000
-0.057386934146466	0.000000000000000
-0.056714178146871	0.000000000000000
-0.056053723919521	0.000000000000000
-0.055405276327410	0.000000000000000
-0.054768548961239	0.000000000000000
-0.054143263852339	0.000000000000000
-0.053529151139183	0.000000000000000
-0.052925948824212	0.000000000000000
-0.052333402488905	0.000000000000000
-0.051751265028745	0.000000000000000
-0.051179296418586	0.000000000000000
-0.050617263442746	0.000000000000000
-0.050064939518060	0.000000000000000
-0.049522104430473	0.000000000000000
-0.048988544112498	0.000000000000000
-0.048464050476604	0.000000000000000
-0.047948421206820	0.000000000000000
-0.047441459552186	0.000000000000000
-0.046942974162746	0.000000000000000
-0.046452778907382	0.000000000000000
-0.045970692687407	0.000000000000000
-0.045496539319939	0.000000000000000
-0.045030147349390	0.000000000000000
-0.044571349872464	0.000000000000000
-0.044119984450019	0.000000000000000
-0.043675892938669	0.000000000000000
-0.043238921337103	0.000000000000000
-0.042808919692125	0.000000000000000
-0.042385741949155	0.000000000000000
-0.041969245842720	0.000000000000000
-0.041559292779453	0.000000000000000
-0.041155747704648	0.000000000000000
-0.040758479035961	0.000000000000000
-0.040367358523039	0.000000000000000
-0.039982261157457	0.000000000000000
-0.039603065085919	0.000000000000000
-0.039229651490357	0.000000000000000
-0.038861904528323	0.000000000000000
-0.038499711223546	0.000000000000000
-0.038142961395053	0.000000000000000
-0.037791547561434	0.000000000000000
-0.037445364876793	0.000000000000000
-0.037104311039301	0.000000000000000
-0.036768286227222	0.000000000000000
-0.036437193032244	0.000000000000000
-0.036110936368432	0.000000000000000
-0.035789423438540	0.000000000000000
-0.035472563643852	0.000000000000000
-0.035160268527578	0.000000000000000
-0.034852451724525	0.000000000000000
-0.034549028886093	0.000000000000000
-0.034249917630107	0.000000000000000
-0.033955037502537	0.000000000000000
-0.033664309911297	0.000000000000000
-0.033377658049678	0.000000000000000
-0.033095006899687	0.000000000000000
-0.032816283155831	0.000000000000000
-0.032541415145939	0.000000000000000
-0.032270332851140	0.000000000000000
-0.032002967832875	0.000000000000000
-0.031739253160925	0.000000000000000
-0.031479123417358	0.000000000000000
-0.031222514641342	0.000000000000000
-0.030969364281055	0.000000000000000
-0.030719611168420	0.000000000000000
-0.030473195456458	0.000000000000000
-0.030230058649892	0.000000000000000
-0.029990143497145	0.000000000000000
-0.029753393974086	0.000000000000000
-0.029519755299345	0.000000000000000
-0.029289173848088	0.000000000000000
-0.029061597150644	0.000000000000000
-0.028836973846629	0.000000000000000
-0.028615253675032	0.000000000000000
-0.028396387435099	0.000000000000000
-0.028180326964137	0.000000000000000
-0.027967025097315	0.000000000000000
-0.027756435666319	0.000000000000000
-0.027548513461161	0.000000000000000
-0.027343214197154	0.000000000000000
-0.027140494525467	0.000000000000000
-0.026940311963073	0.000000000000000
-0.026742624911046	0.000000000000000
-0.026547392613561	0.000000000000000
-0.026354575143345	0.000000000000000
-0.026164133374013	0.000000000000000
-0.025976028982301	0.000000000000000
-0.025790224401827	0.000000000000000
-0.025606682804527	0.000000000000000
-0.025425368126763	0.000000000000000
-0.025246244995944	0.000000000000000
-0.025069278743099	0.000000000000000
-0.024894435384396	0.000000000000000
-0.024721681599283	0.000000000000000
-0.024550984710302	0.000000000000000
-0.024382312702959	0.000000000000000
-0.024215634151780	0.000000000000000
-0.024050918238484	0.000000000000000
-0.023888134765591	0.000000000000000
-0.023727254095808	0.000000000000000
-0.023568247144510	0.000000000000000
-0.023411085399586	0.000000000000000
-0.023255740894644	0.000000000000000
-0.023102186162242	0.000000000000000
-0.022950394271766	0.000000000000000
-0.022800338801677	0.000000000000000
-0.022651993807747	0.000000000000000
-0.022505333839226	0.000000000000000
-0.022360333910250	0.000000000000000
-0.022216969502064	0.000000000000000
-0.022075216541326	0.000000000000000
-0.021935051395542	0.000000000000000
-0.021796450874575	0.000000000000000
-0.021659392195087	0.000000000000000
-0.021523852997860	0.000000000000000
-0.021389811318151	0.000000000000000
-0.021257245593825	0.000000000000000
-0.021126134648412	0.000000000000000
-0.020996457683263	0.000000000000000
-0.020868194270728	0.000000000000000
-0.020741324340540	0.000000000000000
-0.020615828185096	0.000000000000000
-0.020491686436483	0.000000000000000
-0.020368880072220	0.000000000000000
-0.020247390408003	0.000000000000000
-0.020127199070827	0.000000000000000
-0.020008288013646	0.000000000000000
-0.019890639512715	0.000000000000000
-0.019774236135030	0.000000000000000
-0.019659060745772	0.000000000000000
-0.019545096525451	0.000000000000000
-0.019432326924551	0.000000000000000
-0.019320735666071	0.000000000000000
-0.019210306778805	0.000000000000000
-0.019101024541735	0.000000000000000
-0.018992873490170	0.000000000000000
-0.018885838444332	0.000000000000000
-0.018779904460329	0.000000000000000
-0.018675056845288	0.000000000000000
-0.018571281158869	0.000000000000000
-0.018468563196301	0.000000000000000
-0.018366888985217	0.000000000000000
-0.018266244783058	0.000000000000000
-0.018166617078935	0.000000000000000
-0.018067992575144	0.000000000000000
-0.017970358198037	0.000000000000000
-0.017873701083870	0.000000000000000
-0.017778008574245	0.000000000000000
-0.017683268219678	0.000000000000000
-0.017589467766413	0.000000000000000
-0.017496595160062	0.000000000000000
-0.017404638546557	0.000000000000000
-0.017313586249574	0.000000000000000
-0.017223426782296	0.000000000000000
-0.017134148839841	0.000000000000000
-0.017045741294366	0.000000000000000
-0.016958193203439	0.000000000000000
-0.016871493782918	0.000000000000000
-0.016785632416585	0.000000000000000
-0.016700598673107	0.000000000000000
-0.016616382264143	0.000000000000000
-0.016532973064403	0.000000000000000
-0.016450361111761	0.000000000000000
-0.016368536597259	0.000000000000000
-0.016287489855230	0.000000000000000
-0.016207211361692	0.000000000000000
-0.016127691768756	0.000000000000000
-0.016048921839874	0.000000000000000
-0.015970892488100	0.000000000000000
-0.015893594769130	0.000000000000000
-0.015817019863377	0.000000000000000
-0.015741159100148	0.000000000000000
-0.015666003923328	0.000000000000000
-0.015591545912130	0.000000000000000
-0.015517776760645	0.000000000000000
-0.015444688302402	0.000000000000000
-0.015372272492254	0.000000000000000
-0.015300521385316	0.000000000000000
-0.015229427165672	0.000000000000000
-0.015158982136221	0.000000000000000
-0.015089178707847	0.000000000000000
-0.015020009393642	0.000000000000000
-0.014951466827286	0.000000000000000
-0.014883543756868	0.000000000000000
-0.014816233010852	0.000000000000000
-0.014749527536647	0.000000000000000
-0.014683420392312	0.000000000000000
-0.014617904713811	0.000000000000000
-0.014552973748509	0.000000000000000
-0.014488620835729	0.000000000000000
-0.014424839417056	0.000000000000000
-0.014361623020391	0.000000000000000
-0.014298965265513	0.000000000000000
-0.014236859855661	0.000000000000000
-0.014175300595855	0.000000000000000
-0.014114281378030	0.000000000000000
-0.014053796161407	0.000000000000000
-0.013993839007946	0.000000000000000
-0.013934404056437	0.000000000000000
-0.013875485523124	0.000000000000000
-0.013817077708656	0.000000000000000
-0.013759174987968	0.000000000000000
-0.013701771815940	0.000000000000000
-0.013644862730555	0.000000000000000
-0.013588442329604	0.000000000000000
-0.013532505294018	0.000000000000000
-0.013477046379388	0.000000000000000
-0.013422060401448	0.000000000000000
-0.013367542258469	0.000000000000000
-0.013313486908261	0.000000000000000
-0.013259889377238	0.000000000000000
-0.013206744771253	0.000000000000000
-0.013154048241947	0.000000000000000
-0.013101795019330	0.000000000000000
-0.013049980393127	0.000000000000000
-0.012998599710013	0.000000000000000
-0.012947648388764	0.000000000000000
-0.012897121901466	0.000000000000000
-0.012847015777398	0.000000000000000
-0.012797325610794	0.000000000000000
-0.012748047054402	0.000000000000000
-0.012699175809999	0.000000000000000
-0.012650707639592	0.000000000000000
-0.012602638360087	0.000000000000000
-0.012554963842217	0.000000000000000
-0.012507680010661	0.000000000000000
-0.012460782845007	0.000000000000000
-0.012414268368770	0.000000000000000
-0.012368132661832	0.000000000000000
-0.012322371857122	0.000000000000000
-0.012276982127395	0.000000000000000
-0.012231959699284	0.000000000000000
-0.012187300854779	0.000000000000000
-0.012143001906083	0.000000000000000
-0.012099059226315	0.000000000000000
-0.012055469230563	0.000000000000000
-0.012012228371735	0.000000000000000
-0.011969333158122	0.000000000000000
-0.011926780129038	0.000000000000000
-0.011884565878242	0.000000000000000
-0.011842687038545	0.000000000000000
-0.011801140279931	0.000000000000000
-0.011759922316877	0.000000000000000
-0.011719029899638	0.000000000000000
-0.011678459830387	0.000000000000000
-0.011638208939604	0.000000000000000
-0.011598274091332	0.000000000000000
-0.011558652205074	0.000000000000000
-0.011519340227204	0.000000000000000
-0.011480335136015	0.000000000000000
-0.011441633956971	0.000000000000000
-0.011403233749746	0.000000000000000
-0.011365131596652	0.000000000000000
-0.011327324626440	0.000000000000000
-0.011289810009456	0.000000000000000
-0.011252584930180	0.000000000000000
-0.011215646620702	0.000000000000000
-0.011178992341508	0.000000000000000
-0.011142619385980	0.000000000000000
-0.011106525080217	0.000000000000000
-0.011070706774671	0.000000000000000
-0.011035161860942	0.000000000000000
-0.010999887759009	0.000000000000000
-0.010964881916690	0.000000000000000
-0.010930141807839	0.000000000000000
-0.010895664941834	0.000000000000000
-0.010861448854182	0.000000000000000
-0.010827491104966	0.000000000000000
-0.010793789294120	0.000000000000000
-0.010760341037964	0.000000000000000
-0.010727143978050	0.000000000000000
-0.010694195795838	0.000000000000000
-0.010661494187817	0.000000000000000
-0.010629036879998	0.000000000000000
-0.010596821625095	0.000000000000000
-0.010564846202230	0.000000000000000
-0.010533108413055	0.000000000000000
-0.010501606078938	0.000000000000000
-0.010470337061332	0.000000000000000
-0.010439299230062	0.000000000000000
-0.010408490480315	0.000000000000000
-0.010377908742017	0.000000000000000
-0.010347551957022	0.000000000000000
-0.010317418091451	0.000000000000000
-0.010287505139812	0.000000000000000
-0.010257811112591	0.000000000000000
-0.010228334041048	0.000000000000000
-0.010199071987153	0.000000000000000
-0.010170023021885	0.000000000000000
-0.010141185245498	0.000000000000000
-0.010112556777817	0.000000000000000
-0.010084135756703	0.000000000000000
-0.010055920338108	0.000000000000000
-0.010027908703101	0.000000000000000
-0.010000099052455	0.000000000000000
-0.009972489596055	0.000000000000000
-0.009945078578028	0.000000000000000
-0.009917864248650	0.000000000000000
-0.009890844880332	0.000000000000000
-0.009864018770894	0.000000000000000
-0.009837384224867	0.000000000000000
-0.009810939570467	0.000000000000000
-0.009784683153726	0.000000000000000
-0.009758613337853	0.000000000000000
-0.009732728499301	0.000000000000000
-0.009707027035929	0.000000000000000
-0.009681507363653	0.000000000000000
-0.009656167907867	0.000000000000000
-0.009631007111853	0.000000000000000
-0.009606023439586	0.000000000000000
-0.009581215369962	0.000000000000000
-0.009556581395483	0.000000000000000
-0.009532120022747	0.000000000000000
-0.009507829771719	0.000000000000000
-0.009483709184289	0.000000000000000
-0.009459756813743	0.000000000000000
-0.009435971224981	0.000000000000000
-0.009412350997462	0.000000000000000
-0.009388894735908	0.000000000000000
-0.009365601044116	0.000000000000000
-0.009342468542826	0.000000000000000
-0.009319495876595	0.000000000000000
-0.009296681687642	0.000000000000000
-0.009274024647344	0.000000000000000
-0.009251523434888	0.000000000000000
-0.009229176730022	0.000000000000000
-0.009206983241849	0.000000000000000
-0.009184941689183	0.000000000000000
-0.009163050792942	0.000000000000000
-0.009141309299156	0.000000000000000
-0.009119715957291	0.000000000000000
-0.009098269532596	0.000000000000000
-0.009076968799119	0.000000000000000
-0.009055812550295	0.000000000000000
-0.009034799581199	0.000000000000000
-0.009013928700612	0.000000000000000
-0.008993198736593	0.000000000000000
-0.008972608515932	0.000000000000000
-0.008952156888975	0.000000000000000
-0.008931842706897	0.000000000000000
-0.008911664834481	0.000000000000000
-0.008891622149674	0.000000000000000
-0.008871713540481	0.000000000000000
-0.008851937902243	0.000000000000000
-0.008832294139809	0.000000000000000
-0.008812781170499	0.000000000000000
-0.008793397923720	0.000000000000000
-0.008774143336654	0.000000000000000
-0.008755016355640	0.000000000000000
-0.008736015932456	0.000000000000000
-0.008717141034194	0.000000000000000
-0.008698390637075	0.000000000000000
-0.008679763723618	0.000000000000000
-0.008661259287385	0.000000000000000
-0.008642876328918	0.000000000000000
-0.008624613859983	0.000000000000000
-0.008606470898080	0.000000000000000
-0.008588446473156	0.000000000000000
-0.008570539619471	0.000000000000000
-0.008552749384643	0.000000000000000
-0.008535074821726	0.000000000000000
-0.008517514986751	0.000000000000000
-0.008500068953540	0.000000000000000
-0.008482735801045	0.000000000000000
-0.008465514610024	0.000000000000000
-0.008448404476318	0.000000000000000
-0.008431404501384	0.000000000000000
-0.008414513792230	0.000000000000000
-0.008397731462567	0.000000000000000
-0.008381056638407	0.000000000000000
-0.008364488454197	0.000000000000000
-0.008348026039149	0.000000000000000
-0.008331668540594	0.000000000000000
-0.008315415116926	0.000000000000000
-0.008299264922364	0.000000000000000
-0.008283217121466	0.000000000000000
-0.008267270889679	0.000000000000000
-0.008251425405333	0.000000000000000
-0.008235679854783	0.000000000000000
-0.008220033429456	0.000000000000000
-0.008204485327024	0.000000000000000
-0.008189034757728	0.000000000000000
-0.008173680931152	0.000000000000000
-0.008158423065553	0.000000000000000
-0.008143260380697	0.000000000000000
-0.008128192110171	0.000000000000000
-0.008113217494423	0.000000000000000
-0.008098335769131	0.000000000000000
-0.008083546183214	0.000000000000000
-0.008068847992569	0.000000000000000
-0.008054240455861	0.000000000000000
-0.008039722836730	0.000000000000000
-0.008025294409316	0.000000000000000
-0.008010954446352	0.000000000000000
-0.007996702231249	0.000000000000000
-0.007982537049459	0.000000000000000
-0.007968458194431	0.000000000000000
-0.007954464965659	0.000000000000000
-0.007940556657973	0.000000000000000
-0.007926732588560	0.000000000000000
-0.007912992068087	0.000000000000000
-0.007899334408361	0.000000000000000
-0.007885758936162	0.000000000000000
-0.007872264982089	0.000000000000000
-0.007858851876043	0.000000000000000
-0.007845518951786	0.000000000000000
-0.007832265553724	0.000000000000000
-0.007819091027974	0.000000000000000
-0.007805994728571	0.000000000000000
-0.007792976006864	0.000000000000000
-0.007780034222035	0.000000000000000
-0.007767168741943	0.000000000000000
-0.007754378936118	0.000000000000000
-0.007741664173470	0.000000000000000
-0.007729023830403	0.000000000000000
-0.007716457291342	0.000000000000000
-0.007703963941636	0.000000000000000
-0.007691543171739	0.000000000000000
-0.007679194371298	0.000000000000000
-0.007666916941134	0.000000000000000
-0.007654710280419	0.000000000000000
-0.007642573795053	0.000000000000000
-0.007630506898960	0.000000000000000
-0.007618508997557	0.000000000000000
-0.007606579511041	0.000000000000000
-0.007594717860069	0.000000000000000
-0.007582923467368	0.000000000000000
-0.007571195762452	0.000000000000000
-0.007559534175385	0.000000000000000
-0.007547938139616	0.000000000000000
-0.007536407094145	0.000000000000000
-0.007524940482055	0.000000000000000
-0.007513537745447	0.000000000000000
-0.007502198334584	0.000000000000000
-0.007490921700884	0.000000000000000
-0.007479707296935	0.000000000000000
-0.007468554584018	0.000000000000000
-0.007457463019699	0.000000000000000
-0.007446432069334	0.000000000000000
-0.007435461203381	0.000000000000000
-0.007424549887975	0.000000000000000
-0.007413697598860	0.000000000000000
-0.007402903811456	0.000000000000000
-0.007392168006434	0.000000000000000
-0.007381489663563	0.000000000000000
-0.007370868268508	0.000000000000000
-0.007360303309817	0.000000000000000
-0.007349794278472	0.000000000000000
-0.007339340669791	0.000000000000000
-0.007328941974166	0.000000000000000
-0.007318597694078	0.000000000000000
-0.007308307331979	0.000000000000000
-0.007298070389559	0.000000000000000
-0.007287886375824	0.000000000000000
-0.007277754798298	0.000000000000000
-0.007267675166488	0.000000000000000
-0.007257646998187	0.000000000000000
-0.007247669809870	0.000000000000000
-0.007237743117022	0.000000000000000
-0.007227866444984	0.000000000000000
-0.007218039317736	0.000000000000000
-0.007208261257437	0.000000000000000
-0.007198531794350	0.000000000000000
-0.007188850459626	0.000000000000000
-0.007179216785808	0.000000000000000
-0.007169630309519	0.000000000000000
-0.007160090566380	0.000000000000000
-0.007150597095432	0.000000000000000
-0.007141149439777	0.000000000000000
-0.007131747141693	0.000000000000000
-0.007122389746785	0.000000000000000
-0.007113076802237	0.000000000000000
-0.007103807862793	0.000000000000000
-0.007094582476984	0.000000000000000
-0.007085400192637	0.000000000000000
-0.007076260574490	0.000000000000000
-0.007067163176245	0.000000000000000
-0.007058107557653	0.000000000000000
-0.007049093279824	0.000000000000000
-0.007040119908052	0.000000000000000
-0.007031187005524	0.000000000000000
-0.007022294137010	0.000000000000000
-0.007013440875219	0.000000000000000
-0.007004626787326	0.000000000000000
-0.006995851448208	0.000000000000000
-0.006987114429717	0.000000000000000
-0.006978415310288	0.000000000000000
-0.006969753663579	0.000000000000000
-0.006961129067168	0.000000000000000
-0.006952541105959	0.000000000000000
-0.006943989360473	0.000000000000000
-0.006935473413120	0.000000000000000
-0.006926992849943	0.000000000000000
-0.006918547258335	0.000000000000000
-0.006910136226549	0.000000000000000
-0.006901759343085	0.000000000000000
-0.006893416198657	0.000000000000000
-0.006885106390866	0.000000000000000
-0.006876829508343	0.000000000000000
-0.006868585147731	0.000000000000000
-0.006860372910506	0.000000000000000
-0.006852192388721	0.000000000000000
-0.006844043186305	0.000000000000000
-0.006835924905982	0.000000000000000
-0.006827837146937	0.000000000000000
-0.006819779513930	0.000000000000000
-0.006811751612853	0.000000000000000
-0.006803753050601	0.000000000000000
-0.006795783434799	0.000000000000000
-0.006787842375502	0.000000000000000
-0.006779929480835	0.000000000000000
-0.006772044362838	0.000000000000000
-0.006764186638159	0.000000000000000
-0.006756355917811	0.000000000000000
-0.006748551817042	0.000000000000000
-0.006740773953553	0.000000000000000
-0.006733021946316	0.000000000000000
-0.006725295411503	0.000000000000000
-0.006717593970455	0.000000000000000
-0.006709917244736	0.000000000000000
-0.006702264857171	0.000000000000000
-0.006694636432180	0.000000000000000
-0.006687031591550	0.000000000000000
-0.006679449964204	0.000000000000000
-0.006671891175354	0.000000000000000
-0.006664354854417	0.000000000000000
-0.006656840629088	0.000000000000000
-0.006649348129086	0.000000000000000
-0.006641876987220	0.000000000000000
-0.006634426836658	0.000000000000000
-0.006626997308203	0.000000000000000
-0.006619588036194	0.000000000000000
-0.006612198660273	0.000000000000000
-0.006604828814125	0.000000000000000
-0.006597478133386	0.000000000000000
-0.006590146258778	0.000000000000000
-0.006582832831401	0.000000000000000
-0.006575537487932	0.000000000000000
-0.006568259872019	0.000000000000000
-0.006560999626748	0.000000000000000
-0.006553756394038	0.000000000000000
-0.006546529821778	0.000000000000000
-0.006539319551430	0.000000000000000
-0.006532125230938	0.000000000000000
-0.006524946508636	0.000000000000000
-0.006517783029835	0.000000000000000
-0.006510634448029	0.000000000000000
-0.006503500411513	0.000000000000000
-0.006496380569547	0.000000000000000
-0.006489274576988	0.000000000000000
-0.006482182088641	0.000000000000000
-0.006475102753496	0.000000000000000
-0.006468036229840	0.000000000000000
-0.006460982173902	0.000000000000000
-0.006453940239085	0.000000000000000
-0.006446910088396	0.000000000000000
-0.006439891376924	0.000000000000000
-0.006432883765533	0.000000000000000
-0.006425886914930	0.000000000000000
-0.006418900485843	0.000000000000000
-0.006411924140938	0.000000000000000
-0.006404957544269	0.000000000000000
-0.006398000359493	0.000000000000000
-0.006391052253086	0.000000000000000
-0.006384112891748	0.000000000000000
-0.006377181937584	0.000000000000000
-0.006370259066397	0.000000000000000
-0.006363343941958	0.000000000000000
-0.006356436233639	0.000000000000000
-0.006349535617140	0.000000000000000
-0.006342641759572	0.000000000000000
-0.006335754336192	0.000000000000000
-0.006328873020685	0.000000000000000
-0.006321997488415	0.000000000000000
-0.006315127411529	0.000000000000000
-0.006308262471218	0.000000000000000
-0.006301402342847	0.000000000000000
-0.006294546702286	0.000000000000000
-0.006287695235299	0.000000000000000
-0.006280847620860	0.000000000000000
-0.006274003536568	0.000000000000000
-0.006267162666686	0.000000000000000
-0.006260324696820	0.000000000000000
-0.006253489310045	0.000000000000000
-0.006246656191816	0.000000000000000
-0.006239825028953	0.000000000000000
-0.006232995509750	0.000000000000000
-0.006226167322492	0.000000000000000
-0.006219340155702	0.000000000000000
-0.006212513701121	0.000000000000000
-0.006205687652549	0.000000000000000
-0.006198861699218	0.000000000000000
-0.006192035534995	0.000000000000000
-0.006185208859962	0.000000000000000
-0.006178381367296	0.000000000000000
-0.006171552752223	0.000000000000000
-0.006164722715661	0.000000000000000
-0.006157890955242	0.000000000000000
-0.006151057173696	0.000000000000000
-0.006144221071293	0.000000000000000
-0.006137382349413	0.000000000000000
-0.006130540717402	0.000000000000000
-0.006123695875206	0.000000000000000
-0.006116847530142	0.000000000000000
-0.006109995393510	0.000000000000000
-0.006103139168491	0.000000000000000
-0.006096278567348	0.000000000000000
-0.006089413305121	0.000000000000000
-0.006082543089965	0.000000000000000
-0.006075667635184	0.000000000000000
-0.006068786659112	0.000000000000000
-0.006061899875124	0.000000000000000
-0.006055007001904	0.000000000000000
-0.006048107759991	0.000000000000000
-0.006041201867341	0.000000000000000
-0.006034289042568	0.000000000000000
-0.006027369015580	0.000000000000000
-0.006020441508126	0.000000000000000
-0.006013506241521	0.000000000000000
-0.006006562947894	0.000000000000000
-0.005999611353846	0.000000000000000
-0.005992651187345	0.000000000000000
-0.005985682181802	0.000000000000000
-0.005978704070884	0.000000000000000
-0.005971716585469	0.000000000000000
-0.005964719463913	0.000000000000000
-0.005957712442063	0.000000000000000
-0.005950695258248	0.000000000000000
-0.005943667654207	0.000000000000000
-0.005936629370852	0.000000000000000
-0.005929580149945	0.000000000000000
