-0.015672120302744	0.000000000000000
-0.015678368628281	0.000000000000000
-0.015684594113427	0.000000000000000
-0.015690796781078	0.000000000000000
-0.015696976688217	0.000000000000000
-0.015703133933539	0.000000000000000
-0.015709268557178	0.000000000000000
-0.015715380659619	0.000000000000000
-0.015721470285941	0.000000000000000
-0.015727537558523	0.000000000000000
-0.015733582490628	0.000000000000000
-0.015739605212889	0.000000000000000
-0.015745605768573	0.000000000000000
-0.015751584246427	0.000000000000000
-0.015757540739288	0.000000000000000
-0.015763475268225	0.000000000000000
-0.015769388000388	0.000000000000000
-0.015775278948780	0.000000000000000
-0.015781148227641	0.000000000000000
-0.015786995871181	0.000000000000000
-0.015792822043586	0.000000000000000
-0.015798626746070	0.000000000000000
-0.015804410107888	0.000000000000000
-0.015810172195862	0.000000000000000
-0.015815913112746	0.000000000000000
-0.015821632923835	0.000000000000000
-0.015827331703011	0.000000000000000
-0.015833009588233	0.000000000000000
-0.015838666615369	0.000000000000000
-0.015844302905639	0.000000000000000
-0.015849918522484	0.000000000000000
-0.015855513579608	0.000000000000000
-0.015861088145287	0.000000000000000
-0.015866642333593	0.000000000000000
-0.015872176212418	0.000000000000000
-0.015877689882889	0.000000000000000
-0.015883183462921	0.000000000000000
-0.015888657004580	0.000000000000000
-0.015894110631349	0.000000000000000
-0.015899544429783	0.000000000000000
-0.015904958485050	0.000000000000000
-0.015910352931442	0.000000000000000
-0.015915727812505	0.000000000000000
-0.015921083281830	0.000000000000000
-0.015926419380547	0.000000000000000
-0.015931736273037	0.000000000000000
-0.015937033999545	0.000000000000000
-0.015942312702884	0.000000000000000
-0.015947572471980	0.000000000000000
-0.015952813392791	0.000000000000000
-0.015958035612545	0.000000000000000
-0.015963239185151	0.000000000000000
-0.015968424252025	0.000000000000000
-0.015973590885897	0.000000000000000
-0.015978739251949	0.000000000000000
-0.015983869381468	0.000000000000000
-0.015988981442113	0.000000000000000
-0.015994075522129	0.000000000000000
-0.015999151723603	0.000000000000000
-0.016004210163712	0.000000000000000
-0.016009250974549	0.000000000000000
-0.016014274226677	0.000000000000000
-0.016019280072554	0.000000000000000
-0.016024268599909	0.000000000000000
-0.016029239943061	0.000000000000000
-0.016034194204459	0.000000000000000
-0.016039131504064	0.000000000000000
-0.016044051959724	0.000000000000000
-0.016048955701605	0.000000000000000
-0.016053842815708	0.000000000000000
-0.016058713457438	0.000000000000000
-0.016063567736791	0.000000000000000
-0.016068405764557	0.000000000000000
-0.016073227665290	0.000000000000000
-0.016078033588126	0.000000000000000
-0.016082823620868	0.000000000000000
-0.016087597904808	0.000000000000000
-0.016092356569620	0.000000000000000
-0.016097099742723	0.000000000000000
-0.016101827537898	0.000000000000000
-0.016106540105780	0.000000000000000
-0.016111237550202	0.000000000000000
-0.016115920016115	0.000000000000000
-0.016120587646252	0.000000000000000
-0.016125240551947	0.000000000000000
-0.016129878874767	0.000000000000000
-0.016134502736382	0.000000000000000
-0.016139112304353	0.000000000000000
-0.016143707682655	0.000000000000000
-0.016148289028290	0.000000000000000
-0.016152856442304	0.000000000000000
-0.016157410134423	0.000000000000000
-0.016161950171756	0.000000000000000
-0.016166476724792	0.000000000000000
-0.016170989947861	0.000000000000000
-0.016175489954429	0.000000000000000
-0.016179976926405	0.000000000000000
-0.016184450951985	0.000000000000000
-0.016188912244105	0.000000000000000
-0.016193360890534	0.000000000000000
-0.016197797082307	0.000000000000000
-0.016202220923706	0.000000000000000
-0.016206632622246	0.000000000000000
-0.016211032268593	0.000000000000000
-0.016215420056298	0.000000000000000
-0.016219796103614	0.000000000000000
-0.016224160611238	0.000000000000000
-0.016228513672704	0.000000000000000
-0.016232855509079	0.000000000000000
-0.016237186212567	0.000000000000000
-0.016241506001134	0.000000000000000
-0.016245814977055	0.000000000000000
-0.016250113356099	0.000000000000000
-0.016254401234060	0.000000000000000
-0.016258678852934	0.000000000000000
-0.016262946287917	0.000000000000000
-0.016267203780137	0.000000000000000
-0.016271451448860	0.000000000000000
-0.016275689481812	0.000000000000000
-0.016279918008803	0.000000000000000
-0.016284137266411	0.000000000000000
-0.016288347354813	0.000000000000000
-0.016292548497385	0.000000000000000
-0.016296740829517	0.000000000000000
-0.016300924526069	0.000000000000000
-0.016305099815523	0.000000000000000
-0.016309266777653	0.000000000000000
-0.016313425677186	0.000000000000000
-0.016317576657648	0.000000000000000
-0.016321719865122	0.000000000000000
-0.016325855548188	0.000000000000000
-0.016329983826390	0.000000000000000
-0.016334104921996	0.000000000000000
-0.016338218991612	0.000000000000000
-0.016342326234132	0.000000000000000
-0.016346426845695	0.000000000000000
-0.016350520976942	0.000000000000000
-0.016354608861755	0.000000000000000
-0.016358690661940	0.000000000000000
-0.016362766567897	0.000000000000000
-0.016366836792530	0.000000000000000
-0.016370901498102	0.000000000000000
-0.016374960912625	0.000000000000000
-0.016379015214753	0.000000000000000
-0.016383064588453	0.000000000000000
-0.016387109268856	0.000000000000000
-0.016391149418586	0.000000000000000
-0.016395185262146	0.000000000000000
-0.016399217000931	0.000000000000000
-0.016403244816849	0.000000000000000
-0.016407268947432	0.000000000000000
-0.016411289566325	0.000000000000000
-0.016415306926662	0.000000000000000
-0.016419321187501	0.000000000000000
-0.016423332578811	0.000000000000000
-0.016427341327732	0.000000000000000
-0.016431347635746	0.000000000000000
-0.016435351717774	0.000000000000000
-0.016439353787199	0.000000000000000
-0.016443354067015	0.000000000000000
-0.016447352773800	0.000000000000000
-0.016451350141576	0.000000000000000
-0.016455346358764	0.000000000000000
-0.016459341701218	0.000000000000000
-0.016463336327800	0.000000000000000
-0.016467330534514	0.000000000000000
-0.016471324493544	0.000000000000000
-0.016475318483411	0.000000000000000
-0.016479312675612	0.000000000000000
-0.016483307371150	0.000000000000000
-0.016487302752315	0.000000000000000
-0.016491299079000	0.000000000000000
-0.016495296571827	0.000000000000000
-0.016499295497394	0.000000000000000
-0.016503296073741	0.000000000000000
-0.016507298554201	0.000000000000000
-0.016511303165390	0.000000000000000
-0.016515310184340	0.000000000000000
-0.016519319830776	0.000000000000000
-0.016523332349025	0.000000000000000
-0.016527348034032	0.000000000000000
-0.016531367080838	0.000000000000000
-0.016535389788731	0.000000000000000
-0.016539416378872	0.000000000000000
-0.016543447130181	0.000000000000000
-0.016547482313344	0.000000000000000
-0.016551522139402	0.000000000000000
-0.016555566933946	0.000000000000000
-0.016559616912775	0.000000000000000
-0.016563672370797	0.000000000000000
-0.016567733561698	0.000000000000000
-0.016571800761779	0.000000000000000
-0.016575874234346	0.000000000000000
-0.016579954270631	0.000000000000000
-0.016584041126140	0.000000000000000
-0.016588135087239	0.000000000000000
-0.016592236443006	0.000000000000000
-0.016596345437801	0.000000000000000
-0.016600462423664	0.000000000000000
-0.016604587590860	0.000000000000000
-0.016608721332513	0.000000000000000
-0.016612863831759	0.000000000000000
-0.016617015479650	0.000000000000000
-0.016621176484093	0.000000000000000
-0.016625347183416	0.000000000000000
-0.016629527889823	0.000000000000000
-0.016633718849203	0.000000000000000
-0.016637920416457	0.000000000000000
-0.016642132861310	0.000000000000000
-0.016646356497914	0.000000000000000
-0.016650591642615	0.000000000000000
-0.016654838591543	0.000000000000000
-0.016659097663987	0.000000000000000
-0.016663369164262	0.000000000000000
-0.016667653438125	0.000000000000000
-0.016671950752734	0.000000000000000
-0.016676261483899	0.000000000000000
-0.016680585903927	0.000000000000000
-0.016684924384296	0.000000000000000
-0.016689277211546	0.000000000000000
-0.016693644734532	0.000000000000000
-0.016698027310043	0.000000000000000
-0.016702425208014	0.000000000000000
-0.016706838829943	0.000000000000000
-0.016711268473012	0.000000000000000
-0.016715714504727	0.000000000000000
-0.016720177251657	0.000000000000000
-0.016724657066618	0.000000000000000
-0.016729154293277	0.000000000000000
-0.016733669295157	0.000000000000000
-0.016738202417263	0.000000000000000
-0.016742754008846	0.000000000000000
-0.016747324437640	0.000000000000000
-0.016751914078187	0.000000000000000
-0.016756523251758	0.000000000000000
-0.016761152386897	0.000000000000000
-0.016765801781523	0.000000000000000
-0.016770471880835	0.000000000000000
-0.016775162999128	0.000000000000000
-0.016779875543967	0.000000000000000
-0.016784609892290	0.000000000000000
-0.016789366422486	0.000000000000000
-0.016794145513738	0.000000000000000
-0.016798947575106	0.000000000000000
-0.016803772977703	0.000000000000000
-0.016808622123750	0.000000000000000
-0.016813495398271	0.000000000000000
-0.016818393219345	0.000000000000000
-0.016823316002007	0.000000000000000
-0.016828264106330	0.000000000000000
-0.016833237952278	0.000000000000000
-0.016838238018011	0.000000000000000
-0.016843264625127	0.000000000000000
-0.016848318238194	0.000000000000000
-0.016853399277396	0.000000000000000
-0.016858508179012	0.000000000000000
-0.016863645322139	0.000000000000000
-0.016868811194759	0.000000000000000
-0.016874006189709	0.000000000000000
-0.016879230766381	0.000000000000000
-0.016884485356766	0.000000000000000
-0.016889770397203	0.000000000000000
-0.016895086364226	0.000000000000000
-0.016900433653971	0.000000000000000
-0.016905812776224	0.000000000000000
-0.016911224162172	0.000000000000000
-0.016916668271811	0.000000000000000
-0.016922145568343	0.000000000000000
-0.016927656532951	0.000000000000000
-0.016933201614420	0.000000000000000
-0.016938781313340	0.000000000000000
-0.016944396089416	0.000000000000000
-0.016950046431175	0.000000000000000
-0.016955732824387	0.000000000000000
-0.016961455766068	0.000000000000000
-0.016967215724808	0.000000000000000
-0.016973013231588	0.000000000000000
-0.016978848768215	0.000000000000000
-0.016984722833026	0.000000000000000
-0.016990635956551	0.000000000000000
-0.016996588636018	0.000000000000000
-0.017002581389049	0.000000000000000
-0.017008614745343	0.000000000000000
-0.017014689217003	0.000000000000000
-0.017020805349776	0.000000000000000
-0.017026963667130	0.000000000000000
-0.017033164697301	0.000000000000000
-0.017039409003818	0.000000000000000
-0.017045697116207	0.000000000000000
-0.017052029602441	0.000000000000000
-0.017058406980501	0.000000000000000
-0.017064829854212	0.000000000000000
-0.017071298772914	0.000000000000000
-0.017077814283901	0.000000000000000
-0.017084376973566	0.000000000000000
-0.017090987461352	0.000000000000000
-0.017097646231181	0.000000000000000
-0.017104353976063	0.000000000000000
-0.017111111217175	0.000000000000000
-0.017117918591216	0.000000000000000
-0.017124776663473	0.000000000000000
-0.017131686086800	0.000000000000000
-0.017138647412014	0.000000000000000
-0.017145661318939	0.000000000000000
-0.017152728380562	0.000000000000000
-0.017159849249299	0.000000000000000
-0.017167024547705	0.000000000000000
-0.017174254916661	0.000000000000000
-0.017181540989331	0.000000000000000
-0.017188883424048	0.000000000000000
-0.017196282871752	0.000000000000000
-0.017203739984724	0.000000000000000
-0.017211255422159	0.000000000000000
-0.017218829879651	0.000000000000000
-0.017226463985442	0.000000000000000
-0.017234158488250	0.000000000000000
-0.017241914005809	0.000000000000000
-0.017249731255650	0.000000000000000
-0.017257610952660	0.000000000000000
-0.017265553794461	0.000000000000000
-0.017273560458588	0.000000000000000
-0.017281631714849	0.000000000000000
-0.017289768228963	0.000000000000000
-0.017297970793894	0.000000000000000
-0.017306240047482	0.000000000000000
-0.017314576864492	0.000000000000000
-0.017322981860674	0.000000000000000
-0.017331455875550	0.000000000000000
-0.017339999629904	0.000000000000000
-0.017348613904129	0.000000000000000
-0.017357299468784	0.000000000000000
-0.017366057103817	0.000000000000000
-0.017374887609587	0.000000000000000
-0.017383791738094	0.000000000000000
-0.017392770351839	0.000000000000000
-0.017401824203213	0.000000000000000
-0.017410954140427	0.000000000000000
-0.017420160977606	0.000000000000000
-0.017429445533785	0.000000000000000
-0.017438808660398	0.000000000000000
-0.017448251202612	0.000000000000000
-0.017457773988281	0.000000000000000
-0.017467377911633	0.000000000000000
-0.017477063803134	0.000000000000000
-0.017486832573045	0.000000000000000
-0.017496685093355	0.000000000000000
-0.017506622222541	0.000000000000000
-0.017516644915000	0.000000000000000
-0.017526754036968	0.000000000000000
-0.017536950511934	0.000000000000000
-0.017547235272272	0.000000000000000
-0.017557609242738	0.000000000000000
-0.017568073374147	0.000000000000000
-0.017578628593686	0.000000000000000
-0.017589275882016	0.000000000000000
-0.017600016198768	0.000000000000000
-0.017610850508119	0.000000000000000
-0.017621779819417	0.000000000000000
-0.017632805081488	0.000000000000000
-0.017643927365612	0.000000000000000
-0.017655147612417	0.000000000000000
-0.017666466894093	0.000000000000000
-0.017677886218384	0.000000000000000
-0.017689406623019	0.000000000000000
-0.017701029191461	0.000000000000000
-0.017712754933830	0.000000000000000
-0.017724584959770	0.000000000000000
-0.017736520328174	0.000000000000000
-0.017748562155059	0.000000000000000
-0.017760711508864	0.000000000000000
-0.017772969532388	0.000000000000000
-0.017785337319941	0.000000000000000
-0.017797816026661	0.000000000000000
-0.017810406782432	0.000000000000000
-0.017823110757877	0.000000000000000
-0.017835929104057	0.000000000000000
-0.017848862988548	0.000000000000000
-0.017861913642501	0.000000000000000
-0.017875082221484	0.000000000000000
-0.017888369951045	0.000000000000000
-0.017901778070901	0.000000000000000
-0.017915307802245	0.000000000000000
-0.017928960378037	0.000000000000000
-0.017942737106219	0.000000000000000
-0.017956639189160	0.000000000000000
-0.017970667985514	0.000000000000000
-0.017984824737228	0.000000000000000
-0.017999110790009	0.000000000000000
-0.018013527428982	0.000000000000000
-0.018028076045974	0.000000000000000
-0.018042757933900	0.000000000000000
-0.018057574495494	0.000000000000000
-0.018072527089562	0.000000000000000
-0.018087617105904	0.000000000000000
-0.018102845965234	0.000000000000000
-0.018118215072645	0.000000000000000
-0.018133725865619	0.000000000000000
-0.018149379777603	0.000000000000000
-0.018165178308589	0.000000000000000
-0.018181122890170	0.000000000000000
-0.018197215051012	0.000000000000000
-0.018213456271419	0.000000000000000
-0.018229848110947	0.000000000000000
-0.018246392053639	0.000000000000000
-0.018263089706359	0.000000000000000
-0.018279942612880	0.000000000000000
-0.018296952365621	0.000000000000000
-0.018314120560041	0.000000000000000
-0.018331448840372	0.000000000000000
-0.018348938811243	0.000000000000000
-0.018366592146826	0.000000000000000
-0.018384410508055	0.000000000000000
-0.018402395596600	0.000000000000000
-0.018420549107318	0.000000000000000
-0.018438872753423	0.000000000000000
-0.018457368317241	0.000000000000000
-0.018476037510987	0.000000000000000
-0.018494882139611	0.000000000000000
-0.018513903998647	0.000000000000000
-0.018533104908527	0.000000000000000
-0.018552486693719	0.000000000000000
-0.018572051222524	0.000000000000000
-0.018591800364681	0.000000000000000
-0.018611736020925	0.000000000000000
-0.018631860091026	0.000000000000000
-0.018652174537039	0.000000000000000
-0.018672681313837	0.000000000000000
-0.018693382368612	0.000000000000000
-0.018714279736385	0.000000000000000
-0.018735375440431	0.000000000000000
-0.018756671492153	0.000000000000000
-0.018778169998964	0.000000000000000
-0.018799873011181	0.000000000000000
-0.018821782660384	0.000000000000000
-0.018843901105452	0.000000000000000
-0.018866230443827	0.000000000000000
-0.018888772926369	0.000000000000000
-0.018911530708625	0.000000000000000
-0.018934506038896	0.000000000000000
-0.018957701193149	0.000000000000000
-0.018981118410872	0.000000000000000
-0.019004760032963	0.000000000000000
-0.019028628378788	0.000000000000000
-0.019052725799684	0.000000000000000
-0.019077054687765	0.000000000000000
-0.019101617454936	0.000000000000000
-0.019126416543240	0.000000000000000
-0.019151454402300	0.000000000000000
-0.019176733534758	0.000000000000000
-0.019202256459356	0.000000000000000
-0.019228025754563	0.000000000000000
-0.019254043944513	0.000000000000000
-0.019280313684968	0.000000000000000
-0.019306837590811	0.000000000000000
-0.019333618336925	0.000000000000000
-0.019360658626469	0.000000000000000
-0.019387961185274	0.000000000000000
-0.019415528769173	0.000000000000000
-0.019443364182882	0.000000000000000
-0.019471470245875	0.000000000000000
-0.019499849812379	0.000000000000000
-0.019528505780513	0.000000000000000
-0.019557441071655	0.000000000000000
-0.019586658650465	0.000000000000000
-0.019616161493051	0.000000000000000
-0.019645952651017	0.000000000000000
-0.019676035171152	0.000000000000000
-0.019706412171825	0.000000000000000
-0.019737086743167	0.000000000000000
-0.019768062121409	0.000000000000000
-0.019799341484564	0.000000000000000
-0.019830928057642	0.000000000000000
-0.019862825186123	0.000000000000000
-0.019895036135973	0.000000000000000
-0.019927564305923	0.000000000000000
-0.019960413093442	0.000000000000000
-0.019993585950398	0.000000000000000
-0.020027086349148	0.000000000000000
-0.020060917817961	0.000000000000000
-0.020095083967069	0.000000000000000
-0.020129588339902	0.000000000000000
-0.020164434658850	0.000000000000000
-0.020199626590408	0.000000000000000
-0.020235167893877	0.000000000000000
-0.020271062349485	0.000000000000000
-0.020307313809233	0.000000000000000
-0.020343926149425	0.000000000000000
-0.020380903281757	0.000000000000000
-0.020418249223295	0.000000000000000
-0.020455967975660	0.000000000000000
-0.020494063621117	0.000000000000000
-0.020532540278606	0.000000000000000
-0.020571402146547	0.000000000000000
-0.020610653426624	0.000000000000000
-0.020650298423258	0.000000000000000
-0.020690341443402	0.000000000000000
-0.020730786902820	0.000000000000000
-0.020771639213295	0.000000000000000
-0.020812902898533	0.000000000000000
-0.020854582476106	0.000000000000000
-0.020896682607989	0.000000000000000
-0.020939207880590	0.000000000000000
-0.020982163099703	0.000000000000000
-0.021025552977213	0.000000000000000
-0.021069382421453	0.000000000000000
-0.021113656269801	0.000000000000000
-0.021158379537274	0.000000000000000
-0.021203557214778	0.000000000000000
-0.021249194433454	0.000000000000000
-0.021295296289109	0.000000000000000
-0.021341868049939	0.000000000000000
-0.021388914976451	0.000000000000000
-0.021436442429450	0.000000000000000
-0.021484455826416	0.000000000000000
-0.021532960647683	0.000000000000000
-0.021581962453129	0.000000000000000
-0.021631466892910	0.000000000000000
-0.021681479618153	0.000000000000000
-0.021732006450772	0.000000000000000
-0.021783053217138	0.000000000000000
-0.021834625828937	0.000000000000000
-0.021886730298757	0.000000000000000
-0.021939372693474	0.000000000000000
-0.021992559145704	0.000000000000000
-0.022046295937938	0.000000000000000
-0.022100589316496	0.000000000000000
-0.022155445724973	0.000000000000000
-0.022210871600370	0.000000000000000
-0.022266873518347	0.000000000000000
-0.022323458132257	0.000000000000000
-0.022380632154910	0.000000000000000
-0.022438402394174	0.000000000000000
-0.022496775774732	0.000000000000000
-0.022555759282877	0.000000000000000
-0.022615359988791	0.000000000000000
-0.022675585095869	0.000000000000000
-0.022736441861867	0.000000000000000
-0.022797937631934	0.000000000000000
-0.022860079907603	0.000000000000000
-0.022922876214969	0.000000000000000
-0.022986334225182	0.000000000000000
-0.023050461688760	0.000000000000000
-0.023115266476893	0.000000000000000
-0.023180756542135	0.000000000000000
-0.023246939946601	0.000000000000000
-0.023313824886763	0.000000000000000
-0.023381419611561	0.000000000000000
-0.023449732531829	0.000000000000000
-0.023518772142846	0.000000000000000
-0.023588547051157	0.000000000000000
-0.023659065971435	0.000000000000000
-0.023730337777832	0.000000000000000
-0.023802371402497	0.000000000000000
-0.023875175916011	0.000000000000000
-0.023948760524301	0.000000000000000
-0.024023134548926	0.000000000000000
-0.024098307409153	0.000000000000000
-0.024174288709295	0.000000000000000
-0.024251088081208	0.000000000000000
-0.024328715407546	0.000000000000000
-0.024407180598112	0.000000000000000
-0.024486493743620	0.000000000000000
-0.024566665081774	0.000000000000000
-0.024647704931980	0.000000000000000
-0.024729623803462	0.000000000000000
-0.024812432324080	0.000000000000000
-0.024896141246966	0.000000000000000
-0.024980761499639	0.000000000000000
-0.025066304161190	0.000000000000000
-0.025152780378587	0.000000000000000
-0.025240201557826	0.000000000000000
-0.025328579191328	0.000000000000000
-0.025417924918418	0.000000000000000
-0.025508250576473	0.000000000000000
-0.025599568098188	0.000000000000000
-0.025691889674331	0.000000000000000
-0.025785227530054	0.000000000000000
-0.025879594158331	0.000000000000000
-0.025975002166801	0.000000000000000
-0.026071464327848	0.000000000000000
-0.026168993633874	0.000000000000000
-0.026267603181241	0.000000000000000
-0.026367306271250	0.000000000000000
-0.026468116412404	0.000000000000000
-0.026570047220335	0.000000000000000
-0.026673112582201	0.000000000000000
-0.026777326479121	0.000000000000000
-0.026882703137948	0.000000000000000
-0.026989256941225	0.000000000000000
-0.027097002505495	0.000000000000000
-0.027205954566469	0.000000000000000
-0.027316128119300	0.000000000000000
-0.027427538338845	0.000000000000000
-0.027540200595672	0.000000000000000
-0.027654130451067	0.000000000000000
-0.027769343670509	0.000000000000000
-0.027885856291687	0.000000000000000
-0.028003684437838	0.000000000000000
-0.028122844566619	0.000000000000000
-0.028243353275464	0.000000000000000
-0.028365227416396	0.000000000000000
-0.028488484020639	0.000000000000000
-0.028613140406692	0.000000000000000
-0.028739214035748	0.000000000000000
-0.028866722674114	0.000000000000000
-0.028995684254335	0.000000000000000
-0.029126116994200	0.000000000000000
-0.029258039290194	0.000000000000000
-0.029391469837893	0.000000000000000
-0.029526427519052	0.000000000000000
-0.029662931505359	0.000000000000000
-0.029801001152227	0.000000000000000
-0.029940656127352	0.000000000000000
-0.030081916305715	0.000000000000000
-0.030224801834233	0.000000000000000
-0.030369333114786	0.000000000000000
-0.030515530767044	0.000000000000000
-0.030663415755935	0.000000000000000
-0.030813009219702	0.000000000000000
-0.030964332605129	0.000000000000000
-0.031117407634271	0.000000000000000
-0.031272256262303	0.000000000000000
-0.031428900749222	0.000000000000000
-0.031587363621252	0.000000000000000
-0.031747667672955	0.000000000000000
-0.031909835990835	0.000000000000000
-0.032073891910893	0.000000000000000
-0.032239859114102	0.000000000000000
-0.032407761492499	0.000000000000000
-0.032577623287150	0.000000000000000
-0.032749468988306	0.000000000000000
-0.032923323410361	0.000000000000000
-0.033099211613527	0.000000000000000
-0.033277159017764	0.000000000000000
-0.033457191291641	0.000000000000000
-0.033639334425945	0.000000000000000
-0.033823614677407	0.000000000000000
-0.034010058666031	0.000000000000000
-0.034198693266192	0.000000000000000
-0.034389545672544	0.000000000000000
-0.034582643391407	0.000000000000000
-0.034778014207857	0.000000000000000
-0.034975686280836	0.000000000000000
-0.035175688007593	0.000000000000000
-0.035378048145460	0.000000000000000
-0.035582795707930	0.000000000000000
-0.035789960119836	0.000000000000000
-0.035999571002948	0.000000000000000
-0.036211658350242	0.000000000000000
-0.036426252495789	0.000000000000000
-0.036643384029540	0.000000000000000
-0.036863083880803	0.000000000000000
-0.037085383274605	0.000000000000000
-0.037310313826032	0.000000000000000
-0.037537907307250	0.000000000000000
-0.037768195967431	0.000000000000000
-0.038001212263257	0.000000000000000
-0.038236988987077	0.000000000000000
-0.038475559254775	0.000000000000000
-0.038716956452148	0.000000000000000
-0.038961214298130	0.000000000000000
-0.039208366803142	0.000000000000000
-0.039458448276465	0.000000000000000
-0.039711493329249	0.000000000000000
-0.039967536833049	0.000000000000000
-0.040226613998654	0.000000000000000
-0.040488760306567	0.000000000000000
-0.040754011472118	0.000000000000000
-0.041022403548304	0.000000000000000
-0.041293972858254	0.000000000000000
-0.041568755922482	0.000000000000000
-0.041846789615648	0.000000000000000
-0.042128111001999	0.000000000000000
-0.042412757431117	0.000000000000000
-0.042700766481217	0.000000000000000
-0.042992175947261	0.000000000000000
-0.043287023911584	0.000000000000000
-0.043585348600796	0.000000000000000
-0.043887188517640	0.000000000000000
-0.044192582341657	0.000000000000000
-0.044501568908436	0.000000000000000
-0.044814187323082	0.000000000000000
-0.045130476765218	0.000000000000000
-0.045450476676569	0.000000000000000
-0.045774226530650	0.000000000000000
-0.046101766062516	0.000000000000000
-0.046433135031270	0.000000000000000
-0.046768373358013	0.000000000000000
-0.047107521040617	0.000000000000000
-0.047450618175731	0.000000000000000
-0.047797704909369	0.000000000000000
-0.048148821430958	0.000000000000000
-0.048504007966655	0.000000000000000
-0.048863304773634	0.000000000000000
-0.049226752083054	0.000000000000000
-0.049594390101613	0.000000000000000
-0.049966258980518	0.000000000000000
-0.050342398853300	0.000000000000000
-0.050722849679976	0.000000000000000
-0.051107651403097	0.000000000000000
-0.051496843756960	0.000000000000000
-0.051890466321317	0.000000000000000
-0.052288558529482	0.000000000000000
-0.052691159584307	0.000000000000000
-0.053098308399668	0.000000000000000
-0.053510043676744	0.000000000000000
-0.053926403794051	0.000000000000000
-0.054347426782095	0.000000000000000
-0.054773150339821	0.000000000000000
-0.055203611699227	0.000000000000000
-0.055638847768619	0.000000000000000
-0.056078894843618	0.000000000000000
-0.056523788853298	0.000000000000000
-0.056973565098453	0.000000000000000
-0.057428258292313	0.000000000000000
-0.057887902586424	0.000000000000000
-0.058352531373624	0.000000000000000
-0.058822177423507	0.000000000000000
-0.059296872686426	0.000000000000000
-0.059776648338799	0.000000000000000
-0.060261534704803	0.000000000000000
-0.060751561215157	0.000000000000000
-0.061246756308917	0.000000000000000
-0.061747147507613	0.000000000000000
-0.062252761191980	0.000000000000000
-0.062763622675215	0.000000000000000
-0.063279756138688	0.000000000000000
-0.063801184438181	0.000000000000000
-0.064327929304184	0.000000000000000
-0.064860010964656	0.000000000000000
-0.065397448347327	0.000000000000000
-0.065940258890129	0.000000000000000
-0.066488458492708	0.000000000000000
-0.067042061442032	0.000000000000000
-0.067601080404002	0.000000000000000
-0.068165526265749	0.000000000000000
-0.068735408136236	0.000000000000000
-0.069310733251865	0.000000000000000
-0.069891506864780	0.000000000000000
-0.070477732251338	0.000000000000000
-0.071069410521403	0.000000000000000
-0.071666540715765	0.000000000000000
-0.072269119495340	0.000000000000000
-0.072877141248261	0.000000000000000
-0.073490597961900	0.000000000000000
-0.074109479089466	0.000000000000000
-0.074733771495480	0.000000000000000
-0.075363459415001	0.000000000000000
-0.075998524301807	0.000000000000000
-0.076638944768409	0.000000000000000
-0.077284696518473	0.000000000000000
-0.077935752224815	0.000000000000000
-0.078592081472444	0.000000000000000
-0.079253650641544	0.000000000000000
-0.079920422822139	0.000000000000000
-0.080592357764519	0.000000000000000
-0.081269411681894	0.000000000000000
-0.081951537354606	0.000000000000000
-0.082638683789945	0.000000000000000
-0.083330796319169	0.000000000000000
-0.084027816458596	0.000000000000000
-0.084729681752821	0.000000000000000
-0.085436325792146	0.000000000000000
-0.086147678041416	0.000000000000000
-0.086863663762229	0.000000000000000
-0.087584203955155	0.000000000000000
-0.088309215285275	0.000000000000000
-0.089038609884054	0.000000000000000
-0.089772295443347	0.000000000000000
-0.090510174973594	0.000000000000000
-0.091252146789630	0.000000000000000
-0.091998104475762	0.000000000000000
-0.092747936699186	0.000000000000000
-0.093501527180436	0.000000000000000
-0.094258754759274	0.000000000000000
-0.095019493017782	0.000000000000000
-0.095783610562501	0.000000000000000
-0.096550970655290	0.000000000000000
-0.097321431411860	0.000000000000000
-0.098094845547269	0.000000000000000
-0.098871060427602	0.000000000000000
-0.099649918013512	0.000000000000000
-0.100431254746520	0.000000000000000
-0.101214901635445	0.000000000000000
-0.102000684080024	0.000000000000000
-0.102788421967149	0.000000000000000
-0.103577929551244	0.000000000000000
-0.104369015506279	0.000000000000000
-0.105161482894075	0.000000000000000
-0.105955129097537	0.000000000000000
-0.106749745931559	0.000000000000000
-0.107545119585818	0.000000000000000
-0.108341030623453	0.000000000000000
-0.109137254064418	0.000000000000000
-0.109933559361401	0.000000000000000
-0.110729710465506	0.000000000000000
-0.111525465834162	0.000000000000000
-0.112320578609980	0.000000000000000
-0.113114796482809	0.000000000000000
-0.113907861903331	0.000000000000000
-0.114699512183593	0.000000000000000
-0.115489479468963	0.000000000000000
-0.116277490902255	0.000000000000000
-0.117063268801725	0.000000000000000
-0.117846530598564	0.000000000000000
-0.118626989185125	0.000000000000000
-0.119404352887355	0.000000000000000
-0.120178325622287	0.000000000000000
-0.120948607196601	0.000000000000000
-0.121714893335015	0.000000000000000
-0.122476875873706	0.000000000000000
-0.123234243014476	0.000000000000000
-0.123986679443738	0.000000000000000
-0.124733866630852	0.000000000000000
-0.125475482985307	0.000000000000000
-0.126211204034498	0.000000000000000
-0.126940702796254	0.000000000000000
-0.127663649924308	0.000000000000000
-0.128379714013670	0.000000000000000
-0.129088561786751	0.000000000000000
-0.129789858502798	0.000000000000000
-0.130483268133499	0.000000000000000
-0.131168453668721	0.000000000000000
-0.131845077521782	0.000000000000000
-0.132512801639310	0.000000000000000
-0.133171288058431	0.000000000000000
-0.133820199017133	0.000000000000000
-0.134459197421271	0.000000000000000
-0.135087947120867	0.000000000000000
-0.135706113316690	0.000000000000000
-0.136313362759627	0.000000000000000
-0.136909364321590	0.000000000000000
-0.137493789165646	0.000000000000000
-0.138066311192400	0.000000000000000
-0.138626607438653	0.000000000000000
-0.139174358296887	0.000000000000000
-0.139709248117995	0.000000000000000
-0.140230965295996	0.000000000000000
-0.140739202917938	0.000000000000000
-0.141233658934262	0.000000000000000
-0.141714036607656	0.000000000000000
-0.142180044876593	0.000000000000000
-0.142631398734598	0.000000000000000
-0.143067819511015	0.000000000000000
-0.143489035330130	0.000000000000000
-0.143894781415216	0.000000000000000
-0.144284800444617	0.000000000000000
-0.144658842859983	0.000000000000000
-0.145016667239634	0.000000000000000
-0.145358040620227	0.000000000000000
-0.145682738813364	0.000000000000000
-0.145990546659542	0.000000000000000
-0.146281258453885	0.000000000000000
-0.146554678024657	0.000000000000000
-0.146810619282084	0.000000000000000
-0.147048906191165	0.000000000000000
-0.147269373314627	0.000000000000000
-0.147471865742522	0.000000000000000
-0.147656239636887	0.000000000000000
-0.147822362114592	0.000000000000000
-0.147970111731906	0.000000000000000
-0.148099378487967	0.000000000000000
-0.148210064054464	0.000000000000000
-0.148302081846981	0.000000000000000
-0.148375357349461	0.000000000000000
-0.148429827874763	0.000000000000000
-0.148465443089373	0.000000000000000
-0.148482164726108	0.000000000000000
-0.148479966906374	0.000000000000000
-0.148458835981530	0.000000000000000
-0.148418770674029	0.000000000000000
-0.148359782074520	0.000000000000000
-0.148281893607292	0.000000000000000
-0.148185140956242	0.000000000000000
-0.148069572137002	0.000000000000000
-0.147935247284611	0.000000000000000
-0.147782238674157	0.000000000000000
-0.147610630610937	0.000000000000000
-0.147420519230341	0.000000000000000
-0.147212012478077	0.000000000000000
-0.146985229827565	0.000000000000000
-0.146740302251577	0.000000000000000
-0.146477371936943	0.000000000000000
-0.146196592097955	0.000000000000000
-0.145898126822188	0.000000000000000
-0.145582150768855	0.000000000000000
-0.145248848950666	0.000000000000000
-0.144898416505888	0.000000000000000
-0.144531058397688	0.000000000000000
-0.144146989154975	0.000000000000000
-0.143746432547536	0.000000000000000
-0.143329621301451	0.000000000000000
-0.142896796857349	0.000000000000000
-0.142448208893392	0.000000000000000
-0.141984115152445	0.000000000000000
-0.141504781035820	0.000000000000000
-0.141010479214973	0.000000000000000
-0.140501489404696	0.000000000000000
-0.139978097865744	0.000000000000000
-0.139440597153990	0.000000000000000
-0.138889285752477	0.000000000000000
-0.138324467583740	0.000000000000000
-0.137746451767683	0.000000000000000
-0.137155552268731	0.000000000000000
-0.136552087404155	0.000000000000000
-0.135936379533482	0.000000000000000
-0.135308754731816	0.000000000000000
-0.134669542363154	0.000000000000000
-0.134019074744092	0.000000000000000
-0.133357686761830	0.000000000000000
-0.132685715494562	0.000000000000000
-0.132003499930906	0.000000000000000
-0.131311380530553	0.000000000000000
-0.130609698882086	0.000000000000000
-0.129898797505429	0.000000000000000
-0.129179019258587	0.000000000000000
-0.128450707260149	0.000000000000000
-0.127714204391966	0.000000000000000
-0.126969853083568	0.000000000000000
-0.126217994948573	0.000000000000000
-0.125458970538981	0.000000000000000
-0.124693118995323	0.000000000000000
-0.123920777791995	0.000000000000000
-0.123142282508478	0.000000000000000
-0.122357966462063	0.000000000000000
-0.121568160535089	0.000000000000000
-0.120773192937552	0.000000000000000
-0.119973388920530	0.000000000000000
-0.119169070535517	0.000000000000000
-0.118360556556196	0.000000000000000
-0.117548162087837	0.000000000000000
-0.116732198490802	0.000000000000000
-0.115912973164483	0.000000000000000
-0.115090789425964	0.000000000000000
-0.114265946180934	0.000000000000000
-0.113438737983588	0.000000000000000
-0.112609454799244	0.000000000000000
-0.111778381768369	0.000000000000000
-0.110945799293930	0.000000000000000
-0.110111982738463	0.000000000000000
-0.109277202411760	0.000000000000000
-0.108441723508283	0.000000000000000
-0.107605805877417	0.000000000000000
-0.106769704135307	0.000000000000000
-0.105933667445504	0.000000000000000
-0.105097939542895	0.000000000000000
-0.104262758673702	0.000000000000000
-0.103428357514132	0.000000000000000
-0.102594963149894	0.000000000000000
-0.101762797104639	0.000000000000000
-0.100932075268989	0.000000000000000
-0.100103007861515	0.000000000000000
-0.099275799528208	0.000000000000000
-0.098450649246012	0.000000000000000
-0.097627750337484	0.000000000000000
-0.096807290574996	0.000000000000000
-0.095989452129662	0.000000000000000
-0.095174411576078	0.000000000000000
-0.094362340045167	0.000000000000000
-0.093553403069224	0.000000000000000
-0.092747760862941	0.000000000000000
-0.091945568139139	0.000000000000000
-0.091146974351193	0.000000000000000
-0.090352123643213	0.000000000000000
-0.089561154894703	0.000000000000000
-0.088774201913653	0.000000000000000
-0.087991393352718	0.000000000000000
-0.087212852864599	0.000000000000000
-0.086438699203245	0.000000000000000
-0.085669046202702	0.000000000000000
-0.084904002953783	0.000000000000000
-0.084143673832499	0.000000000000000
-0.083388158618001	0.000000000000000
-0.082637552535196	0.000000000000000
-0.081891946404164	0.000000000000000
-0.081151426690237	0.000000000000000
-0.080416075614078	0.000000000000000
-0.079685971186173	0.000000000000000
-0.078961187455257	0.000000000000000
-0.078241794370332	0.000000000000000
-0.077527858123393	0.000000000000000
-0.076819441088102	0.000000000000000
-0.076116601919348	0.000000000000000
-0.075419395784807	0.000000000000000
-0.074727874296346	0.000000000000000
-0.074042085690292	0.000000000000000
-0.073362074964453	0.000000000000000
-0.072687883913645	0.000000000000000
-0.072019551221430	0.000000000000000
-0.071357112618102	0.000000000000000
-0.070700600942333	0.000000000000000
-0.070050046220576	0.000000000000000
-0.069405475793431	0.000000000000000
-0.068766914453090	0.000000000000000
-0.068134384410472	0.000000000000000
-0.067507905531082	0.000000000000000
-0.066887495374813	0.000000000000000
-0.066273169239015	0.000000000000000
-0.065664940349266	0.000000000000000
-0.065062819886751	0.000000000000000
-0.064466817085525	0.000000000000000
-0.063876939370992	0.000000000000000
-0.063293192371877	0.000000000000000
-0.062715580088844	0.000000000000000
-0.062144104929225	0.000000000000000
-0.061578767812333	0.000000000000000
-0.061019568281899	0.000000000000000
-0.060466504544407	0.000000000000000
-0.059919573604224	0.000000000000000
-0.059378771310045	0.000000000000000
-0.058844092422038	0.000000000000000
-0.058315530817092	0.000000000000000
-0.057793079374708	0.000000000000000
-0.057276730258211	0.000000000000000
-0.056766474821351	0.000000000000000
-0.056262303850917	0.000000000000000
-0.055764207517294	0.000000000000000
-0.055272175538413	0.000000000000000
-0.054786197172493	0.000000000000000
-0.054306261437549	0.000000000000000
-0.053832357048194	0.000000000000000
-0.053364472532691	0.000000000000000
-0.052902596414805	0.000000000000000
-0.052446717112602	0.000000000000000
-0.051996823191790	0.000000000000000
-0.051552903305851	0.000000000000000
-0.051114946406333	0.000000000000000
-0.050682941669709	0.000000000000000
-0.050256878725704	0.000000000000000
-0.049836747653777	0.000000000000000
-0.049422539080544	0.000000000000000
-0.049014244263556	0.000000000000000
-0.048611855174597	0.000000000000000
-0.048215364629883	0.000000000000000
-0.047824766223097	0.000000000000000
-0.047440054688696	0.000000000000000
-0.047061225638613	0.000000000000000
-0.046688275983182	0.000000000000000
-0.046321203808241	0.000000000000000
-0.045960008534573	0.000000000000000
-0.045604691050335	0.000000000000000
-0.045255253767594	0.000000000000000
-0.044911700734783	0.000000000000000
-0.044574037695165	0.000000000000000
-0.044242272348775	0.000000000000000
-0.043916414242922	0.000000000000000
-0.043596475074829	0.000000000000000
-0.043282468700095	0.000000000000000
-0.042974411311982	0.000000000000000
-0.042672321543947	0.000000000000000
-0.042376220615303	0.000000000000000
-0.042086132469341	0.000000000000000
-0.041802083877679	0.000000000000000
-0.041524104678508	0.000000000000000
-0.041252227872986	0.000000000000000
-0.040986489759891	0.000000000000000
-0.040726930157664	0.000000000000000
-0.040473592673356	0.000000000000000
-0.040226524598606	0.000000000000000
-0.039985777486516	0.000000000000000
-0.039751407090476	0.000000000000000
-0.039523473640151	0.000000000000000
-0.039302042192169	0.000000000000000
-0.039087182683097	0.000000000000000
-0.038878970328020	0.000000000000000
-0.038677485861788	0.000000000000000
-0.038482815738667	0.000000000000000
-0.038295052563500	0.000000000000000
-0.038114295298741	0.000000000000000
-0.037940649666547	0.000000000000000
-0.037774228445180	0.000000000000000
-0.037615151923357	0.000000000000000
-0.037463548182398	0.000000000000000
-0.037319553654738	0.000000000000000
-0.037183313441104	0.000000000000000
-0.037054981849136	0.000000000000000
-0.036934722913909	0.000000000000000
-0.036822710841020	0.000000000000000
-0.036719130670946	0.000000000000000
-0.036624178832978	0.000000000000000
-0.036538063741851	0.000000000000000
-0.036461006590728	0.000000000000000
-0.036393241924320	0.000000000000000
-0.036335018551713	0.000000000000000
-0.036286600256083	0.000000000000000
-0.036248266722880	0.000000000000000
-0.036220314459245	0.000000000000000
-0.036203057781621	0.000000000000000
-0.036196829878762	0.000000000000000
-0.036201983941299	0.000000000000000
-0.036218894387711	0.000000000000000
-0.036247958083573	0.000000000000000
-0.036289595864947	0.000000000000000
-0.036344253848681	0.000000000000000
-0.036412405110856	0.000000000000000
-0.036494551438542	0.000000000000000
-0.036591224935587	0.000000000000000
-0.036702990201684	0.000000000000000
-0.036830446267037	0.000000000000000
-0.036974228932080	0.000000000000000
-0.037135013006381	0.000000000000000
-0.037313515115364	0.000000000000000
-0.037510496286903	0.000000000000000
-0.037726764981310	0.000000000000000
-0.037963180382980	0.000000000000000
-0.038220655689603	0.000000000000000
-0.038500162003053	0.000000000000000
-0.038802732169034	0.000000000000000
-0.039129465208146	0.000000000000000
-0.039481530941334	0.000000000000000
-0.039860174953186	0.000000000000000
-0.040266724081824	0.000000000000000
-0.040702592264963	0.000000000000000
-0.041169286852873	0.000000000000000
-0.041668415432856	0.000000000000000
-0.042201693348343	0.000000000000000
-0.042770951544656	0.000000000000000
-0.043378145478110	0.000000000000000
-0.044025364352560	0.000000000000000
-0.044714841461811	0.000000000000000
-0.045448965269374	0.000000000000000
-0.046230291420678	0.000000000000000
-0.047061555892579	0.000000000000000
-0.047945689227220	0.000000000000000
-0.048885832022210	0.000000000000000
-0.049885351831730	0.000000000000000
-0.050947861517207	0.000000000000000
-0.052077239350242	0.000000000000000
-0.053277650819164	0.000000000000000
-0.054553572553753	0.000000000000000
-0.055909818365188	0.000000000000000
-0.057351567736968	0.000000000000000
-0.058884396979731	0.000000000000000
-0.060514313438558	0.000000000000000
-0.062247792595821	0.000000000000000
-0.064091819302629	0.000000000000000
-0.066053932348109	0.000000000000000
-0.068142273882904	0.000000000000000
-0.070365643340479	0.000000000000000
-0.072733556881650	0.000000000000000
-0.075256312500179	0.000000000000000
-0.077945061886650	0.000000000000000
-0.080811889423181	0.000000000000000
-0.083869898908162	0.000000000000000
-0.087133309555035	0.000000000000000
-0.090617561521787	0.000000000000000
-0.094339432192926	0.000000000000000
-0.098317164849862	0.000000000000000
-0.102570610378154	0.000000000000000
-0.107121383835932	0.000000000000000
-0.111993037586197	0.000000000000000
-0.117211252419403	0.000000000000000
-0.122804048967172	0.000000000000000
-0.128802021386478	0.000000000000000
-0.135238595848304	0.000000000000000
-0.142150316269876	0.000000000000000
-0.149577160636348	0.000000000000000
-0.157562890344093	0.000000000000000
-0.166155436758734	0.000000000000000
-0.175407328259874	0.000000000000000
-0.185376162119424	0.000000000000000
-0.196125124985827	0.000000000000000
-0.207723567197532	0.000000000000000
-0.220247635357577	0.000000000000000
-0.233780967919260	0.000000000000000
-0.248415459027611	0.000000000000000
-0.264252095455593	0.000000000000000
-0.281401871049630	0.000000000000000
-0.299986782675342	0.000000000000000
-0.320140910762842	0.000000000000000
-0.342011586327779	0.000000000000000
-0.365760643498743	0.000000000000000
-0.391565754570486	0.000000000000000
-0.419621840327246	0.000000000000000
-0.450142542957103	0.000000000000000
-0.483361742036458	0.000000000000000
-0.519535084996588	0.000000000000000
-0.558941491788999	0.000000000000000
-0.601884579032390	0.000000000000000
-0.648693928974164	0.000000000000000
-0.699726107822639	0.000000000000000
-0.755365308101046	0.000000000000000
-0.816023455116142	0.000000000000000
-0.882139580341437	0.000000000000000
-0.954178214795519	0.000000000000000
-1.032626502740574	0.000000000000000
-1.117989681161007	0.000000000000000
-1.210784505932444	0.000000000000000
-1.311530148109308	0.000000000000000
-1.420736033705369	0.000000000000000
-1.538886062815610	0.000000000000000
-1.666418643380911	0.000000000000000
-1.803702014944207	0.000000000000000
-1.951004455784861	0.000000000000000
-2.108459170294385	0.000000000000000
-2.276023981492733	0.000000000000000
-2.453436438950023	0.000000000000000
-2.640165582088855	0.000000000000000
-2.835362415398651	0.000000000000000
-3.037812098746611	0.000000000000000
-3.245891878567622	0.000000000000000
-3.457539775997648	0.000000000000000
-3.670239823950940	0.000000000000000
-3.881030000702451	0.000000000000000
-4.086538685054030	0.000000000000000
-4.283054244760113	0.000000000000000
-4.466630099841260	0.000000000000000
-4.633224299603608	0.000000000000000
-4.778868541342410	0.000000000000000
-4.899857097624546	0.000000000000000
-4.992942043343246	0.000000000000000
-5.055518254537033	0.000000000000000
-5.085780658262484	0.000000000000000
-5.082837650347787	0.000000000000000
-5.046768444850712	0.000000000000000
-4.978618000641343	0.000000000000000
-4.880330087057558	0.000000000000000
-4.754625885054606	0.000000000000000
-4.604841126566534	0.000000000000000
-4.434738256862573	0.000000000000000
-4.248311133761600	0.000000000000000
-4.049598441751154	0.000000000000000
-3.842518834400484	0.000000000000000
-3.630736631795258	0.000000000000000
-3.417562455666158	0.000000000000000
-3.205889164657813	0.000000000000000
-2.998160318079264	0.000000000000000
-2.796366292445949	0.000000000000000
-2.602062116812540	0.000000000000000
-2.416400897116444	0.000000000000000
-2.240177136768447	0.000000000000000
-2.073875088594503	0.000000000000000
-1.917718269574487	0.000000000000000
-1.771717299485287	0.000000000000000
-1.635714144733650	0.000000000000000
-1.509421636975105	0.000000000000000
-1.392457749361924	0.000000000000000
-1.284374563005019	0.000000000000000
-1.184682168282200	0.000000000000000
-1.092867933067180	0.000000000000000
-1.008411672431351	0.000000000000000
-0.930797287591149	0.000000000000000
-0.859521433871118	0.000000000000000
-0.794099737531885	0.000000000000000
-0.734071030353443	0.000000000000000
-0.679000008597158	0.000000000000000
-0.628478664249421	0.000000000000000
-0.582126779330834	0.000000000000000
-0.539591719588287	0.000000000000000
-0.500547721768371	0.000000000000000
-0.464694826125099	0.000000000000000
-0.431757575601590	0.000000000000000
-0.401483572554323	0.000000000000000
-0.373641965699376	0.000000000000000
-0.348021917896260	0.000000000000000
-0.324431094027794	0.000000000000000
-0.302694195609919	0.000000000000000
-0.282651560645987	0.000000000000000
-0.264157840102278	0.000000000000000
-0.247080757652180	0.000000000000000
-0.231299955549860	0.000000000000000
-0.216705926812120	0.000000000000000
-0.203199031453251	0.000000000000000
-0.190688593791371	0.000000000000000
-0.179092076900372	0.000000000000000
-0.168334329084591	0.000000000000000
-0.158346898094440	0.000000000000000
-0.149067407416972	0.000000000000000
-0.140438990554189	0.000000000000000
-0.132409777661657	0.000000000000000
-0.124932430955230	0.000000000000000
-0.117963723729856	0.000000000000000
-0.111464159777800	0.000000000000000
-0.105397628770229	0.000000000000000
-0.099731095077199	0.000000000000000
-0.094434316045657	0.000000000000000
-0.089479587247733	0.000000000000000
-0.084841512431873	0.000000000000000
-0.080496795090767	0.000000000000000
-0.076424050031778	0.000000000000000
-0.072603633038757	0.000000000000000
-0.069017486314278	0.000000000000000
-0.065648998854573	0.000000000000000
-0.062482879651878	0.000000000000000
-0.059505043215791	0.000000000000000
-0.056702505014871	0.000000000000000
-0.054063287468618	0.000000000000000
-0.051576334018194	0.000000000000000
-0.049231431217211	0.000000000000000
-0.047019137989201	0.000000000000000
-0.044930721395565	0.000000000000000
-0.042958097820908	0.000000000000000
-0.041093779886292	0.000000000000000
-0.039330827711519	0.000000000000000
-0.037662804780956	0.000000000000000
-0.036083737340470	0.000000000000000
-0.034588077757781	0.000000000000000
-0.033170670702439	0.000000000000000
-0.031826722364516	0.000000000000000
-0.030551772421372	0.000000000000000
-0.029341668166361	0.000000000000000
-0.028192540957996	0.000000000000000
-0.027100784642676	0.000000000000000
-0.026063035714580	0.000000000000000
-0.025076155123869	0.000000000000000
-0.024137211602512	0.000000000000000
-0.023243466375045	0.000000000000000
-0.022392358989503	0.000000000000000
-0.021581494428482	0.000000000000000
-0.020808631154610	0.000000000000000
-0.020071670106920	0.000000000000000
-0.019368644596695	0.000000000000000
-0.018697711079001	0.000000000000000
-0.018057140284205	0.000000000000000
-0.017445309606619	0.000000000000000
-0.016860695472248	0.000000000000000
-0.016301866761805	0.000000000000000
-0.015767478384647	0.000000000000000
-0.015256265678600	0.000000000000000
-0.014767038739092	0.000000000000000
-0.014298677766005	0.000000000000000
-0.013850128197449	0.000000000000000
-0.013420396623471	0.000000000000000
-0.013008546653022	0.000000000000000
-0.012613695361985	0.000000000000000
-0.012235009798451	0.000000000000000
-0.011871703873019	0.000000000000000
-0.011523035270071	0.000000000000000
-0.011188302849146	0.000000000000000
-0.010866844043495	0.000000000000000
-0.010558032377300	0.000000000000000
-0.010261275403334	0.000000000000000
-0.009976012504062	0.000000000000000
-0.009701713040444	0.000000000000000
-0.009437874502081	0.000000000000000
-0.009184020889326	0.000000000000000
-0.008939701052058	0.000000000000000
-0.008704487310218	0.000000000000000
-0.008477974027419	0.000000000000000
-0.008259776381719	0.000000000000000
-0.008049529079162	0.000000000000000
-0.007846885333029	0.000000000000000
-0.007651515763364	0.000000000000000
-0.007463107360977	0.000000000000000
-0.007281362689563	0.000000000000000
-0.007105998898435	0.000000000000000
-0.006936746972802	0.000000000000000
-0.006773350957348	0.000000000000000
-0.006615567286583	0.000000000000000
-0.006463163958687	0.000000000000000
-0.006315920120854	0.000000000000000
-0.006173625361667	0.000000000000000
-0.006036079068678	0.000000000000000
-0.005903090118455	0.000000000000000
-0.005774476162855	0.000000000000000
-0.005650063311238	0.000000000000000
-0.005529685630758	0.000000000000000
-0.005413184771687	0.000000000000000
-0.005300409460559	0.000000000000000
-0.005191215378662	0.000000000000000
-0.005085464511633	0.000000000000000
-0.004983025074244	0.000000000000000
-0.004883771060613	0.000000000000000
-0.004787582001463	0.000000000000000
-0.004694342696129	0.000000000000000
-0.004603942940474	0.000000000000000
-0.004516277272450	0.000000000000000
-0.004431244740964	0.000000000000000
-0.004348748744228	0.000000000000000
-0.004268696726700	0.000000000000000
-0.004191000018831	0.000000000000000
-0.004115573745387	0.000000000000000
-0.004042336477964	0.000000000000000
-0.003971210205588	0.000000000000000
-0.003902120108326	0.000000000000000
-0.003834994458414	0.000000000000000
-0.003769764414590	0.000000000000000
-0.003706363942309	0.000000000000000
-0.003644729654665	0.000000000000000
-0.003584800715164	0.000000000000000
-0.003526518693076	0.000000000000000
-0.003469827490669	0.000000000000000
-0.003414673201825	0.000000000000000
-0.003361004047100	0.000000000000000
-0.003308770236623	0.000000000000000
-0.003257923957066	0.000000000000000
-0.003208419201566	0.000000000000000
-0.003160211714849	0.000000000000000
-0.003113258986427	0.000000000000000
-0.003067520061911	0.000000000000000
-0.003022955547487	0.000000000000000
-0.002979527565131	0.000000000000000
-0.002937199581014	0.000000000000000
-0.002895936498130	0.000000000000000
-0.002855704444398	0.000000000000000
-0.002816470862464	0.000000000000000
-0.002778204317987	0.000000000000000
-0.002740874567329	0.000000000000000
-0.002704452470593	0.000000000000000
-0.002668909886367	0.000000000000000
-0.002634219738009	0.000000000000000
-0.002600355865429	0.000000000000000
-0.002567293110020	0.000000000000000
-0.002535007102915	0.000000000000000
-0.002503474422970	0.000000000000000
-0.002472672421357	0.000000000000000
-0.002442579256132	0.000000000000000
-0.002413173826199	0.000000000000000
-0.002384435761349	0.000000000000000
-0.002356345421282	0.000000000000000
-0.002328883817754	0.000000000000000
-0.002302032555145	0.000000000000000
-0.002275773972130	0.000000000000000
-0.002250090908934	0.000000000000000
-0.002224966823409	0.000000000000000
-0.002200385698699	0.000000000000000
-0.002176332106112	0.000000000000000
-0.002152791052916	0.000000000000000
-0.002129748093247	0.000000000000000
-0.002107189240473	0.000000000000000
-0.002085100975279	0.000000000000000
-0.002063470168059	0.000000000000000
-0.002042284202873	0.000000000000000
-0.002021530772046	0.000000000000000
-0.002001198050691	0.000000000000000
-0.001981274528411	0.000000000000000
-0.001961749085685	0.000000000000000
-0.001942610972957	0.000000000000000
-0.001923849730304	0.000000000000000
-0.001905455275287	0.000000000000000
-0.001887417827425	0.000000000000000
-0.001869727886154	0.000000000000000
-0.001852376291917	0.000000000000000
-0.001835354089797	0.000000000000000
-0.001818652726752	0.000000000000000
-0.001802263760925	0.000000000000000
-0.001786179138301	0.000000000000000
-0.001770390951606	0.000000000000000
-0.001754891615290	0.000000000000000
-0.001739673687803	0.000000000000000
-0.001724730047739	0.000000000000000
-0.001710053683674	0.000000000000000
-0.001695637870677	0.000000000000000
-0.001681476050128	0.000000000000000
-0.001667561864229	0.000000000000000
-0.001653889142411	0.000000000000000
-0.001640451873742	0.000000000000000
-0.001627244274263	0.000000000000000
-0.001614260677990	0.000000000000000
-0.001601495584058	0.000000000000000
-0.001588943701785	0.000000000000000
-0.001576599829786	0.000000000000000
-0.001564458961079	0.000000000000000
-0.001552516206933	0.000000000000000
-0.001540766816377	0.000000000000000
-0.001529206200917	0.000000000000000
-0.001517829866248	0.000000000000000
-0.001506633457548	0.000000000000000
-0.001495612749510	0.000000000000000
-0.001484763636247	0.000000000000000
-0.001474082107872	0.000000000000000
-0.001463564286548	0.000000000000000
-0.001453206377553	0.000000000000000
-0.001443004708230	0.000000000000000
-0.001432955714255	0.000000000000000
-0.001423055913040	0.000000000000000
-0.001413301901954	0.000000000000000
-0.001403690418787	0.000000000000000
-0.001394218225716	0.000000000000000
-0.001384882243260	0.000000000000000
-0.001375679410788	0.000000000000000
-0.001366606775148	0.000000000000000
-0.001357661482180	0.000000000000000
-0.001348840719544	0.000000000000000
-0.001340141766545	0.000000000000000
-0.001331561967179	0.000000000000000
-0.001323098747590	0.000000000000000
-0.001314749596223	0.000000000000000
-0.001306512033661	0.000000000000000
-0.001298383716209	0.000000000000000
-0.001290362298296	0.000000000000000
-0.001282445514688	0.000000000000000
-0.001274631163740	0.000000000000000
-0.001266917105482	0.000000000000000
-0.001259301225506	0.000000000000000
-0.001251781512213	0.000000000000000
-0.001244355937962	0.000000000000000
-0.001237022605078	0.000000000000000
-0.001229779602187	0.000000000000000
-0.001222625087345	0.000000000000000
-0.001215557262178	0.000000000000000
-0.001208574414013	0.000000000000000
-0.001201674760502	0.000000000000000
-0.001194856706977	0.000000000000000
-0.001188118606935	0.000000000000000
-0.001181458850029	0.000000000000000
-0.001174875941014	0.000000000000000
-0.001168368331097	0.000000000000000
-0.001161934575908	0.000000000000000
-0.001155573231330	0.000000000000000
-0.001149282891984	0.000000000000000
-0.001143062213210	0.000000000000000
-0.001136909842172	0.000000000000000
-0.001130824481440	0.000000000000000
-0.001124804878181	0.000000000000000
-0.001118849777568	0.000000000000000
-0.001112957973241	0.000000000000000
-0.001107128296668	0.000000000000000
-0.001101359577375	0.000000000000000
-0.001095650694786	0.000000000000000
-0.001090000569777	0.000000000000000
-0.001084408109199	0.000000000000000
-0.001078872260373	0.000000000000000
-0.001073392029313	0.000000000000000
-0.001067966383403	0.000000000000000
-0.001062594375507	0.000000000000000
-0.001057275018372	0.000000000000000
-0.001052007418670	0.000000000000000
-0.001046790646703	0.000000000000000
-0.001041623805321	0.000000000000000
-0.001036506034208	0.000000000000000
-0.001031436502605	0.000000000000000
-0.001026414348059	0.000000000000000
-0.001021438772444	0.000000000000000
-0.001016509000795	0.000000000000000
-0.001011624235688	0.000000000000000
-0.001006783723572	0.000000000000000
-0.001001986748340	0.000000000000000
-0.000997232525768	0.000000000000000
-0.000992520440140	0.000000000000000
-0.000987849715435	0.000000000000000
-0.000983219712858	0.000000000000000
-0.000978629771760	0.000000000000000
-0.000974079243836	0.000000000000000
-0.000969567478767	0.000000000000000
-0.000965093884860	0.000000000000000
-0.000960657823612	0.000000000000000
-0.000956258739405	0.000000000000000
-0.000951896037124	0.000000000000000
-0.000947569128786	0.000000000000000
-0.000943277505711	0.000000000000000
-0.000939020564778	0.000000000000000
-0.000934797836881	0.000000000000000
-0.000930608757023	0.000000000000000
-0.000926452852257	0.000000000000000
-0.000922329587570	0.000000000000000
-0.000918238500496	0.000000000000000
-0.000914179109861	0.000000000000000
-0.000910150942332	0.000000000000000
-0.000906153550087	0.000000000000000
-0.000902186468716	0.000000000000000
-0.000898249298603	0.000000000000000
-0.000894341541626	0.000000000000000
-0.000890462870109	0.000000000000000
-0.000886612781869	0.000000000000000
-0.000882790931623	0.000000000000000
-0.000878996908222	0.000000000000000
-0.000875230325194	0.000000000000000
-0.000871490793849	0.000000000000000
-0.000867777968899	0.000000000000000
-0.000864091441047	0.000000000000000
-0.000860430926242	0.000000000000000
-0.000856795996354	0.000000000000000
-0.000853186361047	0.000000000000000
-0.000849601673259	0.000000000000000
-0.000846041592804	0.000000000000000
-0.000842505818691	0.000000000000000
-0.000838994019723	0.000000000000000
-0.000835505875585	0.000000000000000
-0.000832041136882	0.000000000000000
-0.000828599424312	0.000000000000000
-0.000825180519531	0.000000000000000
-0.000821784107711	0.000000000000000
-0.000818409886033	0.000000000000000
-0.000815057633051	0.000000000000000
-0.000811727029029	0.000000000000000
-0.000808417847537	0.000000000000000
-0.000805129805026	0.000000000000000
-0.000801862648351	0.000000000000000
-0.000798616153750	0.000000000000000
-0.000795390043993	0.000000000000000
-0.000792184106489	0.000000000000000
-0.000788998079535	0.000000000000000
-0.000785831759983	0.000000000000000
-0.000782684895437	0.000000000000000
-0.000779557298963	0.000000000000000
-0.000776448707485	0.000000000000000
-0.000773358938164	0.000000000000000
-0.000770287790132	0.000000000000000
-0.000767234996997	0.000000000000000
-0.000764200444782	0.000000000000000
-0.000761183858553	0.000000000000000
-0.000758185098924	0.000000000000000
-0.000755203920539	0.000000000000000
-0.000752240182984	0.000000000000000
-0.000749293688786	0.000000000000000
-0.000746364236606	0.000000000000000
-0.000743451664334	0.000000000000000
-0.000740555803397	0.000000000000000
-0.000737676469172	0.000000000000000
-0.000734813500756	0.000000000000000
-0.000731966720991	0.000000000000000
-0.000729135985101	0.000000000000000
-0.000726321121710	0.000000000000000
-0.000723521965652	0.000000000000000
-0.000720738385655	0.000000000000000
-0.000717970205236	0.000000000000000
-0.000715217294709	0.000000000000000
-0.000712479489140	0.000000000000000
-0.000709756663716	0.000000000000000
-0.000707048656145	0.000000000000000
-0.000704355345322	0.000000000000000
-0.000701676588953	0.000000000000000
-0.000699012248957	0.000000000000000
-0.000696362173409	0.000000000000000
-0.000693726282835	0.000000000000000
-0.000691104401462	0.000000000000000
-0.000688496426704	0.000000000000000
-0.000685902222571	0.000000000000000
-0.000683321673742	0.000000000000000
-0.000680754663000	0.000000000000000
-0.000678201066957	0.000000000000000
-0.000675660765185	0.000000000000000
-0.000673133657693	0.000000000000000
-0.000670619616926	0.000000000000000
-0.000668118540595	0.000000000000000
-0.000665630313580	0.000000000000000
-0.000663154844947	0.000000000000000
-0.000660691998043	0.000000000000000
-0.000658241698364	0.000000000000000
-0.000655803830309	0.000000000000000
-0.000653378298825	0.000000000000000
-0.000650964990636	0.000000000000000
-0.000648563828422	0.000000000000000
-0.000646174698744	0.000000000000000
-0.000643797513116	0.000000000000000
-0.000641432180449	0.000000000000000
-0.000639078610831	0.000000000000000
-0.000636736698404	0.000000000000000
-0.000634406372080	0.000000000000000
-0.000632087536961	0.000000000000000
-0.000629780083435	0.000000000000000
-0.000627483981784	0.000000000000000
-0.000625199079770	0.000000000000000
-0.000622925353676	0.000000000000000
-0.000620662687954	0.000000000000000
-0.000618410983707	0.000000000000000
-0.000616170228942	0.000000000000000
-0.000613940261006	0.000000000000000
-0.000611721069679	0.000000000000000
-0.000609512547547	0.000000000000000
-0.000607314605748	0.000000000000000
-0.000605127206354	0.000000000000000
-0.000602950255006	0.000000000000000
-0.000600783665448	0.000000000000000
-0.000598627398044	0.000000000000000
-0.000596481353863	0.000000000000000
-0.000594345480487	0.000000000000000
-0.000592219705889	0.000000000000000
-0.000590103941814	0.000000000000000
-0.000587998159016	0.000000000000000
-0.000585902259368	0.000000000000000
-0.000583816182890	0.000000000000000
-0.000581739892461	0.000000000000000
-0.000579673269307	0.000000000000000
-0.000577616315057	0.000000000000000
-0.000575568905509	0.000000000000000
-0.000573531032188	0.000000000000000
-0.000571502598133	0.000000000000000
-0.000569483559329	0.000000000000000
-0.000567473852729	0.000000000000000
-0.000565473419723	0.000000000000000
-0.000563482192177	0.000000000000000
-0.000561500140562	0.000000000000000
-0.000559527159263	0.000000000000000
-0.000557563268479	0.000000000000000
-0.000555608321761	0.000000000000000
-0.000553662329935	0.000000000000000
-0.000551725216770	0.000000000000000
-0.000549796925503	0.000000000000000
-0.000547877406063	0.000000000000000
-0.000545966611114	0.000000000000000
-0.000544064485298	0.000000000000000
-0.000542170959643	0.000000000000000
-0.000540286020863	0.000000000000000
-0.000538409584000	0.000000000000000
-0.000536541611557	0.000000000000000
-0.000534682062352	0.000000000000000
-0.000532830866269	0.000000000000000
-0.000530987997574	0.000000000000000
-0.000529153399062	0.000000000000000
-0.000527327016607	0.000000000000000
-0.000525508804195	0.000000000000000
-0.000523698749027	0.000000000000000
-0.000521896726271	0.000000000000000
-0.000520102794445	0.000000000000000
-0.000518316800285	0.000000000000000
-0.000516538790819	0.000000000000000
-0.000514768670946	0.000000000000000
-0.000513006398568	0.000000000000000
-0.000511251950820	0.000000000000000
-0.000509505266317	0.000000000000000
-0.000507766312521	0.000000000000000
-0.000506035039939	0.000000000000000
-0.000504311401603	0.000000000000000
-0.000502595383109	0.000000000000000
-0.000500886893847	0.000000000000000
-0.000499185955666	0.000000000000000
-0.000497492457053	0.000000000000000
-0.000495806427510	0.000000000000000
-0.000494127767653	0.000000000000000
-0.000492456474103	0.000000000000000
-0.000490792486478	0.000000000000000
-0.000489135782889	0.000000000000000
-0.000487486319506	0.000000000000000
-0.000485844052683	0.000000000000000
-0.000484208932026	0.000000000000000
-0.000482580939246	0.000000000000000
-0.000480960048408	0.000000000000000
-0.000479346172090	0.000000000000000
-0.000477739323880	0.000000000000000
-0.000476139443841	0.000000000000000
-0.000474546494492	0.000000000000000
-0.000472960445467	0.000000000000000
-0.000471381250542	0.000000000000000
-0.000469808895310	0.000000000000000
-0.000468243323092	0.000000000000000
-0.000466684494799	0.000000000000000
-0.000465132390933	0.000000000000000
-0.000463586976798	0.000000000000000
-0.000462048206643	0.000000000000000
-0.000460516048321	0.000000000000000
-0.000458990462255	0.000000000000000
-0.000457471432784	0.000000000000000
-0.000455958905856	0.000000000000000
-0.000454452857299	0.000000000000000
-0.000452953263637	0.000000000000000
-0.000451460050851	0.000000000000000
-0.000449973241401	0.000000000000000
-0.000448492761178	0.000000000000000
-0.000447018602477	0.000000000000000
-0.000445550697109	0.000000000000000
-0.000444089066165	0.000000000000000
-0.000442633626358	0.000000000000000
-0.000441184376176	0.000000000000000
-0.000439741269708	0.000000000000000
-0.000438304288324	0.000000000000000
-0.000436873380211	0.000000000000000
-0.000435448528951	0.000000000000000
-0.000434029712264	0.000000000000000
-0.000432616867298	0.000000000000000
-0.000431209983327	0.000000000000000
-0.000429809054876	0.000000000000000
-0.000428413981555	0.000000000000000
-0.000427024823969	0.000000000000000
-0.000425641460517	0.000000000000000
-0.000424263928070	0.000000000000000
-0.000422892167612	0.000000000000000
-0.000421526168918	0.000000000000000
-0.000420165845170	0.000000000000000
-0.000418811258561	0.000000000000000
-0.000417462304255	0.000000000000000
-0.000416118979516	0.000000000000000
-0.000414781266941	0.000000000000000
-0.000413449104942	0.000000000000000
-0.000412122517631	0.000000000000000
-0.000410801397447	0.000000000000000
-0.000409485802902	0.000000000000000
-0.000408175644403	0.000000000000000
-0.000406870916835	0.000000000000000
-0.000405571590813	0.000000000000000
-0.000404277628329	0.000000000000000
-0.000402989020168	0.000000000000000
-0.000401705723004	0.000000000000000
-0.000400427702929	0.000000000000000
-0.000399154962395	0.000000000000000
-0.000397887437783	0.000000000000000
-0.000396625124649	0.000000000000000
-0.000395367990626	0.000000000000000
-0.000394116008295	0.000000000000000
-0.000392869141550	0.000000000000000
-0.000391627383698	0.000000000000000
-0.000390390684106	0.000000000000000
-0.000389159040335	0.000000000000000
-0.000387932393860	0.000000000000000
-0.000386710766417	0.000000000000000
-0.000385494079228	0.000000000000000
-0.000384282345298	0.000000000000000
-0.000383075517587	0.000000000000000
-0.000381873563113	0.000000000000000
-0.000380676500221	0.000000000000000
-0.000379484243054	0.000000000000000
-0.000378296812130	0.000000000000000
-0.000377114157061	0.000000000000000
-0.000375936269479	0.000000000000000
-0.000374763106171	0.000000000000000
-0.000373594651297	0.000000000000000
-0.000372430894762	0.000000000000000
-0.000371271772767	0.000000000000000
-0.000370117300278	0.000000000000000
-0.000368967449000	0.000000000000000
-0.000367822153653	0.000000000000000
-0.000366681443903	0.000000000000000
-0.000365545255270	0.000000000000000
-0.000364413592615	0.000000000000000
-0.000363286406059	0.000000000000000
-0.000362163691194	0.000000000000000
-0.000361045418766	0.000000000000000
-0.000359931560315	0.000000000000000
-0.000358822091833	0.000000000000000
-0.000357717005243	0.000000000000000
-0.000356616260737	0.000000000000000
-0.000355519831992	0.000000000000000
-0.000354427722720	0.000000000000000
-0.000353339878040	0.000000000000000
-0.000352256300105	0.000000000000000
-0.000351176943370	0.000000000000000
-0.000350101806532	0.000000000000000
-0.000349030861644	0.000000000000000
-0.000347964071601	0.000000000000000
-0.000346901436209	0.000000000000000
-0.000345842925442	0.000000000000000
-0.000344788511632	0.000000000000000
-0.000343738168924	0.000000000000000
-0.000342691906916	0.000000000000000
-0.000341649657537	0.000000000000000
-0.000340611441911	0.000000000000000
-0.000339577215989	0.000000000000000
-0.000338546951617	0.000000000000000
-0.000337520669461	0.000000000000000
-0.000336498294268	0.000000000000000
-0.000335479840221	0.000000000000000
-0.000334465272179	0.000000000000000
-0.000333454602468	0.000000000000000
-0.000332447739972	0.000000000000000
-0.000331444746884	0.000000000000000
-0.000330445562140	0.000000000000000
-0.000329450152799	0.000000000000000
-0.000328458543530	0.000000000000000
-0.000327470662865	0.000000000000000
-0.000326486522145	0.000000000000000
-0.000325506126822	0.000000000000000
-0.000324529398676	0.000000000000000
-0.000323556361097	0.000000000000000
-0.000322587000162	0.000000000000000
-0.000321621255855	0.000000000000000
-0.000320659161074	0.000000000000000
-0.000319700668692	0.000000000000000
-0.000318745754318	0.000000000000000
-0.000317794431638	0.000000000000000
-0.000316846657783	0.000000000000000
-0.000315902424412	0.000000000000000
-0.000314961715279	0.000000000000000
-0.000314024502400	0.000000000000000
-0.000313090790621	0.000000000000000
-0.000312160555597	0.000000000000000
-0.000311233763062	0.000000000000000
-0.000310310425189	0.000000000000000
-0.000309390509874	0.000000000000000
-0.000308474000115	0.000000000000000
-0.000307560907913	0.000000000000000
-0.000306651157679	0.000000000000000
-0.000305744817601	0.000000000000000
-0.000304841787374	0.000000000000000
-0.000303942136700	0.000000000000000
-0.000303045766234	0.000000000000000
-0.000302152737600	0.000000000000000
-0.000301263004820	0.000000000000000
-0.000300376520938	0.000000000000000
-0.000299493356968	0.000000000000000
-0.000298613393767	0.000000000000000
-0.000297736726289	0.000000000000000
-0.000296863250633	0.000000000000000
-0.000295993020483	0.000000000000000
-0.000295125985884	0.000000000000000
-0.000294262148285	0.000000000000000
-0.000293401490528	0.000000000000000
-0.000292544017937	0.000000000000000
-0.000291689696091	0.000000000000000
-0.000290838531824	0.000000000000000
-0.000289990503770	0.000000000000000
-0.000289145620097	0.000000000000000
-0.000288303834136	0.000000000000000
-0.000287465171492	0.000000000000000
-0.000286629630466	0.000000000000000
-0.000285797135270	0.000000000000000
-0.000284967775714	0.000000000000000
-0.000284141458645	0.000000000000000
-0.000283318225023	0.000000000000000
-0.000282498038616	0.000000000000000
-0.000281680918021	0.000000000000000
-0.000280866823875	0.000000000000000
-0.000280055785565	0.000000000000000
-0.000279247777957	0.000000000000000
-0.000278442765845	0.000000000000000
-0.000277640809454	0.000000000000000
-0.000276841837350	0.000000000000000
-0.000276045891361	0.000000000000000
-0.000275252935524	0.000000000000000
-0.000274462976396	0.000000000000000
-0.000273676006453	0.000000000000000
-0.000272892031762	0.000000000000000
-0.000272111041149	0.000000000000000
-0.000271333018169	0.000000000000000
-0.000270557977574	0.000000000000000
-0.000269785912841	0.000000000000000
-0.000269016821242	0.000000000000000
-0.000268250687136	0.000000000000000
-0.000267487516951	0.000000000000000
-0.000266727331368	0.000000000000000
-0.000265970084310	0.000000000000000
-0.000265215813572	0.000000000000000
-0.000264464502098	0.000000000000000
-0.000263716136723	0.000000000000000
-0.000262970751108	0.000000000000000
-0.000262228311495	0.000000000000000
-0.000261488842346	0.000000000000000
-0.000260752327756	0.000000000000000
-0.000260018781051	0.000000000000000
-0.000259288201455	0.000000000000000
-0.000258560572538	0.000000000000000
-0.000257835934970	0.000000000000000
-0.000257114247922	0.000000000000000
-0.000256395563459	0.000000000000000
-0.000255679820040	0.000000000000000
-0.000254967085070	0.000000000000000
-0.000254257339140	0.000000000000000
-0.000253550566136	0.000000000000000
-0.000252846785380	0.000000000000000
-0.000252146025155	0.000000000000000
-0.000251448249336	0.000000000000000
-0.000250753510619	0.000000000000000
-0.000250061764598	0.000000000000000
-0.000249373047173	0.000000000000000
-0.000248687380261	0.000000000000000
-0.000248004727891	0.000000000000000
-0.000247325132264	0.000000000000000
-0.000246648585624	0.000000000000000
-0.000245975115658	0.000000000000000
-0.000245304698215	0.000000000000000
-0.000244637365910	0.000000000000000
-0.000243973136838	0.000000000000000
-0.000243311987073	0.000000000000000
-0.000242653959429	0.000000000000000
-0.000241999038530	0.000000000000000
-0.000241347269634	0.000000000000000
-0.000240698629059	0.000000000000000
-0.000240053131428	0.000000000000000
-0.000239410817878	0.000000000000000
-0.000238771675062	0.000000000000000
-0.000238135715488	0.000000000000000
-0.000237502963428	0.000000000000000
-0.000236873428792	0.000000000000000
-0.000236247123640	0.000000000000000
-0.000235624057175	0.000000000000000
-0.000235004250430	0.000000000000000
-0.000234387723597	0.000000000000000
-0.000233774460103	0.000000000000000
-0.000233164535540	0.000000000000000
-0.000232557885474	0.000000000000000
-0.000231954605076	0.000000000000000
-0.000231354658054	0.000000000000000
-0.000230758073038	0.000000000000000
-0.000230164877025	0.000000000000000
-0.000229575079629	0.000000000000000
-0.000228988703092	0.000000000000000
-0.000228405754303	0.000000000000000
-0.000227826251719	0.000000000000000
-0.000227250242183	0.000000000000000
-0.000226677700421	0.000000000000000
-0.000226108670003	0.000000000000000
-0.000225543179605	0.000000000000000
-0.000224981219198	0.000000000000000
-0.000224422819277	0.000000000000000
-0.000223868035522	0.000000000000000
-0.000223316825932	0.000000000000000
-0.000222769256699	0.000000000000000
-0.000222225321275	0.000000000000000
-0.000221685073503	0.000000000000000
-0.000221148483915	0.000000000000000
-0.000220615637970	0.000000000000000
-0.000220086487578	0.000000000000000
-0.000219561114561	0.000000000000000
-0.000219039488295	0.000000000000000
-0.000218521691982	0.000000000000000
-0.000218007671145	0.000000000000000
-0.000217497532882	0.000000000000000
-0.000216991213713	0.000000000000000
-0.000216488810792	0.000000000000000
-0.000215990299138	0.000000000000000
-0.000215495722326	0.000000000000000
-0.000215005095152	0.000000000000000
-0.000214518436350	0.000000000000000
-0.000214035791548	0.000000000000000
-0.000213557155755	0.000000000000000
-0.000213082568806	0.000000000000000
-0.000212612044981	0.000000000000000
-0.000212145614371	0.000000000000000
-0.000211683312236	0.000000000000000
-0.000211225139423	0.000000000000000
