0.000530477699224	0.000000000000000
0.000508341039536	0.000000000000000
0.000486208217808	0.000000000000000
0.000464078784322	0.000000000000000
0.000441955228045	0.000000000000000
0.000419835052776	0.000000000000000
0.000397720596653	0.000000000000000
0.000375609972975	0.000000000000000
0.000353503051637	0.000000000000000
0.000331402788904	0.000000000000000
0.000309304401926	0.000000000000000
0.000287213090465	0.000000000000000
0.000265124087926	0.000000000000000
0.000243040216746	0.000000000000000
0.000220961243389	0.000000000000000
0.000198886540406	0.000000000000000
0.000176816077413	0.000000000000000
0.000154750313980	0.000000000000000
0.000132688419702	0.000000000000000
0.000110630999150	0.000000000000000
0.000088579359720	0.000000000000000
0.000066529909178	0.000000000000000
0.000044486579747	0.000000000000000
0.000022446554684	0.000000000000000
0.000000411645922	0.000000000000000
-0.000021619065017	0.000000000000000
-0.000043646113267	0.000000000000000
-0.000065667673588	0.000000000000000
-0.000087685386250	0.000000000000000
-0.000109699928824	0.000000000000000
-0.000131707980909	0.000000000000000
-0.000153713475524	0.000000000000000
-0.000175713452897	0.000000000000000
-0.000197710362558	0.000000000000000
-0.000219701817682	0.000000000000000
-0.000241689522907	0.000000000000000
-0.000263673094004	0.000000000000000
-0.000285652211628	0.000000000000000
-0.000307626921277	0.000000000000000
-0.000329597662888	0.000000000000000
-0.000351563727057	0.000000000000000
-0.000373526025923	0.000000000000000
-0.000395484443136	0.000000000000000
-0.000417437371866	0.000000000000000
-0.000439386448435	0.000000000000000
-0.000461333142377	0.000000000000000
-0.000483272991085	0.000000000000000
-0.000505209784970	0.000000000000000
-0.000527142875734	0.000000000000000
-0.000549070700078	0.000000000000000
-0.000570996057232	0.000000000000000
-0.000592915451258	0.000000000000000
-0.000614831166075	0.000000000000000
-0.000636743518577	0.000000000000000
-0.000658650939599	0.000000000000000
-0.000680554008031	0.000000000000000
-0.000702453791912	0.000000000000000
-0.000724348950480	0.000000000000000
-0.000746240055272	0.000000000000000
-0.000768126608064	0.000000000000000
-0.000790010372962	0.000000000000000
-0.000811888382353	0.000000000000000
-0.000833762844590	0.000000000000000
-0.000855634338744	0.000000000000000
-0.000877500051448	0.000000000000000
-0.000899362442102	0.000000000000000
-0.000921221445536	0.000000000000000
-0.000943074684400	0.000000000000000
-0.000964925845701	0.000000000000000
-0.000986771216322	0.000000000000000
-0.001008613576607	0.000000000000000
-0.001030451774379	0.000000000000000
-0.001052285576483	0.000000000000000
-0.001074115394548	0.000000000000000
-0.001095941325283	0.000000000000000
-0.001117763593331	0.000000000000000
-0.001139581060739	0.000000000000000
-0.001161394554565	0.000000000000000
-0.001183205385350	0.000000000000000
-0.001205010734876	0.000000000000000
-0.001226812090974	0.000000000000000
-0.001248610691020	0.000000000000000
-0.001270403596664	0.000000000000000
-0.001292194608363	0.000000000000000
-0.001313979189309	0.000000000000000
-0.001335761974928	0.000000000000000
-0.001357540140704	0.000000000000000
-0.001379313068238	0.000000000000000
-0.001401083387327	0.000000000000000
-0.001422849641543	0.000000000000000
-0.001444611705148	0.000000000000000
-0.001466369306056	0.000000000000000
-0.001488123815052	0.000000000000000
-0.001509874522478	0.000000000000000
-0.001531619865721	0.000000000000000
-0.001553362496405	0.000000000000000
-0.001575100648684	0.000000000000000
-0.001596835720324	0.000000000000000
-0.001618565403319	0.000000000000000
-0.001640292394572	0.000000000000000
-0.001662014590766	0.000000000000000
-0.001683734297615	0.000000000000000
-0.001705447856529	0.000000000000000
-0.001727159975475	0.000000000000000
-0.001748865880547	0.000000000000000
-0.001770569084010	0.000000000000000
-0.001792269031470	0.000000000000000
-0.001813963228867	0.000000000000000
-0.001835655018997	0.000000000000000
-0.001857341737661	0.000000000000000
-0.001879026785764	0.000000000000000
-0.001900704824506	0.000000000000000
-0.001922381598225	0.000000000000000
-0.001944052200814	0.000000000000000
-0.001965721166243	0.000000000000000
-0.001987385023139	0.000000000000000
-0.002009044040267	0.000000000000000
-0.002030701420587	0.000000000000000
-0.002052353358125	0.000000000000000
-0.002074001330449	0.000000000000000
-0.002095646731703	0.000000000000000
-0.002117286511623	0.000000000000000
-0.002138923217187	0.000000000000000
-0.002160556958195	0.000000000000000
-0.002182184996900	0.000000000000000
-0.002203809520020	0.000000000000000
-0.002225432120093	0.000000000000000
-0.002247048143996	0.000000000000000
-0.002268662497253	0.000000000000000
-0.002290270536541	0.000000000000000
-0.002311877106132	0.000000000000000
-0.002333478204508	0.000000000000000
-0.002355076905666	0.000000000000000
-0.002376669375285	0.000000000000000
-0.002398259950917	0.000000000000000
-0.002419845733715	0.000000000000000
-0.002441428667344	0.000000000000000
-0.002463005343123	0.000000000000000
-0.002484579930219	0.000000000000000
-0.002506151838588	0.000000000000000
-0.002527716584323	0.000000000000000
-0.002549279795356	0.000000000000000
-0.002570838065399	0.000000000000000
-0.002592392349058	0.000000000000000
-0.002613944260841	0.000000000000000
-0.002635489902613	0.000000000000000
-0.002657032816391	0.000000000000000
-0.002678572676257	0.000000000000000
-0.002700106174643	0.000000000000000
-0.002721638358515	0.000000000000000
-0.002743164941748	0.000000000000000
-0.002764687834597	0.000000000000000
-0.002786207141412	0.000000000000000
-0.002807722117591	0.000000000000000
-0.002829233227742	0.000000000000000
-0.002850740508578	0.000000000000000
-0.002872243776194	0.000000000000000
-0.002893742985916	0.000000000000000
-0.002915237777713	0.000000000000000
-0.002936729272899	0.000000000000000
-0.002958216329293	0.000000000000000
-0.002979699811026	0.000000000000000
-0.003001178317149	0.000000000000000
-0.003022653948020	0.000000000000000
-0.003044124142056	0.000000000000000
-0.003065592625644	0.000000000000000
-0.003087054153642	0.000000000000000
-0.003108513843666	0.000000000000000
-0.003129968319020	0.000000000000000
-0.003151418722224	0.000000000000000
-0.003172866523871	0.000000000000000
-0.003194307450519	0.000000000000000
-0.003215747470766	0.000000000000000
-0.003237180742903	0.000000000000000
-0.003258611464517	0.000000000000000
-0.003280037173785	0.000000000000000
-0.003301459520202	0.000000000000000
-0.003322876782689	0.000000000000000
-0.003344291130240	0.000000000000000
-0.003365699961405	0.000000000000000
-0.003387105408005	0.000000000000000
-0.003408506409116	0.000000000000000
-0.003429903081168	0.000000000000000
-0.003451296556429	0.000000000000000
-0.003472683659405	0.000000000000000
-0.003494068856232	0.000000000000000
-0.003515448234039	0.000000000000000
-0.003536824161237	0.000000000000000
-0.003558195685613	0.000000000000000
-0.003579562083704	0.000000000000000
-0.003600925475541	0.000000000000000
-0.003622283931746	0.000000000000000
-0.003643637488028	0.000000000000000
-0.003664987398072	0.000000000000000
-0.003686333465516	0.000000000000000
-0.003707674297973	0.000000000000000
-0.003729010149405	0.000000000000000
-0.003750343265348	0.000000000000000
-0.003771670142978	0.000000000000000
-0.003792995074484	0.000000000000000
-0.003814312014939	0.000000000000000
-0.003835628449236	0.000000000000000
-0.003856936557576	0.000000000000000
-0.003878243584246	0.000000000000000
-0.003899543343107	0.000000000000000
-0.003920840877358	0.000000000000000
-0.003942132087280	0.000000000000000
-0.003963419124405	0.000000000000000
-0.003984702363442	0.000000000000000
-0.004005980260732	0.000000000000000
-0.004027253890517	0.000000000000000
-0.004048522064123	0.000000000000000
-0.004069786927443	0.000000000000000
-0.004091045772515	0.000000000000000
-0.004112301149900	0.000000000000000
-0.004133550972184	0.000000000000000
-0.004154796067593	0.000000000000000
-0.004176036248943	0.000000000000000
-0.004197272845251	0.000000000000000
-0.004218503566089	0.000000000000000
-0.004239729032913	0.000000000000000
-0.004260950578744	0.000000000000000
-0.004282166592693	0.000000000000000
-0.004303378565920	0.000000000000000
-0.004324585008951	0.000000000000000
-0.004345786547043	0.000000000000000
-0.004366982688110	0.000000000000000
-0.004388174320155	0.000000000000000
-0.004409361427711	0.000000000000000
-0.004430542481370	0.000000000000000
-0.004451719406398	0.000000000000000
-0.004472890256440	0.000000000000000
-0.004494056800436	0.000000000000000
-0.004515217034272	0.000000000000000
-0.004536374089111	0.000000000000000
-0.004557524143318	0.000000000000000
-0.004578669818370	0.000000000000000
-0.004599809426556	0.000000000000000
-0.004620945186640	0.000000000000000
-0.004642073975852	0.000000000000000
-0.004663198778811	0.000000000000000
-0.004684316957856	0.000000000000000
-0.004705431045314	0.000000000000000
-0.004726538491135	0.000000000000000
-0.004747641248452	0.000000000000000
-0.004768738401341	0.000000000000000
-0.004789829771203	0.000000000000000
-0.004810915449286	0.000000000000000
-0.004831995719645	0.000000000000000
-0.004853071131892	0.000000000000000
-0.004874139086905	0.000000000000000
-0.004895203478132	0.000000000000000
-0.004916260059018	0.000000000000000
-0.004937312419865	0.000000000000000
-0.004958358983091	0.000000000000000
-0.004979397463033	0.000000000000000
-0.005000433391866	0.000000000000000
-0.005021461331523	0.000000000000000
-0.005042483500141	0.000000000000000
-0.005063500021824	0.000000000000000
-0.005084510505534	0.000000000000000
-0.005105515097235	0.000000000000000
-0.005126512943667	0.000000000000000
-0.005147505872837	0.000000000000000
-0.005168490711722	0.000000000000000
-0.005189471199344	0.000000000000000
-0.005210444160194	0.000000000000000
-0.005231411918675	0.000000000000000
-0.005252372892574	0.000000000000000
-0.005273326648813	0.000000000000000
-0.005294274938283	0.000000000000000
-0.005315216310296	0.000000000000000
-0.005336152262519	0.000000000000000
-0.005357079727318	0.000000000000000
-0.005378001939584	0.000000000000000
-0.005398917335068	0.000000000000000
-0.005419825712952	0.000000000000000
-0.005440727692571	0.000000000000000
-0.005461622983130	0.000000000000000
-0.005482510327199	0.000000000000000
-0.005503392575432	0.000000000000000
-0.005524266286015	0.000000000000000
-0.005545133658526	0.000000000000000
-0.005565995094938	0.000000000000000
-0.005586847592750	0.000000000000000
-0.005607693657319	0.000000000000000
-0.005628533068405	0.000000000000000
-0.005649364828979	0.000000000000000
-0.005670188908684	0.000000000000000
-0.005691006862310	0.000000000000000
-0.005711815760319	0.000000000000000
-0.005732618775430	0.000000000000000
-0.005753413513557	0.000000000000000
-0.005774200524100	0.000000000000000
-0.005794980838961	0.000000000000000
-0.005815751891185	0.000000000000000
-0.005836517223627	0.000000000000000
-0.005857273548693	0.000000000000000
-0.005878022156951	0.000000000000000
-0.005898762701794	0.000000000000000
-0.005919495801220	0.000000000000000
-0.005940220957904	0.000000000000000
-0.005960937719133	0.000000000000000
-0.005981645629849	0.000000000000000
-0.006002347109686	0.000000000000000
-0.006023039033178	0.000000000000000
-0.006043722233483	0.000000000000000
-0.006064399038916	0.000000000000000
-0.006085065124786	0.000000000000000
-0.006105724185344	0.000000000000000
-0.006126373563232	0.000000000000000
-0.006147015486921	0.000000000000000
-0.006167648104165	0.000000000000000
-0.006188271922097	0.000000000000000
-0.006208886603708	0.000000000000000
-0.006229493009922	0.000000000000000
-0.006250090069165	0.000000000000000
-0.006270677939735	0.000000000000000
-0.006291257752684	0.000000000000000
-0.006311825878434	0.000000000000000
-0.006332387562381	0.000000000000000
-0.006352938479235	0.000000000000000
-0.006373479792852	0.000000000000000
-0.006394012346468	0.000000000000000
-0.006414534575240	0.000000000000000
-0.006435048052678	0.000000000000000
-0.006455550655836	0.000000000000000
-0.006476044963193	0.000000000000000
-0.006496527963522	0.000000000000000
-0.006517001666755	0.000000000000000
-0.006537465037936	0.000000000000000
-0.006557919165425	0.000000000000000
-0.006578361640575	0.000000000000000
-0.006598794698755	0.000000000000000
-0.006619218130982	0.000000000000000
-0.006639629462705	0.000000000000000
-0.006660030987148	0.000000000000000
-0.006680422330334	0.000000000000000
-0.006700802514390	0.000000000000000
-0.006721172144795	0.000000000000000
-0.006741530525799	0.000000000000000
-0.006761877866738	0.000000000000000
-0.006782214609453	0.000000000000000
-0.006802540646269	0.000000000000000
-0.006822853728030	0.000000000000000
-0.006843157218205	0.000000000000000
-0.006863448083744	0.000000000000000
-0.006883727961266	0.000000000000000
-0.006903996760618	0.000000000000000
-0.006924252767655	0.000000000000000
-0.006944497429366	0.000000000000000
-0.006964730130020	0.000000000000000
-0.006984951078719	0.000000000000000
-0.007005159538585	0.000000000000000
-0.007025355857933	0.000000000000000
-0.007045539619537	0.000000000000000
-0.007065712153758	0.000000000000000
-0.007085870249148	0.000000000000000
-0.007106017601208	0.000000000000000
-0.007126150765704	0.000000000000000
-0.007146272160700	0.000000000000000
-0.007166379447880	0.000000000000000
-0.007186475212241	0.000000000000000
-0.007206555760370	0.000000000000000
-0.007226625183856	0.000000000000000
-0.007246679965509	0.000000000000000
-0.007266721803726	0.000000000000000
-0.007286748873248	0.000000000000000
-0.007306763997864	0.000000000000000
-0.007326763592133	0.000000000000000
-0.007346750096450	0.000000000000000
-0.007366723003653	0.000000000000000
-0.007386680228497	0.000000000000000
-0.007406624508110	0.000000000000000
-0.007426554005945	0.000000000000000
-0.007446468376280	0.000000000000000
-0.007466368186231	0.000000000000000
-0.007486253492810	0.000000000000000
-0.007506124124709	0.000000000000000
-0.007525978989891	0.000000000000000
-0.007545819338203	0.000000000000000
-0.007565643736865	0.000000000000000
-0.007585453037270	0.000000000000000
-0.007605247146387	0.000000000000000
-0.007625023602267	0.000000000000000
-0.007644787545171	0.000000000000000
-0.007664532105122	0.000000000000000
-0.007684262513853	0.000000000000000
-0.007703976667038	0.000000000000000
-0.007723672796806	0.000000000000000
-0.007743355151196	0.000000000000000
-0.007763017075971	0.000000000000000
-0.007782665567410	0.000000000000000
-0.007802295629960	0.000000000000000
-0.007821908611317	0.000000000000000
-0.007841504315943	0.000000000000000
-0.007861082542468	0.000000000000000
-0.007880643255972	0.000000000000000
-0.007900187322988	0.000000000000000
-0.007919711517973	0.000000000000000
-0.007939219310669	0.000000000000000
-0.007958707530504	0.000000000000000
-0.007978179563521	0.000000000000000
-0.007997630883214	0.000000000000000
-0.008017063831810	0.000000000000000
-0.008036479932813	0.000000000000000
-0.008055874900293	0.000000000000000
-0.008075252198194	0.000000000000000
-0.008094608298059	0.000000000000000
-0.008113947181910	0.000000000000000
-0.008133265555311	0.000000000000000
-0.008152563348730	0.000000000000000
-0.008171841974912	0.000000000000000
-0.008191100408646	0.000000000000000
-0.008210338510499	0.000000000000000
-0.008229556110630	0.000000000000000
-0.008248752079712	0.000000000000000
-0.008267929318281	0.000000000000000
-0.008287083670464	0.000000000000000
-0.008306217587461	0.000000000000000
-0.008325329378235	0.000000000000000
-0.008344420912733	0.000000000000000
-0.008363489307589	0.000000000000000
-0.008382536852594	0.000000000000000
-0.008401562044309	0.000000000000000
-0.008420563714126	0.000000000000000
-0.008439544673490	0.000000000000000
-0.008458501694949	0.000000000000000
-0.008477436171131	0.000000000000000
-0.008496347392866	0.000000000000000
-0.008515235388361	0.000000000000000
-0.008534100576050	0.000000000000000
-0.008552940486429	0.000000000000000
-0.008571757534037	0.000000000000000
-0.008590551057554	0.000000000000000
-0.008609318659069	0.000000000000000
-0.008628062846069	0.000000000000000
-0.008646782306349	0.000000000000000
-0.008665475731454	0.000000000000000
-0.008684145273107	0.000000000000000
-0.008702788762510	0.000000000000000
-0.008721406678010	0.000000000000000
-0.008739998736570	0.000000000000000
-0.008758564993148	0.000000000000000
-0.008777104162500	0.000000000000000
-0.008795617819982	0.000000000000000
-0.008814104407667	0.000000000000000
-0.008832563700588	0.000000000000000
-0.008850996575919	0.000000000000000
-0.008869400138889	0.000000000000000
-0.008887778566225	0.000000000000000
-0.008906127519215	0.000000000000000
-0.008924448568020	0.000000000000000
-0.008942740790164	0.000000000000000
-0.008961005007620	0.000000000000000
-0.008979240549422	0.000000000000000
-0.008997446457534	0.000000000000000
-0.009015622490927	0.000000000000000
-0.009033770197610	0.000000000000000
-0.009051886480168	0.000000000000000
-0.009069973632321	0.000000000000000
-0.009088030272868	0.000000000000000
-0.009106055659264	0.000000000000000
-0.009124050618378	0.000000000000000
-0.009142013969417	0.000000000000000
-0.009159946042712	0.000000000000000
-0.009177846942452	0.000000000000000
-0.009195713943402	0.000000000000000
-0.009213550831732	0.000000000000000
-0.009231354769310	0.000000000000000
-0.009249123452433	0.000000000000000
-0.009266862206292	0.000000000000000
-0.009284565475478	0.000000000000000
-0.009302235461831	0.000000000000000
-0.009319871978975	0.000000000000000
-0.009337473199918	0.000000000000000
-0.009355040758779	0.000000000000000
-0.009372572668239	0.000000000000000
-0.009390070539828	0.000000000000000
-0.009407530734497	0.000000000000000
-0.009424957268550	0.000000000000000
-0.009442346621245	0.000000000000000
-0.009459699656128	0.000000000000000
-0.009477015646567	0.000000000000000
-0.009494295606034	0.000000000000000
-0.009511536584542	0.000000000000000
-0.009528741562271	0.000000000000000
-0.009545907210410	0.000000000000000
-0.009563034222528	0.000000000000000
-0.009580124679428	0.000000000000000
-0.009597173157773	0.000000000000000
-0.009614184308399	0.000000000000000
-0.009631154811262	0.000000000000000
-0.009648086070390	0.000000000000000
-0.009664975820829	0.000000000000000
-0.009681826148004	0.000000000000000
-0.009698634139108	0.000000000000000
-0.009715401121305	0.000000000000000
-0.009732126176515	0.000000000000000
-0.009748809633137	0.000000000000000
-0.009765449555148	0.000000000000000
-0.009782047813265	0.000000000000000
-0.009798601123762	0.000000000000000
-0.009815112009298	0.000000000000000
-0.009831579208390	0.000000000000000
-0.009848000665134	0.000000000000000
-0.009864377788637	0.000000000000000
-0.009880710460106	0.000000000000000
-0.009896996586870	0.000000000000000
-0.009913237892964	0.000000000000000
-0.009929430775982	0.000000000000000
-0.009945579342341	0.000000000000000
-0.009961678803378	0.000000000000000
-0.009977732244225	0.000000000000000
-0.009993736441721	0.000000000000000
-0.010009692698445	0.000000000000000
-0.010025600146245	0.000000000000000
-0.010041458313250	0.000000000000000
-0.010057267099108	0.000000000000000
-0.010073025637721	0.000000000000000
-0.010088732768631	0.000000000000000
-0.010104390283075	0.000000000000000
-0.010119995023031	0.000000000000000
-0.010135549191652	0.000000000000000
-0.010151050411206	0.000000000000000
-0.010166498738615	0.000000000000000
-0.010181894428842	0.000000000000000
-0.010197235850063	0.000000000000000
-0.010212522769279	0.000000000000000
-0.010227756625669	0.000000000000000
-0.010242933231431	0.000000000000000
-0.010258056665145	0.000000000000000
-0.010273121951880	0.000000000000000
-0.010288131881037	0.000000000000000
-0.010303084242726	0.000000000000000
-0.010317979864953	0.000000000000000
-0.010332816530885	0.000000000000000
-0.010347594730087	0.000000000000000
-0.010362315100655	0.000000000000000
-0.010376974645737	0.000000000000000
-0.010391574088425	0.000000000000000
-0.010406114571795	0.000000000000000
-0.010420591572623	0.000000000000000
-0.010435008917707	0.000000000000000
-0.010449363577290	0.000000000000000
-0.010463654880422	0.000000000000000
-0.010477882809475	0.000000000000000
-0.010492049190767	0.000000000000000
-0.010506147476680	0.000000000000000
-0.010520184620791	0.000000000000000
-0.010534153179813	0.000000000000000
-0.010548058630757	0.000000000000000
-0.010561893935572	0.000000000000000
-0.010575665499442	0.000000000000000
-0.010589367082728	0.000000000000000
-0.010603001054821	0.000000000000000
-0.010616566645053	0.000000000000000
-0.010630060501338	0.000000000000000
-0.010643486724842	0.000000000000000
-0.010656841089610	0.000000000000000
-0.010670123490263	0.000000000000000
-0.010683334827438	0.000000000000000
-0.010696472730548	0.000000000000000
-0.010709537166999	0.000000000000000
-0.010722529415825	0.000000000000000
-0.010735444296904	0.000000000000000
-0.010748286826810	0.000000000000000
-0.010761051199798	0.000000000000000
-0.010773739677451	0.000000000000000
-0.010786352320278	0.000000000000000
-0.010798884510398	0.000000000000000
-0.010811340157930	0.000000000000000
-0.010823715371214	0.000000000000000
-0.010836011246828	0.000000000000000
-0.010848227030847	0.000000000000000
-0.010860359153812	0.000000000000000
-0.010872411689489	0.000000000000000
-0.010884380322747	0.000000000000000
-0.010896265022843	0.000000000000000
-0.010908066054537	0.000000000000000
-0.010919782232639	0.000000000000000
-0.010931411896482	0.000000000000000
-0.010942955303124	0.000000000000000
-0.010954411947066	0.000000000000000
-0.010965779904378	0.000000000000000
-0.010977059096531	0.000000000000000
-0.010988249122128	0.000000000000000
-0.010999348531560	0.000000000000000
-0.011010356375195	0.000000000000000
-0.011021272171293	0.000000000000000
-0.011032096439236	0.000000000000000
-0.011042825110158	0.000000000000000
-0.011053460390735	0.000000000000000
-0.011064000328088	0.000000000000000
-0.011074443946041	0.000000000000000
-0.011084791418351	0.000000000000000
-0.011095038531724	0.000000000000000
-0.011105190331445	0.000000000000000
-0.011115239992478	0.000000000000000
-0.011125189287344	0.000000000000000
-0.011135039620586	0.000000000000000
-0.011144783733496	0.000000000000000
-0.011154428371652	0.000000000000000
-0.011163966386892	0.000000000000000
-0.011173401245360	0.000000000000000
-0.011182728591218	0.000000000000000
-0.011191949520952	0.000000000000000
-0.011201062519954	0.000000000000000
-0.011210066399523	0.000000000000000
-0.011218962146063	0.000000000000000
-0.011227745122357	0.000000000000000
-0.011236416305787	0.000000000000000
-0.011244975670819	0.000000000000000
-0.011253421966934	0.000000000000000
-0.011261750791726	0.000000000000000
-0.011269966542214	0.000000000000000
-0.011278063338158	0.000000000000000
-0.011286044091583	0.000000000000000
-0.011293904089282	0.000000000000000
-0.011301644950079	0.000000000000000
-0.011309264283545	0.000000000000000
-0.011316762371112	0.000000000000000
-0.011324134818564	0.000000000000000
-0.011331385086767	0.000000000000000
-0.011338509998144	0.000000000000000
-0.011345505886339	0.000000000000000
-0.011352375644425	0.000000000000000
-0.011359115866198	0.000000000000000
-0.011365725878723	0.000000000000000
-0.011372205193632	0.000000000000000
-0.011378550960184	0.000000000000000
-0.011384763551373	0.000000000000000
-0.011390841586728	0.000000000000000
-0.011396782337879	0.000000000000000
-0.011402587138656	0.000000000000000
-0.011408251156897	0.000000000000000
-0.011413777645692	0.000000000000000
-0.011419160953376	0.000000000000000
-0.011424403549792	0.000000000000000
-0.011429500920127	0.000000000000000
-0.011434453705605	0.000000000000000
-0.011439259914573	0.000000000000000
-0.011443918543054	0.000000000000000
-0.011448428749554	0.000000000000000
-0.011452787376892	0.000000000000000
-0.011456993750018	0.000000000000000
-0.011461048838688	0.000000000000000
-0.011464948002547	0.000000000000000
-0.011468691401798	0.000000000000000
-0.011472276489424	0.000000000000000
-0.011475703182024	0.000000000000000
-0.011478970651471	0.000000000000000
-0.011482074457643	0.000000000000000
-0.011485016684969	0.000000000000000
-0.011487791945514	0.000000000000000
-0.011490402071441	0.000000000000000
-0.011492844350719	0.000000000000000
-0.011495118120770	0.000000000000000
-0.011497218029979	0.000000000000000
-0.011499147620025	0.000000000000000
-0.011500902952582	0.000000000000000
-0.011502481912040	0.000000000000000
-0.011503882385638	0.000000000000000
-0.011505106871242	0.000000000000000
-0.011506146968502	0.000000000000000
-0.011507006940780	0.000000000000000
-0.011507683155469	0.000000000000000
-0.011508171199046	0.000000000000000
-0.011508474424399	0.000000000000000
-0.011508586903453	0.000000000000000
-0.011508508168573	0.000000000000000
-0.011508237435269	0.000000000000000
-0.011507772564802	0.000000000000000
-0.011507109457770	0.000000000000000
-0.011506249263698	0.000000000000000
-0.011505189877902	0.000000000000000
-0.011503927394747	0.000000000000000
-0.011502460984273	0.000000000000000
-0.011500789567699	0.000000000000000
-0.011498910066044	0.000000000000000
-0.011496821243651	0.000000000000000
-0.011494520797844	0.000000000000000
-0.011492007213091	0.000000000000000
-0.011489277717899	0.000000000000000
-0.011486330517637	0.000000000000000
-0.011483164686034	0.000000000000000
-0.011479776090093	0.000000000000000
-0.011476165555926	0.000000000000000
-0.011472327355362	0.000000000000000
-0.011468261880489	0.000000000000000
-0.011463967667902	0.000000000000000
-0.011459440787568	0.000000000000000
-0.011454677229526	0.000000000000000
-0.011449681746283	0.000000000000000
-0.011444442934612	0.000000000000000
-0.011438966498043	0.000000000000000
-0.011433244974925	0.000000000000000
-0.011427279431026	0.000000000000000
-0.011421064594975	0.000000000000000
-0.011414601673718	0.000000000000000
-0.011407883344042	0.000000000000000
-0.011400913502066	0.000000000000000
-0.011393684590850	0.000000000000000
-0.011386196868403	0.000000000000000
-0.011378446272021	0.000000000000000
-0.011370432216177	0.000000000000000
-0.011362151141390	0.000000000000000
-0.011353600544618	0.000000000000000
-0.011344777297789	0.000000000000000
-0.011335679890452	0.000000000000000
-0.011326307957294	0.000000000000000
-0.011316651875903	0.000000000000000
-0.011306717363067	0.000000000000000
-0.011296495955583	0.000000000000000
-0.011285988609438	0.000000000000000
-0.011275190324134	0.000000000000000
-0.011264098272217	0.000000000000000
-0.011252712318973	0.000000000000000
-0.011241026751913	0.000000000000000
-0.011229041287677	0.000000000000000
-0.011216750715739	0.000000000000000
-0.011204155045063	0.000000000000000
-0.011191247472947	0.000000000000000
-0.011178029212813	0.000000000000000
-0.011164496576491	0.000000000000000
-0.011150643528525	0.000000000000000
-0.011136470382659	0.000000000000000
-0.011121973280565	0.000000000000000
-0.011107149093402	0.000000000000000
-0.011091994526454	0.000000000000000
-0.011076507459039	0.000000000000000
-0.011060683757257	0.000000000000000
-0.011044520758918	0.000000000000000
-0.011028016507228	0.000000000000000
-0.011011165022687	0.000000000000000
-0.010993966140970	0.000000000000000
-0.010976415750317	0.000000000000000
-0.010958509349218	0.000000000000000
-0.010940246602625	0.000000000000000
-0.010921619935572	0.000000000000000
-0.010902631358273	0.000000000000000
-0.010883272423413	0.000000000000000
-0.010863543820355	0.000000000000000
-0.010843439524876	0.000000000000000
-0.010822959396917	0.000000000000000
-0.010802094832230	0.000000000000000
-0.010780847788081	0.000000000000000
-0.010759212442806	0.000000000000000
-0.010737184819807	0.000000000000000
-0.010714763445621	0.000000000000000
-0.010691940808905	0.000000000000000
-0.010668719642759	0.000000000000000
-0.010645090833157	0.000000000000000
-0.010621053207606	0.000000000000000
-0.010596602925984	0.000000000000000
-0.010571737298757	0.000000000000000
-0.010546450577223	0.000000000000000
-0.010520740752781	0.000000000000000
-0.010494604502406	0.000000000000000
-0.010468036924062	0.000000000000000
-0.010441034351913	0.000000000000000
-0.010413593904973	0.000000000000000
-0.010385712119742	0.000000000000000
-0.010357384203187	0.000000000000000
-0.010328606676254	0.000000000000000
-0.010299376755194	0.000000000000000
-0.010269688388987	0.000000000000000
-0.010239541245910	0.000000000000000
-0.010208926491830	0.000000000000000
-0.010177846704806	0.000000000000000
-0.010146292189976	0.000000000000000
-0.010114262716024	0.000000000000000
-0.010081752079574	0.000000000000000
-0.010048758240506	0.000000000000000
-0.010015275426893	0.000000000000000
-0.009981303928998	0.000000000000000
-0.009946831654840	0.000000000000000
-0.009911863419413	0.000000000000000
-0.009876390775286	0.000000000000000
-0.009840409565581	0.000000000000000
-0.009803916282631	0.000000000000000
-0.009766909766762	0.000000000000000
-0.009729380323700	0.000000000000000
-0.009691330944526	0.000000000000000
-0.009652749699078	0.000000000000000
-0.009613639810831	0.000000000000000
-0.009573992351259	0.000000000000000
-0.009533806769723	0.000000000000000
-0.009493074899187	0.000000000000000
-0.009451798562164	0.000000000000000
-0.009409965110924	0.000000000000000
-0.009367580402785	0.000000000000000
-0.009324633324438	0.000000000000000
-0.009281122575172	0.000000000000000
-0.009237041251346	0.000000000000000
-0.009192391978755	0.000000000000000
-0.009147161414278	0.000000000000000
-0.009101353062216	0.000000000000000
-0.009054959145481	0.000000000000000
-0.009007976373896	0.000000000000000
-0.008960400376933	0.000000000000000
-0.008912228143241	0.000000000000000
-0.008863453539378	0.000000000000000
-0.008814074836943	0.000000000000000
-0.008764085857504	0.000000000000000
-0.008713484352130	0.000000000000000
-0.008662264286418	0.000000000000000
-0.008610421858480	0.000000000000000
-0.008557956281856	0.000000000000000
-0.008504857723667	0.000000000000000
-0.008451128121766	0.000000000000000
-0.008396757428897	0.000000000000000
-0.008341745978867	0.000000000000000
-0.008286088704585	0.000000000000000
-0.008229780587167	0.000000000000000
-0.008172815892985	0.000000000000000
-0.008115196266395	0.000000000000000
-0.008056911162645	0.000000000000000
-0.007997959081065	0.000000000000000
-0.007938338803107	0.000000000000000
-0.007878040141423	0.000000000000000
-0.007817065101893	0.000000000000000
-0.007755403137411	0.000000000000000
-0.007693058195832	0.000000000000000
-0.007630017956690	0.000000000000000
-0.007566284577586	0.000000000000000
-0.007501851509203	0.000000000000000
-0.007436711062669	0.000000000000000
-0.007370867556625	0.000000000000000
-0.007304307881784	0.000000000000000
-0.007237033697816	0.000000000000000
-0.007169039935349	0.000000000000000
-0.007100318214181	0.000000000000000
-0.007030872024345	0.000000000000000
-0.006960688982210	0.000000000000000
-0.006889771061168	0.000000000000000
-0.006818110073230	0.000000000000000
-0.006745704420306	0.000000000000000
-0.006672548423720	0.000000000000000
-0.006598638086464	0.000000000000000
-0.006523968311998	0.000000000000000
-0.006448537183725	0.000000000000000
-0.006372336766762	0.000000000000000
-0.006295366720342	0.000000000000000
-0.006217618551070	0.000000000000000
-0.006139090204254	0.000000000000000
-0.006059776958614	0.000000000000000
-0.005979673809341	0.000000000000000
-0.005898776615758	0.000000000000000
-0.005817078539345	0.000000000000000
-0.005734579160433	0.000000000000000
-0.005651270575999	0.000000000000000
-0.005567147249235	0.000000000000000
-0.005482207010363	0.000000000000000
-0.005396443236016	0.000000000000000
-0.005309851583328	0.000000000000000
-0.005222426282631	0.000000000000000
-0.005134162313468	0.000000000000000
-0.005045055642103	0.000000000000000
-0.004955098432222	0.000000000000000
-0.004864288936731	0.000000000000000
-0.004772617958081	0.000000000000000
-0.004680081633954	0.000000000000000
-0.004586674176563	0.000000000000000
-0.004492389585351	0.000000000000000
-0.004397223475446	0.000000000000000
-0.004301165695565	0.000000000000000
-0.004204215939000	0.000000000000000
-0.004106361258437	0.000000000000000
-0.004007601048009	0.000000000000000
-0.003907926297548	0.000000000000000
-0.003807329264494	0.000000000000000
-0.003705804833832	0.000000000000000
-0.003603346200297	0.000000000000000
-0.003499943330057	0.000000000000000
-0.003395593687930	0.000000000000000
-0.003290284212048	0.000000000000000
-0.003184012272210	0.000000000000000
-0.003076766632924	0.000000000000000
-0.002968539659176	0.000000000000000
-0.002859326492215	0.000000000000000
-0.002749112051110	0.000000000000000
-0.002637894380533	0.000000000000000
-0.002525660064235	0.000000000000000
-0.002412403496413	0.000000000000000
-0.002298111170669	0.000000000000000
-0.002182777503484	0.000000000000000
-0.002066388537604	0.000000000000000
-0.001948939521933	0.000000000000000
-0.001830415476671	0.000000000000000
-0.001710805887825	0.000000000000000
-0.001590103865959	0.000000000000000
-0.001468293603558	0.000000000000000
-0.001345365845438	0.000000000000000
-0.001221308143357	0.000000000000000
-0.001096110337807	0.000000000000000
-0.000969755804859	0.000000000000000
-0.000842236277920	0.000000000000000
-0.000713534956554	0.000000000000000
-0.000583639469915	0.000000000000000
-0.000452539098276	0.000000000000000
-0.000320213987623	0.000000000000000
-0.000186653569804	0.000000000000000
-0.000051842110880	0.000000000000000
0.000084236513517	0.000000000000000
0.000221597466902	0.000000000000000
0.000360257326787	0.000000000000000
0.000500233053682	0.000000000000000
0.000641541285529	0.000000000000000
0.000784197661264	0.000000000000000
0.000928225972368	0.000000000000000
0.001073635902626	0.000000000000000
0.001220454768144	0.000000000000000
0.001368698500110	0.000000000000000
0.001518382891486	0.000000000000000
0.001669538270420	0.000000000000000
0.001822176901460	0.000000000000000
0.001976321635425	0.000000000000000
0.002132000867081	0.000000000000000
0.002289228154754	0.000000000000000
0.002448032564587	0.000000000000000
0.002608438650197	0.000000000000000
0.002770466619736	0.000000000000000
0.002934143819819	0.000000000000000
0.003099496591868	0.000000000000000
0.003266550469167	0.000000000000000
0.003435331688130	0.000000000000000
0.003605870144145	0.000000000000000
0.003778192354043	0.000000000000000
0.003952327866354	0.000000000000000
0.004128307084219	0.000000000000000
0.004306159787311	0.000000000000000
0.004485917626984	0.000000000000000
0.004667614164363	0.000000000000000
0.004851280915412	0.000000000000000
0.005036950857572	0.000000000000000
0.005224659578247	0.000000000000000
0.005414443360591	0.000000000000000
0.005606339339981	0.000000000000000
0.005800379861243	0.000000000000000
0.005996609733590	0.000000000000000
0.006195061981186	0.000000000000000
0.006395782450135	0.000000000000000
0.006598807386065	0.000000000000000
0.006804182845584	0.000000000000000
0.007011947866077	0.000000000000000
0.007222149540043	0.000000000000000
0.007434833327424	0.000000000000000
0.007650043441261	0.000000000000000
0.007867829954332	0.000000000000000
0.008088239184928	0.000000000000000
0.008311323126630	0.000000000000000
0.008537130920364	0.000000000000000
0.008765717353882	0.000000000000000
0.008997134375445	0.000000000000000
0.009231437130983	0.000000000000000
0.009468682904225	0.000000000000000
0.009708927577927	0.000000000000000
0.009952234471316	0.000000000000000
0.010198657907187	0.000000000000000
0.010448266187791	0.000000000000000
0.010701119445828	0.000000000000000
0.010957284173660	0.000000000000000
0.011216827443116	0.000000000000000
0.011479815652813	0.000000000000000
0.011746324230342	0.000000000000000
0.012016419206263	0.000000000000000
0.012290177156177	0.000000000000000
0.012567675182965	0.000000000000000
0.012848988025987	0.000000000000000
0.013134197530184	0.000000000000000
0.013423383865636	0.000000000000000
0.013716631164983	0.000000000000000
0.014014025413749	0.000000000000000
0.014315653640076	0.000000000000000
0.014621607727624	0.000000000000000
0.014931976901687	0.000000000000000
0.015246859507777	0.000000000000000
0.015566350764761	0.000000000000000
0.015890551492246	0.000000000000000
0.016219562657130	0.000000000000000
0.016553491044963	0.000000000000000
0.016892441264936	0.000000000000000
0.017236527621663	0.000000000000000
0.017585860893350	0.000000000000000
0.017940559223883	0.000000000000000
0.018300738280682	0.000000000000000
0.018666526764472	0.000000000000000
0.019038043717421	0.000000000000000
0.019415423014301	0.000000000000000
0.019798796220130	0.000000000000000
0.020188296675760	0.000000000000000
0.020584071250715	0.000000000000000
0.020986249280773	0.000000000000000
0.021394997642856	0.000000000000000
0.021810450001387	0.000000000000000
0.022232772424852	0.000000000000000
0.022662120871175	0.000000000000000
0.023098661019390	0.000000000000000
0.023542557477271	0.000000000000000
0.023993988551741	0.000000000000000
0.024453131904869	0.000000000000000
0.024920166226446	0.000000000000000
0.025395283000964	0.000000000000000
0.025878678030054	0.000000000000000
0.026370542175909	0.000000000000000
0.026871090346850	0.000000000000000
0.027380524700928	0.000000000000000
0.027899067232043	0.000000000000000
0.028426934399796	0.000000000000000
0.028964364098586	0.000000000000000
0.029511579779506	0.000000000000000
0.030068839070264	0.000000000000000
0.030636378296906	0.000000000000000
0.031214460194149	0.000000000000000
0.031803347857968	0.000000000000000
0.032403318551821	0.000000000000000
0.033014644427785	0.000000000000000
0.033637619323809	0.000000000000000
0.034272539493659	0.000000000000000
0.034919715352516	0.000000000000000
0.035579452671320	0.000000000000000
0.036252088636406	0.000000000000000
0.036937950766550	0.000000000000000
0.037637385404799	0.000000000000000
0.038350755535285	0.000000000000000
0.039078418466165	0.000000000000000
0.039820758895032	0.000000000000000
0.040578169032433	0.000000000000000
0.041351049115875	0.000000000000000
0.042139811839814	0.000000000000000
0.042944894181955	0.000000000000000
0.043766731574718	0.000000000000000
0.044605786915369	0.000000000000000
0.045462526049170	0.000000000000000
0.046337439161494	0.000000000000000
0.047231031883111	0.000000000000000
0.048143818168366	0.000000000000000
0.049076336302232	0.000000000000000
0.050029146659005	0.000000000000000
0.051002811936369	0.000000000000000
0.051997932639946	0.000000000000000
0.053015116104501	0.000000000000000
0.054054997463979	0.000000000000000
0.055118230515112	0.000000000000000
0.056205491750375	0.000000000000000
0.057317478675583	0.000000000000000
0.058454921917415	0.000000000000000
0.059618565380724	0.000000000000000
0.060809184812496	0.000000000000000
0.062027586534498	0.000000000000000
0.063274599457884	0.000000000000000
0.064551085031199	0.000000000000000
0.065857934680823	0.000000000000000
0.067196073331398	0.000000000000000
0.068566456377726	0.000000000000000
0.069970079026543	0.000000000000000
0.071407962893679	0.000000000000000
0.072881185887763	0.000000000000000
0.074390838416161	0.000000000000000
0.075938080568385	0.000000000000000
0.077524094836977	0.000000000000000
0.079150118116958	0.000000000000000
0.080817431981221	0.000000000000000
0.082527364867205	0.000000000000000
0.084281296829210	0.000000000000000
0.086080669929465	0.000000000000000
0.087926960043076	0.000000000000000
0.089821730694375	0.000000000000000
0.091766579941868	0.000000000000000
0.093763185645208	0.000000000000000
0.095813283002570	0.000000000000000
0.097918680991425	0.000000000000000
0.100081266703145	0.000000000000000
0.102302986257007	0.000000000000000
0.104585887855857	0.000000000000000
0.106932083885214	0.000000000000000
0.109343785076228	0.000000000000000
0.111823290816220	0.000000000000000
0.114372995112154	0.000000000000000
0.116995397901834	0.000000000000000
0.119693092306846	0.000000000000000
0.122468800645771	0.000000000000000
0.125325343967876	0.000000000000000
0.128265674168001	0.000000000000000
0.131292871163879	0.000000000000000
0.134410144563703	0.000000000000000
0.137620849621792	0.000000000000000
0.140928490645153	0.000000000000000
0.144336718573347	0.000000000000000
0.147849362685805	0.000000000000000
0.151470410278247	0.000000000000000
0.155204044067829	0.000000000000000
0.159054623743337	0.000000000000000
0.163026718064072	0.000000000000000
0.167125108439179	0.000000000000000
0.171354794520293	0.000000000000000
0.175721010457301	0.000000000000000
0.180229243724811	0.000000000000000
0.184885235471389	0.000000000000000
0.189695012260678	0.000000000000000
0.194664873082869	0.000000000000000
0.199801442160643	0.000000000000000
0.205111663792296	0.000000000000000
0.210602810826456	0.000000000000000
0.216282528070118	0.000000000000000
0.222158841399148	0.000000000000000
0.228240187425264	0.000000000000000
0.234535397561185	0.000000000000000
0.241053804669873	0.000000000000000
0.247805167948514	0.000000000000000
0.254799790213185	0.000000000000000
0.262048484986582	0.000000000000000
0.269562656736961	0.000000000000000
0.277354277329439	0.000000000000000
0.285435986572137	0.000000000000000
0.293821086119347	0.000000000000000
0.302523594167282	0.000000000000000
0.311558290020373	0.000000000000000
0.320940753347955	0.000000000000000
0.330687440561215	0.000000000000000
0.340815689500644	0.000000000000000
0.351343825713878	0.000000000000000
0.362291191919451	0.000000000000000
0.373678230007156	0.000000000000000
0.385526533434941	0.000000000000000
0.397858933856182	0.000000000000000
0.410699587989944	0.000000000000000
0.424074032621086	0.000000000000000
0.438009310441818	0.000000000000000
0.452534033293426	0.000000000000000
0.467678518624090	0.000000000000000
0.483474864598900	0.000000000000000
0.499957112260522	0.000000000000000
0.517161298836444	0.000000000000000
0.535125696489515	0.000000000000000
0.553890847771513	0.000000000000000
0.573499793127348	0.000000000000000
0.593998204826442	0.000000000000000
0.615434571803540	0.000000000000000
0.637860347854696	0.000000000000000
0.661330231149804	0.000000000000000
0.685902282559098	0.000000000000000
0.711638189175845	0.000000000000000
0.738603539497709	0.000000000000000
0.766867992034418	0.000000000000000
0.796505592297582	0.000000000000000
0.827595075213594	0.000000000000000
0.860220080065519	0.000000000000000
0.894469529641813	0.000000000000000
0.930437931720588	0.000000000000000
0.968225695459347	0.000000000000000
1.007939497458629	0.000000000000000
1.049692634434949	0.000000000000000
1.093605373848123	0.000000000000000
1.139805335515393	0.000000000000000
1.188427867125810	0.000000000000000
1.239616361569586	0.000000000000000
1.293522628456139	0.000000000000000
1.350307258170070	0.000000000000000
1.410139807126029	0.000000000000000
1.473199122489138	0.000000000000000
1.539673454260286	0.000000000000000
1.609760579702504	0.000000000000000
1.683667694472933	0.000000000000000
1.761611261460292	0.000000000000000
1.843816627524714	0.000000000000000
1.930517353762040	0.000000000000000
2.021954305329509	0.000000000000000
2.118374332644307	0.000000000000000
2.220028548688177	0.000000000000000
2.327169929346742	0.000000000000000
2.440050374211130	0.000000000000000
2.558916897139887	0.000000000000000
2.684006732549502	0.000000000000000
2.815541530131902	0.000000000000000
2.953719792289475	0.000000000000000
3.098708075356668	0.000000000000000
3.250629948655765	0.000000000000000
3.409552894204010	0.000000000000000
3.575472662710069	0.000000000000000
3.748294646395032	0.000000000000000
3.927811956806622	0.000000000000000
4.113680128044697	0.000000000000000
4.305387574077145	0.000000000000000
4.502222154523823	0.000000000000000
4.703233558247701	0.000000000000000
4.907191375117235	0.000000000000000
5.112539862496856	0.000000000000000
5.317349702103840	0.000000000000000
5.519268557403515	0.000000000000000
5.715472376134042	0.000000000000000
5.902620464001758	0.000000000000000
6.076818663636437	0.000000000000000
6.233595277867168	0.000000000000000
6.367896652935761	0.000000000000000
6.474109908368565	0.000000000000000
6.546120452122929	0.000000000000000
6.577414047464133	0.000000000000000
6.561230156555666	0.000000000000000
6.490773838066425	0.000000000000000
6.359488086896021	0.000000000000000
6.161384897529190	0.000000000000000
5.891425162645034	0.000000000000000
5.545929957806126	0.000000000000000
5.122996231050682	0.000000000000000
4.622881784782600	0.000000000000000
4.048318362886842	0.000000000000000
3.404710495001694	0.000000000000000
2.700180398918271	0.000000000000000
1.945432521103534	0.000000000000000
1.153424893288193	0.000000000000000
0.338859397043889	0.000000000000000
-0.482477056685010	0.000000000000000
-1.294467599586781	0.000000000000000
-2.081449525049639	0.000000000000000
-2.828958410834888	0.000000000000000
-3.524366090366250	0.000000000000000
-4.157363322829831	0.000000000000000
-4.720257534095250	0.000000000000000
-5.208078562714683	0.000000000000000
-5.618506622544408	0.000000000000000
-5.951652894557120	0.000000000000000
-6.209731670510815	0.000000000000000
-6.396668019639873	0.000000000000000
-6.517680602755476	0.000000000000000
-6.578873714843131	0.000000000000000
-6.586864278475450	0.000000000000000
-6.548459604422745	0.000000000000000
-6.470394752801634	0.000000000000000
-6.359130177910505	0.000000000000000
-6.220706960320487	0.000000000000000
-6.060652694005820	0.000000000000000
-5.883929618871893	0.000000000000000
-5.694917257101483	0.000000000000000
-5.497420060181771	0.000000000000000
-5.294694144170093	0.000000000000000
-5.089485593580147	0.000000000000000
-4.884076377304313	0.000000000000000
-4.680333195105123	0.000000000000000
-4.479756992516724	0.000000000000000
-4.283530697899068	0.000000000000000
-4.092564094582373	0.000000000000000
-3.907535002779905	0.000000000000000
-3.728926217970009	0.000000000000000
-3.557058501744514	0.000000000000000
-3.392119135574709	0.000000000000000
-3.234186952465058	0.000000000000000
-3.083253523737643	0.000000000000000
-2.939241404617906	0.000000000000000
-2.802019236542630	0.000000000000000
-2.671414643854187	0.000000000000000
-2.547224757121701	0.000000000000000
-2.429224906014056	0.000000000000000
-2.317175818989303	0.000000000000000
-2.210829311266475	0.000000000000000
-2.109932987996980	0.000000000000000
-2.014233855653271	0.000000000000000
-1.923481268685066	0.000000000000000
-1.837429104307278	0.000000000000000
-1.755837515588452	0.000000000000000
-1.678474036018901	0.000000000000000
-1.605114681402078	0.000000000000000
-1.535544304288653	0.000000000000000
-1.469557122381122	0.000000000000000
-1.406956793471164	0.000000000000000
-1.347556489351163	0.000000000000000
-1.291178778434548	0.000000000000000
-1.237655454294163	0.000000000000000
-1.186827289305213	0.000000000000000
-1.138543772712448	0.000000000000000
-1.092662712543825	0.000000000000000
-1.049049970260925	0.000000000000000
-1.007579079541872	0.000000000000000
-0.968130795519570	0.000000000000000
-0.930592882225762	0.000000000000000
-0.894859610693039	0.000000000000000
-0.860831474726324	0.000000000000000
-0.828414836396405	0.000000000000000
-0.797521597947974	0.000000000000000
-0.768068822055899	0.000000000000000
-0.739978554906170	0.000000000000000
-0.713177387514220	0.000000000000000
-0.687596278848086	0.000000000000000
-0.663170268020054	0.000000000000000
-0.639838191508047	0.000000000000000
-0.617542512751496	0.000000000000000
-0.596229025440077	0.000000000000000
-0.575846731118247	0.000000000000000
-0.556347558329504	0.000000000000000
-0.537686231177986	0.000000000000000
-0.519820106038356	0.000000000000000
-0.502708952354786	0.000000000000000
-0.486314868557569	0.000000000000000
-0.470602079163457	0.000000000000000
-0.455536867378183	0.000000000000000
-0.441087375905222	0.000000000000000
-0.427223556981170	0.000000000000000
-0.413917030111136	0.000000000000000
-0.401140965126577	0.000000000000000
-0.388870034680113	0.000000000000000
-0.377080285938557	0.000000000000000
-0.365749059825070	0.000000000000000
-0.354854926860890	0.000000000000000
-0.344377625444003	0.000000000000000
-0.334297933934596	0.000000000000000
-0.324597697687902	0.000000000000000
-0.315259681874053	0.000000000000000
-0.306267570676829	0.000000000000000
-0.297605905786739	0.000000000000000
-0.289259999647492	0.000000000000000
-0.281215942461846	0.000000000000000
-0.273460533746058	0.000000000000000
-0.265981229669071	0.000000000000000
-0.258766121506447	0.000000000000000
-0.251803906666534	0.000000000000000
-0.245083831676066	0.000000000000000
-0.238595682039173	0.000000000000000
-0.232329736212716	0.000000000000000
-0.226276762322775	0.000000000000000
-0.220427951761161	0.000000000000000
-0.214774944281461	0.000000000000000
-0.209309759411447	0.000000000000000
-0.204024810661781	0.000000000000000
-0.198912854832722	0.000000000000000
-0.193966999842653	0.000000000000000
-0.189180675106839	0.000000000000000
-0.184547601152783	0.000000000000000
-0.180061795120997	0.000000000000000
-0.175717556629834	0.000000000000000
-0.171509421025654	0.000000000000000
-0.167432197049949	0.000000000000000
-0.163480901501070	0.000000000000000
-0.159650787347868	0.000000000000000
-0.155937316471054	0.000000000000000
-0.152336142924967	0.000000000000000
-0.148843116468108	0.000000000000000
-0.145454265078339	0.000000000000000
-0.142165791309581	0.000000000000000
-0.138974046847837	0.000000000000000
-0.135875561886070	0.000000000000000
-0.132866992406951	0.000000000000000
-0.129945144484318	0.000000000000000
-0.127106957787278	0.000000000000000
-0.124349492107000	0.000000000000000
-0.121669939774362	0.000000000000000
-0.119065602161847	0.000000000000000
-0.116533879565707	0.000000000000000
-0.114072306921963	0.000000000000000
-0.111678485105649	0.000000000000000
-0.109350130125389	0.000000000000000
-0.107085047859136	0.000000000000000
-0.104881127401703	0.000000000000000
-0.102736332707445	0.000000000000000
-0.100648731446405	0.000000000000000
-0.098616435876662	0.000000000000000
-0.096637652436475	0.000000000000000
-0.094710654429902	0.000000000000000
-0.092833764208891	0.000000000000000
-0.091005393886848	0.000000000000000
-0.089223993051477	0.000000000000000
-0.087488078845646	0.000000000000000
-0.085796229522901	0.000000000000000
-0.084147060123783	0.000000000000000
-0.082539252230339	0.000000000000000
-0.080971530919339	0.000000000000000
-0.079442660308518	0.000000000000000
-0.077951459472041	0.000000000000000
-0.076496790971233	0.000000000000000
-0.075077541271603	0.000000000000000
-0.073692659204073	0.000000000000000
-0.072341114823745	0.000000000000000
-0.071021923529783	0.000000000000000
-0.069734128114279	0.000000000000000
-0.068476808786932	0.000000000000000
-0.067249080874257	0.000000000000000
-0.066050080161342	0.000000000000000
-0.064878984675979	0.000000000000000
-0.063734989055836	0.000000000000000
-0.062617324162701	0.000000000000000
-0.061525243233791	0.000000000000000
-0.060458018471082	0.000000000000000
-0.059414960400316	0.000000000000000
-0.058395390285753	0.000000000000000
-0.057398656942276	0.000000000000000
-0.056424127642665	0.000000000000000
-0.055471196355493	0.000000000000000
-0.054539267751339	0.000000000000000
-0.053627776056145	0.000000000000000
-0.052736166505554	0.000000000000000
-0.051863901103015	0.000000000000000
-0.051010465710730	0.000000000000000
-0.050175360618496	0.000000000000000
-0.049358093178310	0.000000000000000
-0.048558200007484	0.000000000000000
-0.047775222185787	0.000000000000000
-0.047008718394861	0.000000000000000
-0.046258262058263	0.000000000000000
-0.045523436642614	0.000000000000000
-0.044803841751620	0.000000000000000
-0.044099089482249	0.000000000000000
-0.043408795881399	0.000000000000000
-0.042732602966364	0.000000000000000
-0.042070147075887	0.000000000000000
-0.041421090096341	0.000000000000000
-0.040785094002927	0.000000000000000
-0.040161835147150	0.000000000000000
-0.039550998885109	0.000000000000000
-0.038952277962576	0.000000000000000
-0.038365378526784	0.000000000000000
-0.037790008094598	0.000000000000000
-0.037225892631915	0.000000000000000
-0.036672754171766	0.000000000000000
-0.036130333833152	0.000000000000000
-0.035598372852788	0.000000000000000
-0.035076621285624	0.000000000000000
-0.034564839325973	0.000000000000000
-0.034062789808850	0.000000000000000
-0.033570244782174	0.000000000000000
-0.033086982870488	0.000000000000000
-0.032612787598829	0.000000000000000
-0.032147446656110	0.000000000000000
-0.031690757867069	0.000000000000000
-0.031242525052801	0.000000000000000
-0.030802547157034	0.000000000000000
-0.030370644017674	0.000000000000000
-0.029946630945381	0.000000000000000
-0.029530325728572	0.000000000000000
-0.029121558739282	0.000000000000000
-0.028720162845768	0.000000000000000
-0.028325969191521	0.000000000000000
-0.027938822159271	0.000000000000000
-0.027558563395308	0.000000000000000
-0.027185043524536	0.000000000000000
-0.026818116716266	0.000000000000000
-0.026457629503265	0.000000000000000
-0.026103457362678	0.000000000000000
-0.025755450986506	0.000000000000000
-0.025413484230752	0.000000000000000
-0.025077424820865	0.000000000000000
-0.024747148192121	0.000000000000000
-0.024422531456699	0.000000000000000
-0.024103453085761	0.000000000000000
-0.023789798335023	0.000000000000000
-0.023481450915488	0.000000000000000
-0.023178304443613	0.000000000000000
-0.022880243856222	0.000000000000000
-0.022587170701290	0.000000000000000
-0.022298976833332	0.000000000000000
-0.022015562952223	0.000000000000000
-0.021736834457818	0.000000000000000
-0.021462689752009	0.000000000000000
-0.021193042342546	0.000000000000000
-0.020927794321887	0.000000000000000
-0.020666864894181	0.000000000000000
-0.020410156513001	0.000000000000000
-0.020157597793237	0.000000000000000
-0.019909095159995	0.000000000000000
-0.019664573109039	0.000000000000000
-0.019423952167256	0.000000000000000
-0.019187155432832	0.000000000000000
-0.018954107240102	0.000000000000000
-0.018724735479960	0.000000000000000
-0.018498968534760	0.000000000000000
-0.018276731436296	0.000000000000000
-0.018057966831987	0.000000000000000
-0.017842596818123	0.000000000000000
-0.017630561989782	0.000000000000000
-0.017421796262198	0.000000000000000
-0.017216242174520	0.000000000000000
-0.017013830285207	0.000000000000000
-0.016814508735054	0.000000000000000
-0.016618217106758	0.000000000000000
-0.016424896981559	0.000000000000000
-0.016234493493509	0.000000000000000
-0.016046954541113	0.000000000000000
-0.015862222742785	0.000000000000000
-0.015680251610562	0.000000000000000
-0.015500983834519	0.000000000000000
-0.015324377174560	0.000000000000000
-0.015150375633673	0.000000000000000
-0.014978937108323	0.000000000000000
-0.014810012349792	0.000000000000000
-0.014643556649879	0.000000000000000
-0.014479526422800	0.000000000000000
-0.014317875790357	0.000000000000000
-0.014158564553133	0.000000000000000
-0.014001548734104	0.000000000000000
-0.013846789711646	0.000000000000000
-0.013694246180197	0.000000000000000
-0.013543878996846	0.000000000000000
-0.013395651233209	0.000000000000000
-0.013249523018336	0.000000000000000
-0.013105459042856	0.000000000000000
-0.012963424698016	0.000000000000000
-0.012823382250063	0.000000000000000
-0.012685297658531	0.000000000000000
-0.012549139654198	0.000000000000000
-0.012414872963912	0.000000000000000
-0.012282463338935	0.000000000000000
-0.012151884220137	0.000000000000000
-0.012023101058025	0.000000000000000
-0.011896081337116	0.000000000000000
-0.011770801039295	0.000000000000000
-0.011647226743229	0.000000000000000
-0.011525329293780	0.000000000000000
-0.011405084517269	0.000000000000000
-0.011286460763205	0.000000000000000
-0.011169433601623	0.000000000000000
-0.011053974786304	0.000000000000000
-0.010940060726260	0.000000000000000
-0.010827663731272	0.000000000000000
-0.010716760049970	0.000000000000000
-0.010607325611101	0.000000000000000
-0.010499334771694	0.000000000000000
-0.010392766278715	0.000000000000000
-0.010287595488291	0.000000000000000
-0.010183800649322	0.000000000000000
-0.010081359689169	0.000000000000000
-0.009980250215603	0.000000000000000
-0.009880450310716	0.000000000000000
-0.009781941785706	0.000000000000000
-0.009684700758019	0.000000000000000
-0.009588710545327	0.000000000000000
-0.009493948219770	0.000000000000000
-0.009400395757310	0.000000000000000
-0.009308035406010	0.000000000000000
-0.009216847405813	0.000000000000000
-0.009126810983414	0.000000000000000
-0.009037914295200	0.000000000000000
-0.008950133009647	0.000000000000000
-0.008863455198786	0.000000000000000
-0.008777858670818	0.000000000000000
-0.008693333477581	0.000000000000000
-0.008609857567376	0.000000000000000
-0.008527414923264	0.000000000000000
-0.008445995467412	0.000000000000000
-0.008365576415432	0.000000000000000
-0.008286148887715	0.000000000000000
-0.008207693441280	0.000000000000000
-0.008130196996802	0.000000000000000
-0.008053646430727	0.000000000000000
-0.007978025097566	0.000000000000000
-0.007903323516724	0.000000000000000
-0.007829520578595	0.000000000000000
-0.007756610369805	0.000000000000000
-0.007684575788249	0.000000000000000
-0.007613405617205	0.000000000000000
-0.007543084635356	0.000000000000000
-0.007473603859352	0.000000000000000
-0.007404949142064	0.000000000000000
-0.007337108073951	0.000000000000000
-0.007270067852958	0.000000000000000
-0.007203822429189	0.000000000000000
-0.007138351914575	0.000000000000000
-0.007073651788743	0.000000000000000
-0.007009708355825	0.000000000000000
-0.006946511089450	0.000000000000000
-0.006884049658724	0.000000000000000
-0.006822311860904	0.000000000000000
-0.006761290405650	0.000000000000000
-0.006700972183205	0.000000000000000
-0.006641351362705	0.000000000000000
-0.006582411487514	0.000000000000000
-0.006524149654145	0.000000000000000
-0.006466553049522	0.000000000000000
-0.006409612303627	0.000000000000000
-0.006353319344660	0.000000000000000
-0.006297664825745	0.000000000000000
-0.006242639453106	0.000000000000000
-0.006188235769162	0.000000000000000
-0.006134443397088	0.000000000000000
-0.006081254474865	0.000000000000000
-0.006028662934853	0.000000000000000
-0.005976656657998	0.000000000000000
-0.005925231182171	0.000000000000000
-0.005874377072819	0.000000000000000
-0.005824085863110	0.000000000000000
-0.005774352335089	0.000000000000000
-0.005725166393671	0.000000000000000
-0.005676520904044	0.000000000000000
-0.005628411955104	0.000000000000000
-0.005580826583500	0.000000000000000
-0.005533764206808	0.000000000000000
-0.005487212464513	0.000000000000000
-0.005441168030531	0.000000000000000
-0.005395622037700	0.000000000000000
-0.005350570516418	0.000000000000000
-0.005306003085799	0.000000000000000
-0.005261917112914	0.000000000000000
-0.005218303994668	0.000000000000000
-0.005175159060804	0.000000000000000
-0.005132474687224	0.000000000000000
-0.005090246426267	0.000000000000000
-0.005048466684498	0.000000000000000
-0.005007130892524	0.000000000000000
-0.004966233516273	0.000000000000000
-0.004925767688017	0.000000000000000
-0.004885728530025	0.000000000000000
-0.004846111659914	0.000000000000000
-0.004806909591924	0.000000000000000
-0.004768117761101	0.000000000000000
-0.004729733242754	0.000000000000000
-0.004691745976135	0.000000000000000
-0.004654156462170	0.000000000000000
-0.004616955444192	0.000000000000000
-0.004580140316587	0.000000000000000
-0.004543706128078	0.000000000000000
-0.004507646164215	0.000000000000000
-0.004471958220442	0.000000000000000
-0.004436636052483	0.000000000000000
-0.004401676118333	0.000000000000000
-0.004367073678880	0.000000000000000
-0.004332822385150	0.000000000000000
-0.004298921795899	0.000000000000000
-0.004265364655991	0.000000000000000
-0.004232146469291	0.000000000000000
-0.004199265279409	0.000000000000000
-0.004166715727134	0.000000000000000
-0.004134492994217	0.000000000000000
-0.004102594221220	0.000000000000000
-0.004071016693864	0.000000000000000
-0.004039753138496	0.000000000000000
-0.004008801787560	0.000000000000000
-0.003978160451354	0.000000000000000
-0.003947821293514	0.000000000000000
-0.003917785537075	0.000000000000000
-0.003888044598651	0.000000000000000
-0.003858599849015	0.000000000000000
-0.003829444102000	0.000000000000000
-0.003800575714883	0.000000000000000
-0.003771989846859	0.000000000000000
-0.003743685042544	0.000000000000000
-0.003715656809402	0.000000000000000
-0.003687901875028	0.000000000000000
-0.003660417572336	0.000000000000000
-0.003633200829805	0.000000000000000
-0.003606246274388	0.000000000000000
-0.003579555177750	0.000000000000000
-0.003553120496036	0.000000000000000
-0.003526940882597	0.000000000000000
-0.003501013746620	0.000000000000000
-0.003475335262721	0.000000000000000
-0.003449903276563	0.000000000000000
-0.003424714004507	0.000000000000000
-0.003399766151326	0.000000000000000
-0.003375056306724	0.000000000000000
-0.003350579516670	0.000000000000000
-0.003326338241690	0.000000000000000
-0.003302324370083	0.000000000000000
-0.003278538659513	0.000000000000000
-0.003254977197062	0.000000000000000
-0.003231638521585	0.000000000000000
-0.003208517947766	0.000000000000000
-0.003185616314653	0.000000000000000
-0.003162928020273	0.000000000000000
-0.003140452191134	0.000000000000000
-0.003118187130451	0.000000000000000
-0.003096128282789	0.000000000000000
-0.003074275724862	0.000000000000000
-0.003052625260745	0.000000000000000
-0.003031176922737	0.000000000000000
-0.003009925200495	0.000000000000000
-0.002988871175322	0.000000000000000
-0.002968011290785	0.000000000000000
-0.002947342024356	0.000000000000000
-0.002926864944725	0.000000000000000
-0.002906573670221	0.000000000000000
-0.002886469108893	0.000000000000000
-0.002866548361317	0.000000000000000
-0.002846809286851	0.000000000000000
-0.002827249913961	0.000000000000000
-0.002807868357332	0.000000000000000
-0.002788663378349	0.000000000000000
-0.002769631510055	0.000000000000000
-0.002750772187110	0.000000000000000
-0.002732083600144	0.000000000000000
-0.002713563577717	0.000000000000000
-0.002695209717861	0.000000000000000
-0.002677021007845	0.000000000000000
-0.002658995316712	0.000000000000000
-0.002641131577612	0.000000000000000
-0.002623427710410	0.000000000000000
-0.002605881101883	0.000000000000000
-0.002588491601560	0.000000000000000
-0.002571256655760	0.000000000000000
-0.002554175478951	0.000000000000000
-0.002537243557102	0.000000000000000
-0.002520465000365	0.000000000000000
-0.002503832023850	0.000000000000000
-0.002487347415104	0.000000000000000
-0.002471008139202	0.000000000000000
-0.002454811337083	0.000000000000000
-0.002438757844057	0.000000000000000
-0.002422846221674	0.000000000000000
-0.002407071852235	0.000000000000000
-0.002391437015536	0.000000000000000
-0.002375938513786	0.000000000000000
-0.002360574371701	0.000000000000000
-0.002345345359504	0.000000000000000
-0.002330247335474	0.000000000000000
-0.002315282202509	0.000000000000000
-0.002300444003577	0.000000000000000
-0.002285737881756	0.000000000000000
-0.002271155659665	0.000000000000000
-0.002256701448845	0.000000000000000
-0.002242370810313	0.000000000000000
-0.002228163415910	0.000000000000000
-0.002214078913437	0.000000000000000
-0.002200114681241	0.000000000000000
-0.002186270407864	0.000000000000000
-0.002172544044238	0.000000000000000
-0.002158935877746	0.000000000000000
-0.002145443387362	0.000000000000000
-0.002132066310064	0.000000000000000
-0.002118802181954	0.000000000000000
-0.002105651574981	0.000000000000000
-0.002092611839228	0.000000000000000
-0.002079684168458	0.000000000000000
-0.002066864097845	0.000000000000000
-0.002054153899506	0.000000000000000
-0.002041549747261	0.000000000000000
-0.002029053017864	0.000000000000000
-0.002016660584939	0.000000000000000
-0.002004373107641	0.000000000000000
-0.001992188431244	0.000000000000000
-0.001980106008634	0.000000000000000
-0.001968125136159	0.000000000000000
-0.001956243687759	0.000000000000000
-0.001944462364991	0.000000000000000
-0.001932779534371	0.000000000000000
-0.001921193115828	0.000000000000000
-0.001909703842934	0.000000000000000
-0.001898310271442	0.000000000000000
-0.001887010665925	0.000000000000000
-0.001875805338147	0.000000000000000
-0.001864692574675	0.000000000000000
-0.001853672477579	0.000000000000000
-0.001842742256572	0.000000000000000
-0.001831902798881	0.000000000000000
-0.001821153850600	0.000000000000000
-0.001810491893127	0.000000000000000
-0.001799918014132	0.000000000000000
-0.001789431575262	0.000000000000000
-0.001779030974020	0.000000000000000
-0.001768715406676	0.000000000000000
-0.001758484766241	0.000000000000000
-0.001748337374121	0.000000000000000
-0.001738273622800	0.000000000000000
-0.001728291580299	0.000000000000000
-0.001718390501736	0.000000000000000
-0.001708570893635	0.000000000000000
-0.001698830431480	0.000000000000000
-0.001689170727704	0.000000000000000
-0.001679587262159	0.000000000000000
-0.001670082987176	0.000000000000000
-0.001660655493432	0.000000000000000
-0.001651304451824	0.000000000000000
-0.001642028519958	0.000000000000000
-0.001632828220495	0.000000000000000
-0.001623701794780	0.000000000000000
-0.001614648725549	0.000000000000000
-0.001605669497025	0.000000000000000
-0.001596761340816	0.000000000000000
-0.001587926283399	0.000000000000000
-0.001579160550848	0.000000000000000
-0.001570466496279	0.000000000000000
-0.001561842278674	0.000000000000000
-0.001553285327470	0.000000000000000
-0.001544799089499	0.000000000000000
-0.001536379647798	0.000000000000000
-0.001528027831041	0.000000000000000
-0.001519741739069	0.000000000000000
-0.001511523174008	0.000000000000000
-0.001503369359476	0.000000000000000
-0.001495280757282	0.000000000000000
-0.001487256248833	0.000000000000000
-0.001479295237409	0.000000000000000
-0.001471398565242	0.000000000000000
-0.001463563630111	0.000000000000000
-0.001455791079951	0.000000000000000
-0.001448079735732	0.000000000000000
-0.001440430629201	0.000000000000000
-0.001432841036025	0.000000000000000
-0.001425311885506	0.000000000000000
-0.001417841782958	0.000000000000000
-0.001410430956727	0.000000000000000
-0.001403079028091	0.000000000000000
-0.001395784054817	0.000000000000000
-0.001388547977981	0.000000000000000
-0.001381367318403	0.000000000000000
-0.001374243833229	0.000000000000000
-0.001367177087725	0.000000000000000
-0.001360164488906	0.000000000000000
-0.001353208262893	0.000000000000000
-0.001346305552524	0.000000000000000
-0.001339457654828	0.000000000000000
-0.001332662966283	0.000000000000000
-0.001325922180528	0.000000000000000
-0.001319233284594	0.000000000000000
-0.001312597309675	0.000000000000000
-0.001306013112170	0.000000000000000
-0.001299480100187	0.000000000000000
-0.001292998372705	0.000000000000000
-0.001286567363363	0.000000000000000
-0.001280185781042	0.000000000000000
-0.001273855349165	0.000000000000000
-0.001267572630839	0.000000000000000
-0.001261339873400	0.000000000000000
-0.001255155357810	0.000000000000000
-0.001249018843617	0.000000000000000
-0.001242930289280	0.000000000000000
-0.001236888588672	0.000000000000000
-0.001230894745702	0.000000000000000
-0.001224946403587	0.000000000000000
-0.001219045144859	0.000000000000000
-0.001213188664776	0.000000000000000
-0.001207378261786	0.000000000000000
-0.001201613309156	0.000000000000000
-0.001195891952836	0.000000000000000
-0.001190215764420	0.000000000000000
-0.001184583079696	0.000000000000000
-0.001178994018592	0.000000000000000
-0.001173448481994	0.000000000000000
-0.001167945968324	0.000000000000000
-0.001162485140346	0.000000000000000
-0.001157067422682	0.000000000000000
-0.001151691302340	0.000000000000000
-0.001146356228518	0.000000000000000
-0.001141062775764	0.000000000000000
-0.001135810500344	0.000000000000000
-0.001130598118732	0.000000000000000
-0.001125426448081	0.000000000000000
-0.001120294218085	0.000000000000000
-0.001115201739447	0.000000000000000
-0.001110148631967	0.000000000000000
-0.001105134436219	0.000000000000000
-0.001100158606237	0.000000000000000
-0.001095221638674	0.000000000000000
-0.001090322219808	0.000000000000000
-0.001085461029722	0.000000000000000
-0.001080635860875	0.000000000000000
-0.001075849877573	0.000000000000000
-0.001071099760344	0.000000000000000
-0.001066385502928	0.000000000000000
-0.001061708877567	0.000000000000000
-0.001057066848161	0.000000000000000
-0.001052461942985	0.000000000000000
-0.001047890638066	0.000000000000000
-0.001043356650302	0.000000000000000
-0.001038855751615	0.000000000000000
-0.001034390490064	0.000000000000000
-0.001029959073397	0.000000000000000
-0.001025561693597	0.000000000000000
-0.001021198490368	0.000000000000000
-0.001016867917620	0.000000000000000
-0.001012572201058	0.000000000000000
-0.001008308168898	0.000000000000000
-0.001004077400556	0.000000000000000
-0.000999878911701	0.000000000000000
-0.000995713158591	0.000000000000000
-0.000991578818976	0.000000000000000
-0.000987476717329	0.000000000000000
-0.000983405677700	0.000000000000000
-0.000979366668676	0.000000000000000
-0.000975358024429	0.000000000000000
-0.000971380004003	0.000000000000000
-0.000967433779629	0.000000000000000
-0.000963516498673	0.000000000000000
-0.000959629924485	0.000000000000000
-0.000955773815194	0.000000000000000
-0.000951946050576	0.000000000000000
-0.000948148716525	0.000000000000000
-0.000944380258077	0.000000000000000
-0.000940640995649	0.000000000000000
-0.000936930156691	0.000000000000000
-0.000933248155567	0.000000000000000
-0.000929594238005	0.000000000000000
-0.000925968563223	0.000000000000000
-0.000922371120814	0.000000000000000
-0.000918800977519	0.000000000000000
-0.000915258035579	0.000000000000000
-0.000911743256607	0.000000000000000
-0.000908254731197	0.000000000000000
-0.000904793689456	0.000000000000000
-0.000901358506172	0.000000000000000
-0.000897951150680	0.000000000000000
-0.000894568505679	0.000000000000000
-0.000891213450591	0.000000000000000
-0.000887882704819	0.000000000000000
-0.000884579077469	0.000000000000000
-0.000881300070658	0.000000000000000
-0.000878046715392	0.000000000000000
-0.000874818424220	0.000000000000000
-0.000871614891064	0.000000000000000
-0.000868436574086	0.000000000000000
-0.000865282444903	0.000000000000000
-0.000862152782530	0.000000000000000
-0.000859047087065	0.000000000000000
-0.000855966135921	0.000000000000000
-0.000852908337562	0.000000000000000
-0.000849874110229	0.000000000000000
-0.000846863988685	0.000000000000000
-0.000843876956499	0.000000000000000
-0.000840912885006	0.000000000000000
-0.000837971680711	0.000000000000000
-0.000835054111774	0.000000000000000
-0.000832157981369	0.000000000000000
-0.000829285395689	0.000000000000000
-0.000826434312868	0.000000000000000
-0.000823605564145	0.000000000000000
-0.000820799340210	0.000000000000000
-0.000818014115319	0.000000000000000
-0.000815251191155	0.000000000000000
-0.000812509656215	0.000000000000000
-0.000809788796064	0.000000000000000
-0.000807090146227	0.000000000000000
-0.000804411850475	0.000000000000000
-0.000801754582768	0.000000000000000
-0.000799117553958	0.000000000000000
-0.000796502495140	0.000000000000000
-0.000793905836848	0.000000000000000
-0.000791331411176	0.000000000000000
-0.000788775720944	0.000000000000000
-0.000786240441690	0.000000000000000
-0.000783725168702	0.000000000000000
-0.000781229171053	0.000000000000000
-0.000778753074291	0.000000000000000
-0.000776296122245	0.000000000000000
-0.000773858612646	0.000000000000000
-0.000771439872946	0.000000000000000
-0.000769040522185	0.000000000000000
-0.000766659323600	0.000000000000000
-0.000764297387599	0.000000000000000
-0.000761954309031	0.000000000000000
-0.000759627917041	0.000000000000000
-0.000757322445619	0.000000000000000
-0.000755032563067	0.000000000000000
-0.000752762344086	0.000000000000000
-0.000750509178410	0.000000000000000
-0.000748274096419	0.000000000000000
-0.000746056252714	0.000000000000000
-0.000743856152631	0.000000000000000
-0.000741673747294	0.000000000000000
-0.000739507369007	0.000000000000000
-0.000737359669168	0.000000000000000
-0.000735227812920	0.000000000000000
-0.000733112727547	0.000000000000000
-0.000731014695050	0.000000000000000
-0.000728933660396	0.000000000000000
-0.000726868320974	0.000000000000000
-0.000724819678812	0.000000000000000
-0.000722787161798	0.000000000000000
-0.000720770822879	0.000000000000000
-0.000718770309769	0.000000000000000
-0.000716785658139	0.000000000000000
-0.000714816796990	0.000000000000000
-0.000712863686759	0.000000000000000
-0.000710925730262	0.000000000000000
-0.000709003129098	0.000000000000000
-0.000707096466282	0.000000000000000
-0.000705204281901	0.000000000000000
-0.000703326831450	0.000000000000000
-0.000701465119253	0.000000000000000
-0.000699617783395	0.000000000000000
-0.000697785078224	0.000000000000000
-0.000695967317124	0.000000000000000
-0.000694163259760	0.000000000000000
-0.000692374580006	0.000000000000000
-0.000690599385289	0.000000000000000
-0.000688838095599	0.000000000000000
-0.000687092021834	0.000000000000000
-0.000685358499854	0.000000000000000
-0.000683639483156	0.000000000000000
-0.000681934494207	0.000000000000000
-0.000680242347235	0.000000000000000
-0.000678563719541	0.000000000000000
-0.000676899249846	0.000000000000000
-0.000675247379040	0.000000000000000
-0.000673608744339	0.000000000000000
-0.000671983637580	0.000000000000000
-0.000670370839313	0.000000000000000
-0.000668771250585	0.000000000000000
-0.000667184524065	0.000000000000000
-0.000665610890902	0.000000000000000
-0.000664048056786	0.000000000000000
-0.000662499920920	0.000000000000000
-0.000660962705057	0.000000000000000
-0.000659438262104	0.000000000000000
-0.000657925791982	0.000000000000000
-0.000656425934072	0.000000000000000
-0.000654937086814	0.000000000000000
-0.000653460880291	0.000000000000000
-0.000651996312883	0.000000000000000
-0.000650543048166	0.000000000000000
-0.000649101977135	0.000000000000000
-0.000647671852908	0.000000000000000
-0.000646253367905	0.000000000000000
-0.000644846139596	0.000000000000000
-0.000643450179496	0.000000000000000
