-0.015672120624260	0.000000000000000
-0.015684600300606	0.000000000000000
-0.015696989040384	0.000000000000000
-0.015709286947986	0.000000000000000
-0.015721494631877	0.000000000000000
-0.015733612695651	0.000000000000000
-0.015745641741581	0.000000000000000
-0.015757582385372	0.000000000000000
-0.015769435257691	0.000000000000000
-0.015781200994273	0.000000000000000
-0.015792880247910	0.000000000000000
-0.015804473668001	0.000000000000000
-0.015815981939500	0.000000000000000
-0.015827405733529	0.000000000000000
-0.015838745748050	0.000000000000000
-0.015850002688280	0.000000000000000
-0.015861177260632	0.000000000000000
-0.015872270208940	0.000000000000000
-0.015883282254923	0.000000000000000
-0.015894214161064	0.000000000000000
-0.015905066683053	0.000000000000000
-0.015915840592723	0.000000000000000
-0.015926536685115	0.000000000000000
-0.015937155747022	0.000000000000000
-0.015947698597070	0.000000000000000
-0.015958166051273	0.000000000000000
-0.015968558947704	0.000000000000000
-0.015978878132693	0.000000000000000
-0.015989124464113	0.000000000000000
-0.015999298814396	0.000000000000000
-0.016009402070501	0.000000000000000
-0.016019435130773	0.000000000000000
-0.016029398899290	0.000000000000000
-0.016039294310456	0.000000000000000
-0.016049122295530	0.000000000000000
-0.016058883802384	0.000000000000000
-0.016068579807643	0.000000000000000
-0.016078211272380	0.000000000000000
-0.016087779201125	0.000000000000000
-0.016097284597725	0.000000000000000
-0.016106728474851	0.000000000000000
-0.016116111876880	0.000000000000000
-0.016125435846399	0.000000000000000
-0.016134701446805	0.000000000000000
-0.016143909756041	0.000000000000000
-0.016153061871885	0.000000000000000
-0.016162158895296	0.000000000000000
-0.016171201951129	0.000000000000000
-0.016180192177754	0.000000000000000
-0.016189130737288	0.000000000000000
-0.016198018779696	0.000000000000000
-0.016206857512102	0.000000000000000
-0.016215648122569	0.000000000000000
-0.016224391831145	0.000000000000000
-0.016233089876529	0.000000000000000
-0.016241743505238	0.000000000000000
-0.016250353983448	0.000000000000000
-0.016258922600277	0.000000000000000
-0.016267450658066	0.000000000000000
-0.016275939467092	0.000000000000000
-0.016284390374513	0.000000000000000
-0.016292804729834	0.000000000000000
-0.016301183908467	0.000000000000000
-0.016309529295872	0.000000000000000
-0.016317842309765	0.000000000000000
-0.016326124373812	0.000000000000000
-0.016334376930798	0.000000000000000
-0.016342601458949	0.000000000000000
-0.016350799434415	0.000000000000000
-0.016358972362332	0.000000000000000
-0.016367121780641	0.000000000000000
-0.016375249221857	0.000000000000000
-0.016383356256109	0.000000000000000
-0.016391444474519	0.000000000000000
-0.016399515483849	0.000000000000000
-0.016407570913079	0.000000000000000
-0.016415612413555	0.000000000000000
-0.016423641654280	0.000000000000000
-0.016431660344341	0.000000000000000
-0.016439670188996	0.000000000000000
-0.016447672929347	0.000000000000000
-0.016455670343053	0.000000000000000
-0.016463664202280	0.000000000000000
-0.016471656326326	0.000000000000000
-0.016479648551488	0.000000000000000
-0.016487642737429	0.000000000000000
-0.016495640770359	0.000000000000000
-0.016503644558404	0.000000000000000
-0.016511656039873	0.000000000000000
-0.016519677178775	0.000000000000000
-0.016527709961626	0.000000000000000
-0.016535756404193	0.000000000000000
-0.016543818553393	0.000000000000000
-0.016551898476755	0.000000000000000
-0.016559998270220	0.000000000000000
-0.016568120069077	0.000000000000000
-0.016576266023239	0.000000000000000
-0.016584438320754	0.000000000000000
-0.016592639178679	0.000000000000000
-0.016600870840727	0.000000000000000
-0.016609135585791	0.000000000000000
-0.016617435717041	0.000000000000000
-0.016625773587747	0.000000000000000
-0.016634151551211	0.000000000000000
-0.016642572031123	0.000000000000000
-0.016651037455404	0.000000000000000
-0.016659550299900	0.000000000000000
-0.016668113072682	0.000000000000000
-0.016676728317875	0.000000000000000
-0.016685398606429	0.000000000000000
-0.016694126563987	0.000000000000000
-0.016702914832449	0.000000000000000
-0.016711766107667	0.000000000000000
-0.016720683113788	0.000000000000000
-0.016729668614390	0.000000000000000
-0.016738725425731	0.000000000000000
-0.016747856374284	0.000000000000000
-0.016757064374899	0.000000000000000
-0.016766352326967	0.000000000000000
-0.016775723219900	0.000000000000000
-0.016785180067390	0.000000000000000
-0.016794725918429	0.000000000000000
-0.016804363879786	0.000000000000000
-0.016814097107571	0.000000000000000
-0.016823928782249	0.000000000000000
-0.016833862157725	0.000000000000000
-0.016843900519985	0.000000000000000
-0.016854047206374	0.000000000000000
-0.016864305605885	0.000000000000000
-0.016874679163535	0.000000000000000
-0.016885171366048	0.000000000000000
-0.016895785752810	0.000000000000000
-0.016906525934498	0.000000000000000
-0.016917395555072	0.000000000000000
-0.016928398320385	0.000000000000000
-0.016939538003880	0.000000000000000
-0.016950818422362	0.000000000000000
-0.016962243464398	0.000000000000000
-0.016973817062360	0.000000000000000
-0.016985543232843	0.000000000000000
-0.016997426032234	0.000000000000000
-0.017009469596621	0.000000000000000
-0.017021678119743	0.000000000000000
-0.017034055862366	0.000000000000000
-0.017046607155237	0.000000000000000
-0.017059336400506	0.000000000000000
-0.017072248059582	0.000000000000000
-0.017085346684583	0.000000000000000
-0.017098636876189	0.000000000000000
-0.017112123337463	0.000000000000000
-0.017125810827743	0.000000000000000
-0.017139704189059	0.000000000000000
-0.017153808352323	0.000000000000000
-0.017168128311335	0.000000000000000
-0.017182669165941	0.000000000000000
-0.017197436081179	0.000000000000000
-0.017212434316583	0.000000000000000
-0.017227669225790	0.000000000000000
-0.017243146234529	0.000000000000000
-0.017258870883833	0.000000000000000
-0.017274848796044	0.000000000000000
-0.017291085682583	0.000000000000000
-0.017307587375548	0.000000000000000
-0.017324359778854	0.000000000000000
-0.017341408922660	0.000000000000000
-0.017358740937072	0.000000000000000
-0.017376362039668	0.000000000000000
-0.017394278592595	0.000000000000000
-0.017412497035151	0.000000000000000
-0.017431023939958	0.000000000000000
-0.017449866001312	0.000000000000000
-0.017469030010463	0.000000000000000
-0.017488522907790	0.000000000000000
-0.017508351737512	0.000000000000000
-0.017528523690090	0.000000000000000
-0.017549046057526	0.000000000000000
-0.017569926309611	0.000000000000000
-0.017591172008215	0.000000000000000
-0.017612790889537	0.000000000000000
-0.017634790805662	0.000000000000000
-0.017657179780990	0.000000000000000
-0.017679965966227	0.000000000000000
-0.017703157684382	0.000000000000000
-0.017726763401648	0.000000000000000
-0.017750791755268	0.000000000000000
-0.017775251540742	0.000000000000000
-0.017800151724109	0.000000000000000
-0.017825501445908	0.000000000000000
-0.017851310014178	0.000000000000000
-0.017877586938530	0.000000000000000
-0.017904341883183	0.000000000000000
-0.017931584729494	0.000000000000000
-0.017959325547160	0.000000000000000
-0.017987574582471	0.000000000000000
-0.018016342323373	0.000000000000000
-0.018045639434464	0.000000000000000
-0.018075476805741	0.000000000000000
-0.018105865560840	0.000000000000000
-0.018136817014293	0.000000000000000
-0.018168342751042	0.000000000000000
-0.018200454559651	0.000000000000000
-0.018233164483831	0.000000000000000
-0.018266484821865	0.000000000000000
-0.018300428112217	0.000000000000000
-0.018335007164830	0.000000000000000
-0.018370235047820	0.000000000000000
-0.018406125116263	0.000000000000000
-0.018442690990017	0.000000000000000
-0.018479946591833	0.000000000000000
-0.018517906130438	0.000000000000000
-0.018556584118678	0.000000000000000
-0.018595995392443	0.000000000000000
-0.018636155082882	0.000000000000000
-0.018677078675347	0.000000000000000
-0.018718781971629	0.000000000000000
-0.018761281125997	0.000000000000000
-0.018804592646065	0.000000000000000
-0.018848733400001	0.000000000000000
-0.018893720634442	0.000000000000000
-0.018939571966495	0.000000000000000
-0.018986305423167	0.000000000000000
-0.019033939410401	0.000000000000000
-0.019082492777657	0.000000000000000
-0.019131984775284	0.000000000000000
-0.019182435090612	0.000000000000000
-0.019233863882910	0.000000000000000
-0.019286291732945	0.000000000000000
-0.019339739736965	0.000000000000000
-0.019394229433357	0.000000000000000
-0.019449782889972	0.000000000000000
-0.019506422676412	0.000000000000000
-0.019564171878353	0.000000000000000
-0.019623054137488	0.000000000000000
-0.019683093639235	0.000000000000000
-0.019744315141244	0.000000000000000
-0.019806743987038	0.000000000000000
-0.019870406125416	0.000000000000000
-0.019935328113970	0.000000000000000
-0.020001537155159	0.000000000000000
-0.020069061103708	0.000000000000000
-0.020137928475878	0.000000000000000
-0.020208168486153	0.000000000000000
-0.020279811062170	0.000000000000000
-0.020352886839708	0.000000000000000
-0.020427427231202	0.000000000000000
-0.020503464400841	0.000000000000000
-0.020581031303847	0.000000000000000
-0.020660161722529	0.000000000000000
-0.020740890259861	0.000000000000000
-0.020823252392977	0.000000000000000
-0.020907284468713	0.000000000000000
-0.020993023764416	0.000000000000000
-0.021080508465799	0.000000000000000
-0.021169777741396	0.000000000000000
-0.021260871741482	0.000000000000000
-0.021353831629090	0.000000000000000
-0.021448699615597	0.000000000000000
-0.021545518991565	0.000000000000000
-0.021644334148722	0.000000000000000
-0.021745190612078	0.000000000000000
-0.021848135088670	0.000000000000000
-0.021953215472776	0.000000000000000
-0.022060480906460	0.000000000000000
-0.022169981798010	0.000000000000000
-0.022281769869647	0.000000000000000
-0.022395898178420	0.000000000000000
-0.022512421175120	0.000000000000000
-0.022631394725350	0.000000000000000
-0.022752876167442	0.000000000000000
-0.022876924328097	0.000000000000000
-0.023003599597234	0.000000000000000
-0.023132963948808	0.000000000000000
-0.023265080985298	0.000000000000000
-0.023400016005606	0.000000000000000
-0.023537836019970	0.000000000000000
-0.023678609835228	0.000000000000000
-0.023822408062670	0.000000000000000
-0.023969303219350	0.000000000000000
-0.024119369724542	0.000000000000000
-0.024272684004032	0.000000000000000
-0.024429324506031	0.000000000000000
-0.024589371788299	0.000000000000000
-0.024752908556303	0.000000000000000
-0.024920019717572	0.000000000000000
-0.025090792471403	0.000000000000000
-0.025265316337644	0.000000000000000
-0.025443683236097	0.000000000000000
-0.025625987548199	0.000000000000000
-0.025812326182498	0.000000000000000
-0.026002798651943	0.000000000000000
-0.026197507111668	0.000000000000000
-0.026396556463895	0.000000000000000
-0.026600054420492	0.000000000000000
-0.026808111547503	0.000000000000000
-0.027020841384079	0.000000000000000
-0.027238360469119	0.000000000000000
-0.027460788470296	0.000000000000000
-0.027688248193218	0.000000000000000
-0.027920865741666	0.000000000000000
-0.028158770503118	0.000000000000000
-0.028402095325482	0.000000000000000
-0.028650976507098	0.000000000000000
-0.028905553934869	0.000000000000000
-0.029165971162630	0.000000000000000
-0.029432375451288	0.000000000000000
-0.029704917894105	0.000000000000000
-0.029983753478188	0.000000000000000
-0.030269041165548	0.000000000000000
-0.030560943983362	0.000000000000000
-0.030859629088076	0.000000000000000
-0.031165267858689	0.000000000000000
-0.031478035975417	0.000000000000000
-0.031798113475372	0.000000000000000
-0.032125684853329	0.000000000000000
-0.032460939119846	0.000000000000000
-0.032804069860824	0.000000000000000
-0.033155275343922	0.000000000000000
-0.033514758510072	0.000000000000000
-0.033882727118879	0.000000000000000
-0.034259393724036	0.000000000000000
-0.034644975775132	0.000000000000000
-0.035039695641430	0.000000000000000
-0.035443780632895	0.000000000000000
-0.035857463069800	0.000000000000000
-0.036280980254962	0.000000000000000
-0.036714574524266	0.000000000000000
-0.037158493233405	0.000000000000000
-0.037612988739553	0.000000000000000
-0.038078318403918	0.000000000000000
-0.038554744543571	0.000000000000000
-0.039042534382089	0.000000000000000
-0.039541959993376	0.000000000000000
-0.040053298217593	0.000000000000000
-0.040576830572088	0.000000000000000
-0.041112843122355	0.000000000000000
-0.041661626343098	0.000000000000000
-0.042223474977879	0.000000000000000
-0.042798687820025	0.000000000000000
-0.043387567530669	0.000000000000000
-0.043990420371846	0.000000000000000
-0.044607555954131	0.000000000000000
-0.045239286928942	0.000000000000000
-0.045885928641724	0.000000000000000
-0.046547798749996	0.000000000000000
-0.047225216833524	0.000000000000000
-0.047918503907619	0.000000000000000
-0.048627981933544	0.000000000000000
-0.049353973267093	0.000000000000000
-0.050096800058798	0.000000000000000
-0.050856783591506	0.000000000000000
-0.051634243584702	0.000000000000000
-0.052429497410069	0.000000000000000
-0.053242859272829	0.000000000000000
-0.054074639316988	0.000000000000000
-0.054925142640383	0.000000000000000
-0.055794668299276	0.000000000000000
-0.056683508159333	0.000000000000000
-0.057591945739326	0.000000000000000
-0.058520254940465	0.000000000000000
-0.059468698676739	0.000000000000000
-0.060437527492568	0.000000000000000
-0.061426977990378	0.000000000000000
-0.062437271266006	0.000000000000000
-0.063468611194331	0.000000000000000
-0.064521182620304	0.000000000000000
-0.065595149519804	0.000000000000000
-0.066690652988425	0.000000000000000
-0.067807809178057	0.000000000000000
-0.068946707137559	0.000000000000000
-0.070107406559846	0.000000000000000
-0.071289935427612	0.000000000000000
-0.072494287580960	0.000000000000000
-0.073720420224034	0.000000000000000
-0.074968251277812	0.000000000000000
-0.076237656752286	0.000000000000000
-0.077528468024646	0.000000000000000
-0.078840468979234	0.000000000000000
-0.080173393224344	0.000000000000000
-0.081526921187884	0.000000000000000
-0.082900677202246	0.000000000000000
-0.084294226590456	0.000000000000000
-0.085707072741934	0.000000000000000
-0.087138654218813	0.000000000000000
-0.088588341883851	0.000000000000000
-0.090055436106639	0.000000000000000
-0.091539164034371	0.000000000000000
-0.093038676972440	0.000000000000000
-0.094553047898247	0.000000000000000
-0.096081269119084	0.000000000000000
-0.097622250130351	0.000000000000000
-0.099174815684108	0.000000000000000
-0.100737704089010	0.000000000000000
-0.102309565799834	0.000000000000000
-0.103888962321003	0.000000000000000
-0.105474365452198	0.000000000000000
-0.107064156893937	0.000000000000000
-0.108656628292644	0.000000000000000
-0.110249981711440	0.000000000000000
-0.111842330576359	0.000000000000000
-0.113431701148018	0.000000000000000
-0.115016034504327	0.000000000000000
-0.116593189125988	0.000000000000000
-0.118160944011784	0.000000000000000
-0.119717002467311	0.000000000000000
-0.121258996484193	0.000000000000000
-0.122784491745622	0.000000000000000
-0.124290993333057	0.000000000000000
-0.125775952003057	0.000000000000000
-0.127236771201088	0.000000000000000
-0.128670814599399	0.000000000000000
-0.130075414380073	0.000000000000000
-0.131447879999340	0.000000000000000
-0.132785507571269	0.000000000000000
-0.134085589765874	0.000000000000000
-0.135345426172335	0.000000000000000
-0.136562334113838	0.000000000000000
-0.137733659764778	0.000000000000000
-0.138856789630640	0.000000000000000
-0.139929162198462	0.000000000000000
-0.140948279726258	0.000000000000000
-0.141911720120388	0.000000000000000
-0.142817148733998	0.000000000000000
-0.143662330046673	0.000000000000000
-0.144445139123375	0.000000000000000
-0.145163572724760	0.000000000000000
-0.145815760016971	0.000000000000000
-0.146399972740645	0.000000000000000
-0.146914634787208	0.000000000000000
-0.147358331042347	0.000000000000000
-0.147729815448167	0.000000000000000
-0.148028018192078	0.000000000000000
-0.148252052015285	0.000000000000000
-0.148401217359621	0.000000000000000
-0.148475006676707	0.000000000000000
-0.148473107411405	0.000000000000000
-0.148395404049489	0.000000000000000
-0.148241978856771	0.000000000000000
-0.148013111563750	0.000000000000000
-0.147709277836671	0.000000000000000
-0.147331146608579	0.000000000000000
-0.146879576337856	0.000000000000000
-0.146355610124727	0.000000000000000
-0.145760469847546	0.000000000000000
-0.145095549339095	0.000000000000000
-0.144362406602182	0.000000000000000
-0.143562755251195	0.000000000000000
-0.142698455204908	0.000000000000000
-0.141771502725512	0.000000000000000
-0.140784019860048	0.000000000000000
-0.139738243507838	0.000000000000000
-0.138636513979179	0.000000000000000
-0.137481263424522	0.000000000000000
-0.136275004029741	0.000000000000000
-0.135020316116283	0.000000000000000
-0.133719836287964	0.000000000000000
-0.132376245684091	0.000000000000000
-0.130992258385720	0.000000000000000
-0.129570610138146	0.000000000000000
-0.128114047352820	0.000000000000000
-0.126625316553371	0.000000000000000
-0.125107154269990	0.000000000000000
-0.123562277415462	0.000000000000000
-0.121993374228791	0.000000000000000
-0.120403095862490	0.000000000000000
-0.118794048467783	0.000000000000000
-0.117168785975580	0.000000000000000
-0.115529803559761	0.000000000000000
-0.113879531696188	0.000000000000000
-0.112220330871117	0.000000000000000
-0.110554487005378	0.000000000000000
-0.108884207431555	0.000000000000000
-0.107211617565834	0.000000000000000
-0.105538758118114	0.000000000000000
-0.103867582959979	0.000000000000000
-0.102199957458085	0.000000000000000
-0.100537657436365	0.000000000000000
-0.098882368524088	0.000000000000000
-0.097235686064701	0.000000000000000
-0.095599115393506	0.000000000000000
-0.093974072561753	0.000000000000000
-0.092361885365771	0.000000000000000
-0.090763794798466	0.000000000000000
-0.089180956680154	0.000000000000000
-0.087614443682943	0.000000000000000
-0.086065247487781	0.000000000000000
-0.084534281201338	0.000000000000000
-0.083022381966564	0.000000000000000
-0.081530313632672	0.000000000000000
-0.080058769681534	0.000000000000000
-0.078608376131279	0.000000000000000
-0.077179694614826	0.000000000000000
-0.075773225444212	0.000000000000000
-0.074389410766472	0.000000000000000
-0.073028637707435	0.000000000000000
-0.071691241575502	0.000000000000000
-0.070377508978157	0.000000000000000
-0.069087681005967	0.000000000000000
-0.067821956359415	0.000000000000000
-0.066580494413674	0.000000000000000
-0.065363418296694	0.000000000000000
-0.064170817887823	0.000000000000000
-0.063002752772838	0.000000000000000
-0.061859255147182	0.000000000000000
-0.060740332679946	0.000000000000000
-0.059645971327467	0.000000000000000
-0.058576138049793	0.000000000000000
-0.057530783548395	0.000000000000000
-0.056509844921792	0.000000000000000
-0.055513248275579	0.000000000000000
-0.054540911307835	0.000000000000000
-0.053592745891049	0.000000000000000
-0.052668660595760	0.000000000000000
-0.051768563221646	0.000000000000000
-0.050892363364670	0.000000000000000
-0.050039974918611	0.000000000000000
-0.049211318694115	0.000000000000000
-0.048406325015624	0.000000000000000
-0.047624936391097	0.000000000000000
-0.046867110275926	0.000000000000000
-0.046132821927963	0.000000000000000
-0.045422067327226	0.000000000000000
-0.044734866336382	0.000000000000000
-0.044071265932580	0.000000000000000
-0.043431343713401	0.000000000000000
-0.042815211570996	0.000000000000000
-0.042223019702745	0.000000000000000
-0.041654960874800	0.000000000000000
-0.041111275084011	0.000000000000000
-0.040592254632102	0.000000000000000
-0.040098249649729	0.000000000000000
-0.039629674187296	0.000000000000000
-0.039187012904658	0.000000000000000
-0.038770828509944	0.000000000000000
-0.038381769934495	0.000000000000000
-0.038020581510254	0.000000000000000
-0.037688113133590	0.000000000000000
-0.037385331672572	0.000000000000000
-0.037113333732361	0.000000000000000
-0.036873359985581	0.000000000000000
-0.036666811308148	0.000000000000000
-0.036495266986999	0.000000000000000
-0.036360505265713	0.000000000000000
-0.036264526645763	0.000000000000000
-0.036209580276893	0.000000000000000
-0.036198193988837	0.000000000000000
-0.036233208462914	0.000000000000000
-0.036317816233370	0.000000000000000
-0.036455606250178	0.000000000000000
-0.036650614934790	0.000000000000000
-0.036907384748895	0.000000000000000
-0.037231031537110	0.000000000000000
-0.037627322105460	0.000000000000000
-0.038102763776349	0.000000000000000
-0.038664707988630	0.000000000000000
-0.039321470367342	0.000000000000000
-0.040082470219121	0.000000000000000
-0.040958392966119	0.000000000000000
-0.041961379604781	0.000000000000000
-0.043105248333680	0.000000000000000
-0.044405754352696	0.000000000000000
-0.045880895034552	0.000000000000000
-0.047551269444036	0.000000000000000
-0.049440502781134	0.000000000000000
-0.051575748665104	0.000000000000000
-0.053988285239008	0.000000000000000
-0.056714224182787	0.000000000000000
-0.059795356293972	0.000000000000000
-0.063280162510427	0.000000000000000
-0.067225025829537	0.000000000000000
-0.071695687693968	0.000000000000000
-0.076769002755330	0.000000000000000
-0.082535058038373	0.000000000000000
-0.089099738599045	0.000000000000000
-0.096587840626789	0.000000000000000
-0.105146856873028	0.000000000000000
-0.114951588369330	0.000000000000000
-0.126209772080101	0.000000000000000
-0.139168957000215	0.000000000000000
-0.154124912514498	0.000000000000000
-0.171431912426570	0.000000000000000
-0.191515305608346	0.000000000000000
-0.214886855879042	0.000000000000000
-0.242163403941867	0.000000000000000
-0.274089458139547	0.000000000000000
-0.311564334167627	0.000000000000000
-0.355674393783005	0.000000000000000
-0.407730705960843	0.000000000000000
-0.469311952465948	0.000000000000000
-0.542311440149953	0.000000000000000
-0.628985381785454	0.000000000000000
-0.731996764397869	0.000000000000000
-0.854444595937842	0.000000000000000
-0.999861467243776	0.000000000000000
-1.172152601544438	0.000000000000000
-1.375436782855721	0.000000000000000
-1.613735004971975	0.000000000000000
-1.890440496286999	0.000000000000000
-2.207503175043343	0.000000000000000
-2.564288929775049	0.000000000000000
-2.956152235700474	0.000000000000000
-3.372910395458972	0.000000000000000
-3.797625780846784	0.000000000000000
-4.206325904846660	0.000000000000000
-4.569371408340776	0.000000000000000
-4.854920188794500	0.000000000000000
-5.034226180357535	0.000000000000000
-5.087542441131536	0.000000000000000
-5.008706326909566	0.000000000000000
-4.806652622299666	0.000000000000000
-4.503235595963387	0.000000000000000
-4.128244645138123	0.000000000000000
-3.713479140295992	0.000000000000000
-3.287727025169117	0.000000000000000
-2.873698461186006	0.000000000000000
-2.487013170743327	0.000000000000000
-2.136710666554082	0.000000000000000
-1.826568005693129	0.000000000000000
-1.556631507035043	0.000000000000000
-1.324600005882090	0.000000000000000
-1.126905099200132	0.000000000000000
-0.959469393306098	0.000000000000000
-0.818190588367819	0.000000000000000
-0.699219785899611	0.000000000000000
-0.599098633613044	0.000000000000000
-0.514806777587384	0.000000000000000
-0.443756664768846	0.000000000000000
-0.383760476637308	0.000000000000000
-0.332984781882507	0.000000000000000
-0.289902120267517	0.000000000000000
-0.253244561436812	0.000000000000000
-0.221961688866901	0.000000000000000
-0.195183921686716	0.000000000000000
-0.172191230702343	0.000000000000000
-0.152386866113851	0.000000000000000
-0.135275524511801	0.000000000000000
-0.120445331984392	0.000000000000000
-0.107553044209830	0.000000000000000
-0.096311922836049	0.000000000000000
-0.086481818469999	0.000000000000000
-0.077861062191947	0.000000000000000
-0.070279833630172	0.000000000000000
-0.063594731733297	0.000000000000000
-0.057684324196619	0.000000000000000
-0.052445492847738	0.000000000000000
-0.047790426758937	0.000000000000000
-0.043644143054139	0.000000000000000
-0.039942437985854	0.000000000000000
-0.036630189576108	0.000000000000000
-0.033659948085081	0.000000000000000
-0.030990762369357	0.000000000000000
-0.028587200328893	0.000000000000000
-0.026418529181096	0.000000000000000
-0.024458027663384	0.000000000000000
-0.022682407540233	0.000000000000000
-0.021071325842248	0.000000000000000
-0.019606972383471	0.000000000000000
-0.018273720364455	0.000000000000000
-0.017057829413867	0.000000000000000
-0.015947192803464	0.000000000000000
-0.014931121612364	0.000000000000000
-0.014000160095433	0.000000000000000
-0.013145927398956	0.000000000000000
-0.012360981435319	0.000000000000000
-0.011638701770703	0.000000000000000
-0.010973188427040	0.000000000000000
-0.010359174431148	0.000000000000000
-0.009791950003867	0.000000000000000
-0.009267296700679	0.000000000000000
-0.008781430149163	0.000000000000000
-0.008330950096861	0.000000000000000
-0.007912796806460	0.000000000000000
-0.007524212877939	0.000000000000000
-0.007162709823738	0.000000000000000
-0.006826038659346	0.000000000000000
-0.006512164110843	0.000000000000000
-0.006219241822371	0.000000000000000
-0.005945598281522	0.000000000000000
-0.005689713080240	0.000000000000000
-0.005450203162250	0.000000000000000
-0.005225808936099	0.000000000000000
-0.005015381872164	0.000000000000000
-0.004817873501694	0.000000000000000
-0.004632325654134	0.000000000000000
-0.004457861663207	0.000000000000000
-0.004293678636126	0.000000000000000
-0.004139040421260	0.000000000000000
-0.003993271403569	0.000000000000000
-0.003855750876713	0.000000000000000
-0.003725908058691	0.000000000000000
-0.003603217525268	0.000000000000000
-0.003487195205994	0.000000000000000
-0.003377394667365	0.000000000000000
-0.003273403875013	0.000000000000000
-0.003174842148093	0.000000000000000
-0.003081357529770	0.000000000000000
-0.002992624303622	0.000000000000000
-0.002908340813662	0.000000000000000
-0.002828227453113	0.000000000000000
-0.002752024845171	0.000000000000000
-0.002679492215394	0.000000000000000
-0.002610405851718	0.000000000000000
-0.002544557782373	0.000000000000000
-0.002481754488660	0.000000000000000
-0.002421815809843	0.000000000000000
-0.002364573881259	0.000000000000000
-0.002309872190424	0.000000000000000
-0.002257564720476	0.000000000000000
-0.002207515152564	0.000000000000000
-0.002159596137214	0.000000000000000
-0.002113688637362	0.000000000000000
-0.002069681303698	0.000000000000000
-0.002027469935070	0.000000000000000
-0.001986956939180	0.000000000000000
-0.001948050876569	0.000000000000000
-0.001910666019596	0.000000000000000
-0.001874721943700	0.000000000000000
-0.001840143171440	0.000000000000000
-0.001806858813069	0.000000000000000
-0.001774802271884	0.000000000000000
-0.001743910934910	0.000000000000000
-0.001714125905908	0.000000000000000
-0.001685391777188	0.000000000000000
-0.001657656367386	0.000000000000000
-0.001630870528893	0.000000000000000
-0.001604987956616	0.000000000000000
-0.001579964972818	0.000000000000000
-0.001555760396055	0.000000000000000
-0.001532335346173	0.000000000000000
-0.001509653138541	0.000000000000000
-0.001487679098719	0.000000000000000
-0.001466380484214	0.000000000000000
-0.001445726329245	0.000000000000000
-0.001425687355564	0.000000000000000
-0.001406235859456	0.000000000000000
-0.001387345626263	0.000000000000000
-0.001368991828222	0.000000000000000
-0.001351150955374	0.000000000000000
-0.001333800719521	0.000000000000000
-0.001316920009674	0.000000000000000
-0.001300488789216	0.000000000000000
-0.001284488072410	0.000000000000000
-0.001268899815311	0.000000000000000
-0.001253706915326	0.000000000000000
-0.001238893119966	0.000000000000000
-0.001224442988321	0.000000000000000
-0.001210341850516	0.000000000000000
-0.001196575766403	0.000000000000000
-0.001183131474856	0.000000000000000
-0.001169996358962	0.000000000000000
-0.001157158430268	0.000000000000000
-0.001144606259084	0.000000000000000
-0.001132328967077	0.000000000000000
-0.001120316213871	0.000000000000000
-0.001108558116954	0.000000000000000
-0.001097045288141	0.000000000000000
-0.001085768760684	0.000000000000000
-0.001074719983424	0.000000000000000
-0.001063890822605	0.000000000000000
-0.001053273488399	0.000000000000000
-0.001042860569930	0.000000000000000
-0.001032644980964	0.000000000000000
-0.001022619956402	0.000000000000000
-0.001012779045289	0.000000000000000
-0.001003116068217	0.000000000000000
-0.000993625130667	0.000000000000000
-0.000984300597786	0.000000000000000
-0.000975137080479	0.000000000000000
-0.000966129420625	0.000000000000000
-0.000957272687792	0.000000000000000
-0.000948562169542	0.000000000000000
-0.000939993340760	0.000000000000000
-0.000931561884030	0.000000000000000
-0.000923263659162	0.000000000000000
-0.000915094695386	0.000000000000000
-0.000907051199358	0.000000000000000
-0.000899129520050	0.000000000000000
-0.000891326174609	0.000000000000000
-0.000883637815328	0.000000000000000
-0.000876061219738	0.000000000000000
-0.000868593330760	0.000000000000000
-0.000861231166760	0.000000000000000
-0.000853971910389	0.000000000000000
-0.000846812827559	0.000000000000000
-0.000839751305299	0.000000000000000
-0.000832784833164	0.000000000000000
-0.000825910994910	0.000000000000000
-0.000819127467056	0.000000000000000
-0.000812432028902	0.000000000000000
-0.000805822520263	0.000000000000000
-0.000799296897831	0.000000000000000
-0.000792853155429	0.000000000000000
-0.000786489401032	0.000000000000000
-0.000780203783977	0.000000000000000
-0.000773994539566	0.000000000000000
-0.000767859962190	0.000000000000000
-0.000761798407113	0.000000000000000
-0.000755808291670	0.000000000000000
-0.000749888089537	0.000000000000000
-0.000744036330390	0.000000000000000
-0.000738251596504	0.000000000000000
-0.000732532516792	0.000000000000000
-0.000726877761930	0.000000000000000
-0.000721286074969	0.000000000000000
-0.000715756206153	0.000000000000000
-0.000710286973695	0.000000000000000
-0.000704877230169	0.000000000000000
-0.000699525856378	0.000000000000000
-0.000694231787318	0.000000000000000
-0.000688993976199	0.000000000000000
-0.000683811425273	0.000000000000000
-0.000678683151680	0.000000000000000
-0.000673608228432	0.000000000000000
-0.000668585727551	0.000000000000000
-0.000663614776661	0.000000000000000
-0.000658694516318	0.000000000000000
-0.000653824119361	0.000000000000000
-0.000649002777703	0.000000000000000
-0.000644229706176	0.000000000000000
-0.000639504163935	0.000000000000000
-0.000634825399391	0.000000000000000
-0.000630192703387	0.000000000000000
-0.000625605384505	0.000000000000000
-0.000621062769138	0.000000000000000
-0.000616564204587	0.000000000000000
-0.000612109041598	0.000000000000000
-0.000607696676300	0.000000000000000
-0.000603326494383	0.000000000000000
-0.000598997916822	0.000000000000000
-0.000594710359949	0.000000000000000
-0.000590463281573	0.000000000000000
-0.000586256126529	0.000000000000000
-0.000582088372898	0.000000000000000
-0.000577959496209	0.000000000000000
-0.000573868998325	0.000000000000000
-0.000569816392949	0.000000000000000
-0.000565801180195	0.000000000000000
-0.000561822910369	0.000000000000000
-0.000557881117771	0.000000000000000
-0.000553975346204	0.000000000000000
-0.000550105171860	0.000000000000000
-0.000546270148192	0.000000000000000
-0.000542469869993	0.000000000000000
-0.000538703914997	0.000000000000000
-0.000534971888052	0.000000000000000
-0.000531273386032	0.000000000000000
-0.000527608026306	0.000000000000000
-0.000523975428157	0.000000000000000
-0.000520375219209	0.000000000000000
-0.000516807029614	0.000000000000000
-0.000513270507504	0.000000000000000
-0.000509765291473	0.000000000000000
-0.000506291039559	0.000000000000000
-0.000502847409810	0.000000000000000
-0.000499434067640	0.000000000000000
-0.000496050680031	0.000000000000000
-0.000492696929057	0.000000000000000
-0.000489372487366	0.000000000000000
-0.000486077044465	0.000000000000000
-0.000482810290572	0.000000000000000
-0.000479571920854	0.000000000000000
-0.000476361634012	0.000000000000000
-0.000473179126926	0.000000000000000
-0.000470024120857	0.000000000000000
-0.000466896313296	0.000000000000000
-0.000463795424704	0.000000000000000
-0.000460721180021	0.000000000000000
-0.000457673289544	0.000000000000000
-0.000454651484267	0.000000000000000
-0.000451655500762	0.000000000000000
-0.000448685059150	0.000000000000000
-0.000445739899271	0.000000000000000
-0.000442819766035	0.000000000000000
-0.000439924390174	0.000000000000000
-0.000437053521373	0.000000000000000
-0.000434206906594	0.000000000000000
-0.000431384296671	0.000000000000000
-0.000428585439753	0.000000000000000
-0.000425810090263	0.000000000000000
-0.000423058012636	0.000000000000000
-0.000420328958794	0.000000000000000
-0.000417622692140	0.000000000000000
-0.000414938980755	0.000000000000000
-0.000412277588342	0.000000000000000
-0.000409638280796	0.000000000000000
-0.000407020835089	0.000000000000000
-0.000404425019910	0.000000000000000
-0.000401850613749	0.000000000000000
-0.000399297385874	0.000000000000000
-0.000396765128191	0.000000000000000
-0.000394253611046	0.000000000000000
-0.000391762619878	0.000000000000000
-0.000389291944918	0.000000000000000
-0.000386841368957	0.000000000000000
-0.000384410683442	0.000000000000000
-0.000381999671458	0.000000000000000
-0.000379608141615	0.000000000000000
-0.000377235873174	0.000000000000000
-0.000374882670545	0.000000000000000
-0.000372548335967	0.000000000000000
-0.000370232656385	0.000000000000000
-0.000367935453809	0.000000000000000
-0.000365656514727	0.000000000000000
-0.000363395659689	0.000000000000000
-0.000361152684502	0.000000000000000
-0.000358927413949	0.000000000000000
-0.000356719643653	0.000000000000000
-0.000354529209145	0.000000000000000
-0.000352355909565	0.000000000000000
-0.000350199566729	0.000000000000000
-0.000348060012254	0.000000000000000
-0.000345937060124	0.000000000000000
-0.000343830531545	0.000000000000000
-0.000341740269798	0.000000000000000
-0.000339666086280	0.000000000000000
-0.000337607833681	0.000000000000000
-0.000335565323456	0.000000000000000
-0.000333538415929	0.000000000000000
-0.000331526929959	0.000000000000000
-0.000329530724925	0.000000000000000
-0.000327549637664	0.000000000000000
-0.000325583511280	0.000000000000000
-0.000323632207526	0.000000000000000
-0.000321695567799	0.000000000000000
-0.000319773456824	0.000000000000000
-0.000317865727334	0.000000000000000
-0.000315972247527	0.000000000000000
-0.000314092872389	0.000000000000000
-0.000312227478254	0.000000000000000
-0.000310375935035	0.000000000000000
-0.000308538113657	0.000000000000000
-0.000306713894150	0.000000000000000
-0.000304903159997	0.000000000000000
-0.000303105784624	0.000000000000000
-0.000301321677380	0.000000000000000
-0.000299550707588	0.000000000000000
-0.000297792783100	0.000000000000000
-0.000296047803941	0.000000000000000
-0.000294315664351	0.000000000000000
-0.000292596284806	0.000000000000000
-0.000290889562972	0.000000000000000
-0.000289195424750	0.000000000000000
-0.000287513782403	0.000000000000000
-0.000285844564250	0.000000000000000
-0.000284187701834	0.000000000000000
-0.000282543114396	0.000000000000000
-0.000280910758313	0.000000000000000
-0.000279290559325	0.000000000000000
-0.000277682475362	0.000000000000000
-0.000276086445741	0.000000000000000
-0.000274502444019	0.000000000000000
-0.000272930416391	0.000000000000000
-0.000271370334759	0.000000000000000
-0.000269822168297	0.000000000000000
-0.000268285900932	0.000000000000000
-0.000266761503284	0.000000000000000
-0.000265248971691	0.000000000000000
-0.000263748293105	0.000000000000000
-0.000262259467993	0.000000000000000
-0.000260782497214	0.000000000000000
-0.000259317392140	0.000000000000000
-0.000257864166980	0.000000000000000
-0.000256422832425	0.000000000000000
-0.000254993434459	0.000000000000000
-0.000253575980955	0.000000000000000
-0.000252170519643	0.000000000000000
-0.000250777100294	0.000000000000000
-0.000249395754713	0.000000000000000
-0.000248026549222	0.000000000000000
-0.000246669535936	0.000000000000000
-0.000245324789505	0.000000000000000
-0.000243992369148	0.000000000000000
-0.000242672356548	0.000000000000000
-0.000241364839672	0.000000000000000
-0.000240069897582	0.000000000000000
-0.000238787628256	0.000000000000000
-0.000237518126060	0.000000000000000
-0.000236261507058	0.000000000000000
-0.000235017866075	0.000000000000000
-0.000233787327456	0.000000000000000
-0.000232570005753	0.000000000000000
-0.000231366036052	0.000000000000000
-0.000230175536144	0.000000000000000
-0.000228998650194	0.000000000000000
-0.000227835510992	0.000000000000000
-0.000226686273613	0.000000000000000
-0.000225551072131	0.000000000000000
-0.000224430073817	0.000000000000000
-0.000223323429499	0.000000000000000
-0.000222231294417	0.000000000000000
-0.000221153847084	0.000000000000000
-0.000220091239127	0.000000000000000
-0.000219043662585	0.000000000000000
-0.000218011271280	0.000000000000000
-0.000216994249775	0.000000000000000
-0.000215992785745	0.000000000000000
-0.000215007049932	0.000000000000000
-0.000214037231089	0.000000000000000
-0.000213083513808	0.000000000000000
-0.000212146096288	0.000000000000000
-0.000211225002491	0.000000000000000
