0.065109367637488	0.000000000000000
0.065112091107820	0.000000000000000
0.065114636459988	0.000000000000000
0.065117003739419	0.000000000000000
0.065119193002122	0.000000000000000
0.065121204303527	0.000000000000000
0.065123037698088	0.000000000000000
0.065124693243084	0.000000000000000
0.065126170984592	0.000000000000000
0.065127470984138	0.000000000000000
0.065128593293010	0.000000000000000
0.065129537964984	0.000000000000000
0.065130305056401	0.000000000000000
0.065130894612821	0.000000000000000
0.065131306693781	0.000000000000000
0.065131541353873	0.000000000000000
0.065131598644389	0.000000000000000
0.065131478619079	0.000000000000000
0.065131181329692	0.000000000000000
0.065130706826388	0.000000000000000
0.065130055169784	0.000000000000000
0.065129226408149	0.000000000000000
0.065128220591748	0.000000000000000
0.065127037776737	0.000000000000000
0.065125678013585	0.000000000000000
0.065124141357913	0.000000000000000
0.065122427857312	0.000000000000000
0.065120537566310	0.000000000000000
0.065118470540613	0.000000000000000
0.065116226823266	0.000000000000000
0.065113806471613	0.000000000000000
0.065111209539405	0.000000000000000
0.065108436075392	0.000000000000000
0.065105486131179	0.000000000000000
0.065102359757732	0.000000000000000
0.065099057009847	0.000000000000000
0.065095577935149	0.000000000000000
0.065091922585135	0.000000000000000
0.065088091012621	0.000000000000000
0.065084083267766	0.000000000000000
0.065079899402282	0.000000000000000
0.065075539466936	0.000000000000000
0.065071003507986	0.000000000000000
0.065066291580760	0.000000000000000
0.065061403740755	0.000000000000000
0.065056340026708	0.000000000000000
0.065051100493360	0.000000000000000
0.065045685198923	0.000000000000000
0.065040094184697	0.000000000000000
0.065034327504457	0.000000000000000
0.065028385204869	0.000000000000000
0.065022267336146	0.000000000000000
0.065015973955193	0.000000000000000
0.065009505104911	0.000000000000000
0.065002860835023	0.000000000000000
0.064996041200444	0.000000000000000
0.064989046247265	0.000000000000000
0.064981876023183	0.000000000000000
0.064974530579804	0.000000000000000
0.064967009968449	0.000000000000000
0.064959314233609	0.000000000000000
0.064951443426100	0.000000000000000
0.064943397601024	0.000000000000000
0.064935176798363	0.000000000000000
0.064926781070205	0.000000000000000
0.064918210470479	0.000000000000000
0.064909465040068	0.000000000000000
0.064900544833338	0.000000000000000
0.064891449897302	0.000000000000000
0.064882180279163	0.000000000000000
0.064872736031334	0.000000000000000
0.064863117197250	0.000000000000000
0.064853323827891	0.000000000000000
0.064843355973111	0.000000000000000
0.064833213680259	0.000000000000000
0.064822896994903	0.000000000000000
0.064812405967311	0.000000000000000
0.064801740649654	0.000000000000000
0.064790901082623	0.000000000000000
0.064779887314862	0.000000000000000
0.064768699402152	0.000000000000000
0.064757337385482	0.000000000000000
0.064745801315480	0.000000000000000
0.064734091237731	0.000000000000000
0.064722207201847	0.000000000000000
0.064710149257164	0.000000000000000
0.064697917442869	0.000000000000000
0.064685511816800	0.000000000000000
0.064672932425884	0.000000000000000
0.064660179311099	0.000000000000000
0.064647252521772	0.000000000000000
0.064634152109152	0.000000000000000
0.064620878118869	0.000000000000000
0.064607430592850	0.000000000000000
0.064593809585144	0.000000000000000
0.064580015143864	0.000000000000000
0.064566047312724	0.000000000000000
0.064551906137336	0.000000000000000
0.064537591667990	0.000000000000000
0.064523103952889	0.000000000000000
0.064508443037324	0.000000000000000
0.064493608965363	0.000000000000000
0.064478601788340	0.000000000000000
0.064463421551808	0.000000000000000
0.064448068301627	0.000000000000000
0.064432542090862	0.000000000000000
0.064416842956290	0.000000000000000
0.064400970951303	0.000000000000000
0.064384926124362	0.000000000000000
0.064368708520809	0.000000000000000
0.064352318181898	0.000000000000000
0.064335755159122	0.000000000000000
0.064319019501610	0.000000000000000
0.064302111254203	0.000000000000000
0.064285030464109	0.000000000000000
0.064267777172213	0.000000000000000
0.064250351436988	0.000000000000000
0.064232753298099	0.000000000000000
0.064214982798611	0.000000000000000
0.064197039994138	0.000000000000000
0.064178924924508	0.000000000000000
0.064160637638685	0.000000000000000
0.064142178188471	0.000000000000000
0.064123546611205	0.000000000000000
0.064104742958297	0.000000000000000
0.064085767284286	0.000000000000000
0.064066619623364	0.000000000000000
0.064047300026484	0.000000000000000
0.064027808542606	0.000000000000000
0.064008145219455	0.000000000000000
0.063988310104015	0.000000000000000
0.063968303238773	0.000000000000000
0.063948124670999	0.000000000000000
0.063927774451769	0.000000000000000
0.063907252629756	0.000000000000000
0.063886559246132	0.000000000000000
0.063865694346969	0.000000000000000
0.063844657985880	0.000000000000000
0.063823450213072	0.000000000000000
0.063802071059277	0.000000000000000
0.063780520582531	0.000000000000000
0.063758798834260	0.000000000000000
0.063736905854149	0.000000000000000
0.063714841695728	0.000000000000000
0.063692606398141	0.000000000000000
0.063670200012831	0.000000000000000
0.063647622593326	0.000000000000000
0.063624874175613	0.000000000000000
0.063601954815644	0.000000000000000
0.063578864559718	0.000000000000000
0.063555603450057	0.000000000000000
0.063532171541833	0.000000000000000
0.063508568879105	0.000000000000000
0.063484795509678	0.000000000000000
0.063460851482802	0.000000000000000
0.063436736845039	0.000000000000000
0.063412451643804	0.000000000000000
0.063387995927558	0.000000000000000
0.063363369746993	0.000000000000000
0.063338573148807	0.000000000000000
0.063313606179952	0.000000000000000
0.063288468888687	0.000000000000000
0.063263161326148	0.000000000000000
0.063237683539656	0.000000000000000
0.063212035579393	0.000000000000000
0.063186217489076	0.000000000000000
0.063160229320525	0.000000000000000
0.063134071126263	0.000000000000000
0.063107742949319	0.000000000000000
0.063081244845321	0.000000000000000
0.063054576855238	0.000000000000000
0.063027739035536	0.000000000000000
0.063000731433320	0.000000000000000
0.062973554095092	0.000000000000000
0.062946207076289	0.000000000000000
0.062918690422843	0.000000000000000
0.062891004185311	0.000000000000000
0.062863148414563	0.000000000000000
0.062835123159047	0.000000000000000
0.062806928469465	0.000000000000000
0.062778564399123	0.000000000000000
0.062750030995508	0.000000000000000
0.062721328311564	0.000000000000000
0.062692456393106	0.000000000000000
0.062663415297116	0.000000000000000
0.062634205073608	0.000000000000000
0.062604825769713	0.000000000000000
0.062575277441035	0.000000000000000
0.062545560135119	0.000000000000000
0.062515673908866	0.000000000000000
0.062485618811655	0.000000000000000
0.062455394891794	0.000000000000000
0.062425002207752	0.000000000000000
0.062394440811204	0.000000000000000
0.062363710748316	0.000000000000000
0.062332812073457	0.000000000000000
0.062301744847112	0.000000000000000
0.062270509116360	0.000000000000000
0.062239104935602	0.000000000000000
0.062207532354483	0.000000000000000
0.062175791432237	0.000000000000000
0.062143882220219	0.000000000000000
0.062111804771773	0.000000000000000
0.062079559143419	0.000000000000000
0.062047145385867	0.000000000000000
0.062014563556213	0.000000000000000
0.061981813705993	0.000000000000000
0.061948895897669	0.000000000000000
0.061915810179985	0.000000000000000
0.061882556608246	0.000000000000000
0.061849135239915	0.000000000000000
0.061815546133189	0.000000000000000
0.061781789341230	0.000000000000000
0.061747864920351	0.000000000000000
0.061713772927702	0.000000000000000
0.061679513417720	0.000000000000000
0.061645086451647	0.000000000000000
0.061610492087478	0.000000000000000
0.061575730377290	0.000000000000000
0.061540801378021	0.000000000000000
0.061505705155484	0.000000000000000
0.061470441765021	0.000000000000000
0.061435011263919	0.000000000000000
0.061399413710081	0.000000000000000
0.061363649161191	0.000000000000000
0.061327717679449	0.000000000000000
0.061291619326327	0.000000000000000
0.061255354161569	0.000000000000000
0.061218922240224	0.000000000000000
0.061182323625644	0.000000000000000
0.061145558378814	0.000000000000000
0.061108626560915	0.000000000000000
0.061071528234066	0.000000000000000
0.061034263461898	0.000000000000000
0.060996832302076	0.000000000000000
0.060959234815849	0.000000000000000
0.060921471070768	0.000000000000000
0.060883541129474	0.000000000000000
0.060845445051947	0.000000000000000
0.060807182902984	0.000000000000000
0.060768754748030	0.000000000000000
0.060730160650733	0.000000000000000
0.060691400675444	0.000000000000000
0.060652474886506	0.000000000000000
0.060613383351652	0.000000000000000
0.060574126132908	0.000000000000000
0.060534703298248	0.000000000000000
0.060495114915997	0.000000000000000
0.060455361052797	0.000000000000000
0.060415441770671	0.000000000000000
0.060375357142779	0.000000000000000
0.060335107235098	0.000000000000000
0.060294692115650	0.000000000000000
0.060254111856329	0.000000000000000
0.060213366517616	0.000000000000000
0.060172456181274	0.000000000000000
0.060131380911497	0.000000000000000
0.060090140772068	0.000000000000000
0.060048735844029	0.000000000000000
0.060007166195589	0.000000000000000
0.059965431896911	0.000000000000000
0.059923533019300	0.000000000000000
0.059881469637936	0.000000000000000
0.059839241822552	0.000000000000000
0.059796849650278	0.000000000000000
0.059754293195217	0.000000000000000
0.059711572528611	0.000000000000000
0.059668687726483	0.000000000000000
0.059625638860406	0.000000000000000
0.059582426012895	0.000000000000000
0.059539049259393	0.000000000000000
0.059495508674202	0.000000000000000
0.059451804331182	0.000000000000000
0.059407936312396	0.000000000000000
0.059363904699166	0.000000000000000
0.059319709563903	0.000000000000000
0.059275350988750	0.000000000000000
0.059230829053417	0.000000000000000
0.059186143835725	0.000000000000000
0.059141295422043	0.000000000000000
0.059096283890107	0.000000000000000
0.059051109320897	0.000000000000000
0.059005771802390	0.000000000000000
0.058960271408307	0.000000000000000
0.058914608226378	0.000000000000000
0.058868782346901	0.000000000000000
0.058822793848101	0.000000000000000
0.058776642814898	0.000000000000000
0.058730329337688	0.000000000000000
0.058683853498502	0.000000000000000
0.058637215387012	0.000000000000000
0.058590415091600	0.000000000000000
0.058543452696356	0.000000000000000
0.058496328295545	0.000000000000000
0.058449041974566	0.000000000000000
0.058401593827482	0.000000000000000
0.058353983943133	0.000000000000000
0.058306212408893	0.000000000000000
0.058258279322826	0.000000000000000
0.058210184777821	0.000000000000000
0.058161928865768	0.000000000000000
0.058113511677884	0.000000000000000
0.058064933310199	0.000000000000000
0.058016193863786	0.000000000000000
0.057967293429321	0.000000000000000
0.057918232101163	0.000000000000000
0.057869009986221	0.000000000000000
0.057819627174161	0.000000000000000
0.057770083765686	0.000000000000000
0.057720379864639	0.000000000000000
0.057670515569397	0.000000000000000
0.057620490981030	0.000000000000000
0.057570306198355	0.000000000000000
0.057519961327378	0.000000000000000
0.057469456473152	0.000000000000000
0.057418791738162	0.000000000000000
0.057367967226038	0.000000000000000
0.057316983045494	0.000000000000000
0.057265839297893	0.000000000000000
0.057214536098332	0.000000000000000
0.057163073553328	0.000000000000000
0.057111451764443	0.000000000000000
0.057059670850358	0.000000000000000
0.057007730918619	0.000000000000000
0.056955632081109	0.000000000000000
0.056903374449526	0.000000000000000
0.056850958138661	0.000000000000000
0.056798383260847	0.000000000000000
0.056745649930655	0.000000000000000
0.056692758268110	0.000000000000000
0.056639708388135	0.000000000000000
0.056586500405436	0.000000000000000
0.056533134441664	0.000000000000000
0.056479610619684	0.000000000000000
0.056425929051367	0.000000000000000
0.056372089863022	0.000000000000000
0.056318093181866	0.000000000000000
0.056263939125016	0.000000000000000
0.056209627817113	0.000000000000000
0.056155159384510	0.000000000000000
0.056100533953959	0.000000000000000
0.056045751655046	0.000000000000000
0.055990812614130	0.000000000000000
0.055935716955615	0.000000000000000
0.055880464816547	0.000000000000000
0.055825056327899	0.000000000000000
0.055769491619061	0.000000000000000
0.055713770827276	0.000000000000000
0.055657894081192	0.000000000000000
0.055601861519244	0.000000000000000
0.055545673281180	0.000000000000000
0.055489329502474	0.000000000000000
0.055432830320959	0.000000000000000
0.055376175877187	0.000000000000000
0.055319366313740	0.000000000000000
0.055262401773883	0.000000000000000
0.055205282395884	0.000000000000000
0.055148008328232	0.000000000000000
0.055090579716715	0.000000000000000
0.055032996705889	0.000000000000000
0.054975259445872	0.000000000000000
0.054917368086364	0.000000000000000
0.054859322775754	0.000000000000000
0.054801123668504	0.000000000000000
0.054742770917106	0.000000000000000
0.054684264670937	0.000000000000000
0.054625605089051	0.000000000000000
0.054566792331159	0.000000000000000
0.054507826551811	0.000000000000000
0.054448707909693	0.000000000000000
0.054389436569873	0.000000000000000
0.054330012686765	0.000000000000000
0.054270436428973	0.000000000000000
0.054210707961567	0.000000000000000
0.054150827444791	0.000000000000000
0.054090795050631	0.000000000000000
0.054030610949784	0.000000000000000
0.053970275309998	0.000000000000000
0.053909788299684	0.000000000000000
0.053849150093996	0.000000000000000
0.053788360867140	0.000000000000000
0.053727420794407	0.000000000000000
0.053666330054434	0.000000000000000
0.053605088821444	0.000000000000000
0.053543697283897	0.000000000000000
0.053482155615638	0.000000000000000
0.053420463999947	0.000000000000000
0.053358622629116	0.000000000000000
0.053296631678237	0.000000000000000
0.053234491343938	0.000000000000000
0.053172201808813	0.000000000000000
0.053109763268781	0.000000000000000
0.053047175918178	0.000000000000000
0.052984439940490	0.000000000000000
0.052921555538990	0.000000000000000
0.052858522910301	0.000000000000000
0.052795342253580	0.000000000000000
0.052732013769602	0.000000000000000
0.052668537654481	0.000000000000000
0.052604914116993	0.000000000000000
0.052541143364444	0.000000000000000
0.052477225602983	0.000000000000000
0.052413161037722	0.000000000000000
0.052348949879459	0.000000000000000
0.052284592351188	0.000000000000000
0.052220088655063	0.000000000000000
0.052155439008513	0.000000000000000
0.052090643632790	0.000000000000000
0.052025702749676	0.000000000000000
0.051960616579070	0.000000000000000
0.051895385336932	0.000000000000000
0.051830009257334	0.000000000000000
0.051764488566997	0.000000000000000
0.051698823491009	0.000000000000000
0.051633014260791	0.000000000000000
0.051567061109062	0.000000000000000
0.051500964275900	0.000000000000000
0.051434723991958	0.000000000000000
0.051368340494689	0.000000000000000
0.051301814030520	0.000000000000000
0.051235144841915	0.000000000000000
0.051168333170699	0.000000000000000
0.051101379264157	0.000000000000000
0.051034283372895	0.000000000000000
0.050967045743002	0.000000000000000
0.050899666635271	0.000000000000000
0.050832146301613	0.000000000000000
0.050764484996395	0.000000000000000
0.050696682983841	0.000000000000000
0.050628740524396	0.000000000000000
0.050560657882644	0.000000000000000
0.050492435320556	0.000000000000000
0.050424073111138	0.000000000000000
0.050355571527958	0.000000000000000
0.050286930835162	0.000000000000000
0.050218151313495	0.000000000000000
0.050149233243050	0.000000000000000
0.050080176897503	0.000000000000000
0.050010982564934	0.000000000000000
0.049941650528827	0.000000000000000
0.049872181072917	0.000000000000000
0.049802574490099	0.000000000000000
0.049732831072165	0.000000000000000
0.049662951112232	0.000000000000000
0.049592934910183	0.000000000000000
0.049522782764525	0.000000000000000
0.049452494973719	0.000000000000000
0.049382071845974	0.000000000000000
0.049311513685619	0.000000000000000
0.049240820808285	0.000000000000000
0.049169993522897	0.000000000000000
0.049099032139271	0.000000000000000
0.049027936982024	0.000000000000000
0.048956708372169	0.000000000000000
0.048885346631894	0.000000000000000
0.048813852082641	0.000000000000000
0.048742225054422	0.000000000000000
0.048670465883780	0.000000000000000
0.048598574900314	0.000000000000000
0.048526552442203	0.000000000000000
0.048454398852080	0.000000000000000
0.048382114467619	0.000000000000000
0.048309699638148	0.000000000000000
0.048237154712437	0.000000000000000
0.048164480041382	0.000000000000000
0.048091675980753	0.000000000000000
0.048018742883731	0.000000000000000
0.047945681117870	0.000000000000000
0.047872491045340	0.000000000000000
0.047799173022929	0.000000000000000
0.047725727435398	0.000000000000000
0.047652154651133	0.000000000000000
0.047578455040145	0.000000000000000
0.047504628990703	0.000000000000000
0.047430676879898	0.000000000000000
0.047356599096159	0.000000000000000
0.047282396028903	0.000000000000000
0.047208068069743	0.000000000000000
0.047133615612190	0.000000000000000
0.047059039060765	0.000000000000000
0.046984338818226	0.000000000000000
0.046909515284783	0.000000000000000
0.046834568875072	0.000000000000000
0.046759500003009	0.000000000000000
0.046684309081171	0.000000000000000
0.046608996532788	0.000000000000000
0.046533562780948	0.000000000000000
0.046458008250500	0.000000000000000
0.046382333381067	0.000000000000000
0.046306538597125	0.000000000000000
0.046230624341468	0.000000000000000
0.046154591061003	0.000000000000000
0.046078439195759	0.000000000000000
0.046002169196379	0.000000000000000
0.045925781518083	0.000000000000000
0.045849276617217	0.000000000000000
0.045772654954599	0.000000000000000
0.045695916999794	0.000000000000000
0.045619063220377	0.000000000000000
0.045542094087359	0.000000000000000
0.045465010080542	0.000000000000000
0.045387811679983	0.000000000000000
0.045310499373533	0.000000000000000
0.045233073653614	0.000000000000000
0.045155535005853	0.000000000000000
0.045077883933823	0.000000000000000
0.045000120944656	0.000000000000000
0.044922246538854	0.000000000000000
0.044844261229288	0.000000000000000
0.044766165530434	0.000000000000000
0.044687959967239	0.000000000000000
0.044609645062171	0.000000000000000
0.044531221341711	0.000000000000000
0.044452689341648	0.000000000000000
0.044374049598385	0.000000000000000
0.044295302659048	0.000000000000000
0.044216449068552	0.000000000000000
0.044137489379470	0.000000000000000
0.044058424147561	0.000000000000000
0.043979253933740	0.000000000000000
0.043899979310080	0.000000000000000
0.043820600845410	0.000000000000000
0.043741119116379	0.000000000000000
0.043661534705042	0.000000000000000
0.043581848194388	0.000000000000000
0.043502060180256	0.000000000000000
0.043422171256833	0.000000000000000
0.043342182025909	0.000000000000000
0.043262093099718	0.000000000000000
0.043181905084080	0.000000000000000
0.043101618600133	0.000000000000000
0.043021234269616	0.000000000000000
0.042940752719230	0.000000000000000
0.042860174587795	0.000000000000000
0.042779500511228	0.000000000000000
0.042698731133320	0.000000000000000
0.042617867105228	0.000000000000000
0.042536909087893	0.000000000000000
0.042455857736450	0.000000000000000
0.042374713718897	0.000000000000000
0.042293477715831	0.000000000000000
0.042212150397841	0.000000000000000
0.042130732454275	0.000000000000000
0.042049224578471	0.000000000000000
0.041967627459601	0.000000000000000
0.041885941807006	0.000000000000000
0.041804168334163	0.000000000000000
0.041722307745005	0.000000000000000
0.041640360769407	0.000000000000000
0.041558328134991	0.000000000000000
0.041476210572613	0.000000000000000
0.041394008823883	0.000000000000000
0.041311723638960	0.000000000000000
0.041229355772052	0.000000000000000
0.041146905976613	0.000000000000000
0.041064375027596	0.000000000000000
0.040981763690954	0.000000000000000
0.040899072755631	0.000000000000000
0.040816303006921	0.000000000000000
0.040733455231076	0.000000000000000
0.040650530238074	0.000000000000000
0.040567528833586	0.000000000000000
0.040484451831739	0.000000000000000
0.040401300060262	0.000000000000000
0.040318074340232	0.000000000000000
0.040234775514345	0.000000000000000
0.040151404426316	0.000000000000000
0.040067961924328	0.000000000000000
0.039984448876552	0.000000000000000
0.039900866138568	0.000000000000000
0.039817214591178	0.000000000000000
0.039733495119101	0.000000000000000
0.039649708607524	0.000000000000000
0.039565855957526	0.000000000000000
0.039481938068092	0.000000000000000
0.039397955862105	0.000000000000000
0.039313910260217	0.000000000000000
0.039229802184835	0.000000000000000
0.039145632582255	0.000000000000000
0.039061402397767	0.000000000000000
0.038977112582273	0.000000000000000
0.038892764102309	0.000000000000000
0.038808357932429	0.000000000000000
0.038723895049084	0.000000000000000
0.038639376442275	0.000000000000000
0.038554803113228	0.000000000000000
0.038470176066288	0.000000000000000
0.038385496316239	0.000000000000000
0.038300764891098	0.000000000000000
0.038215982827341	0.000000000000000
0.038131151161691	0.000000000000000
0.038046270950428	0.000000000000000
0.037961343260311	0.000000000000000
0.037876369157394	0.000000000000000
0.037791349724413	0.000000000000000
0.037706286048318	0.000000000000000
0.037621179238643	0.000000000000000
0.037536030401010	0.000000000000000
0.037450840651035	0.000000000000000
0.037365611132523	0.000000000000000
0.037280342972122	0.000000000000000
0.037195037329162	0.000000000000000
0.037109695365995	0.000000000000000
0.037024318247963	0.000000000000000
0.036938907160971	0.000000000000000
0.036853463295776	0.000000000000000
0.036767987861548	0.000000000000000
0.036682482070209	0.000000000000000
0.036596947149488	0.000000000000000
0.036511384328621	0.000000000000000
0.036425794856768	0.000000000000000
0.036340180003337	0.000000000000000
0.036254541033770	0.000000000000000
0.036168879221042	0.000000000000000
0.036083195869113	0.000000000000000
0.035997492282354	0.000000000000000
0.035911769774254	0.000000000000000
0.035826029675016	0.000000000000000
0.035740273324865	0.000000000000000
0.035654502081581	0.000000000000000
0.035568717307940	0.000000000000000
0.035482920378663	0.000000000000000
0.035397112691294	0.000000000000000
0.035311295649577	0.000000000000000
0.035225470656250	0.000000000000000
0.035139639151584	0.000000000000000
0.035053802580430	0.000000000000000
0.034967962391546	0.000000000000000
0.034882120056785	0.000000000000000
0.034796277054656	0.000000000000000
0.034710434882473	0.000000000000000
0.034624595051789	0.000000000000000
0.034538759080301	0.000000000000000
0.034452928508855	0.000000000000000
0.034367104886224	0.000000000000000
0.034281289781119	0.000000000000000
0.034195484771596	0.000000000000000
0.034109691449613	0.000000000000000
0.034023911425103	0.000000000000000
0.033938146319544	0.000000000000000
0.033852397776282	0.000000000000000
0.033766667446734	0.000000000000000
0.033680956999784	0.000000000000000
0.033595268114922	0.000000000000000
0.033509602493716	0.000000000000000
0.033423961859430	0.000000000000000
0.033338347934905	0.000000000000000
0.033252762463786	0.000000000000000
0.033167207214254	0.000000000000000
0.033081683968013	0.000000000000000
0.032996194522535	0.000000000000000
0.032910740681125	0.000000000000000
0.032825324276452	0.000000000000000
0.032739947154284	0.000000000000000
0.032654611179046	0.000000000000000
0.032569318235619	0.000000000000000
0.032484070214881	0.000000000000000
0.032398869026586	0.000000000000000
0.032313716613367	0.000000000000000
0.032228614928871	0.000000000000000
0.032143565930073	0.000000000000000
0.032058571607330	0.000000000000000
0.031973633974674	0.000000000000000
0.031888755044948	0.000000000000000
0.031803936863893	0.000000000000000
0.031719181500595	0.000000000000000
0.031634491021325	0.000000000000000
0.031549867537084	0.000000000000000
0.031465313165198	0.000000000000000
0.031380830037848	0.000000000000000
0.031296420322743	0.000000000000000
0.031212086195243	0.000000000000000
0.031127829847433	0.000000000000000
0.031043653505653	0.000000000000000
0.030959559413247	0.000000000000000
0.030875549819843	0.000000000000000
0.030791627008256	0.000000000000000
0.030707793287325	0.000000000000000
0.030624050977203	0.000000000000000
0.030540402421577	0.000000000000000
0.030456849988157	0.000000000000000
0.030373396064576	0.000000000000000
0.030290043059881	0.000000000000000
0.030206793406863	0.000000000000000
0.030123649563856	0.000000000000000
0.030040614004571	0.000000000000000
0.029957689231070	0.000000000000000
0.029874877763743	0.000000000000000
0.029792182149884	0.000000000000000
0.029709604966606	0.000000000000000
0.029627148797679	0.000000000000000
0.029544816256249	0.000000000000000
0.029462609998993	0.000000000000000
0.029380532678994	0.000000000000000
0.029298586986189	0.000000000000000
0.029216775641623	0.000000000000000
0.029135101376237	0.000000000000000
0.029053566956253	0.000000000000000
0.028972175170796	0.000000000000000
0.028890928831175	0.000000000000000
0.028809830782179	0.000000000000000
0.028728883887637	0.000000000000000
0.028648091031392	0.000000000000000
0.028567455136793	0.000000000000000
0.028486979147626	0.000000000000000
0.028406666033411	0.000000000000000
0.028326518786110	0.000000000000000
0.028246540430226	0.000000000000000
0.028166734020307	0.000000000000000
0.028087102636649	0.000000000000000
0.028007649369231	0.000000000000000
0.027928377361700	0.000000000000000
0.027849289778242	0.000000000000000
0.027770389797972	0.000000000000000
0.027691680640511	0.000000000000000
0.027613165546048	0.000000000000000
0.027534847796757	0.000000000000000
0.027456730690146	0.000000000000000
0.027378817555024	0.000000000000000
0.027301111751587	0.000000000000000
0.027223616668831	0.000000000000000
0.027146335722701	0.000000000000000
0.027069272364658	0.000000000000000
0.026992430075751	0.000000000000000
0.026915812349060	0.000000000000000
0.026839422728651	0.000000000000000
0.026763264787693	0.000000000000000
0.026687342117246	0.000000000000000
0.026611658344745	0.000000000000000
0.026536217130239	0.000000000000000
0.026461022161107	0.000000000000000
0.026386077156447	0.000000000000000
0.026311385870028	0.000000000000000
0.026236952078069	0.000000000000000
0.026162779597196	0.000000000000000
0.026088872274715	0.000000000000000
0.026015233978335	0.000000000000000
0.025941868619689	0.000000000000000
0.025868780132983	0.000000000000000
0.025795972492164	0.000000000000000
0.025723449697771	0.000000000000000
0.025651215781531	0.000000000000000
0.025579274813414	0.000000000000000
0.025507630888493	0.000000000000000
0.025436288130955	0.000000000000000
0.025365250707622	0.000000000000000
0.025294522816960	0.000000000000000
0.025224108673722	0.000000000000000
0.025154012540994	0.000000000000000
0.025084238705370	0.000000000000000
0.025014791496975	0.000000000000000
0.024945675266431	0.000000000000000
0.024876894392986	0.000000000000000
0.024808453305267	0.000000000000000
0.024740356452600	0.000000000000000
0.024672608313410	0.000000000000000
0.024605213404681	0.000000000000000
0.024538176278276	0.000000000000000
0.024471501507697	0.000000000000000
0.024405193703207	0.000000000000000
0.024339257513170	0.000000000000000
0.024273697613348	0.000000000000000
0.024208518705621	0.000000000000000
0.024143725527591	0.000000000000000
0.024079322852396	0.000000000000000
0.024015315477428	0.000000000000000
0.023951708238430	0.000000000000000
0.023888505995164	0.000000000000000
0.023825713646848	0.000000000000000
0.023763336115934	0.000000000000000
0.023701378352192	0.000000000000000
0.023639845347529	0.000000000000000
0.023578742116486	0.000000000000000
0.023518073706266	0.000000000000000
0.023457845194208	0.000000000000000
0.023398061674006	0.000000000000000
0.023338728289585	0.000000000000000
0.023279850210711	0.000000000000000
0.023221432612793	0.000000000000000
0.023163480724829	0.000000000000000
0.023105999802056	0.000000000000000
0.023048995109826	0.000000000000000
0.022992471956832	0.000000000000000
0.022936435671216	0.000000000000000
0.022880891612710	0.000000000000000
0.022825845171272	0.000000000000000
0.022771301750308	0.000000000000000
0.022717266786543	0.000000000000000
0.022663745745393	0.000000000000000
0.022610744107232	0.000000000000000
0.022558267391763	0.000000000000000
0.022506321135926	0.000000000000000
0.022454910884860	0.000000000000000
0.022404042229601	0.000000000000000
0.022353720784208	0.000000000000000
0.022303952164463	0.000000000000000
0.022254742021799	0.000000000000000
0.022206096038011	0.000000000000000
0.022158019894697	0.000000000000000
0.022110519309914	0.000000000000000
0.022063600018585	0.000000000000000
0.022017267770949	0.000000000000000
0.021971528341491	0.000000000000000
0.021926387521494	0.000000000000000
0.021881851118847	0.000000000000000
0.021837924960296	0.000000000000000
0.021794614889701	0.000000000000000
0.021751926776845	0.000000000000000
0.021709866488056	0.000000000000000
0.021668439918809	0.000000000000000
0.021627652977457	0.000000000000000
0.021587511586299	0.000000000000000
0.021548021690490	0.000000000000000
0.021509189230158	0.000000000000000
0.021471020168580	0.000000000000000
0.021433520495486	0.000000000000000
0.021396696190858	0.000000000000000
0.021360553250150	0.000000000000000
0.021325097701222	0.000000000000000
0.021290335552771	0.000000000000000
0.021256272841856	0.000000000000000
0.021222915614562	0.000000000000000
0.021190269928712	0.000000000000000
0.021158341842923	0.000000000000000
0.021127137425524	0.000000000000000
0.021096662764103	0.000000000000000
0.021066923932709	0.000000000000000
0.021037927046202	0.000000000000000
0.021009678200271	0.000000000000000
0.020982183500913	0.000000000000000
0.020955449078549	0.000000000000000
0.020929481043124	0.000000000000000
0.020904285539569	0.000000000000000
0.020879868700023	0.000000000000000
0.020856236665912	0.000000000000000
0.020833395595533	0.000000000000000
0.020811351640986	0.000000000000000
0.020790110967983	0.000000000000000
0.020769679741295	0.000000000000000
0.020750064137623	0.000000000000000
0.020731270342440	0.000000000000000
0.020713304538506	0.000000000000000
0.020696172921341	0.000000000000000
0.020679881690144	0.000000000000000
0.020664437050492	0.000000000000000
0.020649845224019	0.000000000000000
0.020636112427730	0.000000000000000
0.020623244890292	0.000000000000000
0.020611248847823	0.000000000000000
0.020600130554544	0.000000000000000
0.020589896262785	0.000000000000000
0.020580552228384	0.000000000000000
0.020572104738098	0.000000000000000
0.020564560078896	0.000000000000000
0.020557924544338	0.000000000000000
0.020552204446116	0.000000000000000
0.020547406109004	0.000000000000000
0.020543535875198	0.000000000000000
0.020540600094849	0.000000000000000
0.020538605141743	0.000000000000000
0.020537557400809	0.000000000000000
0.020537463275511	0.000000000000000
0.020538329199438	0.000000000000000
0.020540161618269	0.000000000000000
0.020542967002206	0.000000000000000
0.020546751837646	0.000000000000000
0.020551522650293	0.000000000000000
0.020557285982877	0.000000000000000
0.020564048410952	0.000000000000000
0.020571816545280	0.000000000000000
0.020580597010129	0.000000000000000
0.020590396482490	0.000000000000000
0.020601221671056	0.000000000000000
0.020613079311707	0.000000000000000
0.020625976194605	0.000000000000000
0.020639919140958	0.000000000000000
0.020654915020195	0.000000000000000
0.020670970750682	0.000000000000000
0.020688093289949	0.000000000000000
0.020706289662802	0.000000000000000
0.020725566926378	0.000000000000000
0.020745932211150	0.000000000000000
0.020767392705569	0.000000000000000
0.020789955647720	0.000000000000000
0.020813628345360	0.000000000000000
0.020838418176166	0.000000000000000
0.020864332588154	0.000000000000000
0.020891379103012	0.000000000000000
0.020919565312154	0.000000000000000
0.020948898881511	0.000000000000000
0.020979387583669	0.000000000000000
0.021011039254209	0.000000000000000
0.021043861821173	0.000000000000000
0.021077863317527	0.000000000000000
0.021113051863732	0.000000000000000
0.021149435673040	0.000000000000000
0.021187023073899	0.000000000000000
0.021225822499931	0.000000000000000
0.021265842490926	0.000000000000000
0.021307091716355	0.000000000000000
0.021349578941789	0.000000000000000
0.021393313069791	0.000000000000000
0.021438303138910	0.000000000000000
0.021484558301895	0.000000000000000
0.021532087856273	0.000000000000000
0.021580901240446	0.000000000000000
0.021631008036442	0.000000000000000
0.021682417979850	0.000000000000000
0.021735140960483	0.000000000000000
0.021789187014613	0.000000000000000
0.021844566364147	0.000000000000000
0.021901289383940	0.000000000000000
0.021959366620524	0.000000000000000
0.022018808826850	0.000000000000000
0.022079626898341	0.000000000000000
0.022141831951418	0.000000000000000
0.022205435304111	0.000000000000000
0.022270448434998	0.000000000000000
0.022336883070861	0.000000000000000
0.022404751135309	0.000000000000000
0.022474064752077	0.000000000000000
0.022544836304338	0.000000000000000
0.022617078385955	0.000000000000000
0.022690803817050	0.000000000000000
0.022766025675745	0.000000000000000
0.022842757287657	0.000000000000000
0.022921012225072	0.000000000000000
0.023000804329737	0.000000000000000
0.023082147713587	0.000000000000000
0.023165056756304	0.000000000000000
0.023249546125524	0.000000000000000
0.023335630777096	0.000000000000000
0.023423325960601	0.000000000000000
0.023512647238864	0.000000000000000
0.023603610486671	0.000000000000000
0.023696231886871	0.000000000000000
0.023790527950866	0.000000000000000
0.023886515534277	0.000000000000000
0.023984211845172	0.000000000000000
0.024083634421649	0.000000000000000
0.024184801172169	0.000000000000000
0.024287730376867	0.000000000000000
0.024392440691976	0.000000000000000
0.024498951165979	0.000000000000000
0.024607281239341	0.000000000000000
0.024717450758352	0.000000000000000
0.024829479978184	0.000000000000000
0.024943389596189	0.000000000000000
0.025059200734296	0.000000000000000
0.025176934962718	0.000000000000000
0.025296614309058	0.000000000000000
0.025418261266748	0.000000000000000
0.025541898808130	0.000000000000000
0.025667550397276	0.000000000000000
0.025795240003263	0.000000000000000
0.025924992099900	0.000000000000000
0.026056831692367	0.000000000000000
0.026190784318071	0.000000000000000
0.026326876077403	0.000000000000000
0.026465133622616	0.000000000000000
0.026605584182061	0.000000000000000
0.026748255588822	0.000000000000000
0.026893176267856	0.000000000000000
0.027040375271587	0.000000000000000
0.027189882275255	0.000000000000000
0.027341727619482	0.000000000000000
0.027495942305419	0.000000000000000
0.027652557997512	0.000000000000000
0.027811607080062	0.000000000000000
0.027973122643202	0.000000000000000
0.028137138505751	0.000000000000000
0.028303689240826	0.000000000000000
0.028472810184146	0.000000000000000
0.028644537461931	0.000000000000000
0.028818908002204	0.000000000000000
0.028995959563135	0.000000000000000
0.029175730740471	0.000000000000000
0.029358260997992	0.000000000000000
0.029543590695296	0.000000000000000
0.029731761096702	0.000000000000000
0.029922814398027	0.000000000000000
0.030116793753934	0.000000000000000
0.030313743292444	0.000000000000000
0.030513708150224	0.000000000000000
0.030716734500499	0.000000000000000
0.030922869569141	0.000000000000000
0.031132161655153	0.000000000000000
0.031344660181943	0.000000000000000
0.031560415709622	0.000000000000000
0.031779479956571	0.000000000000000
0.032001905861553	0.000000000000000
0.032227747572997	0.000000000000000
0.032457060527519	0.000000000000000
0.032689901419361	0.000000000000000
0.032926328301998	0.000000000000000
0.033166400604215	0.000000000000000
0.033410179118091	0.000000000000000
0.033657726112530	0.000000000000000
0.033909105322333	0.000000000000000
0.034164381987872	0.000000000000000
0.034423622913488	0.000000000000000
0.034686896529674	0.000000000000000
0.034954272886814	0.000000000000000
0.035225823720358	0.000000000000000
0.035501622533971	0.000000000000000
0.035781744585419	0.000000000000000
0.036066266980577	0.000000000000000
0.036355268723163	0.000000000000000
0.036648830742954	0.000000000000000
0.036947035961787	0.000000000000000
0.037249969367998	0.000000000000000
0.037557718041446	0.000000000000000
0.037870371248117	0.000000000000000
0.038188020497945	0.000000000000000
0.038510759559025	0.000000000000000
0.038838684588099	0.000000000000000
0.039171894194052	0.000000000000000
0.039510489474319	0.000000000000000
0.039854574089362	0.000000000000000
0.040204254375903	0.000000000000000
0.040559639421099	0.000000000000000
0.040920841097873	0.000000000000000
0.041287974192229	0.000000000000000
0.041661156503030	0.000000000000000
0.042040508871936	0.000000000000000
0.042426155357696	0.000000000000000
0.042818223275091	0.000000000000000
0.043216843291830	0.000000000000000
0.043622149595427	0.000000000000000
0.044034279955761	0.000000000000000
0.044453375813666	0.000000000000000
0.044879582455474	0.000000000000000
0.045313049110313	0.000000000000000
0.045753929066170	0.000000000000000
0.046202379808860	0.000000000000000
0.046658563140532	0.000000000000000
0.047122645367084	0.000000000000000
0.047594797397607	0.000000000000000
0.048075194890057	0.000000000000000
0.048564018470801	0.000000000000000
0.049061453833387	0.000000000000000
0.049567691922259	0.000000000000000
0.050082929138275	0.000000000000000
0.050607367488110	0.000000000000000
0.051141214798384	0.000000000000000
0.051684684899593	0.000000000000000
0.052237997820569	0.000000000000000
0.052801380037779	0.000000000000000
0.053375064682151	0.000000000000000
0.053959291736674	0.000000000000000
0.054554308325430	0.000000000000000
0.055160368949826	0.000000000000000
0.055777735734933	0.000000000000000
0.056406678713099	0.000000000000000
0.057047476109843	0.000000000000000
0.057700414630419	0.000000000000000
0.058365789779019	0.000000000000000
0.059043906151330	0.000000000000000
0.059735077815728	0.000000000000000
0.060439628615055	0.000000000000000
0.061157892537848	0.000000000000000
0.061890214140394	0.000000000000000
0.062636948881811	0.000000000000000
0.063398463578763	0.000000000000000
0.064175136813572	0.000000000000000
0.064967359375526	0.000000000000000
0.065775534782170	0.000000000000000
0.066600079698163	0.000000000000000
0.067441424489600	0.000000000000000
0.068300013776981	0.000000000000000
0.069176306941152	0.000000000000000
0.070070778749062	0.000000000000000
0.070983919937055	0.000000000000000
0.071916237905081	0.000000000000000
0.072868257323133	0.000000000000000
0.073840520862290	0.000000000000000
0.074833589946313	0.000000000000000
0.075848045475416	0.000000000000000
0.076884488676576	0.000000000000000
0.077943541923265	0.000000000000000
0.079025849643847	0.000000000000000
0.080132079211227	0.000000000000000
0.081262921949780	0.000000000000000
0.082419094162953	0.000000000000000
0.083601338159222	0.000000000000000
0.084810423426826	0.000000000000000
0.086047147789125	0.000000000000000
0.087312338644145	0.000000000000000
0.088606854297269	0.000000000000000
0.089931585284591	0.000000000000000
0.091287455841719	0.000000000000000
0.092675425417209	0.000000000000000
0.094096490263834	0.000000000000000
0.095551685117042	0.000000000000000
0.097042084927263	0.000000000000000
0.098568806767123	0.000000000000000
0.100133011768290	0.000000000000000
0.101735907156436	0.000000000000000
0.103378748452876	0.000000000000000
0.105062841754503	0.000000000000000
0.106789546165231	0.000000000000000
0.108560276301847	0.000000000000000
0.110376504983657	0.000000000000000
0.112239766151845	0.000000000000000
0.114151657776010	0.000000000000000
0.116113845008156	0.000000000000000
0.118128063578926	0.000000000000000
0.120196123370400	0.000000000000000
0.122319912020933	0.000000000000000
0.124501398978676	0.000000000000000
0.126742639676817	0.000000000000000
0.129045779888906	0.000000000000000
0.131413060487730	0.000000000000000
0.133846822403999	0.000000000000000
0.136349511835771	0.000000000000000
0.138923685806722	0.000000000000000
0.141572018167958	0.000000000000000
0.144297305790479	0.000000000000000
0.147102475222811	0.000000000000000
0.149990589713626	0.000000000000000
0.152964856774137	0.000000000000000
0.156028636086187	0.000000000000000
0.159185447911431	0.000000000000000
0.162438982126546	0.000000000000000
0.165793107746578	0.000000000000000
0.169251883057799	0.000000000000000
0.172819566368640	0.000000000000000
0.176500627561057	0.000000000000000
0.180299760259984	0.000000000000000
0.184221894825464	0.000000000000000
0.188272212195943	0.000000000000000
0.192456158630091	0.000000000000000
0.196779461397713	0.000000000000000
0.201248145551931	0.000000000000000
0.205868551642897	0.000000000000000
0.210647354774639	0.000000000000000
0.215591584894124	0.000000000000000
0.220708648231891	0.000000000000000
0.226006350411885	0.000000000000000
0.231492920979497	0.000000000000000
0.237177039404828	0.000000000000000
0.243067863049622	0.000000000000000
0.249175056920014	0.000000000000000
0.255508825088028	0.000000000000000
0.262079944612912	0.000000000000000
0.268899801420044	0.000000000000000
0.275980428338661	0.000000000000000
0.283334545998580	0.000000000000000
0.290975606003369	0.000000000000000
0.298917836774705	0.000000000000000
0.307176292506152	0.000000000000000
0.315766904861650	0.000000000000000
0.324706537754094	0.000000000000000
0.334013045376072	0.000000000000000
0.343705333384007	0.000000000000000
0.353803423381235	0.000000000000000
0.364328520837195	0.000000000000000
0.375303086107434	0.000000000000000
0.386750908542102	0.000000000000000
0.398697183976878	0.000000000000000
0.411168594655090	0.000000000000000
0.424193391456276	0.000000000000000
0.437801478133026	0.000000000000000
0.452024496622841	0.000000000000000
0.466895912447712	0.000000000000000
0.482451098948514	0.000000000000000
0.498727419191514	0.000000000000000
0.515764303143850	0.000000000000000
0.533603317778436	0.000000000000000
0.552288227203468	0.000000000000000
0.571865039190318	0.000000000000000
0.592382033194316	0.000000000000000
0.613889764414102	0.000000000000000
0.636441037646359	0.000000000000000
0.660090841994535	0.000000000000000
0.684896237631027	0.000000000000000
0.710916182501360	0.000000000000000
0.738211285543562	0.000000000000000
0.766843470863419	0.000000000000000
0.796875533350223	0.000000000000000
0.828370565194023	0.000000000000000
0.861391228368941	0.000000000000000
0.895998844707511	0.000000000000000
0.932252273698034	0.000000000000000
0.970206543551865	0.000000000000000
1.009911198713149	0.000000000000000
1.051408327570726	0.000000000000000
1.094730231705239	0.000000000000000
1.139896702186097	0.000000000000000
1.186911874171529	0.000000000000000
1.235760640272329	0.000000000000000
1.286404620140309	0.000000000000000
1.338777705766300	0.000000000000000
1.392781235314516	0.000000000000000
1.448278888420458	0.000000000000000
1.505091447843901	0.000000000000000
1.562991637866680	0.000000000000000
1.621699317547109	0.000000000000000
1.680877386354359	0.000000000000000
1.740128834603165	0.000000000000000
1.798995435059338	0.000000000000000
1.856958614830751	0.000000000000000
1.913443048517558	0.000000000000000
1.967823462720593	0.000000000000000
2.019435019463589	0.000000000000000
2.067587446169014	0.000000000000000
2.111582798970916	0.000000000000000
2.150736400050392	0.000000000000000
2.184400110226730	0.000000000000000
2.211986723467817	0.000000000000000
2.232993968122221	0.000000000000000
2.247026418812877	0.000000000000000
2.253813617416323	0.000000000000000
2.253222901415622	0.000000000000000
2.245265822229385	0.000000000000000
2.230097583270415	0.000000000000000
2.208009547403424	0.000000000000000
2.179415479093989	0.000000000000000
2.144832711662049	0.000000000000000
2.104859786990815	0.000000000000000
2.060152280826741	0.000000000000000
2.011398492335984	0.000000000000000
1.959296471137285	0.000000000000000
1.904533538650982	0.000000000000000
1.847769082706096	0.000000000000000
1.789621024129864	0.000000000000000
1.730656020531905	0.000000000000000
1.671383201743191	0.000000000000000
1.612251044725187	0.000000000000000
1.553646885457255	0.000000000000000
1.495898523760676	0.000000000000000
1.439277387483056	0.000000000000000
1.384002766639443	0.000000000000000
1.330246698816911	0.000000000000000
1.278139159960010	0.000000000000000
1.227773293196233	0.000000000000000
1.179210477883950	0.000000000000000
1.132485101608826	0.000000000000000
1.087608949781680	0.000000000000000
1.044575166041379	0.000000000000000
1.003361768055079	0.000000000000000
0.963934724182010	0.000000000000000
0.926250612471806	0.000000000000000
0.890258891746132	0.000000000000000
0.855903820862229	0.000000000000000
0.823126063095950	0.000000000000000
0.791864013599803	0.000000000000000
0.762054885836478	0.000000000000000
0.733635590157789	0.000000000000000
0.706543435119950	0.000000000000000
0.680716678941216	0.000000000000000
0.656094955186328	0.000000000000000
0.632619593175668	0.000000000000000
0.610233852186891	0.000000000000000
0.588883084244890	0.000000000000000
0.568514839075164	0.000000000000000
0.549078922432472	0.000000000000000
0.530527417119014	0.000000000000000
0.512814674595483	0.000000000000000
0.495897283625140	0.000000000000000
0.479734021289606	0.000000000000000
0.464285791276063	0.000000000000000
0.449515552212588	0.000000000000000
0.435388239508557	0.000000000000000
0.421870683315549	0.000000000000000
0.408931523727452	0.000000000000000
0.396541125390155	0.000000000000000
0.384671492297549	0.000000000000000
0.373296183924804	0.000000000000000
0.362390233255950	0.000000000000000
0.351930067083586	0.000000000000000
0.341893429326334	0.000000000000000
0.332259307338087	0.000000000000000
0.323007861070350	0.000000000000000
0.314120356084676	0.000000000000000
0.305579099487120	0.000000000000000
0.297367379072020	0.000000000000000
0.289469406070430	0.000000000000000
0.281870260717031	0.000000000000000
0.274555840895351	0.000000000000000
0.267512814021829	0.000000000000000
0.260728571372865	0.000000000000000
0.254191185200538	0.000000000000000
0.247889368663541	0.000000000000000
0.241812437774815	0.000000000000000
0.235950275981413	0.000000000000000
0.230293300747755	0.000000000000000
0.224832432258018	0.000000000000000
0.219559063995443	0.000000000000000
0.214465035130589	0.000000000000000
0.209542604801405	0.000000000000000
0.204784427659827	0.000000000000000
0.200183531188297	0.000000000000000
0.195733294364427	0.000000000000000
0.191427427616112	0.000000000000000
0.187259953989269	0.000000000000000
0.183225191520454	0.000000000000000
0.179317736741395	0.000000000000000
0.175532449013055	0.000000000000000
0.171864436073567	0.000000000000000
0.168309040295180	0.000000000000000
0.164861825725216	0.000000000000000
0.161518566098026	0.000000000000000
0.158275233484909	0.000000000000000
0.155127987486277	0.000000000000000
0.152073165322369	0.000000000000000
0.149107272346290	0.000000000000000
0.146226973095157	0.000000000000000
0.143429083040048	0.000000000000000
0.140710560566713	0.000000000000000
0.138068499668733	0.000000000000000
0.135500122984943	0.000000000000000
0.133002775089512	0.000000000000000
0.130573916359249	0.000000000000000
0.128211117168406	0.000000000000000
0.125912052292480	0.000000000000000
0.123674495715094	0.000000000000000
0.121496315735593	0.000000000000000
0.119375470327407	0.000000000000000
0.117310002710480	0.000000000000000
0.115298037251797	0.000000000000000
0.113337775542816	0.000000000000000
0.111427492669821	0.000000000000000
0.109565533737551	0.000000000000000
0.107750310550399	0.000000000000000
0.105980298493584	0.000000000000000
0.104254033495471	0.000000000000000
0.102570109281856	0.000000000000000
0.100927174736330	0.000000000000000
0.099323931279146	0.000000000000000
0.097759130550747	0.000000000000000
0.096231572115825	0.000000000000000
0.094740101294388	0.000000000000000
0.093283607174066	0.000000000000000
0.091861020594544	0.000000000000000
0.090471312351832	0.000000000000000
0.089113491453359	0.000000000000000
0.087786603433077	0.000000000000000
0.086489728762100	0.000000000000000
0.085221981402195	0.000000000000000
0.083982507323454	0.000000000000000
0.082770483133738	0.000000000000000
0.081585114848299	0.000000000000000
0.080425636602597	0.000000000000000
0.079291309519158	0.000000000000000
0.078181420567735	0.000000000000000
0.077095281472219	0.000000000000000
0.076032227792443	0.000000000000000
0.074991617855988	0.000000000000000
0.073972831859897	0.000000000000000
0.072975271069150	0.000000000000000
0.071998356877699	0.000000000000000
0.071041530034810	0.000000000000000
0.070104249944668	0.000000000000000
0.069185993847857	0.000000000000000
0.068286256160497	0.000000000000000
0.067404547859273	0.000000000000000
0.066540395737308	0.000000000000000
0.065693341902566	0.000000000000000
0.064862943143515	0.000000000000000
0.064048770353553	0.000000000000000
0.063250408072026	0.000000000000000
0.062467453889593	0.000000000000000
0.061699518018455	0.000000000000000
0.060946222827975	0.000000000000000
0.060207202339588	0.000000000000000
0.059482101867220	0.000000000000000
0.058770577592291	0.000000000000000
0.058072296110390	0.000000000000000
0.057386934143066	0.000000000000000
0.056714178143566	0.000000000000000
0.056053723916290	0.000000000000000
0.055405276324259	0.000000000000000
0.054768548958229	0.000000000000000
0.054143263849455	0.000000000000000
0.053529151136291	0.000000000000000
0.052925948821285	0.000000000000000
0.052333402486091	0.000000000000000
0.051751265026089	0.000000000000000
0.051179296416046	0.000000000000000
0.050617263440098	0.000000000000000
0.050064939515551	0.000000000000000
0.049522104428056	0.000000000000000
0.048988544110063	0.000000000000000
0.048464050474326	0.000000000000000
0.047948421204514	0.000000000000000
0.047441459549937	0.000000000000000
0.046942974160596	0.000000000000000
0.046452778905293	0.000000000000000
0.045970692685436	0.000000000000000
0.045496539317859	0.000000000000000
0.045030147347425	0.000000000000000
0.044571349870533	0.000000000000000
0.044119984448085	0.000000000000000
0.043675892936909	0.000000000000000
0.043238921335318	0.000000000000000
0.042808919690382	0.000000000000000
0.042385741947412	0.000000000000000
0.041969245841056	0.000000000000000
0.041559292777772	0.000000000000000
0.041155747702958	0.000000000000000
0.040758479034513	0.000000000000000
0.040367358521579	0.000000000000000
0.039982261155917	0.000000000000000
0.039603065084415	0.000000000000000
0.039229651488902	0.000000000000000
0.038861904526933	0.000000000000000
0.038499711222145	0.000000000000000
0.038142961393769	0.000000000000000
0.037791547560132	0.000000000000000
0.037445364875524	0.000000000000000
0.037104311037999	0.000000000000000
0.036768286225977	0.000000000000000
0.036437193030995	0.000000000000000
0.036110936367262	0.000000000000000
0.035789423437426	0.000000000000000
0.035472563642622	0.000000000000000
0.035160268526492	0.000000000000000
0.034852451723422	0.000000000000000
0.034549028885006	0.000000000000000
0.034249917629097	0.000000000000000
0.033955037501480	0.000000000000000
0.033664309910314	0.000000000000000
0.033377658048699	0.000000000000000
0.033095006898712	0.000000000000000
0.032816283154879	0.000000000000000
0.032541415145035	0.000000000000000
0.032270332850225	0.000000000000000
0.032002967831993	0.000000000000000
0.031739253160068	0.000000000000000
0.031479123416476	0.000000000000000
0.031222514640473	0.000000000000000
0.030969364280210	0.000000000000000
0.030719611167588	0.000000000000000
0.030473195455648	0.000000000000000
0.030230058649191	0.000000000000000
0.029990143496363	0.000000000000000
0.029753393973269	0.000000000000000
0.029519755298667	0.000000000000000
0.029289173847419	0.000000000000000
0.029061597149897	0.000000000000000
0.028836973845914	0.000000000000000
0.028615253674373	0.000000000000000
0.028396387434409	0.000000000000000
0.028180326963449	0.000000000000000
0.027967025096683	0.000000000000000
0.027756435665706	0.000000000000000
0.027548513460514	0.000000000000000
0.027343214196536	0.000000000000000
0.027140494524836	0.000000000000000
0.026940311962486	0.000000000000000
0.026742624910452	0.000000000000000
0.026547392613010	0.000000000000000
0.026354575142836	0.000000000000000
0.026164133373434	0.000000000000000
0.025976028981729	0.000000000000000
0.025790224401314	0.000000000000000
0.025606682804031	0.000000000000000
0.025425368126213	0.000000000000000
0.025246244995419	0.000000000000000
0.025069278742584	0.000000000000000
0.024894435383962	0.000000000000000
0.024721681598841	0.000000000000000
0.024550984709790	0.000000000000000
0.024382312702479	0.000000000000000
0.024215634151309	0.000000000000000
0.024050918238058	0.000000000000000
0.023888134765175	0.000000000000000
0.023727254095338	0.000000000000000
0.023568247144024	0.000000000000000
0.023411085399212	0.000000000000000
0.023255740894283	0.000000000000000
0.023102186161809	0.000000000000000
0.022950394271367	0.000000000000000
0.022800338801287	0.000000000000000
0.022651993807297	0.000000000000000
0.022505333838831	0.000000000000000
0.022360333909936	0.000000000000000
0.022216969501662	0.000000000000000
0.022075216540936	0.000000000000000
0.021935051395235	0.000000000000000
0.021796450874200	0.000000000000000
0.021659392194694	0.000000000000000
0.021523852997552	0.000000000000000
0.021389811317856	0.000000000000000
0.021257245593458	0.000000000000000
0.021126134648058	0.000000000000000
0.020996457682969	0.000000000000000
0.020868194270390	0.000000000000000
0.020741324340230	0.000000000000000
0.020615828184802	0.000000000000000
0.020491686436213	0.000000000000000
0.020368880071896	0.000000000000000
0.020247390407648	0.000000000000000
0.020127199070591	0.000000000000000
0.020008288013356	0.000000000000000
0.019890639512406	0.000000000000000
0.019774236134760	0.000000000000000
0.019659060745495	0.000000000000000
0.019545096525172	0.000000000000000
0.019432326924291	0.000000000000000
0.019320735665802	0.000000000000000
0.019210306778559	0.000000000000000
0.019101024541487	0.000000000000000
0.018992873489880	0.000000000000000
0.018885838444073	0.000000000000000
0.018779904460123	0.000000000000000
0.018675056845053	0.000000000000000
0.018571281158620	0.000000000000000
0.018468563196063	0.000000000000000
0.018366888984982	0.000000000000000
0.018266244782789	0.000000000000000
0.018166617078737	0.000000000000000
0.018067992574930	0.000000000000000
0.017970358197820	0.000000000000000
0.017873701083643	0.000000000000000
0.017778008574008	0.000000000000000
0.017683268219477	0.000000000000000
0.017589467766167	0.000000000000000
0.017496595159905	0.000000000000000
0.017404638546397	0.000000000000000
0.017313586249340	0.000000000000000
0.017223426782068	0.000000000000000
0.017134148839658	0.000000000000000
0.017045741294174	0.000000000000000
0.016958193203244	0.000000000000000
0.016871493782735	0.000000000000000
0.016785632416382	0.000000000000000
0.016700598672945	0.000000000000000
0.016616382263988	0.000000000000000
0.016532973064180	0.000000000000000
0.016450361111561	0.000000000000000
0.016368536597107	0.000000000000000
0.016287489855070	0.000000000000000
0.016207211361519	0.000000000000000
0.016127691768571	0.000000000000000
0.016048921839701	0.000000000000000
0.015970892487935	0.000000000000000
0.015893594768961	0.000000000000000
0.015817019863219	0.000000000000000
0.015741159100003	0.000000000000000
0.015666003923170	0.000000000000000
0.015591545911983	0.000000000000000
0.015517776760469	0.000000000000000
0.015444688302235	0.000000000000000
0.015372272492110	0.000000000000000
0.015300521385154	0.000000000000000
0.015229427165523	0.000000000000000
0.015158982136086	0.000000000000000
0.015089178707704	0.000000000000000
0.015020009393483	0.000000000000000
0.014951466827117	0.000000000000000
0.014883543756723	0.000000000000000
0.014816233010747	0.000000000000000
0.014749527536511	0.000000000000000
0.014683420392146	0.000000000000000
0.014617904713683	0.000000000000000
0.014552973748378	0.000000000000000
0.014488620835576	0.000000000000000
0.014424839416939	0.000000000000000
0.014361623020281	0.000000000000000
0.014298965265398	0.000000000000000
0.014236859855523	0.000000000000000
0.014175300595711	0.000000000000000
0.014114281377889	0.000000000000000
0.014053796161282	0.000000000000000
0.013993839007837	0.000000000000000
0.013934404056308	0.000000000000000
0.013875485522987	0.000000000000000
0.013817077708557	0.000000000000000
0.013759174987850	0.000000000000000
0.013701771815815	0.000000000000000
0.013644862730436	0.000000000000000
0.013588442329492	0.000000000000000
0.013532505293919	0.000000000000000
0.013477046379282	0.000000000000000
0.013422060401313	0.000000000000000
0.013367542258325	0.000000000000000
0.013313486908162	0.000000000000000
0.013259889377147	0.000000000000000
0.013206744771140	0.000000000000000
0.013154048241847	0.000000000000000
0.013101795019215	0.000000000000000
0.013049980392999	0.000000000000000
0.012998599709893	0.000000000000000
0.012947648388668	0.000000000000000
0.012897121901391	0.000000000000000
0.012847015777286	0.000000000000000
0.012797325610685	0.000000000000000
0.012748047054295	0.000000000000000
0.012699175809877	0.000000000000000
0.012650707639489	0.000000000000000
0.012602638359983	0.000000000000000
0.012554963842130	0.000000000000000
0.012507680010559	0.000000000000000
0.012460782844916	0.000000000000000
0.012414268368676	0.000000000000000
0.012368132661723	0.000000000000000
0.012322371857013	0.000000000000000
0.012276982127302	0.000000000000000
0.012231959699213	0.000000000000000
0.012187300854655	0.000000000000000
0.012143001905965	0.000000000000000
0.012099059226224	0.000000000000000
0.012055469230467	0.000000000000000
0.012012228371674	0.000000000000000
0.011969333158014	0.000000000000000
0.011926780128964	0.000000000000000
0.011884565878167	0.000000000000000
0.011842687038453	0.000000000000000
0.011801140279814	0.000000000000000
0.011759922316759	0.000000000000000
0.011719029899590	0.000000000000000
0.011678459830293	0.000000000000000
0.011638208939488	0.000000000000000
0.011598274091238	0.000000000000000
0.011558652205001	0.000000000000000
0.011519340227122	0.000000000000000
0.011480335135915	0.000000000000000
0.011441633956894	0.000000000000000
0.011403233749642	0.000000000000000
0.011365131596559	0.000000000000000
0.011327324626351	0.000000000000000
0.011289810009358	0.000000000000000
0.011252584930088	0.000000000000000
0.011215646620638	0.000000000000000
0.011178992341414	0.000000000000000
0.011142619385920	0.000000000000000
0.011106525080110	0.000000000000000
0.011070706774559	0.000000000000000
0.011035161860869	0.000000000000000
0.010999887758927	0.000000000000000
0.010964881916637	0.000000000000000
0.010930141807746	0.000000000000000
0.010895664941759	0.000000000000000
0.010861448854089	0.000000000000000
0.010827491104871	0.000000000000000
0.010793789294041	0.000000000000000
0.010760341037865	0.000000000000000
0.010727143978011	0.000000000000000
0.010694195795739	0.000000000000000
0.010661494187709	0.000000000000000
0.010629036879938	0.000000000000000
0.010596821624997	0.000000000000000
0.010564846202148	0.000000000000000
0.010533108412983	0.000000000000000
0.010501606078853	0.000000000000000
0.010470337061271	0.000000000000000
0.010439299229957	0.000000000000000
0.010408490480226	0.000000000000000
0.010377908741926	0.000000000000000
0.010347551956944	0.000000000000000
0.010317418091387	0.000000000000000
0.010287505139741	0.000000000000000
0.010257811112464	0.000000000000000
0.010228334040959	0.000000000000000
0.010199071987104	0.000000000000000
0.010170023021807	0.000000000000000
0.010141185245400	0.000000000000000
0.010112556777723	0.000000000000000
0.010084135756629	0.000000000000000
0.010055920338042	0.000000000000000
0.010027908703015	0.000000000000000
0.010000099052392	0.000000000000000
0.009972489595967	0.000000000000000
0.009945078577930	0.000000000000000
0.009917864248579	0.000000000000000
0.009890844880258	0.000000000000000
0.009864018770810	0.000000000000000
0.009837384224822	0.000000000000000
0.009810939570370	0.000000000000000
0.009784683153601	0.000000000000000
0.009758613337784	0.000000000000000
0.009732728499229	0.000000000000000
0.009707027035833	0.000000000000000
0.009681507363575	0.000000000000000
0.009656167907809	0.000000000000000
0.009631007111758	0.000000000000000
0.009606023439505	0.000000000000000
0.009581215369875	0.000000000000000
0.009556581395397	0.000000000000000
0.009532120022658	0.000000000000000
0.009507829771653	0.000000000000000
0.009483709184194	0.000000000000000
0.009459756813647	0.000000000000000
0.009435971224948	0.000000000000000
0.009412350997383	0.000000000000000
0.009388894735803	0.000000000000000
0.009365601044035	0.000000000000000
0.009342468542753	0.000000000000000
0.009319495876487	0.000000000000000
0.009296681687559	0.000000000000000
0.009274024647236	0.000000000000000
0.009251523434821	0.000000000000000
0.009229176729918	0.000000000000000
0.009206983241773	0.000000000000000
0.009184941689138	0.000000000000000
0.009163050792850	0.000000000000000
0.009141309299049	0.000000000000000
0.009119715957220	0.000000000000000
0.009098269532505	0.000000000000000
0.009076968799036	0.000000000000000
0.009055812550209	0.000000000000000
0.009034799581126	0.000000000000000
0.009013928700533	0.000000000000000
0.008993198736506	0.000000000000000
0.008972608515841	0.000000000000000
0.008952156888881	0.000000000000000
0.008931842706797	0.000000000000000
0.008911664834415	0.000000000000000
0.008891622149580	0.000000000000000
0.008871713540395	0.000000000000000
0.008851937902131	0.000000000000000
0.008832294139721	0.000000000000000
0.008812781170431	0.000000000000000
0.008793397923637	0.000000000000000
0.008774143336548	0.000000000000000
0.008755016355547	0.000000000000000
0.008736015932386	0.000000000000000
0.008717141034090	0.000000000000000
0.008698390636998	0.000000000000000
0.008679763723545	0.000000000000000
0.008661259287292	0.000000000000000
0.008642876328816	0.000000000000000
0.008624613859896	0.000000000000000
0.008606470897990	0.000000000000000
0.008588446473056	0.000000000000000
0.008570539619412	0.000000000000000
0.008552749384530	0.000000000000000
0.008535074821621	0.000000000000000
0.008517514986655	0.000000000000000
0.008500068953459	0.000000000000000
0.008482735800964	0.000000000000000
0.008465514609926	0.000000000000000
0.008448404476233	0.000000000000000
0.008431404501259	0.000000000000000
0.008414513792125	0.000000000000000
0.008397731462493	0.000000000000000
0.008381056638316	0.000000000000000
0.008364488454125	0.000000000000000
0.008348026039051	0.000000000000000
0.008331668540488	0.000000000000000
0.008315415116836	0.000000000000000
0.008299264922283	0.000000000000000
0.008283217121364	0.000000000000000
0.008267270889553	0.000000000000000
0.008251425405222	0.000000000000000
0.008235679854695	0.000000000000000
0.008220033429380	0.000000000000000
0.008204485326936	0.000000000000000
0.008189034757599	0.000000000000000
0.008173680931071	0.000000000000000
0.008158423065433	0.000000000000000
0.008143260380595	0.000000000000000
0.008128192110113	0.000000000000000
0.008113217494324	0.000000000000000
0.008098335769024	0.000000000000000
0.008083546183100	0.000000000000000
0.008068847992451	0.000000000000000
0.008054240455771	0.000000000000000
0.008039722836610	0.000000000000000
0.008025294409248	0.000000000000000
0.008010954446269	0.000000000000000
0.007996702231125	0.000000000000000
0.007982537049374	0.000000000000000
0.007968458194320	0.000000000000000
0.007954464965551	0.000000000000000
0.007940556657881	0.000000000000000
0.007926732588455	0.000000000000000
0.007912992067959	0.000000000000000
0.007899334408267	0.000000000000000
0.007885758936049	0.000000000000000
0.007872264981962	0.000000000000000
0.007858851875955	0.000000000000000
0.007845518951692	0.000000000000000
0.007832265553621	0.000000000000000
0.007819091027848	0.000000000000000
0.007805994728476	0.000000000000000
0.007792976006767	0.000000000000000
0.007780034221906	0.000000000000000
0.007767168741842	0.000000000000000
0.007754378936013	0.000000000000000
0.007741664173356	0.000000000000000
0.007729023830293	0.000000000000000
0.007716457291243	0.000000000000000
0.007703963941533	0.000000000000000
0.007691543171616	0.000000000000000
0.007679194371173	0.000000000000000
0.007666916941034	0.000000000000000
0.007654710280312	0.000000000000000
0.007642573794934	0.000000000000000
0.007630506898882	0.000000000000000
0.007618508997413	0.000000000000000
0.007606579510925	0.000000000000000
0.007594717859980	0.000000000000000
0.007582923467221	0.000000000000000
0.007571195762345	0.000000000000000
0.007559534175279	0.000000000000000
0.007547938139499	0.000000000000000
0.007536407094045	0.000000000000000
0.007524940481934	0.000000000000000
0.007513537745346	0.000000000000000
0.007502198334454	0.000000000000000
0.007490921700767	0.000000000000000
0.007479707296800	0.000000000000000
0.007468554583914	0.000000000000000
0.007457463019590	0.000000000000000
0.007446432069225	0.000000000000000
0.007435461203245	0.000000000000000
0.007424549887890	0.000000000000000
0.007413697598731	0.000000000000000
0.007402903811357	0.000000000000000
0.007392168006324	0.000000000000000
0.007381489663422	0.000000000000000
0.007370868268389	0.000000000000000
0.007360303309713	0.000000000000000
0.007349794278330	0.000000000000000
0.007339340669673	0.000000000000000
0.007328941974066	0.000000000000000
0.007318597693969	0.000000000000000
0.007308307331841	0.000000000000000
0.007298070389434	0.000000000000000
0.007287886375710	0.000000000000000
0.007277754798205	0.000000000000000
0.007267675166320	0.000000000000000
0.007257646998086	0.000000000000000
0.007247669809762	0.000000000000000
0.007237743116912	0.000000000000000
0.007227866444859	0.000000000000000
0.007218039317622	0.000000000000000
0.007208261257338	0.000000000000000
0.007198531794195	0.000000000000000
0.007188850459498	0.000000000000000
0.007179216785713	0.000000000000000
0.007169630309397	0.000000000000000
0.007160090566260	0.000000000000000
0.007150597095282	0.000000000000000
0.007141149439651	0.000000000000000
0.007131747141606	0.000000000000000
0.007122389746630	0.000000000000000
0.007113076802137	0.000000000000000
0.007103807862706	0.000000000000000
0.007094582476843	0.000000000000000
0.007085400192497	0.000000000000000
0.007076260574362	0.000000000000000
0.007067163176131	0.000000000000000
0.007058107557546	0.000000000000000
0.007049093279697	0.000000000000000
0.007040119907912	0.000000000000000
0.007031187005409	0.000000000000000
0.007022294136924	0.000000000000000
0.007013440875110	0.000000000000000
0.007004626787186	0.000000000000000
0.006995851448093	0.000000000000000
0.006987114429585	0.000000000000000
0.006978415310158	0.000000000000000
0.006969753663460	0.000000000000000
0.006961129067054	0.000000000000000
0.006952541105830	0.000000000000000
0.006943989360337	0.000000000000000
0.006935473413032	0.000000000000000
0.006926992849842	0.000000000000000
0.006918547258199	0.000000000000000
0.006910136226446	0.000000000000000
0.006901759342936	0.000000000000000
0.006893416198545	0.000000000000000
0.006885106390759	0.000000000000000
0.006876829508221	0.000000000000000
0.006868585147607	0.000000000000000
0.006860372910381	0.000000000000000
0.006852192388617	0.000000000000000
0.006844043186166	0.000000000000000
0.006835924905880	0.000000000000000
0.006827837146857	0.000000000000000
0.006819779513828	0.000000000000000
0.006811751612735	0.000000000000000
0.006803753050458	0.000000000000000
0.006795783434683	0.000000000000000
0.006787842375402	0.000000000000000
0.006779929480719	0.000000000000000
0.006772044362722	0.000000000000000
0.006764186638060	0.000000000000000
0.006756355917716	0.000000000000000
0.006748551816938	0.000000000000000
0.006740773953440	0.000000000000000
0.006733021946217	0.000000000000000
0.006725295411384	0.000000000000000
0.006717593970330	0.000000000000000
0.006709917244636	0.000000000000000
0.006702264857056	0.000000000000000
0.006694636432066	0.000000000000000
0.006687031591468	0.000000000000000
0.006679449964089	0.000000000000000
0.006671891175243	0.000000000000000
0.006664354854339	0.000000000000000
0.006656840628989	0.000000000000000
0.006649348128989	0.000000000000000
0.006641876987115	0.000000000000000
0.006634426836536	0.000000000000000
0.006626997308129	0.000000000000000
0.006619588036105	0.000000000000000
0.006612198660163	0.000000000000000
0.006604828814036	0.000000000000000
0.006597478133299	0.000000000000000
0.006590146258679	0.000000000000000
0.006582832831308	0.000000000000000
0.006575537487852	0.000000000000000
0.006568259871918	0.000000000000000
0.006560999626646	0.000000000000000
0.006553756393949	0.000000000000000
0.006546529821702	0.000000000000000
0.006539319551361	0.000000000000000
0.006532125230859	0.000000000000000
0.006524946508542	0.000000000000000
0.006517783029748	0.000000000000000
0.006510634447956	0.000000000000000
0.006503500411425	0.000000000000000
0.006496380569495	0.000000000000000
0.006489274576917	0.000000000000000
0.006482182088543	0.000000000000000
0.006475102753395	0.000000000000000
0.006468036229791	0.000000000000000
0.006460982173818	0.000000000000000
0.006453940239061	0.000000000000000
0.006446910088343	0.000000000000000
0.006439891376858	0.000000000000000
0.006432883765467	0.000000000000000
0.006425886914848	0.000000000000000
0.006418900485770	0.000000000000000
0.006411924140896	0.000000000000000
0.006404957544228	0.000000000000000
0.006398000359443	0.000000000000000
0.006391052253025	0.000000000000000
0.006384112891680	0.000000000000000
0.006377181937539	0.000000000000000
0.006370259066341	0.000000000000000
0.006363343941903	0.000000000000000
0.006356436233611	0.000000000000000
0.006349535617124	0.000000000000000
0.006342641759506	0.000000000000000
0.006335754336141	0.000000000000000
0.006328873020668	0.000000000000000
0.006321997488385	0.000000000000000
0.006315127411513	0.000000000000000
0.006308262471195	0.000000000000000
0.006301402342795	0.000000000000000
0.006294546702239	0.000000000000000
0.006287695235285	0.000000000000000
0.006280847620862	0.000000000000000
0.006274003536523	0.000000000000000
0.006267162666673	0.000000000000000
0.006260324696853	0.000000000000000
0.006253489310025	0.000000000000000
0.006246656191799	0.000000000000000
0.006239825028948	0.000000000000000
0.006232995509761	0.000000000000000
0.006226167322483	0.000000000000000
0.006219340155700	0.000000000000000
0.006212513701129	0.000000000000000
0.006205687652520	0.000000000000000
0.006198861699226	0.000000000000000
0.006192035535016	0.000000000000000
0.006185208859976	0.000000000000000
0.006178381367332	0.000000000000000
0.006171552752233	0.000000000000000
0.006164722715684	0.000000000000000
0.006157890955278	0.000000000000000
0.006151057173707	0.000000000000000
0.006144221071333	0.000000000000000
0.006137382349440	0.000000000000000
0.006130540717428	0.000000000000000
0.006123695875224	0.000000000000000
0.006116847530202	0.000000000000000
0.006109995393562	0.000000000000000
0.006103139168541	0.000000000000000
0.006096278567394	0.000000000000000
0.006089413305165	0.000000000000000
0.006082543090024	0.000000000000000
0.006075667635250	0.000000000000000
0.006068786659176	0.000000000000000
0.006061899875212	0.000000000000000
0.006055007001962	0.000000000000000
0.006048107760051	0.000000000000000
0.006041201867422	0.000000000000000
0.006034289042616	0.000000000000000
0.006027369015692	0.000000000000000
0.006020441508203	0.000000000000000
0.006013506241608	0.000000000000000
0.006006562947993	0.000000000000000
0.005999611353945	0.000000000000000
0.005992651187432	0.000000000000000
0.005985682181882	0.000000000000000
0.005978704071028	0.000000000000000
0.005971716585556	0.000000000000000
0.005964719464017	0.000000000000000
0.005957712442195	0.000000000000000
0.005950695258368	0.000000000000000
0.005943667654325	0.000000000000000
0.005936629370671	0.000000000000000
0.005929580150691	0.000000000000000
