 #tdnd tdcion
    0.317101402E-16
    0.251968622E-16
    0.348954113E-16
    0.369729021E-16
    0.222023189E-16
    0.291066231E-16
    0.319924731E-16
    0.278595065E-16
    0.236356313E-16
    0.215968593E-16
    0.316205923E-16
    0.262180133E-16
    0.279744958E-16
    0.266631407E-16
    0.225460225E-16
    0.391208912E-16
    0.274648876E-16
    0.217109017E-16
    0.235505570E-16
    0.241485744E-16
    0.286957080E-16
    0.226894654E-16
    0.215794011E-16
    0.272624567E-16
    0.269390001E-16
    0.289865841E-16
    0.224018596E-16
    0.247888103E-16
    0.236227814E-16
    0.322186066E-16
    0.253502309E-16
    0.288045288E-16
    0.192549148E-16
    0.232377865E-16
    0.247828899E-16
    0.283349293E-16
    0.393673911E-16
    0.286090779E-16
    0.181482812E-16
    0.247320427E-16
    0.229467795E-16
    0.254061183E-16
    0.283630577E-16
    0.216263636E-16
    0.239760452E-16
    0.234522930E-16
    0.230083016E-16
    0.254969322E-16
    0.225901235E-16
    0.242977329E-16
    0.233711117E-16
    0.323011571E-16
    0.228422701E-16
    0.286608232E-16
    0.163987855E-16
    0.226496639E-16
    0.275861878E-16
    0.282432377E-16
    0.306737555E-16
    0.219543311E-16
    0.223189017E-16
    0.302084002E-16
    0.230445320E-16
    0.224659212E-16
    0.277856020E-16
    0.248631579E-16
    0.256517839E-16
    0.264572147E-16
    0.244702470E-16
    0.241380403E-16
    0.230285037E-16
    0.244459626E-16
    0.268834741E-16
    0.307534718E-16
    0.261584243E-16
    0.271570849E-16
    0.172361758E-16
    0.235880703E-16
    0.253048933E-16
    0.271494852E-16
    0.264905369E-16
    0.229332861E-16
    0.197639860E-16
    0.292399673E-16
    0.228815734E-16
    0.224063317E-16
    0.276232803E-16
    0.247364260E-16
    0.246815286E-16
    0.209392258E-16
    0.216782923E-16
    0.308801550E-16
    0.225005343E-16
    0.208261695E-16
    0.255851895E-16
    0.342065165E-16
    0.303139215E-16
    0.263935960E-16
    0.250152925E-16
    0.236275291E-16
    0.205151105E-16
    0.307674454E-16
    0.277447794E-16
    0.235758503E-16
    0.228916637E-16
    0.316688824E-16
    0.301118994E-16
    0.273487677E-16
    0.248772064E-16
    0.283775322E-16
    0.337102662E-16
    0.292410157E-16
    0.341108691E-16
    0.374831033E-16
    0.286738655E-16
    0.333467006E-16
    0.323955093E-16
    0.386022582E-16
    0.436268228E-16
    0.439313502E-16
    0.447146725E-16
    0.380799147E-16
    0.511960538E-16
    0.333589791E-16
    0.443273741E-16
    0.416802480E-16
    0.365966162E-16
    0.371167246E-16
    0.348945424E-16
    0.344497622E-16
    0.345108310E-16
    0.370484243E-16
    0.322021659E-16
    0.304141657E-16
    0.187344943E-16
    0.208490957E-16
    0.329061534E-16
    0.223945665E-16
    0.260753999E-16
    0.297421441E-16
    0.430817394E-16
    0.354607782E-16
    0.218213801E-16
    0.385489988E-16
    0.316077118E-16
    0.285666782E-16
    0.320769263E-16
    0.285903006E-16
    0.358293082E-16
    0.343741070E-16
    0.281116048E-16
    0.293473410E-16
    0.277641759E-16
    0.225074626E-16
    0.267308002E-16
    0.298661415E-16
    0.255312062E-16
    0.234899875E-16
    0.220497433E-16
    0.311243245E-16
    0.315937701E-16
    0.254951876E-16
    0.360572850E-16
    0.318233899E-16
    0.392261991E-16
    0.313230293E-16
    0.269485651E-16
    0.301960816E-16
    0.242902123E-16
    0.257302055E-16
    0.231822823E-16
    0.262388727E-16
    0.281684236E-16
    0.306336875E-16
    0.278030796E-16
    0.276382497E-16
    0.290371832E-16
    0.311687248E-16
    0.335776564E-16
    0.263322905E-16
    0.239689624E-16
    0.253590548E-16
    0.268488778E-16
    0.230222470E-16
    0.251526634E-16
    0.385356638E-16
    0.339712792E-16
    0.323761570E-16
    0.273330630E-16
    0.367767927E-16
    0.338473046E-16
    0.297949772E-16
    0.343644973E-16
    0.288812900E-16
    0.368363753E-16
    0.470217745E-16
    0.582678989E-16
    0.651624309E-16
    0.774311613E-16
    0.848503891E-16
    0.110653407E-15
    0.159961834E-15
    0.176635576E-15
    0.213945156E-15
    0.316260339E-15
    0.434461620E-15
    0.543170299E-15
    0.751849877E-15
    0.102860292E-14
    0.130043456E-14
    0.192835366E-14
    0.253088288E-14
    0.330919658E-14
    0.473639921E-14
    0.623287602E-14
    0.822905165E-14
    0.114010040E-13
    0.149414089E-13
    0.197680094E-13
    0.263107598E-13
    0.350979548E-13
    0.463852506E-13
    0.615948063E-13
    0.809857751E-13
    0.106012337E-12
    0.140435201E-12
    0.184020263E-12
    0.240086409E-12
    0.312213520E-12
    0.407172130E-12
    0.528154834E-12
    0.682736457E-12
    0.883702563E-12
    0.113347414E-11
    0.145771184E-11
    0.187103862E-11
    0.238828881E-11
    0.304636897E-11
    0.388398071E-11
    0.492827052E-11
    0.624205961E-11
    0.790090732E-11
    0.995976349E-11
    0.125362959E-10
    0.157467686E-10
    0.197414940E-10
    0.246950797E-10
    0.308182720E-10
    0.383692371E-10
    0.477047749E-10
    0.591752885E-10
    0.732984029E-10
    0.905737405E-10
    0.111725400E-09
    0.137575832E-09
    0.169032175E-09
    0.207366930E-09
    0.253883363E-09
    0.310310088E-09
    0.378580185E-09
    0.461142961E-09
    0.560602778E-09
    0.680412099E-09
    0.824546140E-09
    0.997385126E-09
    0.120463589E-08
    0.145248279E-08
    0.174852618E-08
    0.210154579E-08
    0.252191857E-08
    0.302181098E-08
    0.361493326E-08
    0.431800469E-08
    0.515025183E-08
    0.613350559E-08
    0.729375249E-08
    0.866102483E-08
    0.102696898E-07
    0.121597129E-07
    0.143777926E-07
    0.169759040E-07
    0.200160094E-07
    0.235686581E-07
    0.277138161E-07
    0.325436404E-07
    0.381654770E-07
    0.446984749E-07
    0.522813736E-07
    0.610720323E-07
    0.712493262E-07
    0.830167194E-07
    0.966060804E-07
    0.112279535E-06
    0.130335315E-06
    0.151109578E-06
    0.174980772E-06
    0.202380390E-06
    0.233789699E-06
    0.269757527E-06
    0.310892241E-06
    0.357884346E-06
    0.411506637E-06
    0.472621197E-06
    0.542200387E-06
    0.621324165E-06
    0.711205163E-06
    0.813189889E-06
    0.928786271E-06
    0.105966492E-05
    0.120768416E-05
    0.137491946E-05
    0.156365758E-05
    0.177644793E-05
    0.201610133E-05
    0.228573187E-05
    0.258878041E-05
    0.292904315E-05
    0.331071595E-05
    0.373839573E-05
    0.421716761E-05
    0.475261026E-05
    0.535085793E-05
    0.601861765E-05
    0.676327667E-05
    0.759289822E-05
    0.851630253E-05
    0.954316689E-05
    0.106840027E-04
    0.119503172E-04
    0.133546441E-04
    0.149106346E-04
    0.166331038E-04
    0.185382028E-04
    0.206434697E-04
    0.229678796E-04
    0.255320749E-04
    0.283583492E-04
    0.314708580E-04
    0.348957053E-04
    0.386610934E-04
    0.427974845E-04
    0.473376608E-04
    0.523170047E-04
    0.577735935E-04
    0.637483618E-04
    0.702853046E-04
    0.774317209E-04
    0.852382765E-04
    0.937593479E-04
    0.103053214E-03
    0.113182142E-03
    0.124212820E-03
    0.136216539E-03
    0.149269341E-03
    0.163452350E-03
    0.178852189E-03
    0.195561058E-03
    0.213677037E-03
    0.233304606E-03
    0.254554663E-03
    0.277545075E-03
    0.302400885E-03
    0.329254699E-03
    0.358247104E-03
    0.389526781E-03
    0.423251200E-03
    0.459586781E-03
    0.498709306E-03
    0.540804381E-03
    0.586067876E-03
    0.634706070E-03
    0.686936402E-03
    0.742987735E-03
    0.803100600E-03
    0.867528032E-03
    0.936535733E-03
    0.101040249E-02
    0.108942056E-02
    0.117389670E-02
    0.126415168E-02
    0.136052139E-02
    0.146335710E-02
    0.157302581E-02
    0.168991074E-02
    0.181441195E-02
    0.194694633E-02
    0.208794864E-02
    0.223787105E-02
    0.239718452E-02
    0.256637847E-02
    0.274596142E-02
    0.293646148E-02
    0.313842649E-02
    0.335242425E-02
    0.357904326E-02
    0.381889263E-02
    0.407260237E-02
    0.434082397E-02
    0.462423046E-02
    0.492351620E-02
    0.523939760E-02
    0.557261352E-02
    0.592392427E-02
    0.629411246E-02
    0.668398330E-02
    0.709436365E-02
    0.752610302E-02
    0.798007275E-02
    0.845716627E-02
    0.895829884E-02
    0.948440692E-02
    0.100364489E-01
    0.106154038E-01
    0.112222715E-01
    0.118580721E-01
    0.125238458E-01
    0.132206513E-01
    0.139495670E-01
    0.147116890E-01
    0.155081307E-01
    0.163400228E-01
    0.172085114E-01
    0.181147577E-01
    0.190599372E-01
    0.200452392E-01
    0.210718639E-01
    0.221410229E-01
    0.232539383E-01
    0.244118399E-01
    0.256159657E-01
    0.268675595E-01
    0.281678690E-01
    0.295181463E-01
    0.309196434E-01
    0.323736142E-01
    0.338813098E-01
    0.354439785E-01
    0.370628628E-01
    0.387392000E-01
    0.404742163E-01
    0.422691297E-01
    0.441251441E-01
    0.460434490E-01
    0.480252183E-01
    0.500716059E-01
    0.521837449E-01
    0.543627467E-01
    0.566096967E-01
    0.589256523E-01
    0.613116406E-01
    0.637686600E-01
    0.662976706E-01
    0.688995996E-01
    0.715753325E-01
    0.743257155E-01
    0.771515503E-01
    0.800535927E-01
    0.830325514E-01
    0.860890842E-01
    0.892237956E-01
    0.924372349E-01
    0.957298972E-01
    0.991022126E-01
    0.102554555E+00
    0.106087231E+00
    0.109700482E+00
    0.113394482E+00
    0.117169334E+00
    0.121025069E+00
    0.124961646E+00
    0.128978945E+00
    0.133076770E+00
    0.137254846E+00
    0.141512819E+00
    0.145850249E+00
    0.150266614E+00
    0.154761308E+00
    0.159333637E+00
    0.163982820E+00
    0.168707987E+00
    0.173508180E+00
    0.178382350E+00
    0.183329355E+00
    0.188347964E+00
    0.193436855E+00
    0.198594609E+00
    0.203819718E+00
    0.209110580E+00
    0.214465500E+00
    0.219882695E+00
    0.225360281E+00
    0.230896292E+00
    0.236488667E+00
    0.242135254E+00
    0.247833814E+00
    0.253582015E+00
    0.259377447E+00
    0.265217604E+00
    0.271099904E+00
    0.277021676E+00
    0.282980174E+00
    0.288972568E+00
    0.294995953E+00
    0.301047351E+00
    0.307123710E+00
    0.313221904E+00
    0.319338749E+00
    0.325470990E+00
    0.331615308E+00
    0.337768332E+00
    0.343926629E+00
    0.350086717E+00
    0.356245068E+00
    0.362398097E+00
    0.368542187E+00
    0.374673678E+00
    0.380788876E+00
    0.386884053E+00
    0.392955456E+00
    0.398999307E+00
    0.405011810E+00
    0.410989150E+00
    0.416927506E+00
    0.422823046E+00
    0.428671935E+00
    0.434470340E+00
    0.440214433E+00
    0.445900398E+00
    0.451524428E+00
    0.457082742E+00
    0.462571573E+00
    0.467987189E+00
    0.473325882E+00
    0.478583984E+00
    0.483757867E+00
    0.488843946E+00
    0.493838682E+00
    0.498738593E+00
    0.503540248E+00
    0.508240284E+00
    0.512835396E+00
    0.517322350E+00
    0.521697982E+00
    0.525959211E+00
    0.530103025E+00
    0.534126505E+00
    0.538026810E+00
    0.541801196E+00
    0.545447008E+00
    0.548961685E+00
    0.552342770E+00
    0.555587910E+00
    0.558694843E+00
    0.561661431E+00
    0.564485637E+00
    0.567165531E+00
    0.569699309E+00
    0.572085273E+00
    0.574321844E+00
    0.576407571E+00
    0.578341112E+00
    0.580121253E+00
    0.581746904E+00
    0.583217097E+00
    0.584530990E+00
    0.585687862E+00
    0.586687131E+00
    0.587528325E+00
    0.588211109E+00
    0.588735273E+00
    0.589100735E+00
    0.589307535E+00
    0.589355839E+00
    0.589245944E+00
    0.588978267E+00
    0.588553343E+00
    0.587971844E+00
    0.587234549E+00
    0.586342362E+00
    0.585296306E+00
    0.584097516E+00
    0.582747248E+00
    0.581246871E+00
    0.579597854E+00
    0.577801786E+00
    0.575860354E+00
    0.573775358E+00
    0.571548692E+00
    0.569182350E+00
    0.566678425E+00
    0.564039103E+00
    0.561266655E+00
    0.558363451E+00
    0.555331933E+00
    0.552174633E+00
    0.548894158E+00
    0.545493192E+00
    0.541974487E+00
    0.538340872E+00
    0.534595234E+00
    0.530740524E+00
    0.526779755E+00
    0.522715990E+00
    0.518552348E+00
    0.514291999E+00
    0.509938150E+00
    0.505494060E+00
    0.500963018E+00
    0.496348352E+00
    0.491653421E+00
    0.486881614E+00
    0.482036338E+00
    0.477121024E+00
    0.472139128E+00
    0.467094110E+00
    0.461989449E+00
    0.456828625E+00
    0.451615129E+00
    0.446352454E+00
    0.441044081E+00
    0.435693501E+00
    0.430304190E+00
    0.424879605E+00
    0.419423206E+00
    0.413938426E+00
    0.408428676E+00
    0.402897353E+00
    0.397347821E+00
    0.391783422E+00
    0.386207469E+00
    0.380623234E+00
    0.375033963E+00
    0.369442856E+00
    0.363853083E+00
    0.358267765E+00
    0.352689980E+00
    0.347122764E+00
    0.341569102E+00
    0.336031929E+00
    0.330514132E+00
    0.325018542E+00
    0.319547938E+00
    0.314105039E+00
    0.308692514E+00
    0.303312967E+00
    0.297968946E+00
    0.292662942E+00
    0.287397377E+00
    0.282174621E+00
    0.276996974E+00
    0.271866674E+00
    0.266785903E+00
    0.261756770E+00
    0.256781326E+00
    0.251861557E+00
    0.246999383E+00
    0.242196665E+00
    0.237455196E+00
    0.232776708E+00
    0.228162867E+00
    0.223615282E+00
    0.219135497E+00
    0.214724995E+00
    0.210385198E+00
    0.206117469E+00
    0.201923115E+00
    0.197803379E+00
    0.193759449E+00
    0.189792463E+00
    0.185903491E+00
    0.182093559E+00
    0.178363639E+00
    0.174714642E+00
    0.171147439E+00
    0.167662841E+00
    0.164261615E+00
    0.160944479E+00
    0.157712102E+00
    0.154565107E+00
    0.151504069E+00
    0.148529520E+00
    0.145641949E+00
    0.142841796E+00
    0.140129463E+00
    0.137505309E+00
    0.134969645E+00
    0.132522748E+00
    0.130164847E+00
    0.127896134E+00
    0.125716756E+00
    0.123626823E+00
    0.121626399E+00
    0.119715510E+00
    0.117894142E+00
    0.116162233E+00
    0.114519686E+00
    0.112966358E+00
    0.111502059E+00
    0.110126564E+00
    0.108839597E+00
    0.107640841E+00
    0.106529932E+00
    0.105506458E+00
    0.104569963E+00
    0.103719944E+00
    0.102955845E+00
    0.102277065E+00
    0.101682950E+00
    0.101172798E+00
    0.100745854E+00
    0.100401309E+00
    0.100138303E+00
    0.999559248E-01
    0.998532030E-01
    0.998291154E-01
    0.998825855E-01
    0.100012476E+00
    0.100217599E+00
    0.100496708E+00
    0.100848500E+00
    0.101271616E+00
    0.101764639E+00
    0.102326100E+00
    0.102954469E+00
    0.103648162E+00
    0.104405541E+00
    0.105224912E+00
    0.106104526E+00
    0.107042582E+00
    0.108037226E+00
    0.109086553E+00
    0.110188607E+00
    0.111341382E+00
    0.112542827E+00
    0.113790840E+00
    0.115083278E+00
    0.116417951E+00
    0.117792632E+00
    0.119205048E+00
    0.120652891E+00
    0.122133819E+00
    0.123645448E+00
    0.125185372E+00
    0.126751146E+00
    0.128340302E+00
    0.129950345E+00
    0.131578754E+00
    0.133222992E+00
    0.134880500E+00
    0.136548705E+00
    0.138225017E+00
    0.139906838E+00
    0.141591561E+00
    0.143276572E+00
    0.144959255E+00
    0.146636995E+00
    0.148307175E+00
    0.149967187E+00
    0.151614430E+00
    0.153246314E+00
    0.154860261E+00
    0.156453710E+00
    0.158024123E+00
    0.159568979E+00
    0.161085786E+00
    0.162572081E+00
    0.164025428E+00
    0.165443431E+00
    0.166823729E+00
    0.168163998E+00
    0.169461966E+00
    0.170715401E+00
    0.171922122E+00
    0.173080002E+00
    0.174186970E+00
    0.175241014E+00
    0.176240183E+00
    0.177182592E+00
    0.178066424E+00
    0.178889932E+00
    0.179651445E+00
    0.180349367E+00
    0.180982181E+00
    0.181548454E+00
    0.182046837E+00
    0.182476068E+00
    0.182834977E+00
    0.183122482E+00
    0.183337599E+00
    0.183479439E+00
    0.183547214E+00
    0.183540231E+00
    0.183457904E+00
    0.183299750E+00
    0.183065387E+00
    0.182754543E+00
    0.182367051E+00
    0.181902853E+00
    0.181361998E+00
    0.180744643E+00
    0.180051056E+00
    0.179281612E+00
    0.178436795E+00
    0.177517198E+00
    0.176523519E+00
    0.175456562E+00
    0.174317240E+00
    0.173106563E+00
    0.171825649E+00
    0.170475712E+00
    0.169058064E+00
    0.167574115E+00
    0.166025363E+00
    0.164413401E+00
    0.162739905E+00
    0.161006637E+00
    0.159215439E+00
    0.157368226E+00
    0.155466991E+00
    0.153513794E+00
    0.151510758E+00
    0.149460068E+00
    0.147363966E+00
    0.145224743E+00
    0.143044740E+00
    0.140826338E+00
    0.138571956E+00
    0.136284047E+00
    0.133965091E+00
    0.131617589E+00
    0.129244062E+00
    0.126847044E+00
    0.124429075E+00
    0.121992699E+00
    0.119540459E+00
    0.117074889E+00
    0.114598514E+00
    0.112113839E+00
    0.109623351E+00
    0.107129512E+00
    0.104634749E+00
    0.102141461E+00
    0.996520048E-01
    0.971686945E-01
    0.946937985E-01
    0.922295354E-01
    0.897780697E-01
    0.873415086E-01
    0.849218997E-01
    0.825212261E-01
    0.801414064E-01
    0.777842891E-01
    0.754516525E-01
    0.731452018E-01
    0.708665669E-01
    0.686172999E-01
    0.663988766E-01
    0.642126912E-01
    0.620600578E-01
    0.599422097E-01
    0.578602958E-01
    0.558153850E-01
    0.538084618E-01
    0.518404271E-01
    0.499121010E-01
    0.480242196E-01
    0.461774380E-01
    0.443723296E-01
    0.426093891E-01
    0.408890308E-01
    0.392115927E-01
    0.375773358E-01
    0.359864463E-01
    0.344390389E-01
    0.329351560E-01
    0.314747719E-01
    0.300577941E-01
    0.286840655E-01
    0.273533662E-01
    0.260654181E-01
    0.248198844E-01
    0.236163744E-01
    0.224544456E-01
    0.213336054E-01
    0.202533158E-01
    0.192129941E-01
    0.182120171E-01
    0.172497235E-01
    0.163254164E-01
    0.154383668E-01
    0.145878155E-01
    0.137729771E-01
    0.129930412E-01
    0.122471768E-01
    0.115345334E-01
    0.108542447E-01
    0.102054312E-01
    0.958720149E-02
    0.899865638E-02
    0.843889002E-02
    0.790699254E-02
    0.740205243E-02
    0.692315880E-02
    0.646940251E-02
    0.603987928E-02
    0.563369076E-02
    0.524994639E-02
    0.488776539E-02
    0.454627774E-02
    0.422462598E-02
    0.392196661E-02
    0.363747099E-02
    0.337032670E-02
    0.311973845E-02
    0.288492925E-02
    0.266514061E-02
    0.245963421E-02
    0.226769150E-02
    0.208861502E-02
    0.192172866E-02
    0.176637758E-02
    0.162192914E-02
    0.148777269E-02
    0.136331963E-02
    0.124800388E-02
    0.114128138E-02
    0.104263022E-02
    0.951550506E-03
    0.867564118E-03
    0.790214337E-03
    0.719065755E-03
    0.653703679E-03
    0.593733860E-03
    0.538782026E-03
    0.488493440E-03
    0.442532264E-03
    0.400581211E-03
    0.362340878E-03
    0.327529160E-03
    0.295880776E-03
    0.267146487E-03
    0.241092686E-03
    0.217500686E-03
    0.196165990E-03
    0.176897920E-03
    0.159518779E-03
    0.143863325E-03
    0.129778210E-03
    0.117121240E-03
    0.105760937E-03
    0.955758593E-04
    0.864540891E-04
    0.782926267E-04
    0.709969304E-04
    0.644803284E-04
    0.586635388E-04
    0.534741937E-04
    0.488463777E-04
    0.447201489E-04
    0.410411548E-04
    0.377601780E-04
    0.348328035E-04
    0.322189657E-04
    0.298826989E-04
    0.277917236E-04
    0.259171849E-04
    0.242333258E-04
    0.227172343E-04
    0.213485751E-04
    0.201093614E-04
    0.189837063E-04
    0.179576335E-04
    0.170188920E-04
    0.161567504E-04
    0.153618562E-04
    0.146260791E-04
    0.139423705E-04
    0.133046426E-04
    0.127076459E-04
    0.121468727E-04
    0.116184585E-04
    0.111191108E-04
    0.106460017E-04
    0.101967384E-04
    0.976928145E-05
    0.936188421E-05
    0.897307715E-05
    0.860158232E-05
    0.824631823E-05
    0.790635387E-05
    0.758085824E-05
    0.726912211E-05
    0.697050571E-05
    0.668442703E-05
    0.641036561E-05
    0.614782476E-05
    0.589634677E-05
    0.565548843E-05
    0.542483363E-05
    0.520396319E-05
    0.499248258E-05
    0.478999290E-05
    0.459610818E-05
    0.441044139E-05
    0.423261936E-05
    0.406226349E-05
    0.389901464E-05
    0.374250903E-05
    0.359240250E-05
    0.344834664E-05
    0.331001466E-05
    0.317708617E-05
    0.304926019E-05
    0.292623416E-05
    0.280773610E-05
    0.269349789E-05
    0.258327447E-05
    0.247683176E-05
    0.237394915E-05
    0.227442924E-05
    0.217808562E-05
    0.208474989E-05
    0.199426556E-05
    0.190649709E-05
    0.182131698E-05
    0.173861770E-05
    0.165829929E-05
    0.158027789E-05
    0.150448148E-05
    0.143084701E-05
    0.135932111E-05
    0.128986321E-05
    0.122243245E-05
    0.115700624E-05
    0.109356009E-05
    0.103207931E-05
    0.972550545E-06
    0.914966609E-06
    0.859322062E-06
    0.805616139E-06
    0.753845454E-06
    0.704009292E-06
    0.656109039E-06
    0.610143573E-06
    0.566110834E-06
    0.524008803E-06
    0.483832859E-06
    0.445575767E-06
    0.409229712E-06
    0.374781893E-06
    0.342217851E-06
    0.311521284E-06
    0.282668851E-06
    0.255637957E-06
    0.230400318E-06
    0.206924508E-06
    0.185177057E-06
    0.165119787E-06
    0.146711590E-06
    0.129908867E-06
    0.114663942E-06
    0.100927248E-06
    0.886464368E-07
    0.777658993E-07
    0.682284533E-07
    0.599750789E-07
    0.529445267E-07
    0.470738249E-07
    0.422991748E-07
    0.385554120E-07
    0.357764225E-07
    0.338963572E-07
    0.328477643E-07
    0.325643021E-07
    0.329794678E-07
    0.340270858E-07
    0.356418075E-07
    0.377596661E-07
    0.403167465E-07
    0.432527534E-07
    0.465066853E-07
    0.500206396E-07
    0.537380396E-07
    0.576058388E-07
    0.615722427E-07
    0.655885764E-07
    0.696078529E-07
    0.735873384E-07
    0.774869135E-07
    0.812686889E-07
    0.848983194E-07
    0.883449472E-07
    0.915805871E-07
    0.945805643E-07
    0.973247535E-07
    0.997932011E-07
    0.101972289E-06
    0.103850618E-06
    0.105419823E-06
    0.106674506E-06
    0.107613499E-06
    0.108235979E-06
    0.108548538E-06
    0.108555541E-06
    0.108266817E-06
    0.107694399E-06
    0.106852844E-06
    0.105758397E-06
    0.104429741E-06
    0.102886663E-06
    0.101151840E-06
    0.992493935E-07
    0.972041057E-07
    0.950414767E-07
    0.927898854E-07
    0.904763641E-07
    0.881300759E-07
    0.857811432E-07
    0.834564065E-07
    0.811863380E-07
    0.790002938E-07
    0.769262439E-07
    0.749935382E-07
    0.732288383E-07
    0.716577004E-07
    0.703082459E-07
    0.692032387E-07
    0.683655558E-07
    0.678184664E-07
    0.675802111E-07
    0.676705233E-07
    0.681057836E-07
    0.689017015E-07
    0.700687612E-07
    0.716207189E-07
    0.735653743E-07
    0.759093564E-07
    0.786575825E-07
    0.818129712E-07
    0.853753938E-07
    0.893445946E-07
    0.937157154E-07
    0.984830306E-07
    0.103639365E-06
    0.109174776E-06
    0.115079230E-06
    0.121336522E-06
    0.127933123E-06
    0.134851724E-06
    0.142075328E-06
    0.149582185E-06
    0.157352817E-06
    0.165362867E-06
    0.173590222E-06
    0.182010725E-06
    0.190599737E-06
    0.199326775E-06
    0.208170122E-06
    0.217100740E-06
    0.226090940E-06
    0.235112261E-06
    0.244138768E-06
    0.253139830E-06
    0.262090321E-06
    0.270962240E-06
    0.279727486E-06
    0.288359992E-06
    0.296834941E-06
    0.305126757E-06
    0.313209651E-06
    0.321062117E-06
    0.328659277E-06
    0.335983356E-06
    0.343009878E-06
    0.349723013E-06
    0.356102780E-06
    0.362134022E-06
    0.367802005E-06
    0.373093302E-06
    0.377991435E-06
    0.382491184E-06
    0.386579952E-06
    0.390250635E-06
    0.393495283E-06
    0.396311854E-06
    0.398692917E-06
    0.400639742E-06
    0.402150962E-06
    0.403225313E-06
    0.403865604E-06
    0.404076173E-06
    0.403860224E-06
    0.403223394E-06
    0.402174110E-06
    0.400716896E-06
    0.398865553E-06
    0.396625767E-06
    0.394010580E-06
    0.391031079E-06
    0.387699165E-06
    0.384029772E-06
    0.380035005E-06
    0.375728253E-06
    0.371127128E-06
    0.366244946E-06
    0.361097973E-06
    0.355701446E-06
    0.350073234E-06
    0.344226911E-06
    0.338181829E-06
    0.331953174E-06
    0.325556332E-06
    0.319008579E-06
    0.312326611E-06
    0.305525353E-06
    0.298621549E-06
    0.291630468E-06
    0.284565777E-06
    0.277445724E-06
    0.270281528E-06
    0.263089409E-06
    0.255881713E-06
    0.248671702E-06
    0.241472709E-06
    0.234295825E-06
    0.227152969E-06
    0.220055788E-06
    0.213013949E-06
    0.206038006E-06
    0.199136650E-06
    0.192319304E-06
    0.185592886E-06
    0.178966358E-06
    0.172445921E-06
    0.166037406E-06
    0.159747807E-06
    0.153581817E-06
    0.147544248E-06
    0.141639441E-06
    0.135871047E-06
    0.130241095E-06
    0.124754909E-06
    0.119411711E-06
    0.114215380E-06
    0.109165813E-06
    0.104264808E-06
    0.995123693E-07
    0.949088366E-07
    0.904539842E-07
    0.861472173E-07
    0.819873949E-07
    0.779740701E-07
    0.741047142E-07
    0.703784756E-07
    0.667925197E-07
    0.633458034E-07
    0.600347879E-07
    0.568578444E-07
    0.538118268E-07
    0.508941273E-07
    0.481014684E-07
    0.454313825E-07
    0.428797838E-07
    0.404441426E-07
    0.381212123E-07
    0.359070749E-07
    0.337988463E-07
    0.317928769E-07
    0.298858839E-07
    0.280744386E-07
    0.263551652E-07
    0.247248578E-07
    0.231795805E-07
    0.217166612E-07
    0.203325313E-07
    0.190239230E-07
    0.177877641E-07
    0.166209594E-07
    0.155205043E-07
    0.144833217E-07
    0.135066655E-07
    0.125876750E-07
    0.117233976E-07
    0.109114861E-07
    0.101491585E-07
    0.943386496E-08
    0.876337002E-08
    0.813534854E-08
    0.754726262E-08
    0.699740322E-08
    0.648330286E-08
    0.600326103E-08
    0.555508337E-08
    0.513725516E-08
    0.474776791E-08
    0.438497520E-08
    0.404743109E-08
    0.373353347E-08
    0.344175691E-08
    0.317087648E-08
    0.291945800E-08
    0.268636854E-08
    0.247030231E-08
    0.227031758E-08
    0.208514821E-08
    0.191393360E-08
    0.175573778E-08
    0.160964451E-08
    0.147476009E-08
    0.135048512E-08
    0.123584544E-08
    0.113032166E-08
    0.103319368E-08
    0.943852051E-09
    0.861718026E-09
    0.786265006E-09
    0.717026714E-09
    0.653487843E-09
    0.595214376E-09
    0.541875582E-09
    0.492999727E-09
    0.448301002E-09
    0.407411256E-09
    0.370044105E-09
    0.335913880E-09
    0.304765727E-09
    0.276352627E-09
    0.250436779E-09
    0.226827084E-09
    0.205351309E-09
    0.185781909E-09
    0.167998259E-09
    0.151848586E-09
    0.137149237E-09
    0.123833342E-09
    0.111742528E-09
    0.100775743E-09
    0.908381855E-10
    0.818379342E-10
    0.737026623E-10
    0.663362559E-10
    0.596808137E-10
    0.536698368E-10
    0.482384991E-10
    0.433425346E-10
    0.389181161E-10
    0.349330379E-10
    0.313446041E-10
    0.281151086E-10
    0.252065962E-10
    0.225917664E-10
    0.202448381E-10
    0.181378640E-10
    0.162400444E-10
    0.145425955E-10
    0.130186554E-10
    0.116462970E-10
    0.104266544E-10
    0.932499722E-11
    0.834435272E-11
    0.746338127E-11
    0.667836369E-11
    0.597588292E-11
    0.534757817E-11
    0.478568772E-11
    0.428292221E-11
    0.383527095E-11
    0.343573429E-11
    0.307657025E-11
    0.275800054E-11
    0.247337646E-11
    0.221946511E-11
    0.199107944E-11
    0.178914316E-11
    0.160745664E-11
    0.144570047E-11
    0.130031470E-11
    0.117190264E-11
    0.105565621E-11
    0.952018228E-12
    0.860055923E-12
    0.776085599E-12
    0.702788023E-12
    0.635572379E-12
    0.576119445E-12
    0.522334416E-12
    0.474087501E-12
    0.430260424E-12
    0.390678477E-12
    0.355838450E-12
    0.323587945E-12
    0.294597995E-12
    0.268710807E-12
    0.245163804E-12
    0.223889006E-12
    0.204153100E-12
    0.186895909E-12
    0.170533860E-12
    0.156116629E-12
    0.142893229E-12
    0.130814127E-12
    0.119670724E-12
    0.109686185E-12
    0.100257912E-12
    0.917565769E-13
    0.843595566E-13
    0.768202060E-13
    0.704601254E-13
    0.645147150E-13
    0.591722654E-13
    0.542491494E-13
    0.496455388E-13
    0.456445409E-13
    0.415620119E-13
    0.381223029E-13
    0.346201559E-13
    0.317147496E-13
    0.289409698E-13
    0.264119917E-13
    0.241048618E-13
    0.220039663E-13
    0.201528936E-13
    0.184123441E-13
    0.166365082E-13
    0.152326168E-13
    0.137879903E-13
    0.124931078E-13
    0.114455210E-13
    0.103748086E-13
    0.929868525E-14
    0.848449438E-14
    0.766680494E-14
    0.698454549E-14
    0.635787926E-14
    0.570999752E-14
    0.512636443E-14
    0.465052328E-14
    0.416625926E-14
    0.371891584E-14
    0.338284791E-14
    0.305847940E-14
    0.273836843E-14
    0.244118994E-14
    0.224386864E-14
    0.198286880E-14
    0.179217278E-14
    0.156982396E-14
    0.142381306E-14
    0.125315062E-14
    0.113352202E-14
    0.101589502E-14
    0.883025901E-15
    0.819531426E-15
    0.709389394E-15
    0.635335244E-15
    0.569398637E-15
    0.531023300E-15
    0.446475745E-15
    0.400529704E-15
    0.366516679E-15
    0.308580077E-15
    0.278689215E-15
    0.245206314E-15
    0.219323013E-15
    0.211916973E-15
    0.178214048E-15
    0.165591299E-15
    0.136465590E-15
    0.139470361E-15
    0.124385225E-15
    0.103256879E-15
    0.910778946E-16
    0.891546478E-16
    0.757998463E-16
    0.730318764E-16
    0.718156891E-16
    0.587429549E-16
    0.490309519E-16
    0.473246698E-16
    0.623460175E-16
    0.503005558E-16
    0.474422356E-16
    0.495660518E-16
    0.375906950E-16
    0.362245873E-16
    0.327266859E-16
    0.286887960E-16
    0.329095239E-16
    0.379448412E-16
    0.285791171E-16
    0.308863169E-16
    0.350135079E-16
    0.357696977E-16
    0.276280594E-16
    0.295004467E-16
    0.302151091E-16
    0.278819251E-16
    0.335974519E-16
    0.301949323E-16
    0.265625349E-16
    0.246976461E-16
    0.270443082E-16
    0.290443043E-16
    0.305928343E-16
    0.307101598E-16
    0.259265599E-16
    0.280121166E-16
    0.288524750E-16
    0.284783716E-16
    0.296626901E-16
    0.304682016E-16
    0.338637153E-16
    0.265037360E-16
    0.239783701E-16
    0.302114395E-16
    0.416803174E-16
    0.291031095E-16
    0.242676900E-16
    0.302453204E-16
    0.313371558E-16
    0.270771753E-16
    0.365207521E-16
    0.281852123E-16
    0.330602784E-16
    0.260368638E-16
    0.272360398E-16
    0.282558959E-16
    0.301572254E-16
    0.338231852E-16
    0.269488065E-16
    0.234600426E-16
    0.267899336E-16
    0.275945116E-16
    0.305236632E-16
    0.305914266E-16
    0.293537303E-16
    0.276348480E-16
    0.244865569E-16
    0.287885730E-16
    0.251479934E-16
    0.257678914E-16
    0.276661932E-16
    0.311061833E-16
    0.272889276E-16
    0.275976609E-16
    0.302091358E-16
    0.307167544E-16
    0.239869740E-16
    0.311821131E-16
    0.256201546E-16
    0.273823578E-16
    0.273779114E-16
    0.284578050E-16
    0.220988641E-16
    0.281613125E-16
    0.318088898E-16
    0.262280243E-16
    0.302134994E-16
    0.271320206E-16
    0.272231372E-16
    0.260689190E-16
    0.368371076E-16
    0.295163526E-16
    0.281848437E-16
    0.272669455E-16
    0.402435161E-16
    0.259704327E-16
    0.342330543E-16
    0.282883760E-16
    0.261573403E-16
    0.238570854E-16
    0.372324565E-16
    0.256632889E-16
    0.260142772E-16
    0.273253674E-16
    0.347960746E-16
    0.205782777E-16
    0.274161131E-16
    0.280337886E-16
    0.288584795E-16
    0.344138589E-16
    0.246769352E-16
    0.262159884E-16
    0.266046675E-16
    0.375820919E-16
    0.279393160E-16
    0.221843909E-16
    0.247546037E-16
    0.353022600E-16
    0.283768265E-16
    0.339427695E-16
    0.275731370E-16
    0.291611471E-16
    0.265960409E-16
    0.337088904E-16
    0.199003559E-16
    0.326947062E-16
    0.237709122E-16
    0.292266454E-16
    0.206577227E-16
    0.242908718E-16
    0.285671439E-16
    0.345630177E-16
    0.316969598E-16
    0.277179042E-16
    0.332316259E-16
    0.263235866E-16
    0.352794816E-16
    0.273047752E-16
    0.300780073E-16
    0.232146110E-16
    0.397708738E-16
    0.248176112E-16
    0.272744505E-16
    0.309359562E-16
    0.280783149E-16
    0.253658084E-16
    0.280030143E-16
    0.277960855E-16
    0.252228129E-16
    0.258504578E-16
    0.300421918E-16
    0.206461297E-16
    0.243512366E-16
    0.249952925E-16
    0.286287302E-16
    0.329619194E-16
    0.233457309E-16
    0.266285863E-16
    0.293656215E-16
    0.334728169E-16
    0.326182015E-16
    0.267491764E-16
    0.223552208E-16
    0.399858549E-16
    0.276115421E-16
    0.376110782E-16
    0.308124244E-16
    0.282805924E-16
    0.216885859E-16
    0.259737024E-16
    0.324938132E-16
    0.277410663E-16
    0.257904629E-16
    0.342351543E-16
    0.241572096E-16
    0.228940424E-16
    0.234122766E-16
    0.371210557E-16
    0.319406283E-16
    0.281142760E-16
    0.262292798E-16
    0.296295732E-16
    0.303593388E-16
    0.344161531E-16
    0.274608131E-16
    0.240271415E-16
    0.371198474E-16
    0.312387089E-16
    0.263219979E-16
    0.277330963E-16
    0.328971332E-16
    0.265641498E-16
    0.238452145E-16
    0.314497443E-16
    0.290265078E-16
    0.267666660E-16
    0.307208505E-16
    0.261228191E-16
    0.254758122E-16
    0.243106382E-16
    0.281303901E-16
    0.322581103E-16
    0.280937018E-16
    0.279710119E-16
    0.321097176E-16
    0.321452270E-16
    0.328949904E-16
    0.274255961E-16
    0.259820028E-16
    0.322320981E-16
    0.346918807E-16
    0.326395308E-16
    0.259540335E-16
    0.332823661E-16
    0.272810801E-16
    0.200217265E-16
    0.336738816E-16
    0.235136742E-16
    0.291340930E-16
    0.248635156E-16
    0.253276613E-16
    0.231855531E-16
    0.233040421E-16
    0.291578064E-16
    0.351066560E-16
    0.337873654E-16
    0.253516353E-16
    0.312463041E-16
    0.330277438E-16
    0.332060626E-16
    0.310345174E-16
    0.319898217E-16
    0.342239855E-16
    0.393219503E-16
    0.244950000E-16
    0.310198563E-16
    0.317528806E-16
    0.252345491E-16
    0.228544320E-16
    0.308652419E-16
    0.205694575E-16
    0.271885205E-16
    0.304530249E-16
    0.390472958E-16
    0.288495442E-16
    0.221446220E-16
    0.279781109E-16
    0.270968518E-16
    0.310252528E-16
    0.259503608E-16
    0.287809522E-16
    0.307483888E-16
    0.373842023E-16
    0.261197672E-16
    0.329817195E-16
    0.412801547E-16
    0.337723140E-16
    0.292026541E-16
    0.263970594E-16
    0.373111006E-16
    0.320270880E-16
    0.239852202E-16
    0.295294975E-16
    0.230338310E-16
    0.354001427E-16
    0.312707164E-16
    0.306379703E-16
    0.268768683E-16
    0.284664455E-16
    0.296055056E-16
    0.325052926E-16
    0.306139568E-16
    0.296057318E-16
    0.272921883E-16
    0.296575296E-16
    0.276820453E-16
    0.294328528E-16
    0.297952161E-16
    0.318220775E-16
    0.314423474E-16
    0.301740069E-16
    0.260030282E-16
    0.283704347E-16
    0.232047883E-16
    0.207404874E-16
    0.283134204E-16
    0.199811063E-16
    0.287613893E-16
    0.228294174E-16
    0.337171394E-16
    0.267040981E-16
    0.255544872E-16
    0.280580200E-16
    0.390430966E-16
    0.338731878E-16
    0.273121519E-16
    0.307060537E-16
    0.308153802E-16
    0.338308824E-16
    0.346272190E-16
    0.313383119E-16
    0.370717538E-16
    0.344679159E-16
    0.249651920E-16
    0.249096501E-16
    0.365594895E-16
    0.347026103E-16
    0.263757966E-16
    0.287298402E-16
    0.237917386E-16
    0.300648538E-16
    0.276223412E-16
    0.323742510E-16
    0.286465165E-16
    0.269225069E-16
    0.310559502E-16
    0.288094567E-16
    0.331972377E-16
    0.254773556E-16
    0.284459517E-16
    0.307602744E-16
    0.296470924E-16
    0.317526170E-16
    0.349787339E-16
    0.352169005E-16
    0.243741213E-16
    0.257054128E-16
    0.292422108E-16
    0.308534415E-16
    0.288436927E-16
    0.219294255E-16
    0.257089262E-16
    0.174082149E-16
    0.301264032E-16
    0.299798334E-16
    0.273623757E-16
    0.354260093E-16
    0.223204943E-16
    0.358157513E-16
    0.256788722E-16
    0.242123609E-16
    0.280260254E-16
    0.289201741E-16
    0.309526854E-16
    0.291500414E-16
    0.262925663E-16
    0.308969125E-16
    0.417903128E-16
    0.303829558E-16
    0.192167240E-16
    0.257887302E-16
    0.405439218E-16
    0.299341434E-16
    0.259761285E-16
    0.307902709E-16
    0.255352086E-16
    0.295197018E-16
    0.221821130E-16
    0.271909047E-16
    0.390980768E-16
    0.304175156E-16
    0.358670260E-16
    0.266251756E-16
    0.287740827E-16
    0.270484339E-16
    0.292719821E-16
    0.254324672E-16
    0.335256196E-16
    0.232041020E-16
    0.317815413E-16
    0.326538273E-16
    0.293720144E-16
    0.265900369E-16
    0.202812524E-16
    0.417656333E-16
    0.236232087E-16
    0.297276667E-16
    0.235237172E-16
    0.305825442E-16
    0.287871751E-16
    0.268930185E-16
    0.251155001E-16
    0.338030855E-16
    0.349613644E-16
    0.361289307E-16
    0.305258449E-16
    0.239104033E-16
    0.289280284E-16
    0.301087522E-16
    0.298073784E-16
    0.370956095E-16
    0.227077634E-16
    0.337375113E-16
    0.297827266E-16
    0.249103725E-16
    0.269244759E-16
    0.253065406E-16
    0.373766148E-16
    0.289398705E-16
    0.299138242E-16
    0.217018483E-16
    0.290945730E-16
    0.276580701E-16
    0.326688949E-16
    0.277664973E-16
    0.290000406E-16
    0.330499456E-16
    0.294217942E-16
    0.270933225E-16
    0.352280674E-16
    0.305130826E-16
    0.303328238E-16
    0.309049827E-16
    0.373977464E-16
    0.281273240E-16
    0.393225368E-16
    0.370796021E-16
    0.241631356E-16
    0.244093078E-16
    0.326416397E-16
    0.291061576E-16
    0.354425585E-16
    0.221771076E-16
    0.286587841E-16
    0.277595417E-16
    0.248644825E-16
    0.273655974E-16
    0.268722642E-16
    0.295503062E-16
    0.272880346E-16
    0.215456131E-16
    0.368932505E-16
    0.359128434E-16
    0.308889209E-16
    0.323202743E-16
    0.299590988E-16
    0.277725160E-16
    0.415028844E-16
    0.302384561E-16
    0.256584882E-16
    0.298242210E-16
    0.333853975E-16
    0.320600987E-16
    0.269450541E-16
    0.290841448E-16
    0.320627648E-16
    0.371439241E-16
    0.251859685E-16
    0.300992303E-16
    0.232748812E-16
    0.303901632E-16
    0.355811085E-16
    0.327885889E-16
    0.469493871E-16
    0.467157244E-16
    0.306489491E-16
    0.333568926E-16
    0.272461962E-16
    0.401640094E-16
    0.358322758E-16
    0.261115966E-16
    0.303364227E-16
    0.278857615E-16
    0.224635673E-16
    0.278684730E-16
    0.249068502E-16
    0.382404153E-16
    0.352316788E-16
    0.562157199E-16
    0.423009109E-16
    0.501439082E-16
    0.489775185E-16
    0.342947554E-16
    0.414520093E-16
    0.389370219E-16
    0.401355981E-16
    0.413168936E-16
    0.326565881E-16
    0.425621219E-16
    0.289314399E-16
    0.405350015E-16
    0.384221084E-16
    0.320996850E-16
    0.326407636E-16
    0.227928654E-16
    0.223399863E-16
    0.242196707E-16
    0.254503014E-16
    0.300585252E-16
    0.321076686E-16
    0.336982940E-16
    0.209774314E-16
    0.204710270E-16
    0.247474705E-16
    0.240081129E-16
    0.300728747E-16
    0.287904598E-16
    0.285138210E-16
    0.264786317E-16
    0.267867441E-16
    0.325227874E-16
    0.297624105E-16
    0.248827733E-16
    0.251461473E-16
    0.318793876E-16
    0.261954977E-16
    0.348120585E-16
    0.263565628E-16
    0.311812724E-16
    0.263753521E-16
    0.278676092E-16
    0.318742214E-16
    0.325232000E-16
    0.294341676E-16
    0.442934602E-16
    0.288940057E-16
    0.407048832E-16
    0.382666408E-16
    0.354537669E-16
    0.388082627E-16
    0.357920685E-16
    0.323225417E-16
    0.309305302E-16
    0.357302879E-16
    0.282148388E-16
    0.248888552E-16
    0.185807184E-16
    0.301019525E-16
    0.256175724E-16
