 #tdnd tdcion
    0.491241734E-16
    0.355586538E-16
    0.413195833E-16
    0.419314042E-16
    0.313512446E-16
    0.460676861E-16
    0.285357058E-16
    0.413014004E-16
    0.333476557E-16
    0.326365719E-16
    0.393384968E-16
    0.272190271E-16
    0.403637452E-16
    0.267811443E-16
    0.368821108E-16
    0.303802897E-16
    0.318079270E-16
    0.341008109E-16
    0.270962799E-16
    0.352226120E-16
    0.260933597E-16
    0.335571657E-16
    0.274719303E-16
    0.295738410E-16
    0.281164397E-16
    0.271097696E-16
    0.284404423E-16
    0.259610877E-16
    0.279366229E-16
    0.236584166E-16
    0.276815996E-16
    0.228719159E-16
    0.275055969E-16
    0.239511890E-16
    0.253829721E-16
    0.253893138E-16
    0.233412267E-16
    0.278431023E-16
    0.227402093E-16
    0.301403051E-16
    0.220744557E-16
    0.305907713E-16
    0.232345323E-16
    0.301404414E-16
    0.271542999E-16
    0.279715258E-16
    0.306815254E-16
    0.246016538E-16
    0.342762664E-16
    0.230994427E-16
    0.366355710E-16
    0.232689597E-16
    0.342798534E-16
    0.262928242E-16
    0.301983505E-16
    0.314262733E-16
    0.262560117E-16
    0.338222475E-16
    0.232761344E-16
    0.346947733E-16
    0.236753341E-16
    0.333915789E-16
    0.259877336E-16
    0.282741519E-16
    0.302252953E-16
    0.241768345E-16
    0.336065869E-16
    0.219914660E-16
    0.331613520E-16
    0.221095763E-16
    0.318186288E-16
    0.246965429E-16
    0.284602084E-16
    0.275947298E-16
    0.246201861E-16
    0.305334298E-16
    0.233849754E-16
    0.311134762E-16
    0.233844364E-16
    0.299789345E-16
    0.253673632E-16
    0.286867126E-16
    0.279421594E-16
    0.266373770E-16
    0.297100093E-16
    0.262500227E-16
    0.308740925E-16
    0.273160357E-16
    0.300570265E-16
    0.289311197E-16
    0.286903653E-16
    0.317109200E-16
    0.273050056E-16
    0.336270763E-16
    0.255370577E-16
    0.347476399E-16
    0.252834890E-16
    0.349270449E-16
    0.257850987E-16
    0.331523172E-16
    0.266017173E-16
    0.313321718E-16
    0.282938729E-16
    0.287070268E-16
    0.299519049E-16
    0.254346989E-16
    0.312127035E-16
    0.238787612E-16
    0.314997242E-16
    0.225003610E-16
    0.313526567E-16
    0.215416947E-16
    0.305097715E-16
    0.226725437E-16
    0.279945824E-16
    0.240395311E-16
    0.262015876E-16
    0.249176339E-16
    0.246560761E-16
    0.263765167E-16
    0.223612071E-16
    0.276590827E-16
    0.217409299E-16
    0.272604007E-16
    0.215572729E-16
    0.270631865E-16
    0.209900570E-16
    0.273997080E-16
    0.208750574E-16
    0.260876775E-16
    0.210592180E-16
    0.256480530E-16
    0.211605809E-16
    0.253434838E-16
    0.207634744E-16
    0.236913131E-16
    0.220546919E-16
    0.226054413E-16
    0.232003100E-16
    0.206221359E-16
    0.238431714E-16
    0.190007076E-16
    0.262811121E-16
    0.174490460E-16
    0.270083230E-16
    0.161392325E-16
    0.272551152E-16
    0.171032442E-16
    0.273980613E-16
    0.175274634E-16
    0.256565223E-16
    0.194109383E-16
    0.242814438E-16
    0.224493493E-16
    0.222162889E-16
    0.236344478E-16
    0.208644182E-16
    0.254985799E-16
    0.207720188E-16
    0.261648867E-16
    0.203804887E-16
    0.251856700E-16
    0.223202741E-16
    0.243690924E-16
    0.238656322E-16
    0.226580018E-16
    0.247958751E-16
    0.215102013E-16
    0.268006297E-16
    0.204986836E-16
    0.263688680E-16
    0.205479749E-16
    0.256073812E-16
    0.214859375E-16
    0.245208721E-16
    0.221271394E-16
    0.219479383E-16
    0.241660686E-16
    0.199664415E-16
    0.251447803E-16
    0.182954081E-16
    0.256695213E-16
    0.171514343E-16
    0.260829199E-16
    0.171836283E-16
    0.247056561E-16
    0.183905340E-16
    0.232707877E-16
    0.200843011E-16
    0.212593132E-16
    0.224466989E-16
    0.190273136E-16
    0.247045315E-16
    0.176094727E-16
    0.261829942E-16
    0.166743317E-16
    0.272146027E-16
    0.167672788E-16
    0.268985797E-16
    0.178275140E-16
    0.260307105E-16
    0.193716511E-16
    0.245854814E-16
    0.214963801E-16
    0.227560342E-16
    0.236043146E-16
    0.214187463E-16
    0.254439315E-16
    0.202454550E-16
    0.271631951E-16
    0.198124093E-16
    0.280891104E-16
    0.202361501E-16
    0.288014739E-16
    0.211717173E-16
    0.287795503E-16
    0.230122249E-16
    0.283402595E-16
    0.253963698E-16
    0.274816268E-16
    0.278898458E-16
    0.262522189E-16
    0.307863546E-16
    0.251256705E-16
    0.328290168E-16
    0.239234823E-16
    0.344979008E-16
    0.235216610E-16
    0.348950068E-16
    0.232009076E-16
    0.342611154E-16
    0.237575571E-16
    0.328328844E-16
    0.243269317E-16
    0.305801057E-16
    0.247854803E-16
    0.287498099E-16
    0.251301617E-16
    0.267567090E-16
    0.244522852E-16
    0.261367899E-16
    0.235590185E-16
    0.258739800E-16
    0.220100744E-16
    0.265848706E-16
    0.203510460E-16
    0.279996147E-16
    0.191371749E-16
    0.289557919E-16
    0.182544095E-16
    0.307343889E-16
    0.183004574E-16
    0.310841675E-16
    0.191386657E-16
    0.317889157E-16
    0.205464529E-16
    0.314463437E-16
    0.226186850E-16
    0.304811465E-16
    0.249612331E-16
    0.295896037E-16
    0.270065268E-16
    0.274110959E-16
    0.296337300E-16
    0.260370201E-16
    0.307315412E-16
    0.236894805E-16
    0.328136673E-16
    0.220824154E-16
    0.329962709E-16
    0.204684682E-16
    0.336741612E-16
    0.194034629E-16
    0.335298792E-16
    0.188693027E-16
    0.323960944E-16
    0.194810355E-16
    0.320009177E-16
    0.201311710E-16
    0.294337766E-16
    0.229545595E-16
    0.283339224E-16
    0.248190119E-16
    0.253869725E-16
    0.288308750E-16
    0.238047205E-16
    0.313008171E-16
    0.218659303E-16
    0.341771804E-16
    0.211102676E-16
    0.360492875E-16
    0.210295671E-16
    0.359947422E-16
    0.223187221E-16
    0.363898616E-16
    0.236123409E-16
    0.339223961E-16
    0.265544527E-16
    0.329649018E-16
    0.280166608E-16
    0.302249938E-16
    0.307665096E-16
    0.289505375E-16
    0.317012048E-16
    0.273373567E-16
    0.329280240E-16
    0.267520999E-16
    0.335335748E-16
    0.259425532E-16
    0.337205052E-16
    0.261366941E-16
    0.345471046E-16
    0.252931918E-16
    0.350255210E-16
    0.256847113E-16
    0.362856358E-16
    0.248998660E-16
    0.373417960E-16
    0.252857064E-16
    0.386854723E-16
    0.253798228E-16
    0.392378194E-16
    0.263453816E-16
    0.399054786E-16
    0.277589054E-16
    0.389296602E-16
    0.298017058E-16
    0.382856620E-16
    0.321636652E-16
    0.358216521E-16
    0.348296223E-16
    0.340395298E-16
    0.370932764E-16
    0.310808265E-16
    0.391796677E-16
    0.291115618E-16
    0.400509075E-16
    0.271366800E-16
    0.402768867E-16
    0.260211579E-16
    0.390681710E-16
    0.260264197E-16
    0.369190833E-16
    0.262419318E-16
    0.340892965E-16
    0.277583723E-16
    0.306247552E-16
    0.286655189E-16
    0.275202007E-16
    0.301526326E-16
    0.247937816E-16
    0.302577170E-16
    0.228374718E-16
    0.304852955E-16
    0.220366352E-16
    0.289751402E-16
    0.215933608E-16
    0.279858017E-16
    0.221124230E-16
    0.257351932E-16
    0.221415457E-16
    0.246741178E-16
    0.225544670E-16
    0.232349274E-16
    0.219171434E-16
    0.230803325E-16
    0.216381046E-16
    0.230006136E-16
    0.205723797E-16
    0.234175123E-16
    0.204844035E-16
    0.238914183E-16
    0.202911780E-16
    0.237663651E-16
    0.216089297E-16
    0.238043842E-16
    0.230191276E-16
    0.227537638E-16
    0.257116387E-16
    0.224397519E-16
    0.278321041E-16
    0.213451882E-16
    0.305282896E-16
    0.215746282E-16
    0.316346359E-16
    0.216781917E-16
    0.327693695E-16
    0.229312665E-16
    0.320580649E-16
    0.244295874E-16
    0.311051085E-16
    0.262422742E-16
    0.291414080E-16
    0.280638117E-16
    0.269612427E-16
    0.293449330E-16
    0.249365371E-16
    0.302662653E-16
    0.228057321E-16
    0.301248269E-16
    0.218150489E-16
    0.295783542E-16
    0.205199438E-16
    0.280251970E-16
    0.209032660E-16
    0.262744846E-16
    0.206338322E-16
    0.240962769E-16
    0.218841509E-16
    0.220867979E-16
    0.222500674E-16
    0.203146177E-16
    0.236625828E-16
    0.190057675E-16
    0.240474820E-16
    0.183730342E-16
    0.251842568E-16
    0.181636253E-16
    0.253615071E-16
    0.186621799E-16
    0.260619932E-16
    0.194741412E-16
    0.261106399E-16
    0.205451557E-16
    0.263825660E-16
    0.220273179E-16
    0.262927865E-16
    0.231113583E-16
    0.261634316E-16
    0.247406440E-16
    0.258552709E-16
    0.254488158E-16
    0.253598084E-16
    0.267977721E-16
    0.247036576E-16
    0.270810396E-16
    0.238491382E-16
    0.281077169E-16
    0.227334415E-16
    0.282787446E-16
    0.215785113E-16
    0.292060473E-16
    0.202359290E-16
    0.294203191E-16
    0.193206912E-16
    0.301129809E-16
    0.185517366E-16
    0.301192598E-16
    0.186486835E-16
    0.301291805E-16
    0.192661882E-16
    0.297314526E-16
    0.205236823E-16
    0.290653476E-16
    0.224232437E-16
    0.285729929E-16
    0.241962712E-16
    0.277130109E-16
    0.266015557E-16
    0.273764422E-16
    0.281721042E-16
    0.267505458E-16
    0.303952540E-16
    0.262483372E-16
    0.315527573E-16
    0.258505038E-16
    0.330793040E-16
    0.251314616E-16
    0.335682619E-16
    0.247030733E-16
    0.341436641E-16
    0.242087201E-16
    0.333953332E-16
    0.238952823E-16
    0.329702648E-16
    0.237173514E-16
    0.311077665E-16
    0.238516665E-16
    0.296704685E-16
    0.239704964E-16
    0.274922124E-16
    0.244662407E-16
    0.254947525E-16
    0.251505660E-16
    0.233965129E-16
    0.259349376E-16
    0.218193831E-16
    0.269621887E-16
    0.201450170E-16
    0.281013582E-16
    0.198191711E-16
    0.285265349E-16
    0.195411370E-16
    0.295113942E-16
    0.208304880E-16
    0.286414764E-16
    0.225327755E-16
    0.287418997E-16
    0.252425205E-16
    0.268085078E-16
    0.280119324E-16
    0.262462034E-16
    0.311548519E-16
    0.240729149E-16
    0.332909268E-16
    0.239928428E-16
    0.353487882E-16
    0.223752787E-16
    0.358563790E-16
    0.236263826E-16
    0.357410288E-16
    0.231117457E-16
    0.347151554E-16
    0.255719996E-16
    0.325738017E-16
    0.263087676E-16
    0.307521296E-16
    0.292565856E-16
    0.277349585E-16
    0.308477372E-16
    0.261810532E-16
    0.333852973E-16
    0.235922139E-16
    0.351784917E-16
    0.231180119E-16
    0.365868219E-16
    0.217475889E-16
    0.381275289E-16
    0.222583306E-16
    0.382757018E-16
    0.220984794E-16
    0.393981354E-16
    0.228649261E-16
    0.386076291E-16
    0.234064932E-16
    0.390670120E-16
    0.239897866E-16
    0.376666934E-16
    0.247737700E-16
    0.369181506E-16
    0.253625416E-16
    0.352433287E-16
    0.260211326E-16
    0.330898977E-16
    0.268936180E-16
    0.315363411E-16
    0.270510041E-16
    0.288434872E-16
    0.281131501E-16
    0.275165450E-16
    0.278276716E-16
    0.255965616E-16
    0.288236184E-16
    0.242652279E-16
    0.288192250E-16
    0.236655439E-16
    0.294639507E-16
    0.226712543E-16
    0.302781882E-16
    0.228386406E-16
    0.303511270E-16
    0.235051493E-16
    0.312268679E-16
    0.238476324E-16
    0.309835324E-16
    0.265171951E-16
    0.310309582E-16
    0.273152491E-16
    0.306838817E-16
    0.302807198E-16
    0.309027730E-16
    0.313688831E-16
    0.305184404E-16
    0.328992147E-16
    0.323702089E-16
    0.332363783E-16
    0.324947660E-16
    0.327820445E-16
    0.358977599E-16
    0.322195406E-16
    0.365056794E-16
    0.305361190E-16
    0.400068635E-16
    0.299130060E-16
    0.404726195E-16
    0.287360517E-16
    0.415917114E-16
    0.290928177E-16
    0.420619613E-16
    0.289845945E-16
    0.395050154E-16
    0.309769214E-16
    0.398654480E-16
    0.309310565E-16
    0.359786266E-16
    0.332958990E-16
    0.351354076E-16
    0.331508284E-16
    0.331361450E-16
    0.333086296E-16
    0.312332137E-16
    0.337370323E-16
    0.309462654E-16
    0.316037660E-16
    0.297377837E-16
    0.317251617E-16
    0.293002178E-16
    0.303673611E-16
    0.288781472E-16
    0.292258250E-16
    0.284934444E-16
    0.297483152E-16
    0.275128680E-16
    0.292315862E-16
    0.274309986E-16
    0.295700612E-16
    0.268642111E-16
    0.307076801E-16
    0.259616426E-16
    0.306810672E-16
    0.267097334E-16
    0.311286070E-16
    0.260572543E-16
    0.314686195E-16
    0.261357084E-16
    0.308709901E-16
    0.270018674E-16
    0.298199519E-16
    0.263417183E-16
    0.297442237E-16
    0.264656068E-16
    0.274158885E-16
    0.269505525E-16
    0.265761942E-16
    0.255657098E-16
    0.256063848E-16
    0.258439032E-16
    0.235061686E-16
    0.253713979E-16
    0.233677522E-16
    0.241166188E-16
    0.225584003E-16
    0.244613433E-16
    0.216014868E-16
    0.237116243E-16
    0.220823263E-16
    0.235703911E-16
    0.213824533E-16
    0.239596427E-16
    0.210940277E-16
    0.244864852E-16
    0.209958389E-16
    0.247819899E-16
    0.203264399E-16
    0.260307104E-16
    0.199484875E-16
    0.265639362E-16
    0.197616557E-16
    0.268353088E-16
    0.198300591E-16
    0.274305333E-16
    0.202220259E-16
    0.267996388E-16
    0.210916107E-16
    0.261703535E-16
    0.227185381E-16
    0.252620402E-16
    0.237368848E-16
    0.238659987E-16
    0.256272306E-16
    0.230038782E-16
    0.267193540E-16
    0.220564806E-16
    0.268640383E-16
    0.223429480E-16
    0.268252411E-16
    0.228585114E-16
    0.252390572E-16
    0.242302111E-16
    0.231423350E-16
    0.264145505E-16
    0.207983168E-16
    0.279227543E-16
    0.184397108E-16
    0.293550955E-16
    0.171113946E-16
    0.299824498E-16
    0.165490846E-16
    0.289157711E-16
    0.177995969E-16
    0.270963402E-16
    0.200007018E-16
    0.244607187E-16
    0.226389376E-16
    0.212832828E-16
    0.260683797E-16
    0.185515248E-16
    0.283517629E-16
    0.167882489E-16
    0.294295354E-16
    0.161220183E-16
    0.298765832E-16
    0.163310669E-16
    0.281667412E-16
    0.180080403E-16
    0.257854354E-16
    0.197797590E-16
    0.232875830E-16
    0.212195335E-16
    0.202123988E-16
    0.229225756E-16
    0.180880696E-16
    0.233335934E-16
    0.166736963E-16
    0.229322269E-16
    0.160114878E-16
    0.227771241E-16
    0.161801353E-16
    0.215311766E-16
    0.169516197E-16
    0.207059386E-16
    0.180597180E-16
    0.206071279E-16
    0.194577151E-16
    0.201975534E-16
    0.204052823E-16
    0.211510277E-16
    0.220285538E-16
    0.222110292E-16
    0.226284170E-16
    0.236238818E-16
    0.232578790E-16
    0.258848203E-16
    0.240178349E-16
    0.276712983E-16
    0.237696812E-16
    0.296006491E-16
    0.239274583E-16
    0.320239016E-16
    0.240643290E-16
    0.325934937E-16
    0.241152595E-16
    0.338868568E-16
    0.248842534E-16
    0.342448443E-16
    0.257333157E-16
    0.332430746E-16
    0.272197852E-16
    0.331309323E-16
    0.286639277E-16
    0.325278955E-16
    0.295344296E-16
    0.318929013E-16
    0.310068795E-16
    0.325115208E-16
    0.311217439E-16
    0.331950774E-16
    0.310463507E-16
    0.340751823E-16
    0.319038617E-16
    0.348414468E-16
    0.318751275E-16
    0.354246014E-16
    0.323988806E-16
    0.353606964E-16
    0.341169954E-16
    0.343945796E-16
    0.347262123E-16
    0.339081059E-16
    0.350954585E-16
    0.333222963E-16
    0.355620901E-16
    0.323222874E-16
    0.342518101E-16
    0.327129837E-16
    0.320206786E-16
    0.333196786E-16
    0.298346580E-16
    0.332302887E-16
    0.267370883E-16
    0.339426919E-16
    0.237987043E-16
    0.343953691E-16
    0.216641474E-16
    0.333244419E-16
    0.201472839E-16
    0.326239973E-16
    0.194573047E-16
    0.315988592E-16
    0.195924071E-16
    0.295282545E-16
    0.203159104E-16
    0.283724377E-16
    0.216263189E-16
    0.273347962E-16
    0.227319846E-16
    0.262913472E-16
    0.241452533E-16
    0.262201706E-16
    0.258311574E-16
    0.258953692E-16
    0.272997376E-16
    0.255215963E-16
    0.292371656E-16
    0.253831030E-16
    0.314479401E-16
    0.243651353E-16
    0.335856658E-16
    0.234847642E-16
    0.354830037E-16
    0.232414613E-16
    0.366154487E-16
    0.227250122E-16
    0.369925461E-16
    0.233883091E-16
    0.362322882E-16
    0.251153966E-16
    0.341106294E-16
    0.267776992E-16
    0.321832099E-16
    0.286295476E-16
    0.301062572E-16
    0.305810829E-16
    0.279905008E-16
    0.311149115E-16
    0.274521115E-16
    0.308075563E-16
    0.281092905E-16
    0.297269893E-16
    0.283703883E-16
    0.281765214E-16
    0.295509508E-16
    0.263168313E-16
    0.310879070E-16
    0.248586753E-16
    0.309554363E-16
    0.240672470E-16
    0.302637812E-16
    0.242218360E-16
    0.297956021E-16
    0.242430631E-16
    0.280845361E-16
    0.247105092E-16
    0.262146945E-16
    0.257424904E-16
    0.252290632E-16
    0.258166515E-16
    0.243261193E-16
    0.254264642E-16
    0.236710542E-16
    0.258410660E-16
    0.235944940E-16
    0.256240027E-16
    0.234390139E-16
    0.251258203E-16
    0.235780333E-16
    0.257655705E-16
    0.233399107E-16
    0.263579761E-16
    0.228529221E-16
    0.266885706E-16
    0.229919954E-16
    0.275248782E-16
    0.231112575E-16
    0.279225132E-16
    0.230469820E-16
    0.278220522E-16
    0.242491994E-16
    0.275732707E-16
    0.256786624E-16
    0.266853014E-16
    0.266176640E-16
    0.256651303E-16
    0.283302363E-16
    0.249685288E-16
    0.298572278E-16
    0.240270445E-16
    0.302769568E-16
    0.235932416E-16
    0.306040050E-16
    0.240056556E-16
    0.308331327E-16
    0.244058892E-16
    0.299271120E-16
    0.252193078E-16
    0.289703057E-16
    0.268745535E-16
    0.281835868E-16
    0.285559222E-16
    0.270628611E-16
    0.302048820E-16
    0.257982483E-16
    0.324430693E-16
    0.251694019E-16
    0.345045046E-16
    0.247143390E-16
    0.359806928E-16
    0.245572556E-16
    0.370808526E-16
    0.251995673E-16
    0.375838449E-16
    0.267957866E-16
    0.367541102E-16
    0.289079950E-16
    0.350354440E-16
    0.316127854E-16
    0.328177240E-16
    0.349118123E-16
    0.298759905E-16
    0.382938098E-16
    0.265334636E-16
    0.412886031E-16
    0.237721640E-16
    0.436455821E-16
    0.218510992E-16
    0.450299069E-16
    0.205370788E-16
    0.453227478E-16
    0.204229256E-16
    0.444288767E-16
    0.216019733E-16
    0.423240885E-16
    0.236112501E-16
    0.393436853E-16
    0.259528311E-16
    0.362544386E-16
    0.283282977E-16
    0.331257200E-16
    0.300742285E-16
    0.303921206E-16
    0.309720223E-16
    0.285957216E-16
    0.308907223E-16
    0.277764757E-16
    0.296155170E-16
    0.274171168E-16
    0.277609099E-16
    0.275101904E-16
    0.261904969E-16
    0.277307351E-16
    0.250079176E-16
    0.273065135E-16
    0.243846481E-16
    0.265212617E-16
    0.249386086E-16
    0.255851445E-16
    0.266174559E-16
    0.244049235E-16
    0.284106329E-16
    0.230302078E-16
    0.305420602E-16
    0.226533525E-16
    0.323716247E-16
    0.234312749E-16
    0.334222413E-16
    0.250831100E-16
    0.331983779E-16
    0.277886027E-16
    0.328606281E-16
    0.313750636E-16
    0.317154043E-16
    0.355277421E-16
    0.297922706E-16
    0.397335832E-16
    0.275377505E-16
    0.438649298E-16
    0.259776749E-16
    0.467485511E-16
    0.249668705E-16
    0.483240438E-16
    0.247480470E-16
    0.487178653E-16
    0.255734724E-16
    0.478547558E-16
    0.273836606E-16
    0.453768004E-16
    0.296970363E-16
    0.421263871E-16
    0.320946525E-16
    0.389055028E-16
    0.338973647E-16
    0.357999249E-16
    0.350158918E-16
    0.325984765E-16
    0.357558280E-16
    0.297662331E-16
    0.363227409E-16
    0.275000646E-16
    0.364276175E-16
    0.258699065E-16
    0.360346331E-16
    0.247677859E-16
    0.353344301E-16
    0.246358420E-16
    0.341895482E-16
    0.254722697E-16
    0.323428694E-16
    0.271873201E-16
    0.297272207E-16
    0.291213472E-16
    0.270381976E-16
    0.311453382E-16
    0.247224035E-16
    0.328026955E-16
    0.230662592E-16
    0.338843848E-16
    0.220188373E-16
    0.339096781E-16
    0.221755810E-16
    0.332001341E-16
    0.237055732E-16
    0.316360359E-16
    0.265441123E-16
    0.292214814E-16
    0.300440199E-16
    0.258470365E-16
    0.340670947E-16
    0.223512818E-16
    0.378320775E-16
    0.196070939E-16
    0.401861117E-16
    0.187580531E-16
    0.396771738E-16
    0.204772004E-16
    0.365915753E-16
    0.248084514E-16
    0.321552884E-16
    0.303998208E-16
    0.280756425E-16
    0.353153300E-16
    0.252424770E-16
    0.384925326E-16
    0.239612188E-16
    0.407552237E-16
    0.234898915E-16
    0.432017788E-16
    0.228260546E-16
    0.460853661E-16
    0.218059624E-16
    0.481874207E-16
    0.221425788E-16
    0.479448236E-16
    0.258129906E-16
    0.438167928E-16
    0.324086336E-16
    0.366534650E-16
    0.384982700E-16
    0.294204728E-16
    0.407138449E-16
    0.262679660E-16
    0.381607031E-16
    0.280998058E-16
    0.342925162E-16
    0.317903827E-16
    0.336688819E-16
    0.334328770E-16
    0.385764601E-16
    0.323820652E-16
    0.457875034E-16
    0.314738023E-16
    0.491498335E-16
    0.333440578E-16
    0.450807489E-16
    0.373749094E-16
    0.374027056E-16
    0.406871688E-16
    0.337953519E-16
    0.420859103E-16
    0.398603227E-16
    0.434596042E-16
    0.540704386E-16
    0.489983101E-16
    0.699661787E-16
    0.599162497E-16
    0.818594774E-16
    0.728374619E-16
    0.880552198E-16
    0.828094393E-16
    0.908974473E-16
    0.883282183E-16
    0.951879705E-16
    0.934162051E-16
    0.104987805E-15
    0.105269953E-15
    0.122118157E-15
    0.127714027E-15
    0.146003572E-15
    0.159476229E-15
    0.172986473E-15
    0.196344049E-15
    0.199851930E-15
    0.233065794E-15
    0.228023137E-15
    0.266430255E-15
    0.263610931E-15
    0.298056526E-15
    0.314204329E-15
    0.334687903E-15
    0.382390751E-15
    0.388897603E-15
    0.459559702E-15
    0.473066114E-15
    0.535634706E-15
    0.585075472E-15
    0.614054083E-15
    0.708979575E-15
    0.713544550E-15
    0.828881603E-15
    0.859752255E-15
    0.948133625E-15
    0.106036179E-14
    0.110381782E-14
    0.129541542E-14
    0.133963398E-14
    0.154620598E-14
    0.166416355E-14
    0.182074922E-14
    0.204464857E-14
    0.215300508E-14
    0.243838993E-14
    0.257914737E-14
    0.284986580E-14
    0.310290977E-14
    0.335536506E-14
    0.371808081E-14
    0.404098412E-14
    0.446281314E-14
    0.494291567E-14
    0.541831401E-14
    0.604762426E-14
    0.665912754E-14
    0.734635389E-14
    0.818627843E-14
    0.890115528E-14
    0.993603244E-14
    0.108111671E-13
    0.119100942E-13
    0.131328869E-13
    0.142618734E-13
    0.158976768E-13
    0.172546907E-13
    0.192078587E-13
    0.211338400E-13
    0.233351897E-13
    0.260312170E-13
    0.286599337E-13
    0.320607671E-13
    0.354593619E-13
    0.394602692E-13
    0.438520017E-13
    0.485838630E-13
    0.539874530E-13
    0.598326432E-13
    0.663341218E-13
    0.736654746E-13
    0.818050519E-13
    0.908726934E-13
    0.101545155E-12
    0.112903503E-12
    0.126802668E-12
    0.141743457E-12
    0.159220149E-12
    0.179516089E-12
    0.201285398E-12
    0.228414420E-12
    0.256630115E-12
    0.291448091E-12
    0.329975606E-12
    0.373971827E-12
    0.427278334E-12
    0.484851391E-12
    0.557133195E-12
    0.636666077E-12
    0.733109279E-12
    0.846087906E-12
    0.976077324E-12
    0.113571347E-11
    0.131632062E-11
    0.153842209E-11
    0.179592675E-11
    0.210415709E-11
    0.247398684E-11
    0.290758440E-11
    0.343681706E-11
    0.405765049E-11
    0.481286971E-11
    0.571192160E-11
    0.679310955E-11
    0.809865415E-11
    0.965841213E-11
    0.115516724E-10
    0.138174067E-10
    0.165615755E-10
    0.198637188E-10
    0.238471271E-10
    0.286615024E-10
    0.344570682E-10
    0.414697300E-10
    0.499152465E-10
    0.601221224E-10
    0.724300962E-10
    0.872818720E-10
    0.105201041E-09
    0.126803545E-09
    0.152858064E-09
    0.184253319E-09
    0.222086978E-09
    0.267651649E-09
    0.322514992E-09
    0.388530848E-09
    0.467957887E-09
    0.563428496E-09
    0.678183611E-09
    0.815980031E-09
    0.981398820E-09
    0.117985234E-08
    0.141773844E-08
    0.170285008E-08
    0.204413752E-08
    0.245266237E-08
    0.294109574E-08
    0.352486279E-08
    0.422205826E-08
    0.505397839E-08
    0.604637454E-08
    0.722873269E-08
    0.863716173E-08
    0.103129151E-07
    0.123058193E-07
    0.146739298E-07
    0.174854489E-07
    0.208217306E-07
    0.247762765E-07
    0.294617095E-07
    0.350070842E-07
    0.415662967E-07
    0.493180707E-07
    0.584712606E-07
    0.692723361E-07
    0.820047109E-07
    0.970051085E-07
    0.114659262E-06
    0.135422686E-06
    0.159820869E-06
    0.188466268E-06
    0.222072073E-06
    0.261460217E-06
    0.307591948E-06
    0.361570168E-06
    0.424681153E-06
    0.498403094E-06
    0.584448072E-06
    0.684790304E-06
    0.801701354E-06
    0.937804482E-06
    0.109610636E-05
    0.128007445E-05
    0.149367709E-05
    0.174147720E-05
    0.202869267E-05
    0.236130552E-05
    0.274614772E-05
    0.319103325E-05
    0.370487065E-05
    0.429782689E-05
    0.498147407E-05
    0.576898496E-05
    0.667533590E-05
    0.771752340E-05
    0.891485233E-05
    0.102891692E-04
    0.118652503E-04
    0.136710760E-04
    0.157383015E-04
    0.181026346E-04
    0.208043425E-04
    0.238888166E-04
    0.274070731E-04
    0.314165658E-04
    0.359816882E-04
    0.411748320E-04
    0.470769788E-04
    0.537789314E-04
    0.613821402E-04
    0.700000130E-04
    0.797591163E-04
    0.908005160E-04
    0.103281420E-03
    0.117376606E-03
    0.133280469E-03
    0.151208688E-03
    0.171400586E-03
    0.194121205E-03
    0.219663910E-03
    0.248352999E-03
    0.280546562E-03
    0.316639648E-03
    0.357067494E-03
    0.402309193E-03
    0.452891465E-03
    0.509392757E-03
    0.572447673E-03
    0.642751536E-03
    0.721065487E-03
    0.808221612E-03
    0.905128671E-03
    0.101277792E-02
    0.113224939E-02
    0.126471853E-02
    0.141146303E-02
    0.157387021E-02
    0.175344456E-02
    0.195181570E-02
    0.217074684E-02
    0.241214302E-02
    0.267806072E-02
    0.297071613E-02
    0.329249605E-02
    0.364596596E-02
    0.403388218E-02
    0.445919972E-02
    0.492508538E-02
    0.543492559E-02
    0.599233982E-02
    0.660118875E-02
    0.726558732E-02
    0.798991346E-02
    0.877882011E-02
    0.963724458E-02
    0.105704191E-01
    0.115838806E-01
    0.126834792E-01
    0.138753883E-01
    0.151661108E-01
    0.165624887E-01
    0.180717068E-01
    0.197013010E-01
    0.214591603E-01
    0.233535313E-01
    0.253930198E-01
    0.275865902E-01
    0.299435659E-01
    0.324736238E-01
    0.351867923E-01
    0.380934407E-01
    0.412042743E-01
    0.445303183E-01
    0.480829081E-01
    0.518736697E-01
    0.559145026E-01
    0.602175571E-01
    0.647952090E-01
    0.696600339E-01
    0.748247732E-01
    0.803023044E-01
    0.861055989E-01
    0.922476877E-01
    0.987416122E-01
    0.105600382E+00
    0.112836923E+00
    0.120464023E+00
    0.128494281E+00
    0.136940040E+00
    0.145813334E+00
    0.155125816E+00
    0.164888695E+00
    0.175112666E+00
    0.185807837E+00
    0.196983657E+00
    0.208648839E+00
    0.220811287E+00
    0.233478015E+00
    0.246655075E+00
    0.260347467E+00
    0.274559078E+00
    0.289292590E+00
    0.304549416E+00
    0.320329614E+00
    0.336631826E+00
    0.353453198E+00
    0.370789327E+00
    0.388634180E+00
    0.406980055E+00
    0.425817507E+00
    0.445135322E+00
    0.464920448E+00
    0.485157988E+00
    0.505831136E+00
    0.526921190E+00
    0.548407501E+00
    0.570267505E+00
    0.592476679E+00
    0.615008599E+00
    0.637834915E+00
    0.660925418E+00
    0.684248047E+00
    0.707768957E+00
    0.731452569E+00
    0.755261633E+00
    0.779157323E+00
    0.803099293E+00
    0.827045818E+00
    0.850953844E+00
    0.874779170E+00
    0.898476498E+00
    0.921999643E+00
    0.945301594E+00
    0.968334746E+00
    0.991050968E+00
    0.101340185E+01
    0.103533878E+01
    0.105681320E+01
    0.107777672E+01
    0.109818134E+01
    0.111797958E+01
    0.113712471E+01
    0.115557090E+01
    0.117327342E+01
    0.119018879E+01
    0.120627501E+01
    0.122149167E+01
    0.123580015E+01
    0.124916381E+01
    0.126154808E+01
    0.127292066E+01
    0.128325162E+01
    0.129251360E+01
    0.130068184E+01
    0.130773436E+01
    0.131365201E+01
    0.131841860E+01
    0.132202094E+01
    0.132444893E+01
    0.132569555E+01
    0.132575698E+01
    0.132463254E+01
    0.132232474E+01
    0.131883926E+01
    0.131418492E+01
    0.130837364E+01
    0.130142043E+01
    0.129334325E+01
    0.128416301E+01
    0.127390343E+01
    0.126259095E+01
    0.125025464E+01
    0.123692602E+01
    0.122263900E+01
    0.120742967E+01
    0.119133619E+01
    0.117439861E+01
    0.115665872E+01
    0.113815985E+01
    0.111894672E+01
    0.109906527E+01
    0.107856243E+01
    0.105748598E+01
    0.103588435E+01
    0.101380645E+01
    0.991301446E+00
    0.968418636E+00
    0.945207224E+00
    0.921716184E+00
    0.897994057E+00
    0.874088830E+00
    0.850047729E+00
    0.825917131E+00
    0.801742355E+00
    0.777567601E+00
    0.753435754E+00
    0.729388339E+00
    0.705465350E+00
    0.681705216E+00
    0.658144658E+00
    0.634818666E+00
    0.611760394E+00
    0.589001126E+00
    0.566570230E+00
    0.544495110E+00
    0.522801209E+00
    0.501511950E+00
    0.480648791E+00
    0.460231154E+00
    0.440276521E+00
    0.420800368E+00
    0.401816275E+00
    0.383335888E+00
    0.365369027E+00
    0.347923678E+00
    0.331006091E+00
    0.314620812E+00
    0.298770762E+00
    0.283457299E+00
    0.268680292E+00
    0.254438200E+00
    0.240728136E+00
    0.227545968E+00
    0.214886378E+00
    0.202742960E+00
    0.191108292E+00
    0.179974024E+00
    0.169330958E+00
    0.159169125E+00
    0.149477874E+00
    0.140245938E+00
    0.131461521E+00
    0.123112363E+00
    0.115185819E+00
    0.107668920E+00
    0.100548448E+00
    0.938109887E-01
    0.874429992E-01
    0.814308609E-01
    0.757609314E-01
    0.704195976E-01
    0.653933168E-01
    0.606686646E-01
    0.562323691E-01
    0.520713509E-01
    0.481727511E-01
    0.445239651E-01
    0.411126631E-01
    0.379268183E-01
    0.349547208E-01
    0.321850006E-01
    0.296066351E-01
    0.272089667E-01
    0.249817063E-01
    0.229149446E-01
    0.209991524E-01
    0.192251865E-01
    0.175842873E-01
    0.160680798E-01
    0.146685693E-01
    0.133781383E-01
    0.121895397E-01
    0.110958917E-01
    0.100906681E-01
    0.916769227E-02
    0.832112478E-02
    0.754545668E-02
    0.683549546E-02
    0.618635776E-02
    0.559345428E-02
    0.505248192E-02
    0.455940856E-02
    0.411046442E-02
    0.370212745E-02
    0.333111388E-02
    0.299436464E-02
    0.268903537E-02
    0.241248384E-02
    0.216225991E-02
    0.193609383E-02
    0.173188653E-02
    0.154769868E-02
    0.138174165E-02
    0.123236715E-02
    0.109805919E-02
    0.977424187E-03
    0.869183898E-03
    0.772166211E-03
    0.685298891E-03
    0.607601200E-03
    0.538178252E-03
    0.476213649E-03
    0.420964270E-03
    0.371753954E-03
    0.327968717E-03
    0.289051311E-03
    0.254497015E-03
    0.223848827E-03
    0.196693918E-03
    0.172659336E-03
    0.151409067E-03
    0.132640267E-03
    0.116080744E-03
    0.101485819E-03
    0.886360448E-04
    0.773347019E-04
    0.674057350E-04
    0.586917216E-04
    0.510521345E-04
    0.443615644E-04
    0.385084142E-04
    0.333932384E-04
    0.289278376E-04
    0.250337495E-04
    0.216415672E-04
    0.186897181E-04
    0.161238070E-04
    0.138957713E-04
    0.119631709E-04
    0.102886631E-04
    0.883931093E-05
    0.758620994E-05
    0.650394962E-05
    0.557023637E-05
    0.476557656E-05
    0.407285072E-05
    0.347716974E-05
    0.296546292E-05
    0.252639389E-05
    0.215004829E-05
    0.182782134E-05
    0.155223605E-05
    0.131679055E-05
    0.111586845E-05
    0.944587930E-06
    0.798741114E-06
    0.674687402E-06
    0.569284231E-06
    0.479831292E-06
    0.403993726E-06
    0.339775130E-06
    0.285452490E-06
    0.239553884E-06
    0.200815627E-06
    0.168157158E-06
    0.140655268E-06
    0.117521947E-06
    0.980844845E-07
    0.817719329E-07
    0.680960849E-07
    0.566448618E-07
    0.470665598E-07
    0.390641415E-07
    0.323862721E-07
    0.268194130E-07
    0.221847924E-07
    0.183301176E-07
    0.151281197E-07
    0.124714170E-07
    0.102693001E-07
    0.844669085E-08
    0.693930923E-08
    0.569461046E-08
    0.466768048E-08
    0.382152401E-08
    0.312520949E-08
    0.255268978E-08
    0.208272544E-08
    0.169722203E-08
    0.138147760E-08
    0.112316005E-08
    0.912030057E-09
    0.739751788E-09
    0.599268041E-09
    0.484903282E-09
    0.391892944E-09
    0.316335572E-09
    0.255051106E-09
    0.205381638E-09
    0.165189982E-09
    0.132704103E-09
    0.106471975E-09
    0.853270697E-10
    0.682929634E-10
    0.545943357E-10
    0.435906212E-10
    0.347586327E-10
    0.276858613E-10
    0.220206471E-10
    0.174967736E-10
    0.138817182E-10
    0.110019745E-10
    0.870712159E-11
    0.688246403E-11
    0.543359013E-11
    0.428265209E-11
    0.337256905E-11
    0.265073644E-11
    0.208135076E-11
    0.163221316E-11
    0.127710862E-11
    0.999843449E-12
    0.779789532E-12
    0.609203160E-12
    0.474401727E-12
    0.369274902E-12
    0.287577887E-12
    0.222981703E-12
    0.173401785E-12
    0.134255650E-12
    0.103776714E-12
    0.804260273E-13
    0.616693373E-13
    0.477030721E-13
    0.364352872E-13
    0.279294917E-13
    0.213680054E-13
    0.162284428E-13
    0.123980844E-13
    0.943756563E-14
    0.713861852E-14
    0.550337722E-14
    0.415140089E-14
    0.320531343E-14
    0.246638354E-14
    0.187183391E-14
    0.147020783E-14
    0.111575632E-14
    0.850163034E-15
    0.671283224E-15
    0.473669989E-15
    0.386092620E-15
    0.266982181E-15
    0.204927288E-15
    0.158582589E-15
    0.111394250E-15
    0.974095262E-16
    0.787261590E-16
    0.622423337E-16
    0.690002098E-16
    0.457353780E-16
    0.575271430E-16
    0.393063208E-16
    0.424507870E-16
    0.346238127E-16
    0.305064530E-16
    0.290879117E-16
    0.245211022E-16
    0.250837999E-16
    0.217719122E-16
    0.241087814E-16
    0.197085864E-16
    0.251997026E-16
    0.182676621E-16
    0.263151464E-16
    0.190828606E-16
    0.266702594E-16
    0.221160964E-16
    0.260841656E-16
    0.259504781E-16
    0.251223140E-16
    0.290161027E-16
    0.243308288E-16
    0.313183870E-16
    0.243632211E-16
    0.335323255E-16
    0.255503341E-16
    0.358089545E-16
    0.275197379E-16
    0.371235859E-16
    0.295612527E-16
    0.367770796E-16
    0.311706067E-16
    0.350265003E-16
    0.323623989E-16
    0.331077610E-16
    0.333246577E-16
    0.320176608E-16
    0.339106842E-16
    0.316160713E-16
    0.336196672E-16
    0.314192125E-16
    0.323378892E-16
    0.309044890E-16
    0.304921836E-16
    0.303258947E-16
    0.290214048E-16
    0.301677876E-16
    0.285637255E-16
    0.300370517E-16
    0.287236978E-16
    0.295104780E-16
    0.291121767E-16
    0.279256563E-16
    0.292229542E-16
    0.261556188E-16
    0.297098385E-16
    0.251627428E-16
    0.304114703E-16
    0.252486808E-16
    0.306486140E-16
    0.257211611E-16
    0.297960012E-16
    0.261226732E-16
    0.282694315E-16
    0.266792634E-16
    0.273859567E-16
    0.276341543E-16
    0.272543324E-16
    0.282176401E-16
    0.272033422E-16
    0.280581283E-16
    0.268495756E-16
    0.279463191E-16
    0.265643963E-16
    0.288774735E-16
    0.264004980E-16
    0.308358051E-16
    0.257330676E-16
    0.326202845E-16
    0.244051566E-16
    0.336198947E-16
    0.238835523E-16
    0.339966499E-16
    0.255306102E-16
    0.333298353E-16
    0.289190572E-16
    0.311236901E-16
    0.327186110E-16
    0.277598735E-16
    0.355721972E-16
    0.251007353E-16
    0.375566882E-16
    0.246557289E-16
    0.381539451E-16
    0.259635884E-16
    0.369879497E-16
    0.278643661E-16
    0.344420417E-16
    0.299724355E-16
    0.315755018E-16
    0.322561622E-16
    0.291273386E-16
    0.346469291E-16
    0.270972576E-16
    0.363086030E-16
    0.256678390E-16
    0.373340125E-16
    0.251894133E-16
    0.373395851E-16
    0.254886310E-16
    0.366510923E-16
    0.262076519E-16
    0.355802924E-16
    0.275816428E-16
    0.349447842E-16
    0.293504443E-16
    0.338242984E-16
    0.309256555E-16
    0.320258069E-16
    0.322046074E-16
    0.299704936E-16
    0.338710736E-16
    0.290373925E-16
    0.357391807E-16
    0.283071372E-16
    0.365941989E-16
    0.271827075E-16
    0.366207571E-16
    0.261905775E-16
    0.367986600E-16
    0.263356697E-16
    0.369386933E-16
    0.270424829E-16
    0.358969293E-16
    0.277619522E-16
    0.335361607E-16
    0.289048733E-16
    0.311005921E-16
    0.307853503E-16
    0.286824650E-16
    0.323956462E-16
    0.265336776E-16
    0.329915868E-16
    0.251072238E-16
    0.321312056E-16
    0.254110562E-16
    0.301110635E-16
    0.270883732E-16
    0.273518092E-16
    0.292738350E-16
    0.250347084E-16
    0.306816400E-16
    0.238752319E-16
    0.308003707E-16
    0.243795234E-16
    0.299136755E-16
    0.259640242E-16
    0.285002400E-16
    0.278555695E-16
    0.273639850E-16
    0.293109019E-16
    0.266683321E-16
    0.300097047E-16
    0.266236650E-16
    0.303426134E-16
    0.265740709E-16
    0.303765254E-16
    0.262655290E-16
    0.308306714E-16
    0.255974752E-16
    0.310575368E-16
    0.244691041E-16
    0.308746141E-16
    0.236663837E-16
    0.297907860E-16
    0.238174958E-16
    0.277644320E-16
    0.250698486E-16
    0.242767649E-16
    0.265093956E-16
    0.206701939E-16
    0.278900085E-16
    0.184694135E-16
    0.278249402E-16
    0.183151511E-16
    0.260156214E-16
    0.200467315E-16
    0.227780724E-16
    0.231109941E-16
    0.197208210E-16
    0.264629664E-16
    0.175258020E-16
    0.286727917E-16
    0.178030465E-16
    0.290822521E-16
    0.205089748E-16
    0.272399760E-16
    0.251022212E-16
    0.250706994E-16
    0.297183946E-16
    0.242521104E-16
    0.329960935E-16
    0.256436418E-16
    0.341592126E-16
    0.277819032E-16
    0.347286878E-16
    0.302389654E-16
    0.363586865E-16
    0.316881557E-16
    0.385225134E-16
    0.319435690E-16
    0.404756891E-16
    0.323076916E-16
    0.412009698E-16
    0.339425438E-16
    0.398570812E-16
    0.376501031E-16
    0.363365437E-16
    0.417499749E-16
    0.315194420E-16
    0.448431299E-16
    0.290138043E-16
    0.452793263E-16
    0.295939433E-16
    0.420694267E-16
    0.326273934E-16
    0.371887330E-16
    0.355858366E-16
    0.332603302E-16
    0.375216432E-16
    0.321356148E-16
    0.378750187E-16
    0.310792587E-16
    0.376903989E-16
    0.299408583E-16
    0.394348936E-16
    0.286559531E-16
    0.402921712E-16
    0.287729762E-16
    0.385068130E-16
    0.325953754E-16
    0.330057255E-16
    0.388403717E-16
    0.270048974E-16
    0.442258911E-16
    0.240536911E-16
    0.441735197E-16
    0.266554984E-16
    0.389360304E-16
    0.339984582E-16
    0.312219654E-16
    0.415176290E-16
    0.259555720E-16
    0.448132919E-16
    0.264219875E-16
    0.419356199E-16
    0.328986579E-16
    0.356422620E-16
    0.407183432E-16
    0.306033243E-16
    0.446682063E-16
    0.318431255E-16
    0.423227410E-16
    0.372805395E-16
    0.371055693E-16
    0.431444760E-16
    0.357034507E-16
    0.433410987E-16
    0.379619061E-16
    0.398413059E-16
    0.417528818E-16
    0.386951991E-16
    0.419772598E-16
    0.408892730E-16
    0.391994294E-16
    0.420013014E-16
    0.399164352E-16
    0.415266719E-16
    0.443678515E-16
    0.375033557E-16
    0.444449540E-16
    0.393093673E-16
    0.426903813E-16
    0.471398911E-16
    0.368607701E-16
