 #tdnd tdcion
    0.237682978E-16
    0.281040447E-16
    0.297994548E-16
    0.293486507E-16
    0.346039335E-16
    0.355748041E-16
    0.285242698E-16
    0.302819735E-16
    0.288248699E-16
    0.241672472E-16
    0.280856177E-16
    0.276101438E-16
    0.289613398E-16
    0.247082923E-16
    0.263250201E-16
    0.206836560E-16
    0.227067077E-16
    0.267641659E-16
    0.276894727E-16
    0.363087005E-16
    0.241475034E-16
    0.266267008E-16
    0.282077984E-16
    0.256562413E-16
    0.250995161E-16
    0.255726425E-16
    0.326686659E-16
    0.305381635E-16
    0.233643815E-16
    0.307950149E-16
    0.186463092E-16
    0.287158964E-16
    0.252948659E-16
    0.199425121E-16
    0.205115787E-16
    0.275305335E-16
    0.325875446E-16
    0.225675781E-16
    0.226565173E-16
    0.219478403E-16
    0.272187682E-16
    0.316206668E-16
    0.256880111E-16
    0.252027091E-16
    0.233721213E-16
    0.200504607E-16
    0.265588463E-16
    0.238958180E-16
    0.275078446E-16
    0.285125829E-16
    0.321045088E-16
    0.238908379E-16
    0.282935996E-16
    0.229290420E-16
    0.237161032E-16
    0.243605063E-16
    0.185030754E-16
    0.325867655E-16
    0.268480744E-16
    0.235752458E-16
    0.172711541E-16
    0.266144413E-16
    0.277801105E-16
    0.270745948E-16
    0.298523488E-16
    0.252197498E-16
    0.241212918E-16
    0.215063054E-16
    0.265184985E-16
    0.282040878E-16
    0.247185074E-16
    0.245990715E-16
    0.310561208E-16
    0.213360125E-16
    0.240206208E-16
    0.190726178E-16
    0.256748928E-16
    0.241407448E-16
    0.220390859E-16
    0.322481345E-16
    0.213361636E-16
    0.238781883E-16
    0.226630672E-16
    0.337950686E-16
    0.223178279E-16
    0.282067535E-16
    0.266843709E-16
    0.212641292E-16
    0.265413439E-16
    0.259481921E-16
    0.245121384E-16
    0.214394402E-16
    0.214427724E-16
    0.242131907E-16
    0.287546575E-16
    0.206767264E-16
    0.250325832E-16
    0.216556347E-16
    0.251842435E-16
    0.259629840E-16
    0.231247278E-16
    0.281573560E-16
    0.234008295E-16
    0.248812995E-16
    0.270254117E-16
    0.295464170E-16
    0.232181580E-16
    0.299787346E-16
    0.249878182E-16
    0.244398578E-16
    0.295824651E-16
    0.371122453E-16
    0.303601547E-16
    0.279956347E-16
    0.288183900E-16
    0.289488515E-16
    0.358897713E-16
    0.312259685E-16
    0.288630549E-16
    0.449425438E-16
    0.311603817E-16
    0.366386989E-16
    0.510591824E-16
    0.326926232E-16
    0.357920157E-16
    0.496134091E-16
    0.421762390E-16
    0.373660623E-16
    0.403509692E-16
    0.329748389E-16
    0.471026767E-16
    0.337666547E-16
    0.324200018E-16
    0.347165332E-16
    0.374134379E-16
    0.270287960E-16
    0.273826487E-16
    0.243229720E-16
    0.318047922E-16
    0.333382607E-16
    0.221576898E-16
    0.284654188E-16
    0.234234962E-16
    0.258337611E-16
    0.309574912E-16
    0.277325591E-16
    0.313079111E-16
    0.285927742E-16
    0.462431722E-16
    0.323850006E-16
    0.303883583E-16
    0.301265992E-16
    0.382521792E-16
    0.271820998E-16
    0.247015998E-16
    0.263389533E-16
    0.288196893E-16
    0.286741979E-16
    0.256068097E-16
    0.260237163E-16
    0.249352688E-16
    0.281597752E-16
    0.296015442E-16
    0.253911314E-16
    0.311469986E-16
    0.315293343E-16
    0.237222189E-16
    0.359511004E-16
    0.276839868E-16
    0.282449068E-16
    0.326880691E-16
    0.261799379E-16
    0.212701572E-16
    0.298367691E-16
    0.297872773E-16
    0.325836212E-16
    0.272656637E-16
    0.294936271E-16
    0.286044511E-16
    0.295690564E-16
    0.336350561E-16
    0.310263955E-16
    0.260170608E-16
    0.312135893E-16
    0.231862002E-16
    0.269412290E-16
    0.280764668E-16
    0.221038456E-16
    0.308140450E-16
    0.249929350E-16
    0.394607637E-16
    0.413327359E-16
    0.322508419E-16
    0.471708219E-16
    0.536607933E-16
    0.760621797E-16
    0.751672212E-16
    0.103304371E-15
    0.138003965E-15
    0.156406760E-15
    0.249227169E-15
    0.324335703E-15
    0.405078253E-15
    0.614212829E-15
    0.851549841E-15
    0.110051122E-14
    0.159701203E-14
    0.212760015E-14
    0.308273207E-14
    0.412760620E-14
    0.591913949E-14
    0.781646093E-14
    0.108316391E-13
    0.145890535E-13
    0.197703294E-13
    0.269286268E-13
    0.360946466E-13
    0.485686555E-13
    0.647261985E-13
    0.871099744E-13
    0.116024981E-12
    0.152723462E-12
    0.203045833E-12
    0.267603589E-12
    0.352336626E-12
    0.463523747E-12
    0.605124186E-12
    0.788337435E-12
    0.102711894E-11
    0.133006296E-11
    0.172279827E-11
    0.221792391E-11
    0.285949279E-11
    0.366684331E-11
    0.470024351E-11
    0.600586607E-11
    0.765828010E-11
    0.974257745E-11
    0.123597004E-10
    0.156517197E-10
    0.197774585E-10
    0.249302295E-10
    0.313660981E-10
    0.393674614E-10
    0.493446328E-10
    0.616869607E-10
    0.769523310E-10
    0.958139374E-10
    0.119082558E-09
    0.147742168E-09
    0.182906916E-09
    0.226027699E-09
    0.278775436E-09
    0.343210344E-09
    0.421786448E-09
    0.517360956E-09
    0.633500510E-09
    0.774325389E-09
    0.944809032E-09
    0.115073986E-08
    0.139926230E-08
    0.169849968E-08
    0.205832239E-08
    0.249014376E-08
    0.300778510E-08
    0.362677938E-08
    0.436621861E-08
    0.524791755E-08
    0.629755642E-08
    0.754527930E-08
    0.902615316E-08
    0.107803228E-07
    0.128559316E-07
    0.153079592E-07
    0.181995437E-07
    0.216052662E-07
    0.256098026E-07
    0.303116451E-07
    0.358242300E-07
    0.422774692E-07
    0.498216201E-07
    0.586269455E-07
    0.688919254E-07
    0.808387547E-07
    0.947262787E-07
    0.110844777E-06
    0.129527699E-06
    0.151154160E-06
    0.176153451E-06
    0.205013129E-06
    0.238282650E-06
    0.276587825E-06
    0.320633717E-06
    0.371210889E-06
    0.429216508E-06
    0.495653153E-06
    0.571654208E-06
    0.658487585E-06
    0.757571073E-06
    0.870496920E-06
    0.999037368E-06
    0.114518240E-05
    0.131113788E-05
    0.149937012E-05
    0.171261489E-05
    0.195392320E-05
    0.222666246E-05
    0.253458153E-05
    0.288182304E-05
    0.327297360E-05
    0.371309158E-05
    0.420777396E-05
    0.476317502E-05
    0.538607062E-05
    0.608392280E-05
    0.686493023E-05
    0.773807086E-05
    0.871322626E-05
    0.980117474E-05
    0.110137310E-04
    0.123638301E-04
    0.138655478E-04
    0.155342706E-04
    0.173867577E-04
    0.194412511E-04
    0.217176019E-04
    0.242373453E-04
    0.270239096E-04
    0.301026469E-04
    0.335010609E-04
    0.372488777E-04
    0.413783018E-04
    0.459240932E-04
    0.509237500E-04
    0.564177465E-04
    0.624496924E-04
    0.690664657E-04
    0.763185585E-04
    0.842601704E-04
    0.929495306E-04
    0.102449090E-03
    0.112825741E-03
    0.124151102E-03
    0.136501890E-03
    0.149960019E-03
    0.164612973E-03
    0.180554217E-03
    0.197883251E-03
    0.216706283E-03
    0.237136128E-03
    0.259293059E-03
    0.283304624E-03
    0.309306499E-03
    0.337442463E-03
    0.367865121E-03
    0.400736100E-03
    0.436226348E-03
    0.474516844E-03
    0.515798886E-03
    0.560274282E-03
    0.608156204E-03
    0.659669251E-03
    0.715050264E-03
    0.774548427E-03
    0.838425852E-03
    0.906958060E-03
    0.980434598E-03
    0.105915924E-02
    0.114345051E-02
    0.123364240E-02
    0.133008441E-02
    0.143314248E-02
    0.154319902E-02
    0.166065377E-02
    0.178592387E-02
    0.191944461E-02
    0.206166980E-02
    0.221307200E-02
    0.237414351E-02
    0.254539566E-02
    0.272736052E-02
    0.292059058E-02
    0.312565883E-02
    0.334315984E-02
    0.357370939E-02
    0.381794554E-02
    0.407652797E-02
    0.435013874E-02
    0.463948254E-02
    0.494528689E-02
    0.526830225E-02
    0.560930164E-02
    0.596908177E-02
    0.634846191E-02
    0.674828494E-02
    0.716941657E-02
    0.761274579E-02
    0.807918438E-02
    0.856966683E-02
    0.908515064E-02
    0.962661500E-02
    0.101950621E-01
    0.107915144E-01
    0.114170165E-01
    0.120726341E-01
    0.127594520E-01
    0.134785753E-01
    0.142311282E-01
    0.150182531E-01
    0.158411097E-01
    0.167008741E-01
    0.175987385E-01
    0.185359105E-01
    0.195136108E-01
    0.205330725E-01
    0.215955411E-01
    0.227022719E-01
    0.238545295E-01
    0.250535862E-01
    0.263007209E-01
    0.275972170E-01
    0.289443611E-01
    0.303434426E-01
    0.317957496E-01
    0.333025703E-01
    0.348651870E-01
    0.364848785E-01
    0.381629171E-01
    0.399005635E-01
    0.416990698E-01
    0.435596736E-01
    0.454835981E-01
    0.474720482E-01
    0.495262099E-01
    0.516472467E-01
    0.538363000E-01
    0.560944835E-01
    0.584228813E-01
    0.608225488E-01
    0.632945069E-01
    0.658397414E-01
    0.684591993E-01
    0.711537883E-01
    0.739243730E-01
    0.767717706E-01
    0.796967541E-01
    0.827000437E-01
    0.857823095E-01
    0.889441632E-01
    0.921861618E-01
    0.955088035E-01
    0.989125225E-01
    0.102397690E+00
    0.105964612E+00
    0.109613523E+00
    0.113344590E+00
    0.117157907E+00
    0.121053490E+00
    0.125031283E+00
    0.129091151E+00
    0.133232873E+00
    0.137456155E+00
    0.141760613E+00
    0.146145781E+00
    0.150611103E+00
    0.155155940E+00
    0.159779562E+00
    0.164481144E+00
    0.169259778E+00
    0.174114458E+00
    0.179044088E+00
    0.184047476E+00
    0.189123336E+00
    0.194270292E+00
    0.199486868E+00
    0.204771496E+00
    0.210122511E+00
    0.215538157E+00
    0.221016577E+00
    0.226555830E+00
    0.232153870E+00
    0.237808567E+00
    0.243517698E+00
    0.249278943E+00
    0.255089900E+00
    0.260948073E+00
    0.266850884E+00
    0.272795663E+00
    0.278779663E+00
    0.284800053E+00
    0.290853920E+00
    0.296938276E+00
    0.303050059E+00
    0.309186134E+00
    0.315343292E+00
    0.321518261E+00
    0.327707704E+00
    0.333908221E+00
    0.340116356E+00
    0.346328594E+00
    0.352541372E+00
    0.358751076E+00
    0.364954050E+00
    0.371146592E+00
    0.377324967E+00
    0.383485405E+00
    0.389624105E+00
    0.395737243E+00
    0.401820970E+00
    0.407871422E+00
    0.413884720E+00
    0.419856978E+00
    0.425784305E+00
    0.431662809E+00
    0.437488599E+00
    0.443257797E+00
    0.448966536E+00
    0.454610964E+00
    0.460187252E+00
    0.465691596E+00
    0.471120223E+00
    0.476469395E+00
    0.481735411E+00
    0.486914618E+00
    0.492003404E+00
    0.496998214E+00
    0.501895546E+00
    0.506691960E+00
    0.511384078E+00
    0.515968597E+00
    0.520442277E+00
    0.524801959E+00
    0.529044560E+00
    0.533167087E+00
    0.537166627E+00
    0.541040360E+00
    0.544785560E+00
    0.548399594E+00
    0.551879930E+00
    0.555224144E+00
    0.558429910E+00
    0.561495018E+00
    0.564417357E+00
    0.567194939E+00
    0.569825891E+00
    0.572308450E+00
    0.574640978E+00
    0.576821955E+00
    0.578849983E+00
    0.580723788E+00
    0.582442225E+00
    0.584004263E+00
    0.585409016E+00
    0.586655709E+00
    0.587743704E+00
    0.588672486E+00
    0.589441674E+00
    0.590051013E+00
    0.590500372E+00
    0.590789761E+00
    0.590919305E+00
    0.590889260E+00
    0.590700011E+00
    0.590352067E+00
    0.589846062E+00
    0.589182747E+00
    0.588363002E+00
    0.587387825E+00
    0.586258330E+00
    0.584975747E+00
    0.583541425E+00
    0.581956821E+00
    0.580223502E+00
    0.578343148E+00
    0.576317534E+00
    0.574148548E+00
    0.571838175E+00
    0.569388494E+00
    0.566801681E+00
    0.564080002E+00
    0.561225811E+00
    0.558241550E+00
    0.555129739E+00
    0.551892982E+00
    0.548533951E+00
    0.545055392E+00
    0.541460125E+00
    0.537751031E+00
    0.533931052E+00
    0.530003193E+00
    0.525970505E+00
    0.521836101E+00
    0.517603132E+00
    0.513274803E+00
    0.508854351E+00
    0.504345055E+00
    0.499750225E+00
    0.495073204E+00
    0.490317358E+00
    0.485486082E+00
    0.480582788E+00
    0.475610903E+00
    0.470573871E+00
    0.465475140E+00
    0.460318174E+00
    0.455106432E+00
    0.449843380E+00
    0.444532480E+00
    0.439177184E+00
    0.433780946E+00
    0.428347199E+00
    0.422879367E+00
    0.417380858E+00
    0.411855055E+00
    0.406305326E+00
    0.400735012E+00
    0.395147426E+00
    0.389545852E+00
    0.383933544E+00
    0.378313720E+00
    0.372689568E+00
    0.367064229E+00
    0.361440810E+00
    0.355822376E+00
    0.350211947E+00
    0.344612498E+00
    0.339026956E+00
    0.333458199E+00
    0.327909055E+00
    0.322382300E+00
    0.316880661E+00
    0.311406802E+00
    0.305963339E+00
    0.300552824E+00
    0.295177759E+00
    0.289840581E+00
    0.284543670E+00
    0.279289346E+00
    0.274079865E+00
    0.268917422E+00
    0.263804153E+00
    0.258742126E+00
    0.253733347E+00
    0.248779761E+00
    0.243883246E+00
    0.239045617E+00
    0.234268625E+00
    0.229553959E+00
    0.224903240E+00
    0.220318033E+00
    0.215799828E+00
    0.211350063E+00
    0.206970107E+00
    0.202661270E+00
    0.198424802E+00
    0.194261889E+00
    0.190173659E+00
    0.186161182E+00
    0.182225465E+00
    0.178367467E+00
    0.174588081E+00
    0.170888150E+00
    0.167268461E+00
    0.163729750E+00
    0.160272698E+00
    0.156897940E+00
    0.153606055E+00
    0.150397580E+00
    0.147273003E+00
    0.144232761E+00
    0.141277254E+00
    0.138406832E+00
    0.135621808E+00
    0.132922447E+00
    0.130308980E+00
    0.127781594E+00
    0.125340441E+00
    0.122985632E+00
    0.120717245E+00
    0.118535321E+00
    0.116439864E+00
    0.114430846E+00
    0.112508204E+00
    0.110671840E+00
    0.108921627E+00
    0.107257403E+00
    0.105678972E+00
    0.104186106E+00
    0.102778548E+00
    0.101456005E+00
    0.100218153E+00
    0.990646343E-01
    0.979950582E-01
    0.970090001E-01
    0.961060036E-01
    0.952855740E-01
    0.945471856E-01
    0.938902741E-01
    0.933142379E-01
    0.928184402E-01
    0.924022039E-01
    0.920648147E-01
    0.918055185E-01
    0.916235164E-01
    0.915179738E-01
    0.914880078E-01
    0.915326953E-01
    0.916510677E-01
    0.918421103E-01
    0.921047638E-01
    0.924379203E-01
    0.928404256E-01
    0.933110768E-01
    0.938486220E-01
    0.944517597E-01
    0.951191396E-01
    0.958493600E-01
    0.966409694E-01
    0.974924656E-01
    0.984022964E-01
    0.993688588E-01
    0.100390499E+00
    0.101465515E+00
    0.102592152E+00
    0.103768611E+00
    0.104993041E+00
    0.106263544E+00
    0.107578180E+00
    0.108934956E+00
    0.110331841E+00
    0.111766758E+00
    0.113237590E+00
    0.114742181E+00
    0.116278334E+00
    0.117843816E+00
    0.119436362E+00
    0.121053672E+00
    0.122693416E+00
    0.124353235E+00
    0.126030745E+00
    0.127723537E+00
    0.129429181E+00
    0.131145230E+00
    0.132869217E+00
    0.134598663E+00
    0.136331078E+00
    0.138063963E+00
    0.139794814E+00
    0.141521122E+00
    0.143240381E+00
    0.144950085E+00
    0.146647735E+00
    0.148330841E+00
    0.149996922E+00
    0.151643515E+00
    0.153268172E+00
    0.154868464E+00
    0.156441990E+00
    0.157986372E+00
    0.159499259E+00
    0.160978339E+00
    0.162421327E+00
    0.163825983E+00
    0.165190104E+00
    0.166511533E+00
    0.167788159E+00
    0.169017921E+00
    0.170198810E+00
    0.171328872E+00
    0.172406214E+00
    0.173429001E+00
    0.174395464E+00
    0.175303896E+00
    0.176152665E+00
    0.176940205E+00
    0.177665029E+00
    0.178325720E+00
    0.178920946E+00
    0.179449453E+00
    0.179910069E+00
    0.180301710E+00
    0.180623377E+00
    0.180874161E+00
    0.181053244E+00
    0.181159899E+00
    0.181193494E+00
    0.181153496E+00
    0.181039461E+00
    0.180851050E+00
    0.180588017E+00
    0.180250220E+00
    0.179837616E+00
    0.179350261E+00
    0.178788312E+00
    0.178152030E+00
    0.177441771E+00
    0.176658000E+00
    0.175801273E+00
    0.174872253E+00
    0.173871697E+00
    0.172800461E+00
    0.171659499E+00
    0.170449854E+00
    0.169172670E+00
    0.167829178E+00
    0.166420696E+00
    0.164948634E+00
    0.163414482E+00
    0.161819814E+00
    0.160166283E+00
    0.158455616E+00
    0.156689615E+00
    0.154870151E+00
    0.152999159E+00
    0.151078638E+00
    0.149110645E+00
    0.147097290E+00
    0.145040736E+00
    0.142943190E+00
    0.140806903E+00
    0.138634162E+00
    0.136427288E+00
    0.134188631E+00
    0.131920564E+00
    0.129625483E+00
    0.127305793E+00
    0.124963917E+00
    0.122602280E+00
    0.120223307E+00
    0.117829424E+00
    0.115423047E+00
    0.113006579E+00
    0.110582408E+00
    0.108152902E+00
    0.105720403E+00
    0.103287224E+00
    0.100855645E+00
    0.984279100E-01
    0.960062215E-01
    0.935927375E-01
    0.911895700E-01
    0.887987780E-01
    0.864223682E-01
    0.840622888E-01
    0.817204295E-01
    0.793986165E-01
    0.770986122E-01
    0.748221119E-01
    0.725707403E-01
    0.703460539E-01
    0.681495349E-01
    0.659825916E-01
    0.638465587E-01
    0.617426935E-01
    0.596721764E-01
    0.576361113E-01
    0.556355235E-01
    0.536713597E-01
    0.517444900E-01
    0.498557048E-01
    0.480057181E-01
    0.461951659E-01
    0.444246082E-01
    0.426945302E-01
    0.410053412E-01
    0.393573784E-01
    0.377509064E-01
    0.361861197E-01
    0.346631436E-01
    0.331820367E-01
    0.317427924E-01
    0.303453399E-01
    0.289895485E-01
    0.276752278E-01
    0.264021303E-01
    0.251699551E-01
    0.239783483E-01
    0.228269066E-01
    0.217151800E-01
    0.206426738E-01
    0.196088507E-01
    0.186131352E-01
    0.176549139E-01
    0.167335399E-01
    0.158483346E-01
    0.149985903E-01
    0.141835737E-01
    0.134025266E-01
    0.126546705E-01
    0.119392078E-01
    0.112553245E-01
    0.106021931E-01
    0.997897433E-02
    0.938481989E-02
    0.881887408E-02
    0.828027680E-02
    0.776816504E-02
    0.728167484E-02
    0.681994359E-02
    0.638211161E-02
    0.596732378E-02
    0.557473149E-02
    0.520349429E-02
    0.485278049E-02
    0.452176998E-02
    0.420965415E-02
    0.391563787E-02
    0.363894044E-02
    0.337879631E-02
    0.313445662E-02
    0.290518911E-02
    0.269027963E-02
    0.248903254E-02
    0.230077108E-02
    0.212483812E-02
    0.196059636E-02
    0.180742873E-02
    0.166473864E-02
    0.153195003E-02
    0.140850768E-02
    0.129387696E-02
    0.118754404E-02
    0.108901566E-02
    0.997819058E-03
    0.913501632E-03
    0.835631014E-03
    0.763794252E-03
    0.697598054E-03
    0.636667988E-03
    0.580648226E-03
    0.529201188E-03
    0.482006919E-03
    0.438762764E-03
    0.399182673E-03
    0.362996831E-03
    0.329951112E-03
    0.299806404E-03
    0.272338175E-03
    0.247335857E-03
    0.224602241E-03
    0.203953065E-03
    0.185216174E-03
    0.168231243E-03
    0.152849022E-03
    0.138930881E-03
    0.126348219E-03
    0.114981986E-03
    0.104722059E-03
    0.954668822E-04
    0.871228489E-04
    0.796038579E-04
    0.728308773E-04
    0.667314655E-04
    0.612393425E-04
    0.562940090E-04
    0.518402932E-04
    0.478280121E-04
    0.442115929E-04
    0.409497484E-04
    0.380051129E-04
    0.353439657E-04
    0.329359324E-04
    0.307536776E-04
    0.287727220E-04
    0.269710864E-04
    0.253291650E-04
    0.238294751E-04
    0.224564443E-04
    0.211962423E-04
    0.200366139E-04
    0.189667138E-04
    0.179769575E-04
    0.170589200E-04
    0.162051538E-04
    0.154091250E-04
    0.146651202E-04
    0.139680910E-04
    0.133136472E-04
    0.126979200E-04
    0.121175353E-04
    0.115695240E-04
    0.110512843E-04
    0.105605290E-04
    0.100952429E-04
    0.965364295E-05
    0.923414161E-05
    0.883532252E-05
    0.845592478E-05
    0.809479330E-05
    0.775089635E-05
    0.742327337E-05
    0.711104988E-05
    0.681340667E-05
    0.652958850E-05
    0.625887400E-05
    0.600058801E-05
    0.575409467E-05
    0.551877286E-05
    0.529404784E-05
    0.507935344E-05
    0.487415303E-05
    0.467793236E-05
    0.449020056E-05
    0.431047718E-05
    0.413830891E-05
    0.397326286E-05
    0.381492501E-05
    0.366289757E-05
    0.351680898E-05
    0.337629459E-05
    0.324103207E-05
    0.311069983E-05
    0.298500241E-05
    0.286366519E-05
    0.274643421E-05
    0.263307301E-05
    0.252336273E-05
    0.241710722E-05
    0.231411995E-05
    0.221424523E-05
    0.211733109E-05
    0.202324433E-05
    0.193187254E-05
    0.184310970E-05
    0.175686857E-05
    0.167307262E-05
    0.159165244E-05
    0.151255419E-05
    0.143573131E-05
    0.136114595E-05
    0.128876554E-05
    0.121856872E-05
    0.115053213E-05
    0.108464573E-05
    0.102089919E-05
    0.959281150E-06
    0.899790312E-06
    0.842421820E-06
    0.787174409E-06
    0.734042302E-06
    0.683026215E-06
    0.634120471E-06
    0.587321677E-06
    0.542623759E-06
    0.500014815E-06
    0.459487722E-06
    0.421027043E-06
    0.384616297E-06
    0.350236083E-06
    0.317862283E-06
    0.287470131E-06
    0.259029067E-06
    0.232506143E-06
    0.207864756E-06
    0.185065654E-06
    0.164064711E-06
    0.144816092E-06
    0.127270937E-06
    0.111375316E-06
    0.970754401E-07
    0.843130853E-07
    0.730285140E-07
    0.631587841E-07
    0.546405684E-07
    0.474078041E-07
    0.413932146E-07
    0.365285915E-07
    0.327441000E-07
    0.299703762E-07
    0.281368540E-07
    0.271729629E-07
    0.270084741E-07
    0.275732853E-07
    0.287979614E-07
    0.306145496E-07
    0.329556077E-07
    0.357550263E-07
    0.389488786E-07
    0.424741037E-07
    0.462708004E-07
    0.502809019E-07
    0.544471839E-07
    0.587178219E-07
    0.630414172E-07
    0.673705388E-07
    0.716597028E-07
    0.758686622E-07
    0.799563942E-07
    0.838894613E-07
    0.876353266E-07
    0.911654355E-07
    0.944538609E-07
    0.974790295E-07
    0.100222363E-06
    0.102668492E-06
    0.104806189E-06
    0.106625478E-06
    0.108122476E-06
    0.109294265E-06
    0.110141380E-06
    0.110668290E-06
    0.110880561E-06
    0.110787984E-06
    0.110402968E-06
    0.109738395E-06
    0.108812370E-06
    0.107642540E-06
    0.106249614E-06
    0.104655245E-06
    0.102884943E-06
    0.100961973E-06
    0.989130821E-07
    0.967667387E-07
    0.945504458E-07
    0.922920871E-07
    0.900217121E-07
    0.877680225E-07
    0.855604668E-07
    0.834289296E-07
    0.814013672E-07
    0.795058771E-07
    0.777705466E-07
    0.762216695E-07
    0.748856899E-07
    0.737860754E-07
    0.729460518E-07
    0.723872902E-07
    0.721310487E-07
    0.721949355E-07
    0.725953271E-07
    0.733477148E-07
    0.744646588E-07
    0.759577687E-07
    0.778364386E-07
    0.801055449E-07
    0.827716705E-07
    0.858372676E-07
    0.893018292E-07
    0.931662524E-07
    0.974239046E-07
    0.102072012E-06
    0.107101134E-06
    0.112503679E-06
    0.118265402E-06
    0.124375618E-06
    0.130817783E-06
    0.137577103E-06
    0.144633536E-06
    0.151968950E-06
    0.159560136E-06
    0.167389425E-06
    0.175429994E-06
    0.183658444E-06
    0.192050075E-06
    0.200579740E-06
    0.209219409E-06
    0.217944571E-06
    0.226726568E-06
    0.235537393E-06
    0.244350752E-06
    0.253139023E-06
    0.261876036E-06
    0.270531749E-06
    0.279082978E-06
    0.287501039E-06
    0.295762634E-06
    0.303841491E-06
    0.311714191E-06
    0.319357727E-06
    0.326749794E-06
    0.333869630E-06
    0.340697414E-06
    0.347212792E-06
    0.353402283E-06
    0.359246452E-06
    0.364731078E-06
    0.369843647E-06
    0.374571807E-06
    0.378904040E-06
    0.382832270E-06
    0.386349389E-06
    0.389446602E-06
    0.392121281E-06
    0.394369997E-06
    0.396191441E-06
    0.397581920E-06
    0.398545553E-06
    0.399081794E-06
    0.399195742E-06
    0.398891933E-06
    0.398174931E-06
    0.397052311E-06
    0.395531495E-06
    0.393622749E-06
    0.391334679E-06
    0.388677989E-06
    0.385665543E-06
    0.382308606E-06
    0.378619966E-06
    0.374614337E-06
    0.370304759E-06
    0.365706734E-06
    0.360834169E-06
    0.355705066E-06
    0.350332012E-06
    0.344732308E-06
    0.338922909E-06
    0.332919178E-06
    0.326736337E-06
    0.320392067E-06
    0.313901267E-06
    0.307280338E-06
    0.300546105E-06
    0.293712079E-06
    0.286794624E-06
    0.279808290E-06
    0.272768646E-06
    0.265689097E-06
    0.258582979E-06
    0.251464881E-06
    0.244346289E-06
    0.237240518E-06
    0.230159202E-06
    0.223113245E-06
    0.216114019E-06
    0.209171087E-06
    0.202295173E-06
    0.195494489E-06
    0.188777293E-06
    0.182152590E-06
    0.175626753E-06
    0.169206696E-06
    0.162898980E-06
    0.156709041E-06
    0.150641948E-06
    0.144703206E-06
    0.138895367E-06
    0.133222726E-06
    0.127688212E-06
    0.122294777E-06
    0.117044119E-06
    0.111937567E-06
    0.106977044E-06
    0.102162486E-06
    0.974953602E-07
    0.929749007E-07
    0.886010702E-07
    0.843732854E-07
    0.802906286E-07
    0.763517781E-07
    0.725556684E-07
    0.688993990E-07
    0.653824454E-07
    0.620013813E-07
    0.587548549E-07
    0.556395794E-07
    0.526534834E-07
    0.497930618E-07
    0.470563049E-07
    0.444391145E-07
    0.419390125E-07
    0.395525395E-07
    0.372767085E-07
    0.351080425E-07
    0.330430346E-07
    0.310786348E-07
    0.292112224E-07
    0.274377571E-07
    0.257546832E-07
    0.241585605E-07
    0.226463288E-07
    0.212146376E-07
    0.198602143E-07
    0.185800336E-07
    0.173706517E-07
    0.162294003E-07
    0.151530546E-07
    0.141388611E-07
    0.131839194E-07
    0.122853963E-07
    0.114406262E-07
    0.106470468E-07
    0.990205764E-08
    0.920313284E-08
    0.854808203E-08
    0.793447814E-08
    0.736029577E-08
    0.682312780E-08
    0.632124226E-08
    0.585243600E-08
    0.541510007E-08
    0.500715602E-08
    0.462705097E-08
    0.427303369E-08
    0.394373554E-08
    0.363742707E-08
    0.335291490E-08
    0.308861614E-08
    0.284351149E-08
    0.261615424E-08
    0.240555821E-08
    0.221052525E-08
    0.203006750E-08
    0.186317347E-08
    0.170898566E-08
    0.156661963E-08
    0.143521839E-08
    0.131406888E-08
    0.120241688E-08
    0.109962248E-08
    0.100498428E-08
    0.917961465E-09
    0.837975265E-09
    0.764520759E-09
    0.697080557E-09
    0.635211951E-09
    0.578480378E-09
    0.526551119E-09
    0.478975185E-09
    0.435460153E-09
    0.395662245E-09
    0.359321562E-09
    0.326111228E-09
    0.295803381E-09
    0.268173072E-09
    0.242970204E-09
    0.220016855E-09
    0.199121476E-09
    0.180121046E-09
    0.162836441E-09
    0.147132452E-09
    0.132879322E-09
    0.119938372E-09
    0.108204355E-09
    0.975619099E-10
    0.879242697E-10
    0.792014115E-10
    0.713066360E-10
    0.641685429E-10
    0.577158999E-10
    0.519022754E-10
    0.466439352E-10
    0.419010787E-10
    0.376268272E-10
    0.337788897E-10
    0.303056360E-10
    0.271806178E-10
    0.243773735E-10
    0.218501834E-10
    0.195842908E-10
    0.175467020E-10
    0.157209756E-10
    0.140807076E-10
    0.126087518E-10
    0.112924715E-10
    0.101083432E-10
    0.905243854E-11
    0.810303144E-11
    0.725441313E-11
    0.649681876E-11
    0.581755719E-11
    0.521034985E-11
    0.466645193E-11
    0.418433099E-11
    0.374893452E-11
    0.336142152E-11
    0.301518141E-11
    0.270661416E-11
    0.242816224E-11
    0.218087873E-11
    0.196069422E-11
    0.176249048E-11
    0.158557043E-11
    0.142719178E-11
    0.128462614E-11
    0.115911170E-11
    0.104410786E-11
    0.943661095E-12
    0.850707456E-12
    0.770157349E-12
    0.696039921E-12
    0.629673557E-12
    0.571000834E-12
    0.517285448E-12
    0.468816691E-12
    0.425244234E-12
    0.386567264E-12
    0.350608512E-12
    0.318945618E-12
    0.290116693E-12
    0.264215431E-12
    0.240172340E-12
    0.219062893E-12
    0.199568367E-12
    0.181828422E-12
    0.165863720E-12
    0.151066194E-12
    0.137608158E-12
    0.126265212E-12
    0.114763541E-12
    0.105187090E-12
    0.955651583E-13
    0.876254570E-13
    0.798157273E-13
    0.726849239E-13
    0.664890704E-13
    0.605430771E-13
    0.551030140E-13
    0.503717831E-13
    0.460845649E-13
    0.420794286E-13
    0.385254095E-13
    0.350402060E-13
    0.319300464E-13
    0.289446719E-13
    0.264268845E-13
    0.238495541E-13
    0.217237977E-13
    0.198421417E-13
    0.179109423E-13
    0.163886091E-13
    0.149900979E-13
    0.135041441E-13
    0.122676176E-13
    0.111174956E-13
    0.100507740E-13
    0.910859823E-14
    0.821133826E-14
    0.741266601E-14
    0.668885806E-14
    0.603431913E-14
    0.542792774E-14
    0.490827522E-14
    0.445987381E-14
    0.402078490E-14
    0.358042941E-14
    0.325922634E-14
    0.288699548E-14
    0.262548492E-14
    0.230085549E-14
    0.211275087E-14
    0.187590478E-14
    0.166333368E-14
    0.152010821E-14
    0.131422141E-14
    0.118704499E-14
    0.106644051E-14
    0.955636182E-15
    0.857298476E-15
    0.744727982E-15
    0.695845697E-15
    0.581296502E-15
    0.549061136E-15
    0.473220486E-15
    0.419716573E-15
    0.367209577E-15
    0.346762599E-15
    0.288356583E-15
    0.280093583E-15
    0.243797592E-15
    0.207626264E-15
    0.181606242E-15
    0.178710696E-15
    0.161518306E-15
    0.138578052E-15
    0.119765917E-15
    0.112337850E-15
    0.837275455E-16
    0.953016435E-16
    0.778440745E-16
    0.730954760E-16
    0.705181659E-16
    0.652803731E-16
    0.576638540E-16
    0.519629649E-16
    0.513187909E-16
    0.446771904E-16
    0.443924247E-16
    0.446133115E-16
    0.407916357E-16
    0.429341873E-16
    0.526584517E-16
    0.363879778E-16
    0.364847223E-16
    0.422782153E-16
    0.287400088E-16
    0.388050308E-16
    0.349799433E-16
    0.305750580E-16
    0.311707257E-16
    0.270377770E-16
    0.331435129E-16
    0.348461849E-16
    0.310086649E-16
    0.311710774E-16
    0.281573597E-16
    0.267927186E-16
    0.323714689E-16
    0.295529469E-16
    0.300159527E-16
    0.304230361E-16
    0.249807549E-16
    0.342515087E-16
    0.304000503E-16
    0.390850205E-16
    0.258856245E-16
    0.266171136E-16
    0.285896642E-16
    0.307309118E-16
    0.327213326E-16
    0.428696667E-16
    0.324647144E-16
    0.232198628E-16
    0.268388163E-16
    0.311930610E-16
    0.295761045E-16
    0.228677434E-16
    0.250492940E-16
    0.284585155E-16
    0.278618400E-16
    0.259608660E-16
    0.269963240E-16
    0.306072052E-16
    0.408980217E-16
    0.308566954E-16
    0.330689573E-16
    0.309399731E-16
    0.342826404E-16
    0.232279162E-16
    0.303882838E-16
    0.287581686E-16
    0.317811894E-16
    0.275605244E-16
    0.290756804E-16
    0.351566756E-16
    0.356500640E-16
    0.299585651E-16
    0.308100151E-16
    0.312538240E-16
    0.292020239E-16
    0.236560957E-16
    0.253757222E-16
    0.322144707E-16
    0.331053360E-16
    0.279839876E-16
    0.238763347E-16
    0.317271640E-16
    0.261734909E-16
    0.323678411E-16
    0.320043036E-16
    0.315462672E-16
    0.258035187E-16
    0.259591513E-16
    0.322000902E-16
    0.320468467E-16
    0.243928315E-16
    0.292374135E-16
    0.395359133E-16
    0.313982790E-16
    0.352052983E-16
    0.281251413E-16
    0.228700072E-16
    0.209307668E-16
    0.309977080E-16
    0.301614859E-16
    0.284579153E-16
    0.316320238E-16
    0.239267983E-16
    0.300155353E-16
    0.328022879E-16
    0.245569962E-16
    0.286002686E-16
    0.220417725E-16
    0.307570837E-16
    0.263764407E-16
    0.343600267E-16
    0.304494141E-16
    0.298595196E-16
    0.239455292E-16
    0.282428984E-16
    0.336358361E-16
    0.365434009E-16
    0.327474733E-16
    0.237060010E-16
    0.248707301E-16
    0.265151069E-16
    0.264994665E-16
    0.216690896E-16
    0.306464907E-16
    0.321337181E-16
    0.242316846E-16
    0.247911778E-16
    0.276570779E-16
    0.264931975E-16
    0.347946459E-16
    0.242265730E-16
    0.311461257E-16
    0.276320951E-16
    0.305460833E-16
    0.302652344E-16
    0.317547203E-16
    0.323988344E-16
    0.256383332E-16
    0.282162617E-16
    0.339713744E-16
    0.403838598E-16
    0.327904451E-16
    0.253761450E-16
    0.252289175E-16
    0.286766646E-16
    0.294057166E-16
    0.286506100E-16
    0.321771928E-16
    0.259954242E-16
    0.314924262E-16
    0.265550400E-16
    0.283760291E-16
    0.312684101E-16
    0.296909672E-16
    0.249618774E-16
    0.329902116E-16
    0.360684426E-16
    0.242020245E-16
    0.274912177E-16
    0.366318710E-16
    0.282389461E-16
    0.243884841E-16
    0.309477300E-16
    0.355919996E-16
    0.246912617E-16
    0.341806114E-16
    0.262173193E-16
    0.199752670E-16
    0.270354830E-16
    0.272741707E-16
    0.263473260E-16
    0.284458753E-16
    0.307394419E-16
    0.253528162E-16
    0.282658695E-16
    0.302579536E-16
    0.223551832E-16
    0.303423319E-16
    0.253282899E-16
    0.341268078E-16
    0.236639402E-16
    0.277926923E-16
    0.341147879E-16
    0.269759443E-16
    0.247106333E-16
    0.271303937E-16
    0.355939754E-16
    0.315835341E-16
    0.365101527E-16
    0.352853139E-16
    0.274440792E-16
    0.243585489E-16
    0.309799289E-16
    0.296374433E-16
    0.321882437E-16
    0.340054117E-16
    0.282258070E-16
    0.276108242E-16
    0.295956076E-16
    0.297851734E-16
    0.291539926E-16
    0.314100470E-16
    0.293870474E-16
    0.174300679E-16
    0.256301125E-16
    0.331321054E-16
    0.325288616E-16
    0.304334561E-16
    0.235515579E-16
    0.308147301E-16
    0.333960043E-16
    0.367973868E-16
    0.302194585E-16
    0.220439095E-16
    0.286783130E-16
    0.281531489E-16
    0.262202162E-16
    0.236954786E-16
    0.355719603E-16
    0.281434012E-16
    0.286045407E-16
    0.302157164E-16
    0.262952133E-16
    0.237412383E-16
    0.277543110E-16
    0.242948131E-16
    0.239749713E-16
    0.253333454E-16
    0.279563642E-16
    0.229945843E-16
    0.322075506E-16
    0.219851931E-16
    0.281105995E-16
    0.298717238E-16
    0.390583206E-16
    0.332233287E-16
    0.258116674E-16
    0.223019446E-16
    0.224958210E-16
    0.316283212E-16
    0.260832801E-16
    0.307878657E-16
    0.295609326E-16
    0.292732459E-16
    0.269945406E-16
    0.277634779E-16
    0.277941372E-16
    0.266151850E-16
    0.226382229E-16
    0.249685489E-16
    0.310939532E-16
    0.280100622E-16
    0.309381808E-16
    0.354707340E-16
    0.207148399E-16
    0.246149674E-16
    0.315397028E-16
    0.256072432E-16
    0.315046070E-16
    0.284802416E-16
    0.286299366E-16
    0.224590004E-16
    0.318025598E-16
    0.259280230E-16
    0.361301808E-16
    0.330841544E-16
    0.265636549E-16
    0.285582597E-16
    0.219371297E-16
    0.253829617E-16
    0.310936624E-16
    0.226711612E-16
    0.334752536E-16
    0.210172642E-16
    0.234268989E-16
    0.358837188E-16
    0.398515956E-16
    0.251716307E-16
    0.245501009E-16
    0.313849153E-16
    0.278383851E-16
    0.361152392E-16
    0.322254933E-16
    0.239793988E-16
    0.230507683E-16
    0.288180775E-16
    0.222947759E-16
    0.303903896E-16
    0.313850666E-16
    0.295807705E-16
    0.286188568E-16
    0.264565117E-16
    0.309270197E-16
    0.250050223E-16
    0.250695634E-16
    0.283678025E-16
    0.203346012E-16
    0.275062098E-16
    0.272362223E-16
    0.278042296E-16
    0.255607717E-16
    0.258658379E-16
    0.287996867E-16
    0.280292754E-16
    0.362152468E-16
    0.295599542E-16
    0.270815343E-16
    0.224890022E-16
    0.359156644E-16
    0.265672745E-16
    0.325761162E-16
    0.264772226E-16
    0.233404832E-16
    0.300331094E-16
    0.302997946E-16
    0.302704117E-16
    0.286705771E-16
    0.267821659E-16
    0.315940380E-16
    0.172758293E-16
    0.241903593E-16
    0.331921991E-16
    0.262217519E-16
    0.316293361E-16
    0.198066469E-16
    0.251586366E-16
    0.279002447E-16
    0.354372752E-16
    0.290825118E-16
    0.218176060E-16
    0.260837757E-16
    0.334366306E-16
    0.281807431E-16
    0.297029619E-16
    0.263978822E-16
    0.302912136E-16
    0.268577995E-16
    0.283169482E-16
    0.277128878E-16
    0.281470616E-16
    0.288819339E-16
    0.265976241E-16
    0.253964487E-16
    0.231299075E-16
    0.351679630E-16
    0.271280790E-16
    0.401421863E-16
    0.194091148E-16
    0.204904155E-16
    0.352343884E-16
    0.289130709E-16
    0.318367919E-16
    0.235115918E-16
    0.271875895E-16
    0.283411342E-16
    0.324294880E-16
    0.320278787E-16
    0.286287989E-16
    0.330656210E-16
    0.338212372E-16
    0.301802183E-16
    0.247943542E-16
    0.258414844E-16
    0.313266902E-16
    0.279377076E-16
    0.271453628E-16
    0.228299812E-16
    0.306577556E-16
    0.338882594E-16
    0.319628269E-16
    0.245515887E-16
    0.225471884E-16
    0.262318671E-16
    0.220470111E-16
    0.292065754E-16
    0.268858343E-16
    0.264140185E-16
    0.225811150E-16
    0.300392204E-16
    0.275573865E-16
    0.303369028E-16
    0.335192058E-16
    0.350244476E-16
    0.303730473E-16
    0.310517582E-16
    0.315903650E-16
    0.233444477E-16
    0.340183585E-16
    0.299953978E-16
    0.259758708E-16
    0.211703897E-16
    0.347974155E-16
    0.228561263E-16
    0.273325593E-16
    0.276704751E-16
    0.250956628E-16
    0.296044597E-16
    0.277511165E-16
    0.285861902E-16
    0.317795378E-16
    0.318680833E-16
    0.306968671E-16
    0.308189712E-16
    0.271769813E-16
    0.335388653E-16
    0.319389671E-16
    0.323722456E-16
    0.322860371E-16
    0.325568424E-16
    0.287752869E-16
    0.297321639E-16
    0.232012367E-16
    0.242899794E-16
    0.276971112E-16
    0.319046765E-16
    0.262072135E-16
    0.248129381E-16
    0.221501500E-16
    0.253165714E-16
    0.403938040E-16
    0.302761080E-16
    0.397702370E-16
    0.284983380E-16
    0.264923679E-16
    0.228169437E-16
    0.432872785E-16
    0.341824723E-16
    0.325857954E-16
    0.364127745E-16
    0.273197625E-16
    0.342497182E-16
    0.255430864E-16
    0.244806201E-16
    0.241613594E-16
    0.289295169E-16
    0.247740792E-16
    0.333583978E-16
    0.229865122E-16
    0.354186759E-16
    0.229458036E-16
    0.301247823E-16
    0.341199682E-16
    0.288815697E-16
    0.449573135E-16
    0.361652492E-16
    0.264228640E-16
    0.215544751E-16
    0.361766518E-16
    0.403646441E-16
    0.398704653E-16
    0.430106067E-16
    0.264146272E-16
    0.281878937E-16
    0.334245367E-16
    0.278370878E-16
    0.263517515E-16
    0.313816283E-16
    0.283298029E-16
    0.379420730E-16
    0.265302035E-16
    0.397632832E-16
    0.271323084E-16
    0.264179379E-16
    0.249049173E-16
    0.264274620E-16
    0.441395770E-16
    0.304455860E-16
    0.326764193E-16
    0.254245525E-16
    0.294372028E-16
    0.388324582E-16
    0.427710807E-16
    0.416766847E-16
    0.553663873E-16
    0.513521746E-16
    0.420057710E-16
    0.502399482E-16
    0.408274822E-16
    0.364826321E-16
    0.338267106E-16
    0.332966703E-16
    0.224776778E-16
    0.357578903E-16
    0.331962811E-16
    0.389330842E-16
    0.304307946E-16
    0.344386322E-16
    0.399475358E-16
    0.283633952E-16
    0.307803073E-16
    0.234971814E-16
    0.254705033E-16
    0.240091543E-16
    0.333068658E-16
    0.406430471E-16
    0.291872470E-16
    0.305854682E-16
    0.303425457E-16
    0.305562174E-16
    0.294600339E-16
    0.258152385E-16
    0.259130688E-16
    0.336227395E-16
    0.301459205E-16
    0.265793640E-16
    0.279460706E-16
    0.217795614E-16
    0.328487425E-16
    0.409612118E-16
    0.206505702E-16
    0.360738683E-16
    0.290466075E-16
    0.260202939E-16
    0.269756476E-16
    0.268932496E-16
    0.287068412E-16
    0.270568555E-16
    0.331353089E-16
    0.363391103E-16
    0.286803754E-16
    0.487840046E-16
    0.408722266E-16
    0.421858373E-16
    0.361652622E-16
    0.349521353E-16
    0.299103988E-16
    0.286865854E-16
    0.455224675E-16
    0.432447212E-16
    0.287460062E-16
    0.187176105E-16
    0.341356064E-16
    0.256951654E-16
    0.323522857E-16
    0.231929108E-16
