 #tdnd tdcion
    0.347554601E-16
    0.192005038E-16
    0.305459500E-16
    0.352690765E-16
    0.303694410E-16
    0.268799019E-16
    0.260558336E-16
    0.234071368E-16
    0.265732766E-16
    0.285498761E-16
    0.237921606E-16
    0.247440856E-16
    0.317149337E-16
    0.280646150E-16
    0.227105854E-16
    0.250919082E-16
    0.230973319E-16
    0.316445708E-16
    0.275922948E-16
    0.279524015E-16
    0.314931727E-16
    0.267436178E-16
    0.236520419E-16
    0.237568071E-16
    0.247816966E-16
    0.274957477E-16
    0.244995503E-16
    0.188171358E-16
    0.248281431E-16
    0.191602088E-16
    0.265998523E-16
    0.280388756E-16
    0.233281414E-16
    0.258094075E-16
    0.251355712E-16
    0.246505422E-16
    0.255314558E-16
    0.250263006E-16
    0.271008386E-16
    0.253938676E-16
    0.312064469E-16
    0.263627851E-16
    0.261478003E-16
    0.319230958E-16
    0.226829563E-16
    0.184005955E-16
    0.258196886E-16
    0.204655837E-16
    0.236497077E-16
    0.235999403E-16
    0.227611700E-16
    0.219603422E-16
    0.220531929E-16
    0.256637487E-16
    0.319946231E-16
    0.188063395E-16
    0.243909761E-16
    0.252396350E-16
    0.214515365E-16
    0.285149210E-16
    0.227046484E-16
    0.295070000E-16
    0.252689547E-16
    0.187185963E-16
    0.279558626E-16
    0.274513454E-16
    0.257192453E-16
    0.220482261E-16
    0.199669093E-16
    0.246309491E-16
    0.236460234E-16
    0.219396075E-16
    0.184984104E-16
    0.231811898E-16
    0.280283473E-16
    0.216809835E-16
    0.279863272E-16
    0.217470534E-16
    0.257458739E-16
    0.281717313E-16
    0.218731012E-16
    0.227940870E-16
    0.207230230E-16
    0.247765281E-16
    0.226917627E-16
    0.295263869E-16
    0.246159648E-16
    0.171455647E-16
    0.292614080E-16
    0.263087787E-16
    0.232328355E-16
    0.200484659E-16
    0.200076488E-16
    0.274029128E-16
    0.199479839E-16
    0.226581672E-16
    0.225344077E-16
    0.203840971E-16
    0.302959071E-16
    0.262605728E-16
    0.258440256E-16
    0.231272358E-16
    0.242863246E-16
    0.262561973E-16
    0.233096124E-16
    0.274383914E-16
    0.211930940E-16
    0.309571301E-16
    0.268653740E-16
    0.235595941E-16
    0.266268471E-16
    0.283795442E-16
    0.357813690E-16
    0.223808075E-16
    0.248188775E-16
    0.312344364E-16
    0.258748940E-16
    0.323951777E-16
    0.261289002E-16
    0.252642313E-16
    0.420954823E-16
    0.382695517E-16
    0.408739869E-16
    0.441643109E-16
    0.383521177E-16
    0.408807174E-16
    0.365758907E-16
    0.421120433E-16
    0.332172091E-16
    0.309850385E-16
    0.417232428E-16
    0.533403879E-16
    0.326551569E-16
    0.309107707E-16
    0.314832904E-16
    0.396309713E-16
    0.301114889E-16
    0.256460433E-16
    0.271850217E-16
    0.259123303E-16
    0.219785309E-16
    0.246117203E-16
    0.251841136E-16
    0.215578741E-16
    0.339226260E-16
    0.281312548E-16
    0.309395093E-16
    0.328704004E-16
    0.289189335E-16
    0.387152581E-16
    0.257592330E-16
    0.300665386E-16
    0.337196654E-16
    0.292995276E-16
    0.328736755E-16
    0.256500162E-16
    0.321337923E-16
    0.263326325E-16
    0.278473281E-16
    0.220132662E-16
    0.234837354E-16
    0.214482480E-16
    0.315776916E-16
    0.268981856E-16
    0.244248008E-16
    0.238791041E-16
    0.399705432E-16
    0.295551142E-16
    0.328657628E-16
    0.328075563E-16
    0.316828267E-16
    0.327360375E-16
    0.255754123E-16
    0.254794030E-16
    0.209744412E-16
    0.249789443E-16
    0.297363002E-16
    0.259892814E-16
    0.325009682E-16
    0.209645616E-16
    0.254306202E-16
    0.254663866E-16
    0.319496280E-16
    0.283434695E-16
    0.265805579E-16
    0.289189456E-16
    0.265629557E-16
    0.198299373E-16
    0.364616841E-16
    0.331977707E-16
    0.398524104E-16
    0.499549736E-16
    0.634014230E-16
    0.724324535E-16
    0.925296676E-16
    0.118567976E-15
    0.162627067E-15
    0.237890126E-15
    0.359905823E-15
    0.501574099E-15
    0.688710842E-15
    0.990617647E-15
    0.142496770E-14
    0.197447662E-14
    0.281642019E-14
    0.397414793E-14
    0.552698548E-14
    0.792956171E-14
    0.108642622E-13
    0.149452455E-13
    0.203551140E-13
    0.275969814E-13
    0.374298804E-13
    0.509632030E-13
    0.687375008E-13
    0.921698992E-13
    0.123123024E-12
    0.165159037E-12
    0.219939409E-12
    0.290160813E-12
    0.384173936E-12
    0.506457112E-12
    0.666966447E-12
    0.875217855E-12
    0.114166898E-11
    0.148857620E-11
    0.193589829E-11
    0.251130945E-11
    0.324985358E-11
    0.419681203E-11
    0.540201359E-11
    0.694171919E-11
    0.889980565E-11
    0.113844643E-10
    0.145336920E-10
    0.185152178E-10
    0.235246329E-10
    0.298396411E-10
    0.377583283E-10
    0.476987097E-10
    0.601140838E-10
    0.756010387E-10
    0.949383056E-10
    0.118964943E-09
    0.148732610E-09
    0.185637975E-09
    0.231237475E-09
    0.287597818E-09
    0.356932301E-09
    0.442160719E-09
    0.546759641E-09
    0.674806956E-09
    0.831350340E-09
    0.102241497E-08
    0.125506885E-08
    0.153803386E-08
    0.188132499E-08
    0.229732968E-08
    0.280021201E-08
    0.340745728E-08
    0.413894379E-08
    0.501916438E-08
    0.607611570E-08
    0.734298497E-08
    0.885912850E-08
    0.106703816E-07
    0.128301183E-07
    0.154019141E-07
    0.184583340E-07
    0.220851267E-07
    0.263811975E-07
    0.314622985E-07
    0.374620024E-07
    0.445339015E-07
    0.528570432E-07
    0.626367753E-07
    0.741097247E-07
    0.875487813E-07
    0.103264362E-06
    0.121614644E-06
    0.143008583E-06
    0.167911620E-06
    0.196857357E-06
    0.230450683E-06
    0.269379503E-06
    0.314424721E-06
    0.366471603E-06
    0.426524034E-06
    0.495708897E-06
    0.575302715E-06
    0.666747477E-06
    0.771659612E-06
    0.891852172E-06
    0.102936746E-05
    0.118648409E-05
    0.136576680E-05
    0.157006150E-05
    0.180255578E-05
    0.206680255E-05
    0.236674547E-05
    0.270678028E-05
    0.309177872E-05
    0.352714489E-05
    0.401886496E-05
    0.457354841E-05
    0.519851432E-05
    0.590181516E-05
    0.669235104E-05
    0.757988403E-05
    0.857518595E-05
    0.969006686E-05
    0.109374641E-04
    0.123315755E-04
    0.138879392E-04
    0.156235247E-04
    0.175568814E-04
    0.197082303E-04
    0.220996166E-04
    0.247550207E-04
    0.277005492E-04
    0.309645278E-04
    0.345777123E-04
    0.385734367E-04
    0.429877898E-04
    0.478598416E-04
    0.532318045E-04
    0.591492564E-04
    0.656613195E-04
    0.728210158E-04
    0.806853065E-04
    0.893155994E-04
    0.987777587E-04
    0.109142557E-03
    0.120485901E-03
    0.132889060E-03
    0.146439105E-03
    0.161229166E-03
    0.177358654E-03
    0.194933883E-03
    0.214068124E-03
    0.234882158E-03
    0.257504489E-03
    0.282071970E-03
    0.308730062E-03
    0.337633137E-03
    0.368945097E-03
    0.402839722E-03
    0.439501031E-03
    0.479123966E-03
    0.521914525E-03
    0.568090416E-03
    0.617881588E-03
    0.671530546E-03
    0.729292977E-03
    0.791438253E-03
    0.858249644E-03
    0.930025269E-03
    0.100707810E-02
    0.108973697E-02
    0.117834671E-02
    0.127326862E-02
    0.137488129E-02
    0.148358107E-02
    0.159978188E-02
    0.172391663E-02
    0.185643691E-02
    0.199781453E-02
    0.214854042E-02
    0.230912632E-02
    0.248010484E-02
    0.266202960E-02
    0.285547613E-02
    0.306104186E-02
    0.327934632E-02
    0.351103208E-02
    0.375676465E-02
    0.401723260E-02
    0.429314863E-02
    0.458524822E-02
    0.489429178E-02
    0.522106290E-02
    0.556637017E-02
    0.593104597E-02
    0.631594704E-02
    0.672195413E-02
    0.714997334E-02
    0.760093329E-02
    0.807578766E-02
    0.857551313E-02
    0.910111106E-02
    0.965360512E-02
    0.102340414E-01
    0.108434894E-01
    0.114830400E-01
    0.121538054E-01
    0.128569192E-01
    0.135935341E-01
    0.143648230E-01
    0.151719773E-01
    0.160162059E-01
    0.168987352E-01
    0.178208065E-01
    0.187836764E-01
    0.197886153E-01
    0.208369055E-01
    0.219298414E-01
    0.230687263E-01
    0.242548720E-01
    0.254895985E-01
    0.267742299E-01
    0.281100941E-01
    0.294985218E-01
    0.309408441E-01
    0.324383915E-01
    0.339924882E-01
    0.356044567E-01
    0.372756104E-01
    0.390072543E-01
    0.408006823E-01
    0.426571745E-01
    0.445779949E-01
    0.465643913E-01
    0.486175904E-01
    0.507387968E-01
    0.529291906E-01
    0.551899231E-01
    0.575221192E-01
    0.599268681E-01
    0.624052277E-01
    0.649582171E-01
    0.675868166E-01
    0.702919637E-01
    0.730745537E-01
    0.759354307E-01
    0.788753938E-01
    0.818951866E-01
    0.849955026E-01
    0.881769717E-01
    0.914401705E-01
    0.947856109E-01
    0.982137417E-01
    0.101724945E+00
    0.105319534E+00
    0.108997751E+00
    0.112759764E+00
    0.116605668E+00
    0.120535478E+00
    0.124549132E+00
    0.128646485E+00
    0.132827308E+00
    0.137091290E+00
    0.141438030E+00
    0.145867042E+00
    0.150377750E+00
    0.154969483E+00
    0.159641485E+00
    0.164392899E+00
    0.169222781E+00
    0.174130087E+00
    0.179113680E+00
    0.184172322E+00
    0.189304685E+00
    0.194509338E+00
    0.199784755E+00
    0.205129311E+00
    0.210541286E+00
    0.216018858E+00
    0.221560111E+00
    0.227163034E+00
    0.232825517E+00
    0.238545357E+00
    0.244320254E+00
    0.250147819E+00
    0.256025571E+00
    0.261950933E+00
    0.267921248E+00
    0.273933768E+00
    0.279985657E+00
    0.286074001E+00
    0.292195803E+00
    0.298347989E+00
    0.304527407E+00
    0.310730833E+00
    0.316954970E+00
    0.323196460E+00
    0.329451872E+00
    0.335717716E+00
    0.341990447E+00
    0.348266461E+00
    0.354542105E+00
    0.360813677E+00
    0.367077430E+00
    0.373329580E+00
    0.379566304E+00
    0.385783748E+00
    0.391978028E+00
    0.398145237E+00
    0.404281449E+00
    0.410382719E+00
    0.416445097E+00
    0.422464618E+00
    0.428437321E+00
    0.434359242E+00
    0.440226430E+00
    0.446034935E+00
    0.451780832E+00
    0.457460207E+00
    0.463069181E+00
    0.468603895E+00
    0.474060523E+00
    0.479435284E+00
    0.484724436E+00
    0.489924282E+00
    0.495031181E+00
    0.500041540E+00
    0.504951832E+00
    0.509758590E+00
    0.514458418E+00
    0.519047990E+00
    0.523524054E+00
    0.527883440E+00
    0.532123060E+00
    0.536239914E+00
    0.540231094E+00
    0.544093783E+00
    0.547825258E+00
    0.551422908E+00
    0.554884210E+00
    0.558206759E+00
    0.561388254E+00
    0.564426509E+00
    0.567319449E+00
    0.570065111E+00
    0.572661662E+00
    0.575107377E+00
    0.577400663E+00
    0.579540044E+00
    0.581524174E+00
    0.583351825E+00
    0.585021909E+00
    0.586533457E+00
    0.587885634E+00
    0.589077733E+00
    0.590109179E+00
    0.590979528E+00
    0.591688464E+00
    0.592235807E+00
    0.592621507E+00
    0.592845635E+00
    0.592908405E+00
    0.592810150E+00
    0.592551334E+00
    0.592132549E+00
    0.591554512E+00
    0.590818062E+00
    0.589924162E+00
    0.588873899E+00
    0.587668470E+00
    0.586309201E+00
    0.584797523E+00
    0.583134987E+00
    0.581323251E+00
    0.579364080E+00
    0.577259347E+00
    0.575011022E+00
    0.572621185E+00
    0.570091998E+00
    0.567425730E+00
    0.564624731E+00
    0.561691443E+00
    0.558628391E+00
    0.555438181E+00
    0.552123495E+00
    0.548687087E+00
    0.545131785E+00
    0.541460480E+00
    0.537676128E+00
    0.533781741E+00
    0.529780393E+00
    0.525675207E+00
    0.521469348E+00
    0.517166032E+00
    0.512768516E+00
    0.508280091E+00
    0.503704085E+00
    0.499043851E+00
    0.494302769E+00
    0.489484244E+00
    0.484591700E+00
    0.479628574E+00
    0.474598316E+00
    0.469504386E+00
    0.464350246E+00
    0.459139365E+00
    0.453875208E+00
    0.448561237E+00
    0.443200901E+00
    0.437797648E+00
    0.432354904E+00
    0.426876085E+00
    0.421364585E+00
    0.415823780E+00
    0.410257017E+00
    0.404667620E+00
    0.399058885E+00
    0.393434073E+00
    0.387796415E+00
    0.382149105E+00
    0.376495304E+00
    0.370838127E+00
    0.365180653E+00
    0.359525916E+00
    0.353876907E+00
    0.348236571E+00
    0.342607804E+00
    0.336993455E+00
    0.331396322E+00
    0.325819150E+00
    0.320264637E+00
    0.314735422E+00
    0.309234092E+00
    0.303763180E+00
    0.298325158E+00
    0.292922445E+00
    0.287557404E+00
    0.282232335E+00
    0.276949482E+00
    0.271711033E+00
    0.266519108E+00
    0.261375774E+00
    0.256283035E+00
    0.251242833E+00
    0.246257053E+00
    0.241327515E+00
    0.236455979E+00
    0.231644143E+00
    0.226893648E+00
    0.222206068E+00
    0.217582920E+00
    0.213025662E+00
    0.208535684E+00
    0.204114325E+00
    0.199762858E+00
    0.195482500E+00
    0.191274405E+00
    0.187139674E+00
    0.183079343E+00
    0.179094398E+00
    0.175185762E+00
    0.171354308E+00
    0.167600850E+00
    0.163926148E+00
    0.160330909E+00
    0.156815788E+00
    0.153381385E+00
    0.150028255E+00
    0.146756898E+00
    0.143567769E+00
    0.140461273E+00
    0.137437769E+00
    0.134497571E+00
    0.131640949E+00
    0.128868128E+00
    0.126179294E+00
    0.123574589E+00
    0.121054118E+00
    0.118617945E+00
    0.116266098E+00
    0.113998569E+00
    0.111815314E+00
    0.109716256E+00
    0.107701281E+00
    0.105770249E+00
    0.103922983E+00
    0.102159280E+00
    0.100478905E+00
    0.988815941E-01
    0.973670569E-01
    0.959349729E-01
    0.945849978E-01
    0.933167582E-01
    0.921298568E-01
    0.910238684E-01
    0.899983416E-01
    0.890528043E-01
    0.881867517E-01
    0.873996604E-01
    0.866909777E-01
    0.860601249E-01
    0.855064973E-01
    0.850294655E-01
    0.846283703E-01
    0.843025263E-01
    0.840512206E-01
    0.838737078E-01
    0.837692177E-01
    0.837369454E-01
    0.837760576E-01
    0.838856873E-01
    0.840649344E-01
    0.843128652E-01
    0.846285099E-01
    0.850108642E-01
    0.854588851E-01
    0.859714935E-01
    0.865475708E-01
    0.871859574E-01
    0.878854551E-01
    0.886448231E-01
    0.894627787E-01
    0.903379966E-01
    0.912691082E-01
    0.922547003E-01
    0.932933163E-01
    0.943834545E-01
    0.955235683E-01
    0.967120664E-01
    0.979473123E-01
    0.992276241E-01
    0.100551276E+00
    0.101916498E+00
    0.103321476E+00
    0.104764351E+00
    0.106243227E+00
    0.107756160E+00
    0.109301171E+00
    0.110876237E+00
    0.112479302E+00
    0.114108270E+00
    0.115761011E+00
    0.117435363E+00
    0.119129132E+00
    0.120840093E+00
    0.122565995E+00
    0.124304563E+00
    0.126053497E+00
    0.127810478E+00
    0.129573167E+00
    0.131339212E+00
    0.133106245E+00
    0.134871889E+00
    0.136633761E+00
    0.138389470E+00
    0.140136627E+00
    0.141872841E+00
    0.143595725E+00
    0.145302901E+00
    0.146992000E+00
    0.148660665E+00
    0.150306556E+00
    0.151927352E+00
    0.153520754E+00
    0.155084487E+00
    0.156616306E+00
    0.158113996E+00
    0.159575376E+00
    0.160998302E+00
    0.162380672E+00
    0.163720424E+00
    0.165015545E+00
    0.166264068E+00
    0.167464078E+00
    0.168613716E+00
    0.169711178E+00
    0.170754719E+00
    0.171742658E+00
    0.172673378E+00
    0.173545327E+00
    0.174357025E+00
    0.175107063E+00
    0.175794104E+00
    0.176416888E+00
    0.176974235E+00
    0.177465041E+00
    0.177888286E+00
    0.178243033E+00
    0.178528429E+00
    0.178743709E+00
    0.178888196E+00
    0.178961301E+00
    0.178962526E+00
    0.178891463E+00
    0.178747800E+00
    0.178531312E+00
    0.178241874E+00
    0.177879451E+00
    0.177444103E+00
    0.176935985E+00
    0.176355347E+00
    0.175702533E+00
    0.174977981E+00
    0.174182222E+00
    0.173315880E+00
    0.172379673E+00
    0.171374407E+00
    0.170300981E+00
    0.169160379E+00
    0.167953675E+00
    0.166682027E+00
    0.165346677E+00
    0.163948948E+00
    0.162490242E+00
    0.160972039E+00
    0.159395891E+00
    0.157763424E+00
    0.156076331E+00
    0.154336371E+00
    0.152545368E+00
    0.150705201E+00
    0.148817808E+00
    0.146885180E+00
    0.144909353E+00
    0.142892412E+00
    0.140836482E+00
    0.138743724E+00
    0.136616334E+00
    0.134456536E+00
    0.132266580E+00
    0.130048738E+00
    0.127805296E+00
    0.125538554E+00
    0.123250822E+00
    0.120944413E+00
    0.118621640E+00
    0.116284812E+00
    0.113936228E+00
    0.111578179E+00
    0.109212937E+00
    0.106842752E+00
    0.104469853E+00
    0.102096440E+00
    0.997246811E-01
    0.973567098E-01
    0.949946211E-01
    0.926404670E-01
    0.902962560E-01
    0.879639475E-01
    0.856454502E-01
    0.833426187E-01
    0.810572516E-01
    0.787910897E-01
    0.765458112E-01
    0.743230326E-01
    0.721243045E-01
    0.699511120E-01
    0.678048717E-01
    0.656869308E-01
    0.635985656E-01
    0.615409814E-01
    0.595153111E-01
    0.575226150E-01
    0.555638796E-01
    0.536400183E-01
    0.517518710E-01
    0.499002047E-01
    0.480857122E-01
    0.463090145E-01
    0.445706607E-01
    0.428711282E-01
    0.412108249E-01
    0.395900888E-01
    0.380091902E-01
    0.364683329E-01
    0.349676562E-01
    0.335072347E-01
    0.320870819E-01
    0.307071513E-01
    0.293673382E-01
    0.280674821E-01
    0.268073680E-01
    0.255867294E-01
    0.244052500E-01
    0.232625662E-01
    0.221582694E-01
    0.210919081E-01
    0.200629904E-01
    0.190709868E-01
    0.181153318E-01
    0.171954274E-01
    0.163106442E-01
    0.154603253E-01
    0.146437876E-01
    0.138603246E-01
    0.131092088E-01
    0.123896940E-01
    0.117010171E-01
    0.110424019E-01
    0.104130591E-01
    0.981219004E-02
    0.923898836E-02
    0.869264178E-02
    0.817233459E-02
    0.767724889E-02
    0.720656677E-02
    0.675947214E-02
    0.633515218E-02
    0.593279900E-02
    0.555161123E-02
    0.519079505E-02
    0.484956622E-02
    0.452715054E-02
    0.422278566E-02
    0.393572160E-02
    0.366522237E-02
    0.341056622E-02
    0.317104686E-02
    0.294597407E-02
    0.273467440E-02
    0.253649161E-02
    0.235078753E-02
    0.217694200E-02
    0.201435335E-02
    0.186243911E-02
    0.172063561E-02
    0.158839847E-02
    0.146520268E-02
    0.135054232E-02
    0.124393101E-02
    0.114490137E-02
    0.105300512E-02
    0.967812948E-03
    0.888913971E-03
    0.815915842E-03
    0.748444165E-03
    0.686142276E-03
    0.628670896E-03
    0.575707637E-03
    0.526946658E-03
    0.482098117E-03
    0.440887857E-03
    0.403056820E-03
    0.368360569E-03
    0.336568800E-03
    0.307464862E-03
    0.280845104E-03
    0.256518573E-03
    0.234306350E-03
    0.214040973E-03
    0.195566127E-03
    0.178735909E-03
    0.163414478E-03
    0.149475491E-03
    0.136801577E-03
    0.125284001E-03
    0.114822014E-03
    0.105322492E-03
    0.966995220E-04
    0.888738807E-04
    0.817727295E-04
    0.753291248E-04
    0.694816606E-04
    0.641741196E-04
    0.593550973E-04
    0.549776856E-04
    0.509991319E-04
    0.473805201E-04
    0.440865191E-04
    0.410850977E-04
    0.383472173E-04
    0.358466651E-04
    0.335597609E-04
    0.314651638E-04
    0.295436921E-04
    0.277780811E-04
    0.261528634E-04
    0.246541687E-04
    0.232695910E-04
    0.219880431E-04
    0.207996114E-04
    0.196954653E-04
    0.186677336E-04
    0.177093948E-04
    0.168142058E-04
    0.159765976E-04
    0.151916187E-04
    0.144548499E-04
    0.137623521E-04
    0.131106102E-04
    0.124964816E-04
    0.119171425E-04
    0.113700748E-04
    0.108529947E-04
    0.103638327E-04
    0.990074192E-05
    0.946201798E-05
    0.904610837E-05
    0.865159846E-05
    0.827716790E-05
    0.792162025E-05
    0.758382553E-05
    0.726273354E-05
    0.695737321E-05
    0.666682097E-05
    0.639021630E-05
    0.612674621E-05
    0.587563528E-05
    0.563616372E-05
    0.540764202E-05
    0.518941504E-05
    0.498086702E-05
    0.478141095E-05
    0.459049696E-05
    0.440760223E-05
    0.423222947E-05
    0.406391809E-05
    0.390222588E-05
    0.374674461E-05
    0.359709629E-05
    0.345291425E-05
    0.331387052E-05
    0.317965418E-05
    0.304998029E-05
    0.292459115E-05
    0.280323756E-05
    0.268570795E-05
    0.257180023E-05
    0.246133304E-05
    0.235414726E-05
    0.225009562E-05
    0.214905121E-05
    0.205090331E-05
    0.195554852E-05
    0.186290426E-05
    0.177289434E-05
    0.168545650E-05
    0.160053859E-05
    0.151809496E-05
    0.143808793E-05
    0.136049180E-05
    0.128527841E-05
    0.121243125E-05
    0.114193633E-05
    0.107377996E-05
    0.100795587E-05
    0.944454972E-06
    0.883273022E-06
    0.824403155E-06
    0.767840764E-06
    0.713579706E-06
    0.661611007E-06
    0.611927848E-06
    0.564517919E-06
    0.519368524E-06
    0.476464217E-06
    0.435785294E-06
    0.397310569E-06
    0.361014889E-06
    0.326869996E-06
    0.294844080E-06
    0.264902891E-06
    0.237006256E-06
    0.211113888E-06
    0.187179750E-06
    0.165154339E-06
    0.144987531E-06
    0.126623549E-06
    0.110004863E-06
    0.950714445E-07
    0.817602439E-07
    0.700064586E-07
    0.597426891E-07
    0.509005653E-07
    0.434088369E-07
    0.371965919E-07
    0.321905307E-07
    0.283170952E-07
    0.255025328E-07
    0.236718891E-07
    0.227515136E-07
    0.226671164E-07
    0.233447123E-07
    0.247125719E-07
    0.266984024E-07
    0.292321004E-07
    0.322451236E-07
    0.356698230E-07
    0.394414362E-07
    0.434974884E-07
    0.477765590E-07
    0.522211777E-07
    0.567757020E-07
    0.613884406E-07
    0.660088166E-07
    0.705910524E-07
    0.750917018E-07
    0.794710959E-07
    0.836928891E-07
    0.877231277E-07
    0.915329003E-07
    0.950960227E-07
    0.983885246E-07
    0.101392870E-06
    0.104092830E-06
    0.106474716E-06
    0.108531184E-06
    0.110255826E-06
    0.111645470E-06
    0.112702144E-06
    0.113427786E-06
    0.113829008E-06
    0.113916718E-06
    0.113700591E-06
    0.113196102E-06
    0.112419265E-06
    0.111389187E-06
    0.110124796E-06
    0.108651120E-06
    0.106989777E-06
    0.105166412E-06
    0.103208355E-06
    0.101142032E-06
    0.989962365E-07
    0.967999385E-07
    0.945808325E-07
    0.923702865E-07
    0.901970719E-07
    0.880897302E-07
    0.860779349E-07
    0.841895670E-07
    0.824523708E-07
    0.808931234E-07
    0.795378603E-07
    0.784101973E-07
    0.775343397E-07
    0.769315911E-07
    0.766220288E-07
    0.766250319E-07
    0.769570357E-07
    0.776315543E-07
    0.786649910E-07
    0.800666013E-07
    0.818437319E-07
    0.840063618E-07
    0.865575539E-07
    0.895017438E-07
    0.928384663E-07
    0.965662638E-07
    0.100683091E-06
    0.105182357E-06
    0.110057229E-06
    0.115299540E-06
    0.120895000E-06
    0.126833883E-06
    0.133099878E-06
    0.139677219E-06
    0.146548817E-06
    0.153693759E-06
    0.161092700E-06
    0.168723791E-06
    0.176564472E-06
    0.184590612E-06
    0.192776576E-06
    0.201098972E-06
    0.209530956E-06
    0.218044334E-06
    0.226615265E-06
    0.235214684E-06
    0.243817255E-06
    0.252394873E-06
    0.260919672E-06
    0.269367946E-06
    0.277710344E-06
    0.285922735E-06
    0.293981782E-06
    0.301858935E-06
    0.309533972E-06
    0.316983694E-06
    0.324184650E-06
    0.331118676E-06
    0.337764341E-06
    0.344103018E-06
    0.350119534E-06
    0.355797297E-06
    0.361121389E-06
    0.366078637E-06
    0.370657738E-06
    0.374847881E-06
    0.378639189E-06
    0.382027313E-06
    0.385002931E-06
    0.387563269E-06
    0.389704757E-06
    0.391424145E-06
    0.392723261E-06
    0.393601026E-06
    0.394059265E-06
    0.394104460E-06
    0.393737129E-06
    0.392965254E-06
    0.391795868E-06
    0.390235565E-06
    0.388293877E-06
    0.385981576E-06
    0.383306596E-06
    0.380283400E-06
    0.376922893E-06
    0.373237569E-06
    0.369241130E-06
    0.364948158E-06
    0.360371890E-06
    0.355527611E-06
    0.350432381E-06
    0.345099619E-06
    0.339544941E-06
    0.333785472E-06
    0.327835664E-06
    0.321713007E-06
    0.315432163E-06
    0.309008660E-06
    0.302460116E-06
    0.295800092E-06
    0.289044538E-06
    0.282208789E-06
    0.275306969E-06
    0.268353409E-06
    0.261362881E-06
    0.254348038E-06
    0.247321971E-06
    0.240298707E-06
    0.233288160E-06
    0.226303628E-06
    0.219355625E-06
    0.212454748E-06
    0.205610390E-06
    0.198833853E-06
    0.192132564E-06
    0.185514435E-06
    0.178988190E-06
    0.172560621E-06
    0.166238811E-06
    0.160028144E-06
    0.153934113E-06
    0.147962583E-06
    0.142117275E-06
    0.136402248E-06
    0.130821023E-06
    0.125376405E-06
    0.120070978E-06
    0.114906570E-06
    0.109885158E-06
    0.105006879E-06
    0.100273986E-06
    0.956853917E-07
    0.912419750E-07
    0.869432719E-07
    0.827885244E-07
    0.787763466E-07
    0.749064646E-07
    0.711767633E-07
    0.675851216E-07
    0.641301358E-07
    0.608094999E-07
    0.576211715E-07
    0.545621043E-07
    0.516295638E-07
    0.488214536E-07
    0.461341972E-07
    0.435652022E-07
    0.411110319E-07
    0.387687234E-07
    0.365351031E-07
    0.344067136E-07
    0.323805822E-07
    0.304529947E-07
    0.286210356E-07
    0.268812016E-07
    0.252299994E-07
    0.236647027E-07
    0.221815233E-07
    0.207774713E-07
    0.194493101E-07
    0.181941785E-07
    0.170084604E-07
    0.158897002E-07
    0.148346200E-07
    0.138407113E-07
    0.129048163E-07
    0.120242098E-07
    0.111965638E-07
    0.104190456E-07
    0.968924213E-08
    0.900469389E-08
    0.836301907E-08
    0.776219225E-08
    0.719979446E-08
    0.667395024E-08
    0.618249239E-08
    0.572361810E-08
    0.529546162E-08
    0.489612558E-08
    0.452414744E-08
    0.417776369E-08
    0.385543762E-08
    0.355574512E-08
    0.327736728E-08
    0.301881838E-08
    0.277899078E-08
    0.255662560E-08
    0.235060203E-08
    0.215989444E-08
    0.198332186E-08
    0.182015927E-08
    0.166937725E-08
    0.153015153E-08
    0.140169334E-08
    0.128318704E-08
    0.117406404E-08
    0.107352735E-08
    0.981035529E-09
    0.895959164E-09
    0.817778993E-09
    0.745988312E-09
    0.680061831E-09
    0.619615972E-09
    0.564222581E-09
    0.513441188E-09
    0.466969086E-09
    0.424462224E-09
    0.385601865E-09
    0.350090802E-09
    0.317689712E-09
    0.288090018E-09
    0.261133260E-09
    0.236526390E-09
    0.214140612E-09
    0.193766568E-09
    0.175228928E-09
    0.158382886E-09
    0.143065000E-09
    0.129181135E-09
    0.116578242E-09
    0.105145795E-09
    0.947909612E-10
    0.854084759E-10
    0.769281925E-10
    0.692451561E-10
    0.623076387E-10
    0.560441494E-10
    0.503823391E-10
    0.452728373E-10
    0.406738341E-10
    0.365241961E-10
    0.327861414E-10
    0.294242224E-10
    0.263939265E-10
    0.236712057E-10
    0.212248568E-10
    0.190237312E-10
    0.170548455E-10
    0.152807247E-10
    0.136936381E-10
    0.122641507E-10
    0.109892689E-10
    0.984513524E-11
    0.881767641E-11
    0.789950401E-11
    0.707632543E-11
    0.634157692E-11
    0.568208878E-11
    0.509216742E-11
    0.456557514E-11
    0.409352225E-11
    0.366966532E-11
    0.329395498E-11
    0.295587881E-11
    0.265412674E-11
    0.238395022E-11
    0.214269063E-11
    0.192544591E-11
    0.173245803E-11
    0.155835734E-11
    0.140385707E-11
    0.126355558E-11
    0.113882900E-11
    0.102605591E-11
    0.926396968E-12
    0.836493661E-12
    0.755226077E-12
    0.682607820E-12
    0.617347341E-12
    0.558762846E-12
    0.505804073E-12
    0.457884801E-12
    0.414696526E-12
    0.375960261E-12
    0.340360852E-12
    0.309016791E-12
    0.280489415E-12
    0.254611462E-12
    0.231419888E-12
    0.210482331E-12
    0.191329736E-12
    0.173708798E-12
    0.157963020E-12
    0.143724969E-12
    0.130463783E-12
    0.118654802E-12
    0.107921657E-12
    0.983776810E-13
    0.895715931E-13
    0.814784635E-13
    0.742772966E-13
    0.674759858E-13
    0.614485855E-13
    0.557244478E-13
    0.506843515E-13
    0.460438524E-13
    0.419074997E-13
    0.380785351E-13
    0.346511600E-13
    0.316023767E-13
    0.287223748E-13
    0.261032968E-13
    0.236562870E-13
    0.214411995E-13
    0.193199382E-13
    0.174880125E-13
    0.159222919E-13
    0.144128424E-13
    0.130681147E-13
    0.118600754E-13
    0.107124575E-13
    0.969040509E-14
    0.872672544E-14
    0.795733411E-14
    0.711957331E-14
    0.644650416E-14
    0.576463530E-14
    0.520546497E-14
    0.469897903E-14
    0.421310068E-14
    0.375003815E-14
    0.340391330E-14
    0.301833973E-14
    0.277960297E-14
    0.247711638E-14
    0.222669723E-14
    0.196950146E-14
    0.178528666E-14
    0.159808979E-14
    0.140234579E-14
    0.126682352E-14
    0.113582685E-14
    0.983777792E-15
    0.866079252E-15
    0.786936026E-15
    0.700775476E-15
    0.641284148E-15
    0.564006169E-15
    0.514929302E-15
    0.439665789E-15
    0.411791680E-15
    0.352989124E-15
    0.321395675E-15
    0.261326614E-15
    0.253417108E-15
    0.195921664E-15
    0.203877481E-15
    0.174931128E-15
    0.163172355E-15
    0.141003558E-15
    0.141829282E-15
    0.121382854E-15
    0.100535370E-15
    0.848472345E-16
    0.944879963E-16
    0.714757825E-16
    0.704208867E-16
    0.617419434E-16
    0.564695788E-16
    0.542116729E-16
    0.516558744E-16
    0.442451544E-16
    0.458589508E-16
    0.441982980E-16
    0.356985845E-16
    0.366613080E-16
    0.380849539E-16
    0.363664276E-16
    0.324628260E-16
    0.393696676E-16
    0.294528016E-16
    0.308617454E-16
    0.362441231E-16
    0.401821394E-16
    0.304028996E-16
    0.217826822E-16
    0.294016600E-16
    0.275207018E-16
    0.261313810E-16
    0.417480662E-16
    0.222237287E-16
    0.245562729E-16
    0.241380186E-16
    0.244452358E-16
    0.309142042E-16
    0.253626810E-16
    0.276230465E-16
    0.239055540E-16
    0.284097350E-16
    0.224219442E-16
    0.240425570E-16
    0.304319978E-16
    0.306390332E-16
    0.257859795E-16
    0.289989401E-16
    0.261471297E-16
    0.268808185E-16
    0.281830811E-16
    0.240808202E-16
    0.290478662E-16
    0.262667162E-16
    0.273591345E-16
    0.311548878E-16
    0.212394387E-16
    0.243266411E-16
    0.265520086E-16
    0.302087249E-16
    0.233096413E-16
    0.214664567E-16
    0.241713243E-16
    0.262338428E-16
    0.270506340E-16
    0.288228458E-16
    0.303828788E-16
    0.285572076E-16
    0.246866697E-16
    0.286882883E-16
    0.236170180E-16
    0.242784031E-16
    0.182697320E-16
    0.291744959E-16
    0.350769605E-16
    0.288806131E-16
    0.182214155E-16
    0.305463163E-16
    0.344248519E-16
    0.301336363E-16
    0.256649300E-16
    0.244172266E-16
    0.262856479E-16
    0.211955605E-16
    0.292164496E-16
    0.299798252E-16
    0.281107243E-16
    0.304116342E-16
    0.244861077E-16
    0.295749713E-16
    0.249123941E-16
    0.295890084E-16
    0.325011962E-16
    0.296499263E-16
    0.292108403E-16
    0.286819121E-16
    0.237726524E-16
    0.294231372E-16
    0.296239196E-16
    0.260306824E-16
    0.234430057E-16
    0.299792846E-16
    0.289404874E-16
    0.305587210E-16
    0.229484846E-16
    0.237088236E-16
    0.216712779E-16
    0.270258707E-16
    0.257959747E-16
    0.228941521E-16
    0.213303045E-16
    0.285910534E-16
    0.233282061E-16
    0.231064682E-16
    0.316529998E-16
    0.269061326E-16
    0.323146250E-16
    0.309657437E-16
    0.259390516E-16
    0.220957074E-16
    0.261074609E-16
    0.279561180E-16
    0.309296741E-16
    0.262900331E-16
    0.292889311E-16
    0.302568957E-16
    0.282964772E-16
    0.258881828E-16
    0.192047367E-16
    0.314143597E-16
    0.293933348E-16
    0.196381789E-16
    0.288365959E-16
    0.257755471E-16
    0.311086075E-16
    0.263813260E-16
    0.249945300E-16
    0.234420072E-16
    0.281541086E-16
    0.300325218E-16
    0.280788741E-16
    0.284596745E-16
    0.273162344E-16
    0.318476195E-16
    0.262508406E-16
    0.284839640E-16
    0.267202423E-16
    0.239820482E-16
    0.240751364E-16
    0.381581146E-16
    0.347312509E-16
    0.283356001E-16
    0.280508084E-16
    0.235630082E-16
    0.251474339E-16
    0.304812889E-16
    0.276981560E-16
    0.295227266E-16
    0.175113156E-16
    0.278302212E-16
    0.275854963E-16
    0.289041322E-16
    0.288207208E-16
    0.282368318E-16
    0.347755324E-16
    0.306233409E-16
    0.266510367E-16
    0.159354042E-16
    0.266720575E-16
    0.277785362E-16
    0.314213974E-16
    0.222702919E-16
    0.321004441E-16
    0.309345124E-16
    0.233123451E-16
    0.218015837E-16
    0.300625516E-16
    0.348324548E-16
    0.208996865E-16
    0.236481741E-16
    0.317837125E-16
    0.268049972E-16
    0.358388733E-16
    0.260597013E-16
    0.252497212E-16
    0.235418828E-16
    0.252195887E-16
    0.301259678E-16
    0.310849232E-16
    0.362512494E-16
    0.243531516E-16
    0.281219242E-16
    0.349710134E-16
    0.276391375E-16
    0.286216862E-16
    0.251547256E-16
    0.248168573E-16
    0.335019230E-16
    0.292631919E-16
    0.241758261E-16
    0.333386656E-16
    0.280172551E-16
    0.291093369E-16
    0.291953078E-16
    0.315885352E-16
    0.248503234E-16
    0.291692827E-16
    0.226658216E-16
    0.238664991E-16
    0.270166861E-16
    0.349834233E-16
    0.249891564E-16
    0.289136305E-16
    0.300845158E-16
    0.242490961E-16
    0.273755322E-16
    0.301012038E-16
    0.301569027E-16
    0.240735870E-16
    0.290039312E-16
    0.307759557E-16
    0.259322067E-16
    0.264836414E-16
    0.286471311E-16
    0.307818373E-16
    0.294560846E-16
    0.218060917E-16
    0.276132453E-16
    0.279430026E-16
    0.364482306E-16
    0.310201725E-16
    0.279380160E-16
    0.223463069E-16
    0.259732285E-16
    0.284936138E-16
    0.280619231E-16
    0.324345289E-16
    0.247597035E-16
    0.308261178E-16
    0.307423770E-16
    0.313175651E-16
    0.338299440E-16
    0.289952472E-16
    0.213003897E-16
    0.319413736E-16
    0.317280915E-16
    0.294545668E-16
    0.356277382E-16
    0.254070226E-16
    0.266322635E-16
    0.283408693E-16
    0.283898133E-16
    0.348318033E-16
    0.259164938E-16
    0.223703710E-16
    0.324915512E-16
    0.251112928E-16
    0.291678963E-16
    0.234690150E-16
    0.302573279E-16
    0.247688450E-16
    0.245341532E-16
    0.279003975E-16
    0.324330688E-16
    0.287278539E-16
    0.269817437E-16
    0.250395030E-16
    0.321859463E-16
    0.267034782E-16
    0.252805332E-16
    0.251518459E-16
    0.284431532E-16
    0.330551285E-16
    0.248319108E-16
    0.235079626E-16
    0.223762113E-16
    0.320560799E-16
    0.298518835E-16
    0.288103092E-16
    0.209459494E-16
    0.306667651E-16
    0.248238195E-16
    0.291277311E-16
    0.252794860E-16
    0.316106512E-16
    0.378075186E-16
    0.335931528E-16
    0.315052056E-16
    0.257066516E-16
    0.317051769E-16
    0.276981792E-16
    0.252626116E-16
    0.312801809E-16
    0.256276106E-16
    0.386619505E-16
    0.262087823E-16
    0.280302582E-16
    0.274461733E-16
    0.278623262E-16
    0.391501106E-16
    0.301404527E-16
    0.305576351E-16
    0.304592301E-16
    0.270043025E-16
    0.258539938E-16
    0.250710050E-16
    0.346843580E-16
    0.237700454E-16
    0.308231267E-16
    0.235611241E-16
    0.278604786E-16
    0.313611105E-16
    0.352803268E-16
    0.273160837E-16
    0.312128897E-16
    0.251387474E-16
    0.301714180E-16
    0.325200801E-16
    0.257477456E-16
    0.339156710E-16
    0.278808011E-16
    0.241607756E-16
    0.262682086E-16
    0.332114393E-16
    0.283469476E-16
    0.325213316E-16
    0.234830807E-16
    0.306562706E-16
    0.226848388E-16
    0.294585793E-16
    0.256497835E-16
    0.318844101E-16
    0.309740628E-16
    0.303080130E-16
    0.288982202E-16
    0.303152270E-16
    0.303881625E-16
    0.319374896E-16
    0.229241725E-16
    0.312602381E-16
    0.251240643E-16
    0.335259836E-16
    0.302023464E-16
    0.326745300E-16
    0.247132350E-16
    0.270332639E-16
    0.340366265E-16
    0.341720622E-16
    0.345300581E-16
    0.293965935E-16
    0.350855482E-16
    0.278927780E-16
    0.276322368E-16
    0.342406906E-16
    0.249668133E-16
    0.300749355E-16
    0.321096384E-16
    0.309156692E-16
    0.271037902E-16
    0.276321663E-16
    0.278560952E-16
    0.301495732E-16
    0.230289302E-16
    0.284313881E-16
    0.309262755E-16
    0.285088061E-16
    0.349203054E-16
    0.303206184E-16
    0.247411399E-16
    0.271370823E-16
    0.413181087E-16
    0.318556088E-16
    0.282275473E-16
    0.237312566E-16
    0.363429299E-16
    0.289246935E-16
    0.371396243E-16
    0.288622581E-16
    0.220410402E-16
    0.316264583E-16
    0.357977684E-16
    0.343654902E-16
    0.198815026E-16
    0.249243645E-16
    0.257676244E-16
    0.247888865E-16
    0.262748649E-16
    0.236340255E-16
    0.279969709E-16
    0.311734027E-16
    0.330070743E-16
    0.330175355E-16
    0.323234469E-16
    0.302736964E-16
    0.487768896E-16
    0.330537070E-16
    0.264353923E-16
    0.266011309E-16
    0.270886216E-16
    0.339627496E-16
    0.410960775E-16
    0.307091450E-16
    0.285330646E-16
    0.331478384E-16
    0.302681365E-16
    0.338975431E-16
    0.274124219E-16
    0.275143716E-16
    0.262244273E-16
    0.311274287E-16
    0.257298498E-16
    0.250489780E-16
    0.333710268E-16
    0.363523381E-16
    0.285253998E-16
    0.307569098E-16
    0.333898639E-16
    0.388390580E-16
    0.351019779E-16
    0.270223333E-16
    0.233406511E-16
    0.311015547E-16
    0.413365538E-16
    0.279557122E-16
    0.264024505E-16
    0.270382235E-16
    0.374458196E-16
    0.338688394E-16
    0.283423195E-16
    0.287554152E-16
    0.304585792E-16
    0.300762461E-16
    0.293237182E-16
    0.294812889E-16
    0.253276548E-16
    0.312751924E-16
    0.284383073E-16
    0.305306568E-16
    0.299606629E-16
    0.319409021E-16
    0.346308083E-16
    0.390545813E-16
    0.265346503E-16
    0.319712026E-16
    0.251637223E-16
    0.260267654E-16
    0.318754567E-16
    0.336496535E-16
    0.440296110E-16
    0.376746769E-16
    0.377282286E-16
    0.321953596E-16
    0.318906132E-16
    0.344660634E-16
    0.367440673E-16
    0.343911618E-16
    0.258587912E-16
    0.285371224E-16
    0.342943581E-16
    0.294993745E-16
    0.296656885E-16
    0.326036133E-16
    0.315568223E-16
    0.435727445E-16
    0.410101099E-16
    0.332539653E-16
    0.359640386E-16
    0.296396660E-16
    0.409835995E-16
    0.284669284E-16
    0.349571865E-16
    0.303642895E-16
    0.354835109E-16
    0.394248344E-16
    0.314170197E-16
    0.302384748E-16
    0.363066865E-16
    0.370207157E-16
    0.344610574E-16
    0.431879494E-16
    0.345124874E-16
    0.543237515E-16
    0.417389059E-16
    0.405705291E-16
    0.420689370E-16
    0.379035825E-16
    0.422145975E-16
    0.343153614E-16
    0.298802882E-16
    0.399005881E-16
    0.334313913E-16
    0.314500381E-16
    0.440740693E-16
    0.333500574E-16
    0.325259889E-16
    0.298068281E-16
    0.272436512E-16
    0.220170343E-16
    0.254911792E-16
    0.334089305E-16
    0.264461395E-16
    0.288902465E-16
    0.292404355E-16
    0.218521978E-16
    0.293544221E-16
    0.230950401E-16
    0.308023770E-16
    0.280715952E-16
    0.319184816E-16
    0.335732349E-16
    0.369427064E-16
    0.248978870E-16
    0.288135273E-16
    0.360881615E-16
    0.311046527E-16
    0.347058843E-16
    0.365126382E-16
    0.329664693E-16
    0.263993063E-16
    0.332318961E-16
    0.269409437E-16
    0.196465885E-16
    0.281789189E-16
    0.279431982E-16
    0.238521920E-16
    0.488625153E-16
    0.479578249E-16
    0.504515161E-16
    0.443773511E-16
    0.449558095E-16
    0.312687972E-16
    0.363496870E-16
    0.326427718E-16
    0.337604403E-16
    0.257273351E-16
    0.349549903E-16
    0.314051606E-16
    0.225511815E-16
    0.269014689E-16
    0.220015175E-16
    0.286034012E-16
    0.403128235E-16
