 #tdnd tdcion
    0.353135109E-16
    0.273601724E-16
    0.325057095E-16
    0.315644612E-16
    0.328785841E-16
    0.306776856E-16
    0.312471381E-16
    0.277633734E-16
    0.306585260E-16
    0.300840894E-16
    0.281613345E-16
    0.368053442E-16
    0.337163481E-16
    0.269202301E-16
    0.281655393E-16
    0.322102094E-16
    0.219588641E-16
    0.269212122E-16
    0.234372954E-16
    0.225677363E-16
    0.294104786E-16
    0.288430338E-16
    0.233495272E-16
    0.310177158E-16
    0.198881426E-16
    0.222808651E-16
    0.229319281E-16
    0.279212749E-16
    0.261980671E-16
    0.248048646E-16
    0.285185433E-16
    0.236326720E-16
    0.209933276E-16
    0.237385687E-16
    0.348029898E-16
    0.255582468E-16
    0.329205922E-16
    0.228207086E-16
    0.217326518E-16
    0.240713304E-16
    0.231688465E-16
    0.259363382E-16
    0.252915675E-16
    0.208276224E-16
    0.269863753E-16
    0.266390504E-16
    0.220098989E-16
    0.244904871E-16
    0.215127440E-16
    0.302402310E-16
    0.251107296E-16
    0.290787475E-16
    0.250017727E-16
    0.270453472E-16
    0.251345460E-16
    0.219820491E-16
    0.266734449E-16
    0.254897848E-16
    0.373636220E-16
    0.291315030E-16
    0.243344049E-16
    0.224807989E-16
    0.227518475E-16
    0.202711010E-16
    0.249751286E-16
    0.251564605E-16
    0.227837049E-16
    0.210502980E-16
    0.213363360E-16
    0.252431645E-16
    0.218428016E-16
    0.233101096E-16
    0.187938777E-16
    0.233608643E-16
    0.252694560E-16
    0.252248117E-16
    0.203451440E-16
    0.231223914E-16
    0.277241920E-16
    0.251746301E-16
    0.213993846E-16
    0.223418857E-16
    0.333953930E-16
    0.255932322E-16
    0.264176892E-16
    0.188079162E-16
    0.270306101E-16
    0.237897447E-16
    0.196069723E-16
    0.242653836E-16
    0.236193732E-16
    0.238073988E-16
    0.235917886E-16
    0.237304573E-16
    0.248564066E-16
    0.250530212E-16
    0.259922318E-16
    0.218675736E-16
    0.247061969E-16
    0.215493340E-16
    0.237208891E-16
    0.227365579E-16
    0.231239340E-16
    0.260292437E-16
    0.199945798E-16
    0.284313160E-16
    0.293718226E-16
    0.302128175E-16
    0.214055063E-16
    0.245535714E-16
    0.193341227E-16
    0.234796517E-16
    0.249245934E-16
    0.230746160E-16
    0.231057220E-16
    0.232309126E-16
    0.233305365E-16
    0.185831150E-16
    0.172073393E-16
    0.243969675E-16
    0.250820949E-16
    0.296259251E-16
    0.241270141E-16
    0.208761090E-16
    0.250780673E-16
    0.249205445E-16
    0.277958343E-16
    0.295260585E-16
    0.216035726E-16
    0.315125017E-16
    0.311764489E-16
    0.296783138E-16
    0.341059916E-16
    0.217010757E-16
    0.346292277E-16
    0.339419177E-16
    0.327681542E-16
    0.359791909E-16
    0.382620877E-16
    0.305940334E-16
    0.377909309E-16
    0.350320814E-16
    0.399248590E-16
    0.400369233E-16
    0.303501826E-16
    0.418202370E-16
    0.394753635E-16
    0.359233615E-16
    0.357337453E-16
    0.289645158E-16
    0.269232971E-16
    0.311503433E-16
    0.237873786E-16
    0.342834959E-16
    0.337645851E-16
    0.293299100E-16
    0.311207372E-16
    0.272048187E-16
    0.198064063E-16
    0.253237745E-16
    0.279896931E-16
    0.343121480E-16
    0.392099029E-16
    0.422588367E-16
    0.415352817E-16
    0.462263537E-16
    0.595917202E-16
    0.539554376E-16
    0.668468163E-16
    0.942090529E-16
    0.104042213E-15
    0.138404131E-15
    0.125635990E-15
    0.136166713E-15
    0.217664697E-15
    0.215496725E-15
    0.271444460E-15
    0.298337769E-15
    0.325788557E-15
    0.440800721E-15
    0.453568721E-15
    0.470204826E-15
    0.576259742E-15
    0.601622151E-15
    0.675556813E-15
    0.766221930E-15
    0.821471532E-15
    0.925816828E-15
    0.110915400E-14
    0.150727459E-14
    0.223193574E-14
    0.324813190E-14
    0.531206232E-14
    0.840006803E-14
    0.138286640E-13
    0.226185014E-13
    0.363614393E-13
    0.562361133E-13
    0.889909738E-13
    0.136996306E-12
    0.209010771E-12
    0.315317841E-12
    0.472079830E-12
    0.696583543E-12
    0.102244275E-11
    0.148886135E-11
    0.214756562E-11
    0.307593939E-11
    0.438235449E-11
    0.620011782E-11
    0.871562590E-11
    0.121906839E-10
    0.169456593E-10
    0.234466530E-10
    0.322473941E-10
    0.441787907E-10
    0.602418028E-10
    0.817611767E-10
    0.110523531E-09
    0.148727016E-09
    0.199343083E-09
    0.266180616E-09
    0.354075793E-09
    0.469148524E-09
    0.619459155E-09
    0.814900819E-09
    0.106833425E-08
    0.139569015E-08
    0.181758206E-08
    0.235885103E-08
    0.305145100E-08
    0.393515402E-08
    0.505868331E-08
    0.648293805E-08
    0.828312370E-08
    0.105516174E-07
    0.134015885E-07
    0.169723119E-07
    0.214324337E-07
    0.269887291E-07
    0.338893971E-07
    0.424385663E-07
    0.529980157E-07
    0.660068123E-07
    0.819902267E-07
    0.101575398E-06
    0.125511592E-06
    0.154688402E-06
    0.190159995E-06
    0.233179388E-06
    0.285216901E-06
    0.348006250E-06
    0.423581579E-06
    0.514318812E-06
    0.623006822E-06
    0.752873257E-06
    0.907678640E-06
    0.109177832E-05
    0.131020767E-05
    0.156876712E-05
    0.187413256E-05
    0.223396133E-05
    0.265701651E-05
    0.315331592E-05
    0.373426219E-05
    0.441281445E-05
    0.520368670E-05
    0.612352341E-05
    0.719111076E-05
    0.842761335E-05
    0.985683727E-05
    0.115054663E-04
    0.134034400E-04
    0.155841083E-04
    0.180847075E-04
    0.209466781E-04
    0.242160183E-04
    0.279436912E-04
    0.321861095E-04
    0.370055378E-04
    0.424705477E-04
    0.486566409E-04
    0.556466377E-04
    0.635313615E-04
    0.724101058E-04
    0.823914082E-04
    0.935934974E-04
    0.106145177E-03
    0.120186232E-03
    0.135868548E-03
    0.153356353E-03
    0.172827468E-03
    0.194473786E-03
    0.218502116E-03
    0.245135180E-03
    0.274612285E-03
    0.307190272E-03
    0.343144467E-03
    0.382769256E-03
    0.426379404E-03
    0.474310892E-03
    0.526921484E-03
    0.584592252E-03
    0.647727652E-03
    0.716757479E-03
    0.792137175E-03
    0.874348639E-03
    0.963901505E-03
    0.106133385E-02
    0.116721320E-02
    0.128213714E-02
    0.140673445E-02
    0.154166551E-02
    0.168762349E-02
    0.184533515E-02
    0.201556066E-02
    0.219909542E-02
    0.239676985E-02
    0.260945046E-02
    0.283803985E-02
    0.308347758E-02
    0.334673999E-02
    0.362884133E-02
    0.393083321E-02
    0.425380496E-02
    0.459888400E-02
    0.496723547E-02
    0.536006251E-02
    0.577860449E-02
    0.622414069E-02
    0.669798461E-02
    0.720148753E-02
    0.773603570E-02
    0.830305132E-02
    0.890399009E-02
    0.954034146E-02
    0.102136268E-01
    0.109253987E-01
    0.116772401E-01
    0.124707619E-01
    0.133076019E-01
    0.141894231E-01
    0.151179133E-01
    0.160947809E-01
    0.171217544E-01
    0.182005798E-01
    0.193330180E-01
    0.205208451E-01
    0.217658456E-01
    0.230698128E-01
    0.244345460E-01
    0.258618474E-01
    0.273535172E-01
    0.289113544E-01
    0.305371520E-01
    0.322326913E-01
    0.339997432E-01
    0.358400613E-01
    0.377553814E-01
    0.397474150E-01
    0.418178478E-01
    0.439683353E-01
    0.462005004E-01
    0.485159281E-01
    0.509161626E-01
    0.534027027E-01
    0.559769998E-01
    0.586404544E-01
    0.613944076E-01
    0.642401438E-01
    0.671788814E-01
    0.702117741E-01
    0.733399051E-01
    0.765642793E-01
    0.798858262E-01
    0.833053940E-01
    0.868237455E-01
    0.904415510E-01
    0.941593957E-01
    0.979777634E-01
    0.101897042E+00
    0.105917518E+00
    0.110039372E+00
    0.114262679E+00
    0.118587403E+00
    0.123013395E+00
    0.127540391E+00
    0.132168012E+00
    0.136895756E+00
    0.141723001E+00
    0.146649002E+00
    0.151672893E+00
    0.156793676E+00
    0.162010228E+00
    0.167321299E+00
    0.172725508E+00
    0.178221349E+00
    0.183807181E+00
    0.189481233E+00
    0.195241609E+00
    0.201086279E+00
    0.207013085E+00
    0.213019739E+00
    0.219103831E+00
    0.225262817E+00
    0.231494033E+00
    0.237794689E+00
    0.244161877E+00
    0.250592565E+00
    0.257083605E+00
    0.263631735E+00
    0.270233582E+00
    0.276885663E+00
    0.283584387E+00
    0.290326060E+00
    0.297106892E+00
    0.303922998E+00
    0.310770396E+00
    0.317645020E+00
    0.324542723E+00
    0.331459276E+00
    0.338390380E+00
    0.345331659E+00
    0.352278681E+00
    0.359226949E+00
    0.366171917E+00
    0.373108981E+00
    0.380033507E+00
    0.386940812E+00
    0.393826179E+00
    0.400684874E+00
    0.407512132E+00
    0.414303183E+00
    0.421053235E+00
    0.427757502E+00
    0.434411193E+00
    0.441009535E+00
    0.447547758E+00
    0.454021118E+00
    0.460424893E+00
    0.466754402E+00
    0.473004991E+00
    0.479172057E+00
    0.485251041E+00
    0.491237444E+00
    0.497126825E+00
    0.502914810E+00
    0.508597098E+00
    0.514169465E+00
    0.519627763E+00
    0.524967941E+00
    0.530186030E+00
    0.535278175E+00
    0.540240600E+00
    0.545069650E+00
    0.549761780E+00
    0.554313558E+00
    0.558721670E+00
    0.562982926E+00
    0.567094260E+00
    0.571052742E+00
    0.574855572E+00
    0.578500086E+00
    0.581983757E+00
    0.585304209E+00
    0.588459201E+00
    0.591446648E+00
    0.594264603E+00
    0.596911279E+00
    0.599385037E+00
    0.601684390E+00
    0.603808010E+00
    0.605754728E+00
    0.607523511E+00
    0.609113507E+00
    0.610524008E+00
    0.611754467E+00
    0.612804495E+00
    0.613673850E+00
    0.614362461E+00
    0.614870401E+00
    0.615197901E+00
    0.615345343E+00
    0.615313263E+00
    0.615102341E+00
    0.614713414E+00
    0.614147460E+00
    0.613405597E+00
    0.612489089E+00
    0.611399337E+00
    0.610137877E+00
    0.608706385E+00
    0.607106654E+00
    0.605340616E+00
    0.603410317E+00
    0.601317929E+00
    0.599065743E+00
    0.596656155E+00
    0.594091671E+00
    0.591374915E+00
    0.588508599E+00
    0.585495536E+00
    0.582338633E+00
    0.579040888E+00
    0.575605379E+00
    0.572035271E+00
    0.568333793E+00
    0.564504263E+00
    0.560550049E+00
    0.556474590E+00
    0.552281380E+00
    0.547973973E+00
    0.543555961E+00
    0.539030991E+00
    0.534402738E+00
    0.529674929E+00
    0.524851306E+00
    0.519935647E+00
    0.514931749E+00
    0.509843427E+00
    0.504674514E+00
    0.499428846E+00
    0.494110270E+00
    0.488722629E+00
    0.483269767E+00
    0.477755520E+00
    0.472183709E+00
    0.466558154E+00
    0.460882638E+00
    0.455160938E+00
    0.449396794E+00
    0.443593929E+00
    0.437756030E+00
    0.431886745E+00
    0.425989686E+00
    0.420068431E+00
    0.414126509E+00
    0.408167404E+00
    0.402194549E+00
    0.396211334E+00
    0.390221086E+00
    0.384227088E+00
    0.378232554E+00
    0.372240647E+00
    0.366254467E+00
    0.360277048E+00
    0.354311364E+00
    0.348360327E+00
    0.342426768E+00
    0.336513469E+00
    0.330623131E+00
    0.324758390E+00
    0.318921810E+00
    0.313115882E+00
    0.307343029E+00
    0.301605603E+00
    0.295905877E+00
    0.290246058E+00
    0.284628274E+00
    0.279054585E+00
    0.273526973E+00
    0.268047354E+00
    0.262617561E+00
    0.257239366E+00
    0.251914458E+00
    0.246644461E+00
    0.241430926E+00
    0.236275330E+00
    0.231179086E+00
    0.226143530E+00
    0.221169934E+00
    0.216259503E+00
    0.211413370E+00
    0.206632606E+00
    0.201918214E+00
    0.197271136E+00
    0.192692243E+00
    0.188182353E+00
    0.183742217E+00
    0.179372528E+00
    0.175073918E+00
    0.170846962E+00
    0.166692182E+00
    0.162610044E+00
    0.158600955E+00
    0.154665275E+00
    0.150803313E+00
    0.147015327E+00
    0.143301528E+00
    0.139662079E+00
    0.136097102E+00
    0.132606672E+00
    0.129190825E+00
    0.125849553E+00
    0.122582815E+00
    0.119390530E+00
    0.116272580E+00
    0.113228819E+00
    0.110259065E+00
    0.107363106E+00
    0.104540705E+00
    0.101791592E+00
    0.991154826E-01
    0.965120574E-01
    0.939809826E-01
    0.915219023E-01
    0.891344439E-01
    0.868182154E-01
    0.845728121E-01
    0.823978140E-01
    0.802927893E-01
    0.782572979E-01
    0.762908872E-01
    0.743930981E-01
    0.725634659E-01
    0.708015177E-01
    0.691067808E-01
    0.674787751E-01
    0.659170213E-01
    0.644210385E-01
    0.629903447E-01
    0.616244595E-01
    0.603229045E-01
    0.590852010E-01
    0.579108754E-01
    0.567994554E-01
    0.557504723E-01
    0.547634604E-01
    0.538379583E-01
    0.529735086E-01
    0.521696570E-01
    0.514259518E-01
    0.507419461E-01
    0.501171967E-01
    0.495512621E-01
    0.490437013E-01
    0.485940790E-01
    0.482019577E-01
    0.478669022E-01
    0.475884760E-01
    0.473662423E-01
    0.471997621E-01
    0.470885940E-01
    0.470322920E-01
    0.470304058E-01
    0.470824807E-01
    0.471880529E-01
    0.473466526E-01
    0.475578020E-01
    0.478210102E-01
    0.481357791E-01
    0.485015962E-01
    0.489179377E-01
    0.493842650E-01
    0.499000242E-01
    0.504646451E-01
    0.510775427E-01
    0.517381114E-01
    0.524457286E-01
    0.531997512E-01
    0.539995160E-01
    0.548443387E-01
    0.557335128E-01
    0.566663090E-01
    0.576419759E-01
    0.586597367E-01
    0.597187921E-01
    0.608183163E-01
    0.619574596E-01
    0.631353464E-01
    0.643510749E-01
    0.656037174E-01
    0.668923207E-01
    0.682159036E-01
    0.695734595E-01
    0.709639546E-01
    0.723863290E-01
    0.738394949E-01
    0.753223397E-01
    0.768337222E-01
    0.783724776E-01
    0.799374130E-01
    0.815273100E-01
    0.831409247E-01
    0.847769891E-01
    0.864342086E-01
    0.881112646E-01
    0.898068150E-01
    0.915194944E-01
    0.932479127E-01
    0.949906594E-01
    0.967463000E-01
    0.985133804E-01
    0.100290425E+00
    0.102075939E+00
    0.103868408E+00
    0.105666299E+00
    0.107468062E+00
    0.109272131E+00
    0.111076924E+00
    0.112880844E+00
    0.114682282E+00
    0.116479615E+00
    0.118271211E+00
    0.120055426E+00
    0.121830609E+00
    0.123595101E+00
    0.125347238E+00
    0.127085351E+00
    0.128807769E+00
    0.130512820E+00
    0.132198832E+00
    0.133864137E+00
    0.135507069E+00
    0.137125969E+00
    0.138719186E+00
    0.140285079E+00
    0.141822019E+00
    0.143328391E+00
    0.144802596E+00
    0.146243052E+00
    0.147648199E+00
    0.149016499E+00
    0.150346439E+00
    0.151636532E+00
    0.152885321E+00
    0.154091381E+00
    0.155253320E+00
    0.156369781E+00
    0.157439448E+00
    0.158461042E+00
    0.159433329E+00
    0.160355118E+00
    0.161225266E+00
    0.162042679E+00
    0.162806313E+00
    0.163515176E+00
    0.164168332E+00
    0.164764902E+00
    0.165304063E+00
    0.165785054E+00
    0.166207173E+00
    0.166569782E+00
    0.166872307E+00
    0.167114239E+00
    0.167295136E+00
    0.167414621E+00
    0.167472389E+00
    0.167468200E+00
    0.167401886E+00
    0.167273350E+00
    0.167082562E+00
    0.166829565E+00
    0.166514471E+00
    0.166137467E+00
    0.165698805E+00
    0.165198811E+00
    0.164637879E+00
    0.164016474E+00
    0.163335127E+00
    0.162594439E+00
    0.161795076E+00
    0.160937772E+00
    0.160023325E+00
    0.159052594E+00
    0.158026502E+00
    0.156946031E+00
    0.155812224E+00
    0.154626179E+00
    0.153389048E+00
    0.152102038E+00
    0.150766407E+00
    0.149383463E+00
    0.147954556E+00
    0.146481088E+00
    0.144964498E+00
    0.143406265E+00
    0.141807908E+00
    0.140170979E+00
    0.138497064E+00
    0.136787777E+00
    0.135044759E+00
    0.133269679E+00
    0.131464224E+00
    0.129630101E+00
    0.127769036E+00
    0.125882764E+00
    0.123973036E+00
    0.122041608E+00
    0.120090243E+00
    0.118120706E+00
    0.116134763E+00
    0.114134178E+00
    0.112120708E+00
    0.110096105E+00
    0.108062109E+00
    0.106020448E+00
    0.103972835E+00
    0.101920964E+00
    0.998665123E-01
    0.978111318E-01
    0.957564518E-01
    0.937040750E-01
    0.916555755E-01
    0.896124966E-01
    0.875763493E-01
    0.855486106E-01
    0.835307216E-01
    0.815240851E-01
    0.795300658E-01
    0.775499866E-01
    0.755851296E-01
    0.736367331E-01
    0.717059909E-01
    0.697940519E-01
    0.679020175E-01
    0.660309438E-01
    0.641818371E-01
    0.623556558E-01
    0.605533094E-01
    0.587756577E-01
    0.570235103E-01
    0.552976267E-01
    0.535987170E-01
    0.519274402E-01
    0.502844046E-01
    0.486701701E-01
    0.470852456E-01
    0.455300913E-01
    0.440051179E-01
    0.425106883E-01
    0.410471171E-01
    0.396146725E-01
    0.382135758E-01
    0.368440036E-01
    0.355060870E-01
    0.341999152E-01
    0.329255332E-01
    0.316829463E-01
    0.304721186E-01
    0.292929761E-01
    0.281454070E-01
    0.270292628E-01
    0.259443606E-01
    0.248904840E-01
    0.238673843E-01
    0.228747821E-01
    0.219123691E-01
    0.209798094E-01
    0.200767404E-01
    0.192027752E-01
    0.183575040E-01
    0.175404949E-01
    0.167512963E-01
    0.159894375E-01
    0.152544312E-01
    0.145457741E-01
    0.138629490E-01
    0.132054259E-01
    0.125726633E-01
    0.119641099E-01
    0.113792061E-01
    0.108173847E-01
    0.102780729E-01
    0.976069295E-02
    0.926466407E-02
    0.878940268E-02
    0.833432461E-02
    0.789884529E-02
    0.748238162E-02
    0.708435192E-02
    0.670417811E-02
    0.634128567E-02
    0.599510504E-02
    0.566507203E-02
    0.535062916E-02
    0.505122566E-02
    0.476631876E-02
    0.449537397E-02
    0.423786559E-02
    0.399327766E-02
    0.376110393E-02
    0.354084865E-02
    0.333202682E-02
    0.313416429E-02
    0.294679873E-02
    0.276947906E-02
    0.260176638E-02
    0.244323363E-02
    0.229346594E-02
    0.215206085E-02
    0.201862812E-02
    0.189278997E-02
    0.177418100E-02
    0.166244816E-02
    0.155725057E-02
    0.145825985E-02
    0.136515939E-02
    0.127764492E-02
    0.119542365E-02
    0.111821469E-02
    0.104574845E-02
    0.977766783E-03
    0.914022280E-03
    0.854278591E-03
    0.798309769E-03
    0.745900169E-03
    0.696844199E-03
    0.650945973E-03
    0.608019022E-03
    0.567886097E-03
    0.530378804E-03
    0.495337327E-03
    0.462610114E-03
    0.432053582E-03
    0.403531912E-03
    0.376916575E-03
    0.352086191E-03
    0.328926205E-03
    0.307328490E-03
    0.287191252E-03
    0.268418584E-03
    0.250920316E-03
    0.234611672E-03
    0.219412962E-03
    0.205249521E-03
    0.192051258E-03
    0.179752507E-03
    0.168291765E-03
    0.157611543E-03
    0.147658026E-03
    0.138380985E-03
    0.129733481E-03
    0.121671752E-03
    0.114154902E-03
    0.107144930E-03
    0.100606359E-03
    0.945061873E-04
    0.888136980E-04
    0.835003049E-04
    0.785394730E-04
    0.739064685E-04
    0.695783922E-04
    0.655339156E-04
    0.617532768E-04
    0.582180726E-04
    0.549112857E-04
    0.518170898E-04
    0.489207900E-04
    0.462087709E-04
    0.436683939E-04
    0.412879094E-04
    0.390564495E-04
    0.369638859E-04
    0.350008444E-04
    0.331586117E-04
    0.314290821E-04
    0.298047398E-04
    0.282785919E-04
    0.268441264E-04
    0.254953152E-04
    0.242265052E-04
    0.230324764E-04
    0.219083293E-04
    0.208495199E-04
    0.198518009E-04
    0.189112192E-04
    0.180240730E-04
    0.171869254E-04
    0.163965385E-04
    0.156498982E-04
    0.149442040E-04
    0.142768079E-04
    0.136452585E-04
    0.130472401E-04
    0.124805980E-04
    0.119433159E-04
    0.114335053E-04
    0.109493858E-04
    0.104893169E-04
    0.100517368E-04
    0.963520297E-05
    0.923835800E-05
    0.885994258E-05
    0.849876320E-05
    0.815371872E-05
    0.782378132E-05
    0.750799158E-05
    0.720545377E-05
    0.691533137E-05
    0.663686240E-05
    0.636931881E-05
    0.611204138E-05
    0.586441715E-05
    0.562587397E-05
    0.539588990E-05
    0.517398054E-05
    0.495970852E-05
    0.475266218E-05
    0.455247114E-05
    0.435879919E-05
    0.417133318E-05
    0.398979578E-05
    0.381393090E-05
    0.364351078E-05
    0.347832699E-05
    0.331819579E-05
    0.316294753E-05
    0.301243790E-05
    0.286652470E-05
    0.272510165E-05
    0.258805558E-05
    0.245529847E-05
    0.232674150E-05
    0.220231717E-05
    0.208195704E-05
    0.196560214E-05
    0.185320225E-05
    0.174470893E-05
    0.164007824E-05
    0.153926581E-05
    0.144223750E-05
    0.134895547E-05
    0.125938096E-05
    0.117348062E-05
    0.109121389E-05
    0.101254511E-05
    0.937434938E-06
    0.865839720E-06
    0.797717288E-06
    0.733020799E-06
    0.671699166E-06
    0.613701902E-06
    0.558971793E-06
    0.507449423E-06
    0.459073628E-06
    0.413776121E-06
    0.371488171E-06
    0.332136063E-06
    0.295644226E-06
    0.261931041E-06
    0.230914658E-06
    0.202508264E-06
    0.176624023E-06
    0.153169261E-06
    0.132050667E-06
    0.113173529E-06
    0.964388440E-07
    0.817485779E-07
    0.690015126E-07
    0.580965792E-07
    0.489320760E-07
    0.414053041E-07
    0.354131084E-07
    0.308554234E-07
    0.276286850E-07
    0.256327403E-07
    0.247691902E-07
    0.249385264E-07
    0.260448750E-07
    0.279945072E-07
    0.306945803E-07
    0.340559095E-07
    0.379910892E-07
    0.424168219E-07
    0.472524509E-07
    0.524191534E-07
    0.578449942E-07
    0.634577727E-07
    0.691920820E-07
    0.749849658E-07
    0.807776501E-07
    0.865148134E-07
    0.921474802E-07
    0.976279585E-07
    0.102914782E-06
    0.107970026E-06
    0.112760147E-06
    0.117254648E-06
    0.121429900E-06
    0.125262360E-06
    0.128735222E-06
    0.131835546E-06
    0.134554267E-06
    0.136883249E-06
    0.138821174E-06
    0.140369224E-06
    0.141531674E-06
    0.142314304E-06
    0.142730197E-06
    0.142789549E-06
    0.142508753E-06
    0.141905711E-06
    0.140999967E-06
    0.139813987E-06
    0.138372286E-06
    0.136698219E-06
    0.134819583E-06
    0.132764824E-06
    0.130561394E-06
    0.128239523E-06
    0.125829083E-06
    0.123359911E-06
    0.120861774E-06
    0.118366316E-06
    0.115903098E-06
    0.113500104E-06
    0.111189680E-06
    0.108997982E-06
    0.106950721E-06
    0.105076430E-06
    0.103400445E-06
    0.101944472E-06
    0.100731878E-06
    0.997826462E-07
    0.991159046E-07
    0.987474886E-07
    0.986943524E-07
    0.989687912E-07
    0.995828597E-07
    0.100546147E-06
    0.101864955E-06
    0.103545587E-06
    0.105591582E-06
    0.108003765E-06
    0.110781415E-06
    0.113922742E-06
    0.117421870E-06
    0.121271742E-06
    0.125466592E-06
    0.129994152E-06
    0.134842079E-06
    0.139999377E-06
    0.145449203E-06
    0.151175143E-06
    0.157160599E-06
    0.163385715E-06
    0.169830512E-06
    0.176473311E-06
    0.183292803E-06
    0.190266826E-06
    0.197369219E-06
    0.204579929E-06
    0.211871160E-06
    0.219220271E-06
    0.226601662E-06
    0.233990797E-06
    0.241361066E-06
    0.248690814E-06
    0.255952337E-06
    0.263124587E-06
    0.270182158E-06
    0.277102244E-06
    0.283861830E-06
    0.290442889E-06
    0.296820228E-06
    0.302976599E-06
    0.308892578E-06
    0.314551814E-06
    0.319935350E-06
    0.325029740E-06
    0.329818534E-06
    0.334291848E-06
    0.338433934E-06
    0.342238433E-06
    0.345692477E-06
    0.348789541E-06
    0.351524166E-06
    0.353888812E-06
    0.355881915E-06
    0.357499808E-06
    0.358740044E-06
    0.359603499E-06
    0.360091376E-06
    0.360204823E-06
    0.359948488E-06
    0.359325238E-06
    0.358341029E-06
    0.357002771E-06
    0.355318608E-06
    0.353295156E-06
    0.350941748E-06
    0.348269794E-06
    0.345289046E-06
    0.342009710E-06
    0.338444561E-06
    0.334606037E-06
    0.330507797E-06
    0.326160612E-06
    0.321581454E-06
    0.316780129E-06
    0.311774798E-06
    0.306577194E-06
    0.301202741E-06
    0.295665531E-06
    0.289980373E-06
    0.284160099E-06
    0.278221522E-06
    0.272176476E-06
    0.266040546E-06
    0.259826117E-06
    0.253547436E-06
    0.247217082E-06
    0.240849026E-06
    0.234454857E-06
    0.228046302E-06
    0.221635084E-06
    0.215233886E-06
    0.208851483E-06
    0.202499067E-06
    0.196185768E-06
    0.189922362E-06
    0.183716008E-06
    0.177575531E-06
    0.171509046E-06
    0.165523108E-06
    0.159625659E-06
    0.153821511E-06
    0.148117244E-06
    0.142517626E-06
    0.137027445E-06
    0.131651025E-06
    0.126392304E-06
    0.121253950E-06
    0.116239544E-06
    0.111350726E-06
    0.106590388E-06
    0.101959459E-06
    0.974596217E-07
    0.930911009E-07
    0.888542864E-07
    0.847501005E-07
    0.807781878E-07
    0.769373568E-07
    0.732275298E-07
    0.696471604E-07
    0.661958773E-07
    0.628709887E-07
    0.596717805E-07
    0.565957073E-07
    0.536411291E-07
    0.508054399E-07
    0.480865269E-07
    0.454816891E-07
    0.429885914E-07
    0.406042077E-07
    0.383259806E-07
    0.361507849E-07
    0.340759527E-07
    0.320984075E-07
    0.302151947E-07
    0.284233935E-07
    0.267197974E-07
    0.251014290E-07
    0.235651481E-07
    0.221081493E-07
    0.207276082E-07
    0.194201530E-07
    0.181830579E-07
    0.170133943E-07
    0.159084611E-07
    0.148656206E-07
    0.138817380E-07
    0.129545699E-07
    0.120812638E-07
    0.112594394E-07
    0.104865780E-07
    0.976043760E-08
    0.907853583E-08
    0.843882539E-08
    0.783896834E-08
    0.727705259E-08
    0.675092688E-08
    0.625886799E-08
    0.579879227E-08
    0.536911091E-08
    0.496797631E-08
    0.459380185E-08
    0.424502848E-08
    0.392020527E-08
    0.361795164E-08
    0.333682674E-08
    0.307545935E-08
    0.283278552E-08
    0.260750881E-08
    0.239871334E-08
    0.220516480E-08
    0.202589870E-08
    0.186003543E-08
    0.170665256E-08
    0.156490657E-08
    0.143406896E-08
    0.131328680E-08
    0.120191354E-08
    0.109928920E-08
    0.100479104E-08
    0.917856815E-09
    0.837915169E-09
    0.764472320E-09
    0.697009350E-09
    0.635130174E-09
    0.578374404E-09
    0.526370852E-09
    0.478758045E-09
    0.435203228E-09
    0.395377999E-09
    0.358964461E-09
    0.325719357E-09
    0.295391840E-09
    0.267732531E-09
    0.242542929E-09
    0.219566369E-09
    0.198666287E-09
    0.179664952E-09
    0.162388860E-09
    0.146702659E-09
    0.132462276E-09
    0.119526196E-09
    0.107811523E-09
    0.971926120E-10
    0.875851623E-10
    0.788786311E-10
    0.710091539E-10
    0.638920746E-10
    0.574612287E-10
    0.516597637E-10
    0.464161229E-10
    0.416915970E-10
    0.374274541E-10
    0.335901929E-10
    0.301280471E-10
    0.270112462E-10
    0.242119781E-10
    0.216956548E-10
    0.194311460E-10
    0.173957972E-10
    0.155647856E-10
    0.139252983E-10
    0.124535820E-10
    0.111323693E-10
    0.994857083E-11
    0.888574975E-11
    0.793420569E-11
    0.708512699E-11
    0.632316526E-11
    0.564131782E-11
    0.502763728E-11
    0.448367495E-11
    0.399460257E-11
    0.355988488E-11
    0.317022149E-11
    0.282309349E-11
    0.251249529E-11
    0.223578487E-11
    0.198989977E-11
    0.176896581E-11
    0.157264906E-11
    0.139876953E-11
    0.124260854E-11
    0.110304744E-11
    0.980269628E-12
    0.870114455E-12
    0.772926354E-12
    0.686161744E-12
    0.608597367E-12
    0.539887891E-12
    0.479380814E-12
    0.425496129E-12
    0.377597573E-12
    0.335152782E-12
    0.296730946E-12
    0.263397182E-12
    0.234188826E-12
    0.207347505E-12
    0.184101312E-12
    0.163117137E-12
    0.145123434E-12
    0.128419096E-12
    0.114587057E-12
    0.101789987E-12
    0.902515619E-13
    0.803646685E-13
    0.715473017E-13
    0.633407839E-13
    0.566668491E-13
    0.505324826E-13
    0.449490265E-13
    0.401797061E-13
    0.358709715E-13
    0.318840193E-13
    0.286181764E-13
    0.256103584E-13
    0.227195636E-13
    0.204297994E-13
    0.182880429E-13
    0.163674438E-13
    0.147460531E-13
    0.132020997E-13
    0.118501928E-13
    0.106934519E-13
    0.961884637E-14
    0.862551247E-14
    0.771034010E-14
    0.697286671E-14
    0.625462507E-14
    0.560185846E-14
    0.506424707E-14
    0.454708400E-14
    0.413893599E-14
    0.369119500E-14
    0.332128677E-14
    0.300354577E-14
    0.268752534E-14
    0.245464191E-14
    0.218689909E-14
    0.198102572E-14
    0.175597382E-14
    0.158053947E-14
    0.145292423E-14
    0.129844206E-14
    0.114658713E-14
    0.991452372E-15
    0.936871762E-15
    0.835267013E-15
    0.761687041E-15
    0.662174258E-15
    0.599842286E-15
    0.529231392E-15
    0.488864330E-15
    0.451860777E-15
    0.382992644E-15
    0.342458529E-15
    0.316674901E-15
    0.277779804E-15
    0.248375830E-15
    0.230975287E-15
    0.190542777E-15
    0.191019666E-15
    0.168634684E-15
    0.143076747E-15
    0.128445920E-15
    0.126703355E-15
    0.101329968E-15
    0.109179029E-15
    0.923860571E-16
    0.824732096E-16
    0.683106610E-16
    0.725675491E-16
    0.656210780E-16
    0.611865891E-16
    0.555784895E-16
    0.476659292E-16
    0.478700149E-16
    0.569987361E-16
    0.438198606E-16
    0.349390470E-16
    0.365057500E-16
    0.378347503E-16
    0.346249207E-16
    0.371715554E-16
    0.333572163E-16
    0.328631324E-16
    0.366239409E-16
    0.339926843E-16
    0.263410555E-16
    0.312656496E-16
    0.208961701E-16
    0.255312997E-16
    0.290544021E-16
    0.295488759E-16
    0.225846597E-16
    0.267805942E-16
    0.259878504E-16
    0.265524121E-16
    0.283729037E-16
    0.231414494E-16
    0.237444795E-16
    0.232229528E-16
    0.304910892E-16
    0.273937595E-16
    0.307832152E-16
    0.268089048E-16
    0.284670890E-16
    0.223820527E-16
    0.212071953E-16
    0.307345656E-16
    0.292910826E-16
    0.245548299E-16
    0.336948803E-16
    0.301878352E-16
    0.316713118E-16
    0.204386258E-16
    0.232445062E-16
    0.273175521E-16
    0.353956804E-16
    0.214159382E-16
    0.211148158E-16
    0.211243600E-16
    0.274727381E-16
    0.330473264E-16
    0.241621226E-16
    0.188153058E-16
    0.274913179E-16
    0.260044616E-16
    0.257610775E-16
    0.281854116E-16
    0.259249395E-16
    0.237191426E-16
    0.280095101E-16
    0.296742315E-16
    0.204767799E-16
    0.215084772E-16
    0.334094110E-16
    0.232096036E-16
    0.245885287E-16
    0.258006077E-16
    0.312173253E-16
    0.221035069E-16
    0.306291799E-16
    0.278505668E-16
    0.287900280E-16
    0.218441263E-16
    0.271507636E-16
    0.225333964E-16
    0.271289163E-16
    0.321660925E-16
    0.202921897E-16
    0.311560955E-16
    0.288826050E-16
    0.287373688E-16
    0.255554598E-16
    0.272164259E-16
    0.245491353E-16
    0.222783143E-16
    0.291114312E-16
    0.266414324E-16
    0.236533398E-16
    0.284484489E-16
    0.261552796E-16
    0.216587522E-16
    0.276982414E-16
    0.190181499E-16
    0.251701534E-16
    0.322651685E-16
    0.263897806E-16
    0.243425836E-16
    0.248741037E-16
    0.267952541E-16
    0.252594788E-16
    0.257313079E-16
    0.236559054E-16
    0.252775787E-16
    0.240250620E-16
    0.311605278E-16
    0.294238203E-16
    0.306807774E-16
    0.325450363E-16
    0.257839054E-16
    0.222954697E-16
    0.223334914E-16
    0.350183354E-16
    0.230130319E-16
    0.217865942E-16
    0.302600835E-16
    0.272489351E-16
    0.287721586E-16
    0.224955454E-16
    0.258217583E-16
    0.305132586E-16
    0.305520004E-16
    0.222751797E-16
    0.225179933E-16
    0.212033957E-16
    0.309820269E-16
    0.329333383E-16
    0.214804810E-16
    0.236062283E-16
    0.215688322E-16
    0.298774215E-16
    0.308212068E-16
    0.330717016E-16
    0.269640634E-16
    0.246389287E-16
    0.271665335E-16
    0.299006525E-16
    0.254515942E-16
    0.225018696E-16
    0.258559626E-16
    0.222062027E-16
    0.238858838E-16
    0.236357465E-16
    0.327074051E-16
    0.260112866E-16
    0.317052846E-16
    0.300734416E-16
    0.235050158E-16
    0.248894522E-16
    0.266504107E-16
    0.244840257E-16
    0.256908558E-16
    0.342195460E-16
    0.218147700E-16
    0.325241084E-16
    0.278659693E-16
    0.269971238E-16
    0.333953691E-16
    0.282614109E-16
    0.229823727E-16
    0.207338289E-16
    0.330380615E-16
    0.232585279E-16
    0.272842892E-16
    0.264981311E-16
    0.233711320E-16
    0.216182126E-16
    0.255225733E-16
    0.255493132E-16
    0.265801463E-16
    0.338767933E-16
    0.271446124E-16
    0.258375066E-16
    0.276088474E-16
    0.298450906E-16
    0.235156147E-16
    0.264458731E-16
    0.282709792E-16
    0.244257595E-16
    0.296118326E-16
    0.355619389E-16
    0.311739674E-16
    0.300948175E-16
    0.292483211E-16
    0.268992070E-16
    0.241251521E-16
    0.298487371E-16
    0.341033884E-16
    0.222260187E-16
    0.227842083E-16
    0.275901257E-16
    0.241273649E-16
    0.274198176E-16
    0.228259293E-16
    0.257167066E-16
    0.328960211E-16
    0.245274709E-16
    0.265689916E-16
    0.240255372E-16
    0.337441648E-16
    0.275382201E-16
    0.293740365E-16
    0.242517409E-16
    0.283560253E-16
    0.292529729E-16
    0.294868736E-16
    0.438968685E-16
    0.345341547E-16
    0.273505171E-16
    0.255696229E-16
    0.283392428E-16
    0.282300251E-16
    0.397416313E-16
    0.235011680E-16
    0.219523626E-16
    0.230783372E-16
    0.253257547E-16
    0.263130295E-16
    0.245708261E-16
    0.298115327E-16
    0.325025715E-16
    0.296023120E-16
    0.261466319E-16
    0.250137782E-16
    0.229236135E-16
    0.341925477E-16
    0.310113805E-16
    0.250717717E-16
    0.288657086E-16
    0.302452785E-16
    0.292654950E-16
    0.307293496E-16
    0.328210732E-16
    0.250991629E-16
    0.226947170E-16
    0.322254263E-16
    0.290532313E-16
    0.288301033E-16
    0.230383215E-16
    0.255591535E-16
    0.222074583E-16
    0.265693763E-16
    0.271599855E-16
    0.313368539E-16
    0.318579376E-16
    0.331951109E-16
    0.291124386E-16
    0.263106335E-16
    0.370993535E-16
    0.318107723E-16
    0.250819493E-16
    0.246555959E-16
    0.325580135E-16
    0.326998202E-16
    0.339286841E-16
    0.369088544E-16
    0.292161274E-16
    0.291228275E-16
    0.269624032E-16
    0.244483348E-16
    0.258692694E-16
    0.352332065E-16
    0.255116896E-16
    0.261229831E-16
    0.287314649E-16
    0.211961636E-16
    0.297783329E-16
    0.255688841E-16
    0.323840800E-16
    0.306810695E-16
    0.306301975E-16
    0.268308095E-16
    0.277744653E-16
    0.328259865E-16
    0.411970510E-16
    0.241406573E-16
    0.232105219E-16
    0.340914150E-16
    0.325730242E-16
    0.328486669E-16
    0.420664654E-16
    0.321042620E-16
    0.257101682E-16
    0.277142527E-16
    0.288388493E-16
    0.252168493E-16
    0.448663870E-16
    0.241141787E-16
    0.247059912E-16
    0.252524429E-16
    0.254146738E-16
    0.266108968E-16
    0.275727917E-16
    0.256098459E-16
    0.337408127E-16
    0.343418357E-16
    0.292910079E-16
    0.267301282E-16
    0.217392967E-16
    0.370460739E-16
    0.309476141E-16
    0.290040593E-16
    0.288588207E-16
    0.273063955E-16
    0.420428695E-16
    0.398994922E-16
    0.342683659E-16
    0.272503876E-16
    0.268120515E-16
    0.335367460E-16
    0.282050066E-16
    0.377756031E-16
    0.246932934E-16
    0.284172450E-16
    0.223563740E-16
    0.314322277E-16
    0.216826409E-16
    0.326167624E-16
    0.289408665E-16
    0.411536237E-16
    0.281452709E-16
    0.302010866E-16
    0.295089590E-16
    0.295684460E-16
    0.282761893E-16
    0.288602556E-16
    0.300683187E-16
    0.315268077E-16
    0.294367374E-16
    0.314345177E-16
    0.330475925E-16
    0.306298545E-16
    0.314088221E-16
    0.267259024E-16
    0.326461341E-16
    0.292353147E-16
    0.272996281E-16
    0.279874704E-16
    0.326980137E-16
    0.263311558E-16
    0.345786630E-16
    0.238813129E-16
    0.345779498E-16
    0.380972656E-16
    0.395929293E-16
    0.326474597E-16
    0.260631844E-16
    0.328562089E-16
    0.357851709E-16
    0.308924356E-16
    0.254015693E-16
    0.308605797E-16
    0.404274606E-16
    0.275668561E-16
    0.429662136E-16
    0.364466108E-16
    0.274337548E-16
    0.298270248E-16
    0.316752569E-16
    0.292299564E-16
    0.379809172E-16
    0.282756770E-16
    0.306666410E-16
    0.310989646E-16
    0.220748362E-16
    0.380842898E-16
    0.279716684E-16
    0.285299736E-16
    0.346413604E-16
    0.278596800E-16
    0.306719076E-16
    0.269517341E-16
    0.269176147E-16
    0.380660676E-16
    0.347734742E-16
    0.227079492E-16
    0.312464346E-16
    0.398289384E-16
    0.302464897E-16
    0.408502223E-16
    0.388630195E-16
    0.279727445E-16
    0.266979725E-16
    0.363322682E-16
    0.296218379E-16
    0.303913261E-16
    0.286881356E-16
    0.281502947E-16
    0.310547362E-16
    0.252931549E-16
    0.342415188E-16
    0.292384712E-16
    0.291810014E-16
    0.394765002E-16
    0.277157852E-16
    0.343566321E-16
    0.298459902E-16
    0.323075096E-16
    0.354127381E-16
    0.366304531E-16
    0.278220029E-16
    0.325661567E-16
    0.452761536E-16
    0.371661628E-16
    0.318592615E-16
    0.321126603E-16
    0.300022700E-16
    0.294229734E-16
    0.319037637E-16
    0.344196051E-16
    0.305010155E-16
    0.358341502E-16
    0.323048136E-16
    0.329914536E-16
    0.240363007E-16
    0.339677482E-16
    0.375055841E-16
    0.358332790E-16
    0.314434536E-16
    0.350689897E-16
    0.293806465E-16
    0.371945914E-16
    0.288346683E-16
    0.306007050E-16
    0.315191928E-16
    0.330949638E-16
    0.314533536E-16
    0.442858617E-16
    0.399382257E-16
    0.310335863E-16
    0.348389450E-16
    0.299285418E-16
    0.240167242E-16
    0.362556895E-16
    0.305218975E-16
    0.313688460E-16
    0.299274456E-16
    0.333529111E-16
    0.344412108E-16
    0.331326867E-16
    0.364817657E-16
    0.311316675E-16
    0.299711366E-16
    0.392882110E-16
    0.291906386E-16
    0.306375106E-16
    0.310533374E-16
    0.404544221E-16
    0.380096397E-16
    0.391126868E-16
    0.399659406E-16
    0.351833594E-16
    0.415354427E-16
    0.373591183E-16
    0.295506209E-16
    0.269403430E-16
    0.286243311E-16
    0.292205268E-16
    0.331769982E-16
    0.371873656E-16
    0.340635840E-16
    0.347066222E-16
    0.344482742E-16
    0.383683007E-16
    0.355833751E-16
    0.428656014E-16
    0.387354979E-16
    0.404491975E-16
    0.339383193E-16
    0.282040521E-16
    0.336345776E-16
    0.367392512E-16
    0.316881357E-16
    0.415237238E-16
    0.402921143E-16
    0.421358369E-16
    0.388264998E-16
    0.452817878E-16
    0.455973824E-16
    0.494501541E-16
    0.385956454E-16
    0.312034129E-16
    0.352496899E-16
    0.427277386E-16
    0.565683262E-16
    0.362608273E-16
    0.457546901E-16
    0.359536687E-16
    0.357834112E-16
    0.346708177E-16
    0.377987527E-16
    0.275995621E-16
    0.362730010E-16
    0.291260514E-16
    0.346633196E-16
    0.325753504E-16
    0.310344020E-16
    0.285089949E-16
    0.227078053E-16
    0.409609060E-16
    0.340844504E-16
    0.320988053E-16
    0.408999064E-16
    0.229886996E-16
    0.230755090E-16
    0.263110118E-16
    0.290812039E-16
    0.330660433E-16
    0.371763031E-16
    0.310598432E-16
    0.329821506E-16
    0.390817922E-16
    0.262526338E-16
    0.272322160E-16
    0.282227812E-16
    0.291600408E-16
    0.333731432E-16
    0.471929459E-16
    0.368460288E-16
    0.460167704E-16
    0.340492874E-16
    0.308244472E-16
    0.218414977E-16
    0.288516745E-16
    0.304140826E-16
    0.259367689E-16
    0.435461001E-16
    0.334872171E-16
    0.339195149E-16
    0.409707480E-16
    0.438146754E-16
    0.483960904E-16
    0.451582292E-16
    0.424318720E-16
    0.467958177E-16
    0.404530733E-16
    0.269680225E-16
    0.264814097E-16
    0.276203150E-16
    0.296312912E-16
    0.325074341E-16
    0.357730588E-16
    0.319600333E-16
    0.304726611E-16
    0.276162609E-16
    0.242984911E-16
    0.269334492E-16
    0.216927280E-16
    0.236796681E-16
    0.359429791E-16
    0.312497313E-16
    0.252300560E-16
