 #tdnd tdcion
    0.363378738E-16
    0.258931023E-16
    0.255936000E-16
    0.311154101E-16
    0.381624735E-16
    0.325033058E-16
    0.310508075E-16
    0.283332043E-16
    0.238233304E-16
    0.285576613E-16
    0.258155263E-16
    0.233137631E-16
    0.340220451E-16
    0.281997666E-16
    0.300476714E-16
    0.348080848E-16
    0.334270666E-16
    0.246497433E-16
    0.317816162E-16
    0.186872712E-16
    0.251705755E-16
    0.249826236E-16
    0.229771141E-16
    0.266368775E-16
    0.276229047E-16
    0.225120205E-16
    0.251969082E-16
    0.298175907E-16
    0.250220585E-16
    0.296058891E-16
    0.251385522E-16
    0.229789050E-16
    0.204056052E-16
    0.255098631E-16
    0.263336285E-16
    0.242838575E-16
    0.315260199E-16
    0.266091057E-16
    0.227061572E-16
    0.310146686E-16
    0.264945800E-16
    0.249084624E-16
    0.260992232E-16
    0.235081858E-16
    0.261411166E-16
    0.216538016E-16
    0.244206607E-16
    0.273815471E-16
    0.264596622E-16
    0.209654864E-16
    0.257710984E-16
    0.348026621E-16
    0.235520870E-16
    0.269369583E-16
    0.217268973E-16
    0.224140189E-16
    0.193948741E-16
    0.228486306E-16
    0.256448207E-16
    0.233438840E-16
    0.277162551E-16
    0.223200893E-16
    0.232198270E-16
    0.257392336E-16
    0.241305708E-16
    0.253668235E-16
    0.197289336E-16
    0.222118170E-16
    0.247508192E-16
    0.195906361E-16
    0.204128725E-16
    0.244732607E-16
    0.231212071E-16
    0.267562183E-16
    0.259728313E-16
    0.328704657E-16
    0.261142462E-16
    0.280137247E-16
    0.210276121E-16
    0.241767260E-16
    0.217616435E-16
    0.209838413E-16
    0.255499299E-16
    0.209425135E-16
    0.283723996E-16
    0.235004180E-16
    0.229247122E-16
    0.269982759E-16
    0.280991426E-16
    0.235628582E-16
    0.212131687E-16
    0.217129400E-16
    0.254415506E-16
    0.241402690E-16
    0.210739684E-16
    0.218796342E-16
    0.233654142E-16
    0.221979459E-16
    0.228392211E-16
    0.257269288E-16
    0.266275330E-16
    0.243928575E-16
    0.214088941E-16
    0.204093046E-16
    0.251240981E-16
    0.196492138E-16
    0.258775457E-16
    0.227676045E-16
    0.235792414E-16
    0.241827520E-16
    0.177363502E-16
    0.223198856E-16
    0.259841039E-16
    0.234089343E-16
    0.227692786E-16
    0.177391722E-16
    0.202646610E-16
    0.228228631E-16
    0.221925535E-16
    0.183128039E-16
    0.254811034E-16
    0.221585614E-16
    0.258544321E-16
    0.298549551E-16
    0.305124016E-16
    0.270982142E-16
    0.255888315E-16
    0.208001900E-16
    0.244981817E-16
    0.217211485E-16
    0.242154725E-16
    0.348949515E-16
    0.275215415E-16
    0.282444448E-16
    0.311842685E-16
    0.298344099E-16
    0.270161610E-16
    0.353431679E-16
    0.249375252E-16
    0.349727529E-16
    0.301893872E-16
    0.412358520E-16
    0.354066696E-16
    0.323936700E-16
    0.318462313E-16
    0.344890097E-16
    0.354125656E-16
    0.378607047E-16
    0.337647155E-16
    0.383232936E-16
    0.400585768E-16
    0.365009476E-16
    0.262615070E-16
    0.382912854E-16
    0.258812449E-16
    0.280973693E-16
    0.365950652E-16
    0.306735116E-16
    0.353750961E-16
    0.314271431E-16
    0.286609567E-16
    0.535585336E-16
    0.557530218E-16
    0.451905575E-16
    0.544557014E-16
    0.530539196E-16
    0.896285003E-16
    0.110234774E-15
    0.110755420E-15
    0.124712772E-15
    0.184984064E-15
    0.177353008E-15
    0.250819518E-15
    0.272706684E-15
    0.355903918E-15
    0.371661624E-15
    0.432004169E-15
    0.487667805E-15
    0.507557209E-15
    0.651964352E-15
    0.701861945E-15
    0.810330158E-15
    0.814139192E-15
    0.968146942E-15
    0.115936534E-14
    0.149177172E-14
    0.200523262E-14
    0.292336972E-14
    0.445900846E-14
    0.730209313E-14
    0.117374812E-13
    0.193764618E-13
    0.310514276E-13
    0.488048006E-13
    0.775313071E-13
    0.120894557E-12
    0.186103107E-12
    0.283767880E-12
    0.426441265E-12
    0.638984580E-12
    0.942305683E-12
    0.138072667E-11
    0.201175070E-11
    0.290025012E-11
    0.416805744E-11
    0.593371328E-11
    0.839416657E-11
    0.118069702E-10
    0.165217743E-10
    0.229951318E-10
    0.318341393E-10
    0.438288520E-10
    0.601270614E-10
    0.820480970E-10
    0.111516964E-09
    0.150904220E-09
    0.203304677E-09
    0.272896175E-09
    0.364879446E-09
    0.485985433E-09
    0.644866314E-09
    0.852727359E-09
    0.112344292E-08
    0.147514076E-08
    0.193029063E-08
    0.251761678E-08
    0.327278394E-08
    0.424107570E-08
    0.547832707E-08
    0.705444121E-08
    0.905643724E-08
    0.115915764E-07
    0.147927841E-07
    0.188220884E-07
    0.238800031E-07
    0.302103880E-07
    0.381117655E-07
    0.479448695E-07
    0.601493613E-07
    0.752537137E-07
    0.938986600E-07
    0.116850054E-06
    0.145028343E-06
    0.179531320E-06
    0.221667353E-06
    0.272994064E-06
    0.335350583E-06
    0.410920292E-06
    0.502265254E-06
    0.612401839E-06
    0.744874462E-06
    0.903811091E-06
    0.109403375E-05
    0.132115931E-05
    0.159168569E-05
    0.191315378E-05
    0.229424883E-05
    0.274497142E-05
    0.327682638E-05
    0.390297204E-05
    0.463846820E-05
    0.550045900E-05
    0.650845326E-05
    0.768461354E-05
    0.905398328E-05
    0.106448791E-04
    0.124891967E-04
    0.146227724E-04
    0.170858533E-04
    0.199234553E-04
    0.231858282E-04
    0.269290150E-04
    0.312152878E-04
    0.361137962E-04
    0.417010782E-04
    0.480616573E-04
    0.552888925E-04
    0.634853756E-04
    0.727638905E-04
    0.832480665E-04
    0.950731195E-04
    0.108386792E-03
    0.123350150E-03
    0.140138395E-03
    0.158941857E-03
    0.179966842E-03
    0.203436723E-03
    0.229592860E-03
    0.258695459E-03
    0.291024903E-03
    0.326882404E-03
    0.366591551E-03
    0.410498847E-03
    0.458975247E-03
    0.512416855E-03
    0.571246298E-03
    0.635913733E-03
    0.706897647E-03
    0.784706635E-03
    0.869879527E-03
    0.962986968E-03
    0.106463279E-02
    0.117545412E-02
    0.129612281E-02
    0.142734672E-02
    0.156986965E-02
    0.172447351E-02
    0.189197783E-02
    0.207324106E-02
    0.226916136E-02
    0.248067689E-02
    0.270876712E-02
    0.295445195E-02
    0.321879294E-02
    0.350289429E-02
    0.380790123E-02
    0.413500226E-02
    0.448542728E-02
    0.486044856E-02
    0.526138043E-02
    0.568957911E-02
    0.614644146E-02
    0.663340557E-02
    0.715194928E-02
    0.770359010E-02
    0.828988337E-02
    0.891242223E-02
    0.957283601E-02
    0.102727882E-01
    0.110139768E-01
    0.117981306E-01
    0.126270101E-01
    0.135024020E-01
    0.144261211E-01
    0.154000052E-01
    0.164259153E-01
    0.175057318E-01
    0.186413505E-01
    0.198346834E-01
    0.210876543E-01
    0.224021943E-01
    0.237802416E-01
    0.252237362E-01
    0.267346170E-01
    0.283148207E-01
    0.299662748E-01
    0.316908964E-01
    0.334905879E-01
    0.353672323E-01
    0.373226932E-01
    0.393588045E-01
    0.414773714E-01
    0.436801668E-01
    0.459689215E-01
    0.483453275E-01
    0.508110287E-01
    0.533676192E-01
    0.560166363E-01
    0.587595616E-01
    0.615978099E-01
    0.645327327E-01
    0.675656062E-01
    0.706976320E-01
    0.739299336E-01
    0.772635506E-01
    0.806994331E-01
    0.842384414E-01
    0.878813400E-01
    0.916287932E-01
    0.954813672E-01
    0.994395162E-01
    0.103503590E+00
    0.107673822E+00
    0.111950332E+00
    0.116333123E+00
    0.120822072E+00
    0.125416936E+00
    0.130117345E+00
    0.134922797E+00
    0.139832663E+00
    0.144846182E+00
    0.149962456E+00
    0.155180450E+00
    0.160498995E+00
    0.165916784E+00
    0.171432370E+00
    0.177044165E+00
    0.182750444E+00
    0.188549340E+00
    0.194438850E+00
    0.200416824E+00
    0.206480983E+00
    0.212628901E+00
    0.218858022E+00
    0.225165655E+00
    0.231548968E+00
    0.238005005E+00
    0.244530676E+00
    0.251122766E+00
    0.257777938E+00
    0.264492723E+00
    0.271263547E+00
    0.278086711E+00
    0.284958407E+00
    0.291874719E+00
    0.298831628E+00
    0.305825012E+00
    0.312850654E+00
    0.319904249E+00
    0.326981400E+00
    0.334077637E+00
    0.341188400E+00
    0.348309069E+00
    0.355434956E+00
    0.362561312E+00
    0.369683328E+00
    0.376796155E+00
    0.383894893E+00
    0.390974613E+00
    0.398030348E+00
    0.405057109E+00
    0.412049889E+00
    0.419003668E+00
    0.425913423E+00
    0.432774128E+00
    0.439580763E+00
    0.446328328E+00
    0.453011833E+00
    0.459626320E+00
    0.466166862E+00
    0.472628574E+00
    0.479006606E+00
    0.485296167E+00
    0.491492522E+00
    0.497590997E+00
    0.503586989E+00
    0.509475963E+00
    0.515253473E+00
    0.520915161E+00
    0.526456750E+00
    0.531874066E+00
    0.537163039E+00
    0.542319703E+00
    0.547340205E+00
    0.552220810E+00
    0.556957901E+00
    0.561547990E+00
    0.565987719E+00
    0.570273859E+00
    0.574403320E+00
    0.578373155E+00
    0.582180559E+00
    0.585822868E+00
    0.589297580E+00
    0.592602335E+00
    0.595734933E+00
    0.598693322E+00
    0.601475617E+00
    0.604080093E+00
    0.606505181E+00
    0.608749480E+00
    0.610811746E+00
    0.612690907E+00
    0.614386055E+00
    0.615896439E+00
    0.617221479E+00
    0.618360760E+00
    0.619314032E+00
    0.620081204E+00
    0.620662350E+00
    0.621057705E+00
    0.621267664E+00
    0.621292779E+00
    0.621133755E+00
    0.620791462E+00
    0.620266916E+00
    0.619561274E+00
    0.618675853E+00
    0.617612114E+00
    0.616371649E+00
    0.614956200E+00
    0.613367636E+00
    0.611607965E+00
    0.609679321E+00
    0.607583958E+00
    0.605324257E+00
    0.602902717E+00
    0.600321943E+00
    0.597584660E+00
    0.594693687E+00
    0.591651950E+00
    0.588462466E+00
    0.585128352E+00
    0.581652796E+00
    0.578039091E+00
    0.574290587E+00
    0.570410722E+00
    0.566402995E+00
    0.562270966E+00
    0.558018271E+00
    0.553648580E+00
    0.549165622E+00
    0.544573175E+00
    0.539875054E+00
    0.535075104E+00
    0.530177211E+00
    0.525185283E+00
    0.520103246E+00
    0.514935050E+00
    0.509684653E+00
    0.504356027E+00
    0.498953141E+00
    0.493479964E+00
    0.487940466E+00
    0.482338609E+00
    0.476678333E+00
    0.470963569E+00
    0.465198227E+00
    0.459386191E+00
    0.453531322E+00
    0.447637443E+00
    0.441708348E+00
    0.435747789E+00
    0.429759482E+00
    0.423747093E+00
    0.417714244E+00
    0.411664510E+00
    0.405601407E+00
    0.399528398E+00
    0.393448893E+00
    0.387366237E+00
    0.381283720E+00
    0.375204553E+00
    0.369131903E+00
    0.363068854E+00
    0.357018426E+00
    0.350983569E+00
    0.344967161E+00
    0.338972009E+00
    0.333000847E+00
    0.327056329E+00
    0.321141039E+00
    0.315257486E+00
    0.309408098E+00
    0.303595227E+00
    0.297821152E+00
    0.292088069E+00
    0.286398104E+00
    0.280753297E+00
    0.275155616E+00
    0.269606955E+00
    0.264109126E+00
    0.258663866E+00
    0.253272843E+00
    0.247937643E+00
    0.242659782E+00
    0.237440703E+00
    0.232281773E+00
    0.227184293E+00
    0.222149492E+00
    0.217178526E+00
    0.212272490E+00
    0.207432405E+00
    0.202659228E+00
    0.197953854E+00
    0.193317114E+00
    0.188749772E+00
    0.184252540E+00
    0.179826062E+00
    0.175470928E+00
    0.171187674E+00
    0.166976775E+00
    0.162838659E+00
    0.158773693E+00
    0.154782203E+00
    0.150864459E+00
    0.147020684E+00
    0.143251057E+00
    0.139555707E+00
    0.135934726E+00
    0.132388156E+00
    0.128916006E+00
    0.125518243E+00
    0.122194791E+00
    0.118945547E+00
    0.115770365E+00
    0.112669073E+00
    0.109641459E+00
    0.106687287E+00
    0.103806289E+00
    0.100998173E+00
    0.982626150E-01
    0.955992714E-01
    0.930077742E-01
    0.904877337E-01
    0.880387385E-01
    0.856603601E-01
    0.833521511E-01
    0.811136509E-01
    0.789443798E-01
    0.768438472E-01
    0.748115525E-01
    0.728469814E-01
    0.709496106E-01
    0.691189126E-01
    0.673543481E-01
    0.656553762E-01
    0.640214495E-01
    0.624520182E-01
    0.609465318E-01
    0.595044375E-01
    0.581251817E-01
    0.568082151E-01
    0.555529870E-01
    0.543589512E-01
    0.532255653E-01
    0.521522910E-01
    0.511385935E-01
    0.501839478E-01
    0.492878292E-01
    0.484497238E-01
    0.476691239E-01
    0.469455277E-01
    0.462784431E-01
    0.456673817E-01
    0.451118665E-01
    0.446114259E-01
    0.441655954E-01
    0.437739177E-01
    0.434359426E-01
    0.431512260E-01
    0.429193281E-01
    0.427398168E-01
    0.426122625E-01
    0.425362397E-01
    0.425113260E-01
    0.425371015E-01
    0.426131476E-01
    0.427390447E-01
    0.429143733E-01
    0.431387124E-01
    0.434116376E-01
    0.437327194E-01
    0.441015246E-01
    0.445176123E-01
    0.449805349E-01
    0.454898345E-01
    0.460450438E-01
    0.466456833E-01
    0.472912623E-01
    0.479812746E-01
    0.487151993E-01
    0.494925008E-01
    0.503126236E-01
    0.511749959E-01
    0.520790255E-01
    0.530240993E-01
    0.540095837E-01
    0.550348219E-01
    0.560991336E-01
    0.572018156E-01
    0.583421390E-01
    0.595193489E-01
    0.607326658E-01
    0.619812825E-01
    0.632643652E-01
    0.645810521E-01
    0.659304543E-01
    0.673116537E-01
    0.687237059E-01
    0.701656356E-01
    0.716364413E-01
    0.731350915E-01
    0.746605271E-01
    0.762116610E-01
    0.777873771E-01
    0.793865323E-01
    0.810079561E-01
    0.826504507E-01
    0.843127919E-01
    0.859937286E-01
    0.876919862E-01
    0.894062626E-01
    0.911352336E-01
    0.928775496E-01
    0.946318399E-01
    0.963967108E-01
    0.981707473E-01
    0.999525150E-01
    0.101740559E+00
    0.103533408E+00
    0.105329571E+00
    0.107127542E+00
    0.108925799E+00
    0.110722808E+00
    0.112517020E+00
    0.114306876E+00
    0.116090804E+00
    0.117867227E+00
    0.119634557E+00
    0.121391201E+00
    0.123135562E+00
    0.124866038E+00
    0.126581027E+00
    0.128278925E+00
    0.129958131E+00
    0.131617047E+00
    0.133254077E+00
    0.134867635E+00
    0.136456141E+00
    0.138018027E+00
    0.139551735E+00
    0.141055720E+00
    0.142528455E+00
    0.143968430E+00
    0.145374153E+00
    0.146744154E+00
    0.148076989E+00
    0.149371234E+00
    0.150625498E+00
    0.151838417E+00
    0.153008657E+00
    0.154134919E+00
    0.155215942E+00
    0.156250497E+00
    0.157237400E+00
    0.158175503E+00
    0.159063706E+00
    0.159900951E+00
    0.160686229E+00
    0.161418578E+00
    0.162097089E+00
    0.162720901E+00
    0.163289212E+00
    0.163801271E+00
    0.164256387E+00
    0.164653925E+00
    0.164993309E+00
    0.165274025E+00
    0.165495622E+00
    0.165657709E+00
    0.165759961E+00
    0.165802115E+00
    0.165783976E+00
    0.165705413E+00
    0.165566360E+00
    0.165366821E+00
    0.165106864E+00
    0.164786626E+00
    0.164406306E+00
    0.163966177E+00
    0.163466571E+00
    0.162907892E+00
    0.162290606E+00
    0.161615244E+00
    0.160882402E+00
    0.160092739E+00
    0.159246976E+00
    0.158345895E+00
    0.157390337E+00
    0.156381203E+00
    0.155319449E+00
    0.154206088E+00
    0.153042187E+00
    0.151828864E+00
    0.150567287E+00
    0.149258673E+00
    0.147904286E+00
    0.146505433E+00
    0.145063462E+00
    0.143579764E+00
    0.142055766E+00
    0.140492928E+00
    0.138892747E+00
    0.137256747E+00
    0.135586483E+00
    0.133883532E+00
    0.132149497E+00
    0.130386001E+00
    0.128594682E+00
    0.126777196E+00
    0.124935213E+00
    0.123070409E+00
    0.121184471E+00
    0.119279089E+00
    0.117355958E+00
    0.115416769E+00
    0.113463214E+00
    0.111496979E+00
    0.109519741E+00
    0.107533169E+00
    0.105538919E+00
    0.103538633E+00
    0.101533936E+00
    0.995264328E-01
    0.975177095E-01
    0.955093269E-01
    0.935028221E-01
    0.914997046E-01
    0.895014549E-01
    0.875095228E-01
    0.855253261E-01
    0.835502485E-01
    0.815856376E-01
    0.796328048E-01
    0.776930226E-01
    0.757675247E-01
    0.738575032E-01
    0.719641087E-01
    0.700884495E-01
    0.682315895E-01
    0.663945484E-01
    0.645783013E-01
    0.627837767E-01
    0.610118572E-01
    0.592633785E-01
    0.575391300E-01
    0.558398534E-01
    0.541662432E-01
    0.525189463E-01
    0.508985629E-01
    0.493056453E-01
    0.477406999E-01
    0.462041859E-01
    0.446965161E-01
    0.432180581E-01
    0.417691345E-01
    0.403500228E-01
    0.389609573E-01
    0.376021289E-01
    0.362736867E-01
    0.349757386E-01
    0.337083514E-01
    0.324715540E-01
    0.312653360E-01
    0.300896502E-01
    0.289444138E-01
    0.278295090E-01
    0.267447848E-01
    0.256900576E-01
    0.246651133E-01
    0.236697082E-01
    0.227035704E-01
    0.217664008E-01
    0.208578753E-01
    0.199776454E-01
    0.191253405E-01
    0.183005681E-01
    0.175029163E-01
    0.167319541E-01
    0.159872341E-01
    0.152682930E-01
    0.145746529E-01
    0.139058232E-01
    0.132613014E-01
    0.126405747E-01
    0.120431216E-01
    0.114684118E-01
    0.109159096E-01
    0.103850728E-01
    0.987535555E-02
    0.938620862E-02
    0.891708086E-02
    0.846741986E-02
    0.803667347E-02
    0.762429023E-02
    0.722972084E-02
    0.685241835E-02
    0.649183979E-02
    0.614744637E-02
    0.581870446E-02
    0.550508630E-02
    0.520607062E-02
    0.492114323E-02
    0.464979747E-02
    0.439153525E-02
    0.414586696E-02
    0.391231210E-02
    0.369039981E-02
    0.347966899E-02
    0.327966903E-02
    0.308995952E-02
    0.291011096E-02
    0.273970492E-02
    0.257833367E-02
    0.242560129E-02
    0.228112274E-02
    0.214452475E-02
    0.201544530E-02
    0.189353402E-02
    0.177845178E-02
    0.166987118E-02
    0.156747586E-02
    0.147096104E-02
    0.138003276E-02
    0.129440831E-02
    0.121381581E-02
    0.113799405E-02
    0.106669236E-02
    0.999670361E-03
    0.936697860E-03
    0.877554517E-03
    0.822029647E-03
    0.769921970E-03
    0.721039445E-03
    0.675198935E-03
    0.632225885E-03
    0.591954266E-03
    0.554226107E-03
    0.518891281E-03
    0.485807323E-03
    0.454839012E-03
    0.425858271E-03
    0.398743747E-03
    0.373380621E-03
    0.349660323E-03
    0.327480352E-03
    0.306743841E-03
    0.287359509E-03
    0.269241230E-03
    0.252307950E-03
    0.236483390E-03
    0.221695760E-03
    0.207877627E-03
    0.194965620E-03
    0.182900281E-03
    0.171625853E-03
    0.161090044E-03
    0.151243860E-03
    0.142041473E-03
    0.133439916E-03
    0.125399092E-03
    0.117881441E-03
    0.110851943E-03
    0.104277808E-03
    0.981284796E-04
    0.923754167E-04
    0.869920238E-04
    0.819534667E-04
    0.772366032E-04
    0.728198700E-04
    0.686831727E-04
    0.648077656E-04
    0.611762296E-04
    0.577723005E-04
    0.545808479E-04
    0.515877852E-04
    0.487799708E-04
    0.461451997E-04
    0.436720592E-04
    0.413499572E-04
    0.391690078E-04
    0.371199999E-04
    0.351943498E-04
    0.333840505E-04
    0.316816384E-04
    0.300801655E-04
    0.285731108E-04
    0.271544425E-04
    0.258184721E-04
    0.245599252E-04
    0.233738557E-04
    0.222556518E-04
    0.212009906E-04
    0.202058380E-04
    0.192664113E-04
    0.183791727E-04
    0.175408154E-04
    0.167482395E-04
    0.159985395E-04
    0.152889903E-04
    0.146170469E-04
    0.139803214E-04
    0.133765800E-04
    0.128037183E-04
    0.122597765E-04
    0.117429072E-04
    0.112513991E-04
    0.107836234E-04
    0.103380794E-04
    0.991335224E-05
    0.950811694E-05
    0.912113612E-05
    0.875126503E-05
    0.839742250E-05
    0.805860190E-05
    0.773387048E-05
    0.742235481E-05
    0.712325374E-05
    0.683581301E-05
    0.655933363E-05
    0.629317489E-05
    0.603674030E-05
    0.578947667E-05
    0.555088712E-05
    0.532049546E-05
    0.509788337E-05
    0.488265368E-05
    0.467445256E-05
    0.447295187E-05
    0.427785310E-05
    0.408889080E-05
    0.390582079E-05
    0.372841859E-05
    0.355649335E-05
    0.338985848E-05
    0.322835858E-05
    0.307184858E-05
    0.292020176E-05
    0.277330354E-05
    0.263104726E-05
    0.249334523E-05
    0.236011291E-05
    0.223128379E-05
    0.210678393E-05
    0.198655626E-05
    0.187054632E-05
    0.175870118E-05
    0.165097477E-05
    0.154732463E-05
    0.144769962E-05
    0.135206325E-05
    0.126036673E-05
    0.117257203E-05
    0.108863068E-05
    0.100849904E-05
    0.932128118E-06
    0.859467624E-06
    0.790465256E-06
    0.725064532E-06
    0.663206074E-06
    0.604829154E-06
    0.549866799E-06
    0.498249604E-06
    0.449905798E-06
    0.404758384E-06
    0.362727524E-06
    0.323730729E-06
    0.287682548E-06
    0.254491157E-06
    0.224066284E-06
    0.196311752E-06
    0.171129603E-06
    0.148420486E-06
    0.128082278E-06
    0.110009629E-06
    0.940992395E-07
    0.802439047E-07
    0.683364098E-07
    0.582683551E-07
    0.499330158E-07
    0.432212354E-07
    0.380253762E-07
    0.342388545E-07
    0.317557858E-07
    0.304716299E-07
    0.302827964E-07
    0.310893794E-07
    0.327903550E-07
    0.352911650E-07
    0.384976067E-07
    0.423178412E-07
    0.466654785E-07
    0.514544721E-07
    0.566045062E-07
    0.620385112E-07
    0.676821508E-07
    0.734670982E-07
    0.793262934E-07
    0.851997364E-07
    0.910295319E-07
    0.967625873E-07
    0.102351222E-06
    0.107751413E-06
    0.112921548E-06
    0.117829000E-06
    0.122439775E-06
    0.126728308E-06
    0.130672163E-06
    0.134252762E-06
    0.137453556E-06
    0.140266436E-06
    0.142682359E-06
    0.144699352E-06
    0.146316266E-06
    0.147538715E-06
    0.148371354E-06
    0.148825605E-06
    0.148911209E-06
    0.148646829E-06
    0.148047295E-06
    0.147134211E-06
    0.145928121E-06
    0.144452728E-06
    0.142733802E-06
    0.140798594E-06
    0.138671398E-06
    0.136386236E-06
    0.133968996E-06
    0.131450751E-06
    0.128861666E-06
    0.126232730E-06
    0.123594302E-06
    0.120977373E-06
    0.118409775E-06
    0.115923056E-06
    0.113544847E-06
    0.111302039E-06
    0.109223369E-06
    0.107330223E-06
    0.105650952E-06
    0.104205552E-06
    0.103015920E-06
    0.102101427E-06
    0.101480172E-06
    0.101166599E-06
    0.101176161E-06
    0.101519435E-06
    0.102207248E-06
    0.103247625E-06
    0.104646426E-06
    0.106406276E-06
    0.108531451E-06
    0.111020791E-06
    0.113872170E-06
    0.117081158E-06
    0.120644015E-06
    0.124550273E-06
    0.128791855E-06
    0.133356365E-06
    0.138233357E-06
    0.143405042E-06
    0.148858659E-06
    0.154575601E-06
    0.160536707E-06
    0.166724751E-06
    0.173117376E-06
    0.179693186E-06
    0.186432008E-06
    0.193305939E-06
    0.200296115E-06
    0.207375912E-06
    0.214522245E-06
    0.221709940E-06
    0.228914551E-06
    0.236111641E-06
    0.243276788E-06
    0.250384424E-06
    0.257414489E-06
    0.264338471E-06
    0.271137924E-06
    0.277788305E-06
    0.284268364E-06
    0.290556910E-06
    0.296636378E-06
    0.302484555E-06
    0.308086425E-06
    0.313424050E-06
    0.318482667E-06
    0.323245753E-06
    0.327703536E-06
    0.331840015E-06
    0.335648760E-06
    0.339116755E-06
    0.342235617E-06
    0.345001616E-06
    0.347406545E-06
    0.349446978E-06
    0.351120542E-06
    0.352423142E-06
    0.353357666E-06
    0.353921840E-06
    0.354118444E-06
    0.353951921E-06
    0.353422968E-06
    0.352540289E-06
    0.351306683E-06
    0.349730771E-06
    0.347820121E-06
    0.345584567E-06
    0.343031308E-06
    0.340173615E-06
    0.337020230E-06
    0.333583103E-06
    0.329874046E-06
    0.325906317E-06
    0.321691577E-06
    0.317245270E-06
    0.312577771E-06
    0.307704820E-06
    0.302641625E-06
    0.297399500E-06
    0.291994660E-06
    0.286440417E-06
    0.280750156E-06
    0.274940373E-06
    0.269022282E-06
    0.263011495E-06
    0.256920583E-06
    0.250762711E-06
    0.244551989E-06
    0.238299247E-06
    0.232018516E-06
    0.225721014E-06
    0.219418708E-06
    0.213121488E-06
    0.206842579E-06
    0.200589019E-06
    0.194372689E-06
    0.188201771E-06
    0.182085984E-06
    0.176032655E-06
    0.170050614E-06
    0.164144957E-06
    0.158325284E-06
    0.152596092E-06
    0.146963168E-06
    0.141432392E-06
    0.136008202E-06
    0.130694326E-06
    0.125496267E-06
    0.120415216E-06
    0.115455502E-06
    0.110618546E-06
    0.105907692E-06
    0.101323603E-06
    0.968679928E-07
    0.925417505E-07
    0.883453381E-07
    0.842788495E-07
    0.803421345E-07
    0.765354506E-07
    0.728567358E-07
    0.693064463E-07
    0.658827438E-07
    0.625843047E-07
    0.594094748E-07
    0.563564341E-07
    0.534229017E-07
    0.506076107E-07
    0.479070889E-07
    0.453194692E-07
    0.428423769E-07
    0.404728359E-07
    0.382082194E-07
    0.360460712E-07
    0.339826898E-07
    0.320158765E-07
    0.301423032E-07
    0.283596585E-07
    0.266640531E-07
    0.250532712E-07
    0.235237124E-07
    0.220729651E-07
    0.206976277E-07
    0.193952826E-07
    0.181626722E-07
    0.169968826E-07
    0.158955548E-07
    0.148556857E-07
    0.138745544E-07
    0.129497843E-07
    0.120785147E-07
    0.112585532E-07
    0.104873517E-07
    0.976239010E-08
    0.908160937E-08
    0.844281380E-08
    0.784369216E-08
    0.728235336E-08
    0.675675700E-08
    0.626489654E-08
    0.580508051E-08
    0.537554170E-08
    0.497456442E-08
    0.460034709E-08
    0.425159521E-08
    0.392661307E-08
    0.362421578E-08
    0.334287899E-08
    0.308143409E-08
    0.283852487E-08
    0.261304319E-08
    0.240402202E-08
    0.221021612E-08
    0.203071545E-08
    0.186464454E-08
    0.171098889E-08
    0.156905013E-08
    0.143792901E-08
    0.131692013E-08
    0.120534520E-08
    0.110254309E-08
    0.100782772E-08
    0.920704638E-09
    0.840555806E-09
    0.766932602E-09
    0.699316511E-09
    0.637301620E-09
    0.580398221E-09
    0.528244918E-09
    0.480503936E-09
    0.436802508E-09
    0.396863834E-09
    0.360343176E-09
    0.326995798E-09
    0.296548327E-09
    0.268793902E-09
    0.243522218E-09
    0.220462320E-09
    0.199488680E-09
    0.180412773E-09
    0.163055357E-09
    0.147307332E-09
    0.132995787E-09
    0.120015606E-09
    0.108244653E-09
    0.975820417E-10
    0.879167959E-10
    0.791719707E-10
    0.712579689E-10
    0.641066245E-10
    0.576368046E-10
    0.518047467E-10
    0.465278102E-10
    0.417734178E-10
    0.374906687E-10
    0.336263942E-10
    0.301499382E-10
    0.270141295E-10
    0.241944489E-10
    0.216625290E-10
    0.193865272E-10
    0.173446478E-10
    0.154988318E-10
    0.138528759E-10
    0.123734783E-10
    0.110465581E-10
    0.985914621E-11
    0.879307755E-11
    0.783747402E-11
    0.698473310E-11
    0.622295402E-11
    0.554041084E-11
    0.492964897E-11
    0.438528817E-11
    0.389830753E-11
    0.346326199E-11
    0.307854932E-11
    0.273144146E-11
    0.242494739E-11
    0.215161703E-11
    0.190718120E-11
    0.169110846E-11
    0.149742115E-11
    0.132620489E-11
    0.117453090E-11
    0.103837774E-11
    0.918614391E-12
    0.810944280E-12
    0.717766145E-12
    0.634532132E-12
    0.560516244E-12
    0.494888798E-12
    0.436610233E-12
    0.385133571E-12
    0.340231366E-12
    0.300674959E-12
    0.264974627E-12
    0.233299048E-12
    0.206215348E-12
    0.181525341E-12
    0.160581739E-12
    0.141959834E-12
    0.124781602E-12
    0.110230905E-12
    0.973574942E-13
    0.858895163E-13
    0.762427960E-13
    0.672853148E-13
    0.596089817E-13
    0.527503057E-13
    0.466249088E-13
    0.415503432E-13
    0.367951918E-13
    0.326261260E-13
    0.291264868E-13
    0.256873309E-13
    0.229457470E-13
    0.204611204E-13
    0.182654160E-13
    0.162797578E-13
    0.146521657E-13
    0.130511610E-13
    0.116900083E-13
    0.105207778E-13
    0.938361296E-14
    0.845110860E-14
    0.762123221E-14
    0.683217683E-14
    0.608698263E-14
    0.551224980E-14
    0.493362721E-14
    0.448595810E-14
    0.406302888E-14
    0.360609321E-14
    0.329325642E-14
    0.296021152E-14
    0.268960056E-14
    0.242495582E-14
    0.213778705E-14
    0.198528466E-14
    0.177065942E-14
    0.163074153E-14
    0.143717517E-14
    0.128553427E-14
    0.113218899E-14
    0.106373191E-14
    0.981320276E-15
    0.858111771E-15
    0.749781132E-15
    0.669376811E-15
    0.601824552E-15
    0.585166037E-15
    0.515184166E-15
    0.444067165E-15
    0.408878862E-15
    0.359566739E-15
    0.329203279E-15
    0.304669059E-15
    0.255458239E-15
    0.238757086E-15
    0.202776830E-15
    0.192348254E-15
    0.183842993E-15
    0.152963978E-15
    0.143846539E-15
    0.138668835E-15
    0.115852494E-15
    0.994446513E-16
    0.106819459E-15
    0.956647389E-16
    0.862555177E-16
    0.814233280E-16
    0.606318493E-16
    0.653187767E-16
    0.546059626E-16
    0.500118830E-16
    0.522602691E-16
    0.501905198E-16
    0.492061596E-16
    0.408908882E-16
    0.386966431E-16
    0.380599912E-16
    0.379708640E-16
    0.308379020E-16
    0.324280443E-16
    0.330612500E-16
    0.360989516E-16
    0.329320043E-16
    0.299959317E-16
    0.295616915E-16
    0.369097679E-16
    0.247782292E-16
    0.285994663E-16
    0.320744695E-16
    0.325683062E-16
    0.309642414E-16
    0.358995092E-16
    0.268435533E-16
    0.277707856E-16
    0.277544442E-16
    0.224644384E-16
    0.247682784E-16
    0.252435197E-16
    0.266558844E-16
    0.349708051E-16
    0.249511912E-16
    0.256345598E-16
    0.221049017E-16
    0.274777833E-16
    0.265458230E-16
    0.340256063E-16
    0.231500686E-16
    0.295490323E-16
    0.284631246E-16
    0.250523000E-16
    0.287690916E-16
    0.245286711E-16
    0.347978954E-16
    0.278834846E-16
    0.331707552E-16
    0.232597686E-16
    0.285570315E-16
    0.312569556E-16
    0.257033764E-16
    0.255580358E-16
    0.235359178E-16
    0.278994999E-16
    0.263670893E-16
    0.267328034E-16
    0.297752412E-16
    0.233826413E-16
    0.316829558E-16
    0.190045756E-16
    0.279042996E-16
    0.252481685E-16
    0.293039354E-16
    0.321180301E-16
    0.236873964E-16
    0.295549341E-16
    0.255605264E-16
    0.234512754E-16
    0.324243459E-16
    0.244251754E-16
    0.296540826E-16
    0.324000912E-16
    0.386374589E-16
    0.225288789E-16
    0.274849094E-16
    0.232930278E-16
    0.265010513E-16
    0.254115510E-16
    0.285547970E-16
    0.252782521E-16
    0.262129160E-16
    0.327008246E-16
    0.252085801E-16
    0.290558680E-16
    0.247555573E-16
    0.227512596E-16
    0.279152088E-16
    0.275863587E-16
    0.357852781E-16
    0.225936766E-16
    0.224182236E-16
    0.271184606E-16
    0.232037107E-16
    0.280594272E-16
    0.261091027E-16
    0.371802020E-16
    0.306943399E-16
    0.260755825E-16
    0.280385641E-16
    0.289915904E-16
    0.255372232E-16
    0.229483052E-16
    0.242848819E-16
    0.242962585E-16
    0.298163167E-16
    0.244470690E-16
    0.248144023E-16
    0.324471416E-16
    0.250478372E-16
    0.266674799E-16
    0.224676239E-16
    0.323115551E-16
    0.288738366E-16
    0.392701835E-16
    0.268580246E-16
    0.276582392E-16
    0.246403434E-16
    0.246932254E-16
    0.241693929E-16
    0.238444996E-16
    0.359577524E-16
    0.355430131E-16
    0.282697962E-16
    0.254610021E-16
    0.227434610E-16
    0.264692371E-16
    0.254035487E-16
    0.231146574E-16
    0.247258367E-16
    0.326380323E-16
    0.271888308E-16
    0.217183971E-16
    0.286330633E-16
    0.227396496E-16
    0.313328873E-16
    0.246001616E-16
    0.273211961E-16
    0.302068304E-16
    0.329045752E-16
    0.356473377E-16
    0.227013482E-16
    0.330467517E-16
    0.287039432E-16
    0.205274859E-16
    0.297112523E-16
    0.259147534E-16
    0.404319084E-16
    0.309139128E-16
    0.373521635E-16
    0.244170890E-16
    0.223914227E-16
    0.239179783E-16
    0.255159840E-16
    0.309743477E-16
    0.316136200E-16
    0.266396147E-16
    0.223011651E-16
    0.304545405E-16
    0.280703544E-16
    0.275726453E-16
    0.216212711E-16
    0.251860026E-16
    0.325919800E-16
    0.264610369E-16
    0.368932039E-16
    0.234959883E-16
    0.236462652E-16
    0.328976779E-16
    0.211211853E-16
    0.276897556E-16
    0.296936845E-16
    0.408386688E-16
    0.337873180E-16
    0.261999506E-16
    0.293108440E-16
    0.283834503E-16
    0.277834774E-16
    0.253595519E-16
    0.272174154E-16
    0.267468868E-16
    0.313570369E-16
    0.245136226E-16
    0.277912264E-16
    0.296832522E-16
    0.263118756E-16
    0.296076392E-16
    0.277313428E-16
    0.283493594E-16
    0.262911388E-16
    0.363978637E-16
    0.301838205E-16
    0.249764394E-16
    0.255866447E-16
    0.222897876E-16
    0.269069173E-16
    0.231071315E-16
    0.355464078E-16
    0.340443746E-16
    0.316324662E-16
    0.264107297E-16
    0.271302747E-16
    0.240860751E-16
    0.260433460E-16
    0.317457202E-16
    0.273868237E-16
    0.402592667E-16
    0.262025896E-16
    0.212213992E-16
    0.328307635E-16
    0.275990177E-16
    0.295682601E-16
    0.351923228E-16
    0.271337388E-16
    0.341518178E-16
    0.364769455E-16
    0.350204440E-16
    0.262290720E-16
    0.262393927E-16
    0.273783910E-16
    0.241832296E-16
    0.266767771E-16
    0.280508299E-16
    0.370235369E-16
    0.213343545E-16
    0.325623894E-16
    0.296679048E-16
    0.245597266E-16
    0.279595520E-16
    0.284116513E-16
    0.272932937E-16
    0.356106816E-16
    0.316138026E-16
    0.227503315E-16
    0.272805162E-16
    0.292359000E-16
    0.298421471E-16
    0.327880400E-16
    0.289079268E-16
    0.265769969E-16
    0.361655631E-16
    0.365224567E-16
    0.267101290E-16
    0.261733999E-16
    0.285904207E-16
    0.247769094E-16
    0.285612115E-16
    0.293405193E-16
    0.383125281E-16
    0.284791434E-16
    0.327620969E-16
    0.333085598E-16
    0.256028963E-16
    0.325644156E-16
    0.281593945E-16
    0.312854315E-16
    0.292495526E-16
    0.333594622E-16
    0.261489796E-16
    0.270766304E-16
    0.307226717E-16
    0.283424756E-16
    0.271564247E-16
    0.290258773E-16
    0.276542387E-16
    0.318336217E-16
    0.357636742E-16
    0.270587915E-16
    0.212286845E-16
    0.302620837E-16
    0.232734740E-16
    0.361521409E-16
    0.261127877E-16
    0.375716403E-16
    0.307208523E-16
    0.244529109E-16
    0.284186230E-16
    0.281111217E-16
    0.289723061E-16
    0.277573748E-16
    0.333133577E-16
    0.313846322E-16
    0.314366487E-16
    0.256189473E-16
    0.326261966E-16
    0.268760983E-16
    0.329099413E-16
    0.282843306E-16
    0.295813587E-16
    0.274581069E-16
    0.334992110E-16
    0.283976162E-16
    0.348675512E-16
    0.223835413E-16
    0.294473641E-16
    0.265034072E-16
    0.304988598E-16
    0.249629400E-16
    0.360020055E-16
    0.281913895E-16
    0.296506093E-16
    0.295677891E-16
    0.294826120E-16
    0.315878311E-16
    0.300114854E-16
    0.369512860E-16
    0.349076800E-16
    0.292773496E-16
    0.257515996E-16
    0.344446581E-16
    0.312748675E-16
    0.337490110E-16
    0.265948123E-16
    0.345832822E-16
    0.265925491E-16
    0.340048169E-16
    0.323218901E-16
    0.337269114E-16
    0.223482702E-16
    0.291206446E-16
    0.278517662E-16
    0.345591844E-16
    0.315549194E-16
    0.298611361E-16
    0.338934389E-16
    0.320298243E-16
    0.316545407E-16
    0.288490856E-16
    0.265171489E-16
    0.285594804E-16
    0.312200004E-16
    0.310412736E-16
    0.346215537E-16
    0.322662581E-16
    0.291825880E-16
    0.290573677E-16
    0.296805492E-16
    0.272153031E-16
    0.302254448E-16
    0.227220243E-16
    0.301065507E-16
    0.300315478E-16
    0.297152154E-16
    0.239749806E-16
    0.298197331E-16
    0.311514910E-16
    0.335489258E-16
    0.312897297E-16
    0.410127017E-16
    0.355101451E-16
    0.238262468E-16
    0.296326599E-16
    0.276754275E-16
    0.322693830E-16
    0.278184777E-16
    0.356401434E-16
    0.292091829E-16
    0.336400561E-16
    0.315294838E-16
    0.368176022E-16
    0.276415172E-16
    0.313196116E-16
    0.241098684E-16
    0.284095738E-16
    0.291238311E-16
    0.308335066E-16
    0.352149155E-16
    0.354787436E-16
    0.263785061E-16
    0.283966241E-16
    0.270034350E-16
    0.368753442E-16
    0.263049666E-16
    0.363307102E-16
    0.378206220E-16
    0.287459020E-16
    0.262924163E-16
    0.339200448E-16
    0.274609902E-16
    0.268557879E-16
    0.392615151E-16
    0.276237444E-16
    0.292906362E-16
    0.315381655E-16
    0.363262747E-16
    0.315853735E-16
    0.317361450E-16
    0.248081775E-16
    0.332738830E-16
    0.290803576E-16
    0.317236644E-16
    0.249201393E-16
    0.354527329E-16
    0.311786115E-16
    0.316775015E-16
    0.260674611E-16
    0.296328186E-16
    0.337954428E-16
    0.476898455E-16
    0.304567879E-16
    0.256450832E-16
    0.280119758E-16
    0.404003456E-16
    0.329142661E-16
    0.385841183E-16
    0.364716516E-16
    0.264646919E-16
    0.288480352E-16
    0.348201626E-16
    0.339289833E-16
    0.330387935E-16
    0.347147473E-16
    0.304524968E-16
    0.253344191E-16
    0.254335133E-16
    0.326948529E-16
    0.262851899E-16
    0.372805298E-16
    0.248114095E-16
    0.329333517E-16
    0.301103016E-16
    0.378619278E-16
    0.279179939E-16
    0.373376382E-16
    0.237756406E-16
    0.310060582E-16
    0.336095455E-16
    0.357040329E-16
    0.337035462E-16
    0.327689099E-16
    0.397501702E-16
    0.331948639E-16
    0.255998541E-16
    0.281401961E-16
    0.297388328E-16
    0.332008114E-16
    0.353182463E-16
    0.317631489E-16
    0.302715315E-16
    0.318467100E-16
    0.373041434E-16
    0.408487233E-16
    0.342480811E-16
    0.312298180E-16
    0.344467662E-16
    0.274979128E-16
    0.329705716E-16
    0.380330635E-16
    0.341416725E-16
    0.390443553E-16
    0.451696728E-16
    0.479520158E-16
    0.338821067E-16
    0.363605432E-16
    0.433136651E-16
    0.391523790E-16
    0.277982801E-16
    0.345677320E-16
    0.331682355E-16
    0.319084413E-16
    0.324911843E-16
    0.357267756E-16
    0.256522197E-16
    0.356312035E-16
    0.324756760E-16
    0.286409228E-16
    0.415760318E-16
    0.310217692E-16
    0.339311040E-16
    0.298482566E-16
    0.327942406E-16
    0.314070315E-16
    0.384390571E-16
    0.295745282E-16
    0.294204489E-16
    0.348921504E-16
    0.436195412E-16
    0.335308726E-16
    0.347937995E-16
    0.370596472E-16
    0.479163327E-16
    0.416403805E-16
    0.456961249E-16
    0.493110634E-16
    0.375241001E-16
    0.380980150E-16
    0.384465161E-16
    0.387277733E-16
    0.503254083E-16
    0.508009021E-16
    0.409859493E-16
    0.346873164E-16
    0.332774079E-16
    0.286158125E-16
    0.343250442E-16
    0.321200375E-16
    0.405815069E-16
    0.377955393E-16
    0.397730717E-16
    0.312167577E-16
    0.316519188E-16
    0.245925024E-16
    0.389275439E-16
    0.388624333E-16
    0.323093338E-16
    0.284088102E-16
    0.261607032E-16
    0.313219916E-16
    0.272214776E-16
    0.259390818E-16
    0.254505173E-16
    0.295133589E-16
    0.327130489E-16
    0.335575445E-16
    0.322951722E-16
    0.287490916E-16
    0.227890535E-16
    0.271707204E-16
    0.263140027E-16
    0.231364023E-16
    0.426333856E-16
    0.407142317E-16
    0.388514157E-16
    0.301024199E-16
    0.264216255E-16
    0.255615625E-16
    0.373209725E-16
    0.283663297E-16
    0.308521404E-16
    0.374673842E-16
    0.352172674E-16
    0.442511199E-16
    0.452686447E-16
    0.507197456E-16
    0.400762289E-16
    0.475381044E-16
    0.461332702E-16
    0.419041077E-16
    0.382792097E-16
    0.250473596E-16
    0.312487192E-16
    0.284430210E-16
    0.251842544E-16
    0.319581584E-16
    0.326192904E-16
    0.276361979E-16
    0.351239400E-16
    0.301510570E-16
    0.251054573E-16
    0.327932591E-16
    0.247538336E-16
    0.257294485E-16
    0.329164830E-16
    0.237051117E-16
    0.315961668E-16
    0.255797521E-16
