 #tdnd tdcion
    0.336009784E-16
    0.378066478E-16
    0.356421024E-16
    0.310830373E-16
    0.367203615E-16
    0.320310337E-16
    0.310498882E-16
    0.351918327E-16
    0.296522692E-16
    0.324257166E-16
    0.321737400E-16
    0.291731748E-16
    0.330524632E-16
    0.291876823E-16
    0.307865516E-16
    0.304093370E-16
    0.283545601E-16
    0.321439789E-16
    0.270170155E-16
    0.302935589E-16
    0.288789254E-16
    0.268016788E-16
    0.318610537E-16
    0.249328224E-16
    0.295583934E-16
    0.278873192E-16
    0.255540301E-16
    0.310934053E-16
    0.239605668E-16
    0.286574600E-16
    0.271603157E-16
    0.252004015E-16
    0.298628589E-16
    0.242013855E-16
    0.276770544E-16
    0.270741891E-16
    0.253499561E-16
    0.288477697E-16
    0.252318717E-16
    0.266571770E-16
    0.280227879E-16
    0.250590688E-16
    0.289380906E-16
    0.258099787E-16
    0.260729440E-16
    0.294261621E-16
    0.236295972E-16
    0.305228587E-16
    0.244541706E-16
    0.267179230E-16
    0.296850414E-16
    0.216594747E-16
    0.326525381E-16
    0.211014152E-16
    0.287964720E-16
    0.274570284E-16
    0.209806918E-16
    0.331692744E-16
    0.178749202E-16
    0.310909176E-16
    0.232231861E-16
    0.228493105E-16
    0.304884461E-16
    0.173909093E-16
    0.315518947E-16
    0.193276718E-16
    0.261013479E-16
    0.254857659E-16
    0.199275625E-16
    0.291802715E-16
    0.179568179E-16
    0.278474982E-16
    0.210741936E-16
    0.229166486E-16
    0.251862993E-16
    0.191775568E-16
    0.262980351E-16
    0.196051575E-16
    0.235421511E-16
    0.220225051E-16
    0.210215852E-16
    0.226814248E-16
    0.207816943E-16
    0.215731012E-16
    0.213956783E-16
    0.213402260E-16
    0.203711766E-16
    0.221400059E-16
    0.196888694E-16
    0.228211429E-16
    0.201160154E-16
    0.214322646E-16
    0.219883711E-16
    0.207563176E-16
    0.239482193E-16
    0.201323262E-16
    0.238159215E-16
    0.220129660E-16
    0.241264459E-16
    0.235832396E-16
    0.233823827E-16
    0.241387146E-16
    0.249750497E-16
    0.257701510E-16
    0.240702195E-16
    0.265920877E-16
    0.236440243E-16
    0.289828914E-16
    0.240770845E-16
    0.272898082E-16
    0.251797949E-16
    0.261380799E-16
    0.287098239E-16
    0.227734659E-16
    0.294976850E-16
    0.216781006E-16
    0.295671458E-16
    0.240951132E-16
    0.246554223E-16
    0.263463258E-16
    0.223954653E-16
    0.281372214E-16
    0.213153141E-16
    0.265313117E-16
    0.213441072E-16
    0.264095882E-16
    0.228360480E-16
    0.236273187E-16
    0.244492758E-16
    0.219594558E-16
    0.269802952E-16
    0.209347469E-16
    0.272183046E-16
    0.208610905E-16
    0.281476896E-16
    0.229279647E-16
    0.256634801E-16
    0.266770503E-16
    0.225832405E-16
    0.315133243E-16
    0.207048100E-16
    0.321055291E-16
    0.224806654E-16
    0.304615550E-16
    0.273514246E-16
    0.250760243E-16
    0.327292145E-16
    0.215842618E-16
    0.357052580E-16
    0.214010502E-16
    0.323063235E-16
    0.266609736E-16
    0.268962624E-16
    0.319112715E-16
    0.211895444E-16
    0.343178716E-16
    0.213806405E-16
    0.316174638E-16
    0.241009965E-16
    0.257609212E-16
    0.293180409E-16
    0.215858080E-16
    0.300750335E-16
    0.204880364E-16
    0.282713270E-16
    0.234588009E-16
    0.240707515E-16
    0.249465403E-16
    0.222670419E-16
    0.260418347E-16
    0.215026185E-16
    0.247583624E-16
    0.220460905E-16
    0.244489369E-16
    0.224798668E-16
    0.235033392E-16
    0.224193689E-16
    0.239696393E-16
    0.234363810E-16
    0.218055935E-16
    0.257433795E-16
    0.205672740E-16
    0.270220575E-16
    0.207850377E-16
    0.256840496E-16
    0.236591237E-16
    0.234992153E-16
    0.265250752E-16
    0.208368538E-16
    0.290633197E-16
    0.208982943E-16
    0.276541484E-16
    0.235115938E-16
    0.251629537E-16
    0.264717780E-16
    0.231524900E-16
    0.276107549E-16
    0.230121021E-16
    0.277507990E-16
    0.236045958E-16
    0.265786072E-16
    0.252790092E-16
    0.259361320E-16
    0.256698511E-16
    0.257595551E-16
    0.265535692E-16
    0.257544097E-16
    0.272483582E-16
    0.251318680E-16
    0.285076503E-16
    0.258169348E-16
    0.280046447E-16
    0.270272553E-16
    0.274725143E-16
    0.288878093E-16
    0.269697714E-16
    0.289424778E-16
    0.281208145E-16
    0.284114705E-16
    0.297339055E-16
    0.268835242E-16
    0.305084416E-16
    0.280479912E-16
    0.284152241E-16
    0.304862753E-16
    0.256283394E-16
    0.323610872E-16
    0.250466069E-16
    0.306808763E-16
    0.272948411E-16
    0.268299094E-16
    0.309121318E-16
    0.228015638E-16
    0.324245366E-16
    0.225631090E-16
    0.293547471E-16
    0.261061338E-16
    0.244105058E-16
    0.293912439E-16
    0.211069195E-16
    0.299614051E-16
    0.212685485E-16
    0.272916132E-16
    0.240438021E-16
    0.225142485E-16
    0.274641663E-16
    0.201243958E-16
    0.266582909E-16
    0.207292401E-16
    0.249345263E-16
    0.220960397E-16
    0.219871421E-16
    0.237454000E-16
    0.200094060E-16
    0.239915145E-16
    0.200997641E-16
    0.217083066E-16
    0.207821159E-16
    0.217377730E-16
    0.195931964E-16
    0.208520267E-16
    0.199931005E-16
    0.205612776E-16
    0.191699218E-16
    0.202183493E-16
    0.200517184E-16
    0.180115964E-16
    0.225230894E-16
    0.163421560E-16
    0.226041511E-16
    0.175581497E-16
    0.217669470E-16
    0.192923464E-16
    0.195180461E-16
    0.236218927E-16
    0.164088007E-16
    0.261370173E-16
    0.174933195E-16
    0.246560566E-16
    0.207493928E-16
    0.229140906E-16
    0.247631773E-16
    0.193688646E-16
    0.288266676E-16
    0.191463377E-16
    0.279730401E-16
    0.225292602E-16
    0.247620219E-16
    0.266082473E-16
    0.219658155E-16
    0.293514387E-16
    0.200416695E-16
    0.295318731E-16
    0.227258122E-16
    0.246628200E-16
    0.266920839E-16
    0.210858583E-16
    0.290255525E-16
    0.187881212E-16
    0.279985015E-16
    0.206452750E-16
    0.238172695E-16
    0.243810518E-16
    0.183665683E-16
    0.271545346E-16
    0.165342649E-16
    0.259536718E-16
    0.175474217E-16
    0.221777895E-16
    0.215490862E-16
    0.170985780E-16
    0.244259015E-16
    0.146437130E-16
    0.247500125E-16
    0.155846916E-16
    0.214743704E-16
    0.193505152E-16
    0.175357363E-16
    0.230462803E-16
    0.143077094E-16
    0.252452698E-16
    0.149005508E-16
    0.230634716E-16
    0.183777907E-16
    0.206298723E-16
    0.225599643E-16
    0.162178455E-16
    0.273424313E-16
    0.155431977E-16
    0.269787823E-16
    0.175558571E-16
    0.254822982E-16
    0.221049943E-16
    0.205326175E-16
    0.277443575E-16
    0.169239765E-16
    0.304795002E-16
    0.168893580E-16
    0.285469153E-16
    0.204037122E-16
    0.241728404E-16
    0.256679574E-16
    0.182093429E-16
    0.294034735E-16
    0.168989385E-16
    0.276062880E-16
    0.191143632E-16
    0.235259396E-16
    0.233724294E-16
    0.182712751E-16
    0.261378441E-16
    0.175432611E-16
    0.238400353E-16
    0.202470508E-16
    0.205106323E-16
    0.240062825E-16
    0.164558631E-16
    0.262288637E-16
    0.180201386E-16
    0.231501933E-16
    0.222827744E-16
    0.193769483E-16
    0.277802385E-16
    0.160696990E-16
    0.301755322E-16
    0.180940040E-16
    0.274683634E-16
    0.242633573E-16
    0.224764909E-16
    0.307825241E-16
    0.186919616E-16
    0.345935531E-16
    0.197572590E-16
    0.314363392E-16
    0.262680253E-16
    0.263752067E-16
    0.319970272E-16
    0.216795048E-16
    0.358657058E-16
    0.219996319E-16
    0.318690415E-16
    0.277963904E-16
    0.264604611E-16
    0.319271681E-16
    0.222838262E-16
    0.340753202E-16
    0.225410071E-16
    0.294626455E-16
    0.272441432E-16
    0.245508546E-16
    0.301660048E-16
    0.210461785E-16
    0.307215945E-16
    0.221851069E-16
    0.266285971E-16
    0.253591210E-16
    0.231263104E-16
    0.275553906E-16
    0.211998946E-16
    0.270535780E-16
    0.228922920E-16
    0.245148606E-16
    0.249489589E-16
    0.227601576E-16
    0.259732553E-16
    0.230425747E-16
    0.247574123E-16
    0.250962518E-16
    0.230715823E-16
    0.266881018E-16
    0.226307687E-16
    0.265691893E-16
    0.243141660E-16
    0.244052203E-16
    0.270555216E-16
    0.222469686E-16
    0.288253850E-16
    0.217910579E-16
    0.280535339E-16
    0.236034005E-16
    0.254373244E-16
    0.267670584E-16
    0.218796088E-16
    0.292056821E-16
    0.205770461E-16
    0.287440093E-16
    0.215270017E-16
    0.262306609E-16
    0.247672888E-16
    0.218796599E-16
    0.277731457E-16
    0.198644893E-16
    0.279680211E-16
    0.202085427E-16
    0.260004023E-16
    0.229808609E-16
    0.222351969E-16
    0.259305112E-16
    0.202855055E-16
    0.263358753E-16
    0.205782352E-16
    0.251645798E-16
    0.223630206E-16
    0.226022562E-16
    0.246291796E-16
    0.214613868E-16
    0.242786184E-16
    0.220710970E-16
    0.236658305E-16
    0.227490629E-16
    0.221705005E-16
    0.238800321E-16
    0.220262326E-16
    0.224119243E-16
    0.233170645E-16
    0.214162725E-16
    0.238526364E-16
    0.202710656E-16
    0.242660718E-16
    0.209172964E-16
    0.219831565E-16
    0.235618191E-16
    0.194340692E-16
    0.256652677E-16
    0.176481279E-16
    0.266586818E-16
    0.186951953E-16
    0.238755693E-16
    0.231949767E-16
    0.194602319E-16
    0.279542157E-16
    0.162985452E-16
    0.303653447E-16
    0.169626560E-16
    0.280792320E-16
    0.226730114E-16
    0.219556906E-16
    0.298018844E-16
    0.174509062E-16
    0.333566298E-16
    0.170264110E-16
    0.321851811E-16
    0.223895151E-16
    0.253592286E-16
    0.301175985E-16
    0.200598229E-16
    0.340279140E-16
    0.184888386E-16
    0.335016017E-16
    0.224776728E-16
    0.273574714E-16
    0.289468971E-16
    0.221005291E-16
    0.325212070E-16
    0.198062403E-16
    0.324921958E-16
    0.221708684E-16
    0.275947232E-16
    0.270591393E-16
    0.229686179E-16
    0.302692391E-16
    0.202731707E-16
    0.308785349E-16
    0.211026943E-16
    0.277332877E-16
    0.246864850E-16
    0.234455965E-16
    0.279945441E-16
    0.203529631E-16
    0.294948074E-16
    0.194461344E-16
    0.280373936E-16
    0.219968507E-16
    0.238378195E-16
    0.253030314E-16
    0.200230755E-16
    0.278639535E-16
    0.174271689E-16
    0.276132704E-16
    0.187230612E-16
    0.239613780E-16
    0.217498731E-16
    0.194243621E-16
    0.253599828E-16
    0.154970303E-16
    0.267342005E-16
    0.150549057E-16
    0.243473678E-16
    0.181388279E-16
    0.198689837E-16
    0.225097722E-16
    0.151230538E-16
    0.260596433E-16
    0.134971251E-16
    0.255203756E-16
    0.160712864E-16
    0.223195775E-16
    0.207537985E-16
    0.177516473E-16
    0.255551628E-16
    0.157790730E-16
    0.267268152E-16
    0.171065146E-16
    0.254128116E-16
    0.207168116E-16
    0.224775791E-16
    0.247364608E-16
    0.204675096E-16
    0.266749442E-16
    0.208707747E-16
    0.265707353E-16
    0.218356976E-16
    0.262276642E-16
    0.236880732E-16
    0.245396402E-16
    0.248004134E-16
    0.245152076E-16
    0.251923343E-16
    0.234105045E-16
    0.260156408E-16
    0.225601045E-16
    0.260778568E-16
    0.220122388E-16
    0.253250338E-16
    0.220525300E-16
    0.241171681E-16
    0.226882611E-16
    0.208542351E-16
    0.245633432E-16
    0.189174745E-16
    0.238065005E-16
    0.179048873E-16
    0.225949923E-16
    0.189309068E-16
    0.186178339E-16
    0.210570878E-16
    0.153577395E-16
    0.219307282E-16
    0.141101015E-16
    0.199983240E-16
    0.157208065E-16
    0.168589336E-16
    0.180680799E-16
    0.132811334E-16
    0.200811715E-16
    0.125283789E-16
    0.189228366E-16
    0.144273567E-16
    0.165285738E-16
    0.172015052E-16
    0.146540104E-16
    0.191737829E-16
    0.142473930E-16
    0.195170108E-16
    0.161147647E-16
    0.185846852E-16
    0.185483536E-16
    0.176887954E-16
    0.207668610E-16
    0.180360349E-16
    0.214219598E-16
    0.194056888E-16
    0.215637571E-16
    0.218046606E-16
    0.206966357E-16
    0.235235929E-16
    0.214324988E-16
    0.244594210E-16
    0.224162192E-16
    0.238524638E-16
    0.247226594E-16
    0.236099105E-16
    0.258875622E-16
    0.232907883E-16
    0.268438301E-16
    0.244297016E-16
    0.261311256E-16
    0.256216408E-16
    0.255484130E-16
    0.273765830E-16
    0.248022786E-16
    0.276933274E-16
    0.249571620E-16
    0.282305368E-16
    0.256049839E-16
    0.268014651E-16
    0.272561340E-16
    0.256630756E-16
    0.285120222E-16
    0.248263880E-16
    0.284498436E-16
    0.254399964E-16
    0.273845797E-16
    0.268152881E-16
    0.253149283E-16
    0.281207711E-16
    0.248716465E-16
    0.271083270E-16
    0.258036136E-16
    0.254567293E-16
    0.268818804E-16
    0.246574605E-16
    0.261907833E-16
    0.252354469E-16
    0.244849104E-16
    0.271859198E-16
    0.225954377E-16
    0.271226992E-16
    0.233222687E-16
    0.252798056E-16
    0.260705009E-16
    0.219703890E-16
    0.281660725E-16
    0.210347623E-16
    0.280622443E-16
    0.224872258E-16
    0.253225629E-16
    0.255746659E-16
    0.230890641E-16
    0.272856408E-16
    0.219582761E-16
    0.277801372E-16
    0.229865618E-16
    0.267904150E-16
    0.237748260E-16
    0.264203453E-16
    0.248497771E-16
    0.263746300E-16
    0.254266646E-16
    0.252720423E-16
    0.280225496E-16
    0.239656825E-16
    0.299140568E-16
    0.229208319E-16
    0.311689149E-16
    0.243954414E-16
    0.298484758E-16
    0.274720925E-16
    0.271361194E-16
    0.320855255E-16
    0.249735483E-16
    0.339012842E-16
    0.256340996E-16
    0.337528328E-16
    0.288443569E-16
    0.313049731E-16
    0.321869351E-16
    0.300305040E-16
    0.348749005E-16
    0.299436133E-16
    0.349221540E-16
    0.320542265E-16
    0.344696062E-16
    0.342317028E-16
    0.339860281E-16
    0.350017068E-16
    0.355386767E-16
    0.350338666E-16
    0.365891970E-16
    0.349461304E-16
    0.373431319E-16
    0.360227142E-16
    0.365322075E-16
    0.376962867E-16
    0.346083427E-16
    0.397573620E-16
    0.335287171E-16
    0.390401513E-16
    0.345467367E-16
    0.364276142E-16
    0.365713565E-16
    0.329322791E-16
    0.377347830E-16
    0.307640927E-16
    0.368301481E-16
    0.309382969E-16
    0.328020441E-16
    0.330209691E-16
    0.286983592E-16
    0.336527927E-16
    0.270883554E-16
    0.312108286E-16
    0.284683906E-16
    0.272232386E-16
    0.304964648E-16
    0.242917234E-16
    0.306619115E-16
    0.245346996E-16
    0.278659706E-16
    0.280130472E-16
    0.237102201E-16
    0.314385377E-16
    0.216115411E-16
    0.318770622E-16
    0.241158059E-16
    0.280513368E-16
    0.296594709E-16
    0.229324836E-16
    0.346618796E-16
    0.208227399E-16
    0.347073711E-16
    0.236889420E-16
    0.299490048E-16
    0.301838609E-16
    0.231501175E-16
    0.356316156E-16
    0.191339169E-16
    0.361792541E-16
    0.210348924E-16
    0.303478487E-16
    0.270311264E-16
    0.226628372E-16
    0.323571903E-16
    0.179442099E-16
    0.326582295E-16
    0.183795702E-16
    0.287972020E-16
    0.222370805E-16
    0.230624047E-16
    0.260035268E-16
    0.194200260E-16
    0.277365201E-16
    0.184156824E-16
    0.267805307E-16
    0.197036013E-16
    0.253283152E-16
    0.221816374E-16
    0.229439637E-16
    0.244871803E-16
    0.212584153E-16
    0.272977198E-16
    0.204118824E-16
    0.285466060E-16
    0.202226901E-16
    0.283073458E-16
    0.234459521E-16
    0.255713264E-16
    0.281652204E-16
    0.207082558E-16
    0.325888035E-16
    0.189959002E-16
    0.334319324E-16
    0.212067627E-16
    0.286910373E-16
    0.271199354E-16
    0.224497571E-16
    0.333818650E-16
    0.178420188E-16
    0.347549316E-16
    0.184464731E-16
    0.310586214E-16
    0.238811606E-16
    0.242112726E-16
    0.293205037E-16
    0.190203483E-16
    0.317355876E-16
    0.182335399E-16
    0.294179626E-16
    0.206751692E-16
    0.252947484E-16
    0.240422307E-16
    0.217036621E-16
    0.255615287E-16
    0.199331165E-16
    0.253875158E-16
    0.206020005E-16
    0.236567749E-16
    0.215564658E-16
    0.219878411E-16
    0.219627219E-16
    0.223229385E-16
    0.211160047E-16
    0.231983291E-16
    0.196522712E-16
    0.238072877E-16
    0.204129955E-16
    0.225472445E-16
    0.228283853E-16
    0.194606233E-16
    0.256524850E-16
    0.179171217E-16
    0.268780901E-16
    0.185836081E-16
    0.249665829E-16
    0.213580955E-16
    0.219782630E-16
    0.253722640E-16
    0.188936407E-16
    0.275981094E-16
    0.177618985E-16
    0.272250670E-16
    0.205668798E-16
    0.236791916E-16
    0.244887814E-16
    0.200641373E-16
    0.268853687E-16
    0.196779433E-16
    0.265407545E-16
    0.211658382E-16
    0.245627145E-16
    0.234319783E-16
    0.226242735E-16
    0.262208962E-16
    0.208727818E-16
    0.277230327E-16
    0.209356549E-16
    0.269733817E-16
    0.239512384E-16
    0.244389611E-16
    0.275768368E-16
    0.225930154E-16
    0.294797462E-16
    0.226700033E-16
    0.298260177E-16
    0.246754583E-16
    0.290557912E-16
    0.274373253E-16
    0.266041172E-16
    0.309095137E-16
    0.252185061E-16
    0.334873402E-16
    0.256751201E-16
    0.323310639E-16
    0.278715210E-16
    0.306420696E-16
    0.312435226E-16
    0.295381049E-16
    0.322239078E-16
    0.283008897E-16
    0.326852966E-16
    0.288718020E-16
    0.333738944E-16
    0.287463569E-16
    0.318865964E-16
    0.289834707E-16
    0.308818599E-16
    0.307966745E-16
    0.293241433E-16
    0.309502256E-16
    0.272145199E-16
    0.315369384E-16
    0.266899145E-16
    0.318485986E-16
    0.260203596E-16
    0.300356470E-16
    0.270868733E-16
    0.276818024E-16
    0.298788673E-16
    0.244759851E-16
    0.313975603E-16
    0.229339970E-16
    0.309001590E-16
    0.246812498E-16
    0.278927489E-16
    0.276950443E-16
    0.242251475E-16
    0.302044399E-16
    0.225452300E-16
    0.304651629E-16
    0.233001404E-16
    0.282070683E-16
    0.257927894E-16
    0.253588234E-16
    0.281536084E-16
    0.235621999E-16
    0.289850179E-16
    0.234199304E-16
    0.283390431E-16
    0.244010759E-16
    0.272428402E-16
    0.261828277E-16
    0.257415107E-16
    0.281492317E-16
    0.239958042E-16
    0.301863856E-16
    0.239798492E-16
    0.304315247E-16
    0.262999775E-16
    0.276118369E-16
    0.308485865E-16
    0.246733477E-16
    0.349290183E-16
    0.241225778E-16
    0.342664507E-16
    0.277214227E-16
    0.298645847E-16
    0.346519824E-16
    0.247772374E-16
    0.388592682E-16
    0.229284000E-16
    0.373290639E-16
    0.277359041E-16
    0.307787546E-16
    0.353263060E-16
    0.228490690E-16
    0.394778393E-16
    0.209877765E-16
    0.368309083E-16
    0.266528698E-16
    0.276544070E-16
    0.341325427E-16
    0.196725838E-16
    0.375629499E-16
    0.195220877E-16
    0.325176052E-16
    0.256796167E-16
    0.229826988E-16
    0.327912053E-16
    0.174486897E-16
    0.341721673E-16
    0.188127037E-16
    0.282193428E-16
    0.250802210E-16
    0.212304844E-16
    0.307830729E-16
    0.184362694E-16
    0.301812948E-16
    0.208880426E-16
    0.259089710E-16
    0.262598970E-16
    0.228577030E-16
    0.283910198E-16
    0.230853133E-16
    0.260502088E-16
    0.269837002E-16
    0.238067004E-16
    0.296345261E-16
    0.241606717E-16
    0.266790546E-16
    0.281669937E-16
    0.224693732E-16
    0.329589923E-16
    0.210109323E-16
    0.316261391E-16
    0.239080046E-16
    0.256299713E-16
    0.303367349E-16
    0.214811929E-16
    0.329230291E-16
    0.212140107E-16
    0.289420396E-16
    0.250604905E-16
    0.248621397E-16
    0.288563098E-16
    0.233894826E-16
    0.273492466E-16
    0.241336010E-16
    0.246281083E-16
    0.263744867E-16
    0.240432029E-16
    0.263571489E-16
    0.238433987E-16
    0.247336038E-16
    0.248677437E-16
    0.240578719E-16
    0.267667586E-16
    0.226595148E-16
    0.270341197E-16
    0.220272910E-16
    0.262254721E-16
    0.241745494E-16
    0.240574291E-16
    0.257047325E-16
    0.218441336E-16
    0.259017997E-16
    0.224409199E-16
    0.259007430E-16
    0.231108163E-16
    0.255450723E-16
    0.227380542E-16
    0.254240474E-16
    0.248336165E-16
    0.242594060E-16
    0.271139473E-16
    0.212771710E-16
    0.263549688E-16
    0.211597787E-16
    0.244948339E-16
    0.225483195E-16
    0.228057205E-16
    0.209090141E-16
    0.219504436E-16
    0.210634016E-16
    0.210242278E-16
    0.274153561E-16
    0.180478595E-16
    0.328417097E-16
    0.187355634E-16
    0.304915101E-16
    0.291142155E-16
    0.230757650E-16
    0.391217582E-16
    0.192292878E-16
    0.373636222E-16
    0.238554854E-16
    0.288565782E-16
    0.304689280E-16
    0.255294090E-16
    0.318327248E-16
    0.273295017E-16
    0.334101472E-16
    0.269485749E-16
    0.412846678E-16
    0.268879123E-16
    0.464724075E-16
    0.363455465E-16
    0.390110566E-16
    0.526947702E-16
    0.283851925E-16
    0.598282781E-16
    0.327899776E-16
    0.500172350E-16
    0.484956904E-16
    0.367120760E-16
    0.574918618E-16
    0.375386648E-16
    0.562821710E-16
    0.501281384E-16
    0.562563694E-16
    0.586589410E-16
    0.642009281E-16
    0.620925780E-16
    0.740290561E-16
    0.718773074E-16
    0.752096988E-16
    0.886630091E-16
    0.715706712E-16
    0.102385970E-15
    0.825864439E-16
    0.104510521E-15
    0.112413938E-15
    0.102955122E-15
    0.138247009E-15
    0.123140496E-15
    0.145650903E-15
    0.167641630E-15
    0.152561188E-15
    0.196782432E-15
    0.184083553E-15
    0.195378352E-15
    0.229032981E-15
    0.207952742E-15
    0.250579386E-15
    0.258414221E-15
    0.257754115E-15
    0.306001924E-15
    0.308845357E-15
    0.329156731E-15
    0.404273716E-15
    0.379042752E-15
    0.474482747E-15
    0.489921899E-15
    0.517857986E-15
    0.609334250E-15
    0.609024854E-15
    0.684690409E-15
    0.746526299E-15
    0.760119139E-15
    0.846558013E-15
    0.899225476E-15
    0.917816709E-15
    0.106343675E-14
    0.106233098E-14
    0.120123602E-14
    0.129472133E-14
    0.138058651E-14
    0.154321492E-14
    0.168743673E-14
    0.181292601E-14
    0.206528624E-14
    0.218990446E-14
    0.242220304E-14
    0.267327477E-14
    0.281406626E-14
    0.315779349E-14
    0.333126457E-14
    0.361387181E-14
    0.392968239E-14
    0.416499520E-14
    0.453894381E-14
    0.493035378E-14
    0.524311393E-14
    0.587356394E-14
    0.622414005E-14
    0.693138524E-14
    0.755789265E-14
    0.821018541E-14
    0.913699185E-14
    0.988850101E-14
    0.108523355E-13
    0.119470948E-13
    0.128422798E-13
    0.141954683E-13
    0.153505667E-13
    0.166475525E-13
    0.183569659E-13
    0.196710352E-13
    0.217149497E-13
    0.235921868E-13
    0.256735407E-13
    0.283469450E-13
    0.307885496E-13
    0.338668474E-13
    0.372669895E-13
    0.405752501E-13
    0.449479084E-13
    0.490476672E-13
    0.539851019E-13
    0.594697624E-13
    0.650732086E-13
    0.719445854E-13
    0.789865135E-13
    0.871097295E-13
    0.963621549E-13
    0.106120847E-12
    0.117979639E-12
    0.130400629E-12
    0.145114008E-12
    0.161572923E-12
    0.179922563E-12
    0.201517104E-12
    0.225626722E-12
    0.253032339E-12
    0.286032461E-12
    0.321251355E-12
    0.365504980E-12
    0.413796696E-12
    0.471424708E-12
    0.539461897E-12
    0.616772101E-12
    0.709954456E-12
    0.819328102E-12
    0.945665594E-12
    0.110115698E-11
    0.127935975E-11
    0.149522410E-11
    0.175487298E-11
    0.205657078E-11
    0.243084839E-11
    0.286693040E-11
    0.339805456E-11
    0.403649368E-11
    0.479884666E-11
    0.572183587E-11
    0.683779370E-11
    0.816403804E-11
    0.979867276E-11
    0.117281169E-10
    0.140962589E-10
    0.169347547E-10
    0.203615724E-10
    0.245211905E-10
    0.295262749E-10
    0.355738871E-10
    0.429151023E-10
    0.517128957E-10
    0.624223264E-10
    0.752885609E-10
    0.908276430E-10
    0.109637204E-09
    0.132210056E-09
    0.159546512E-09
    0.192415279E-09
    0.231995750E-09
    0.279743547E-09
    0.337076668E-09
    0.406103537E-09
    0.489145949E-09
    0.588678687E-09
    0.708558411E-09
    0.852022484E-09
    0.102437671E-08
    0.123083331E-08
    0.147807079E-08
    0.177414282E-08
    0.212827533E-08
    0.255140731E-08
    0.305737990E-08
    0.366067687E-08
    0.438111110E-08
    0.523938972E-08
    0.626196648E-08
    0.747941627E-08
    0.892707561E-08
    0.106483063E-07
    0.126922570E-07
    0.151182108E-07
    0.179952179E-07
    0.214045563E-07
    0.254411907E-07
    0.302181370E-07
    0.358643191E-07
    0.425360982E-07
    0.504095209E-07
    0.596976293E-07
    0.706423877E-07
    0.835315129E-07
    0.986964586E-07
    0.116525565E-06
    0.137469291E-06
    0.162051655E-06
    0.190881468E-06
    0.224663632E-06
    0.264217970E-06
    0.310489105E-06
    0.364576712E-06
    0.427742681E-06
    0.501455184E-06
    0.587395443E-06
    0.687514327E-06
    0.804044988E-06
    0.939568657E-06
    0.109704089E-05
    0.127986448E-05
    0.149193454E-05
    0.173772200E-05
    0.202233879E-05
    0.235163678E-05
    0.273230108E-05
    0.317195756E-05
    0.367931887E-05
    0.426428248E-05
    0.493815551E-05
    0.571374419E-05
    0.660564925E-05
    0.763039265E-05
    0.880674223E-05
    0.101559307E-04
    0.117019992E-04
    0.134721052E-04
    0.154969437E-04
    0.178111021E-04
    0.204536040E-04
    0.234683570E-04
    0.269047269E-04
    0.308182708E-04
    0.352711717E-04
    0.403334135E-04
    0.460830825E-04
    0.526078694E-04
    0.600055427E-04
    0.683854508E-04
    0.778695241E-04
    0.885936040E-04
    0.100709029E-03
    0.114383963E-03
    0.129805383E-03
    0.147180627E-03
    0.166739770E-03
    0.188737306E-03
    0.213455201E-03
    0.241204528E-03
    0.272329272E-03
    0.307208217E-03
    0.346259016E-03
    0.389941066E-03
    0.438759238E-03
    0.493268175E-03
    0.554075737E-03
    0.621848364E-03
    0.697314895E-03
    0.781272476E-03
    0.874591062E-03
    0.978219991E-03
    0.109319289E-02
    0.122063519E-02
    0.136176958E-02
    0.151792384E-02
    0.169053792E-02
    0.188117088E-02
    0.209151053E-02
    0.232337925E-02
    0.257874536E-02
    0.285972956E-02
    0.316861568E-02
    0.350785975E-02
    0.388009899E-02
    0.428816309E-02
    0.473508289E-02
    0.522410157E-02
    0.575868485E-02
    0.634253098E-02
    0.697958177E-02
    0.767403289E-02
    0.843034344E-02
    0.925324779E-02
    0.101477633E-01
    0.111192018E-01
    0.121731782E-01
    0.133156180E-01
    0.145527682E-01
    0.158912015E-01
    0.173378254E-01
    0.188998874E-01
    0.205849781E-01
    0.224010385E-01
    0.243563578E-01
    0.264595782E-01
    0.287196932E-01
    0.311460428E-01
    0.337483167E-01
    0.365365375E-01
    0.395210657E-01
    0.427125784E-01
    0.461220633E-01
    0.497608054E-01
    0.536403601E-01
    0.577725496E-01
    0.621694212E-01
    0.668432396E-01
    0.718064463E-01
    0.770716324E-01
    0.826515094E-01
    0.885588586E-01
    0.948065084E-01
    0.101407273E+00
    0.108373918E+00
    0.115719107E+00
    0.123455343E+00
    0.131594926E+00
    0.140149877E+00
    0.149131893E+00
    0.158552271E+00
    0.168421848E+00
    0.178750933E+00
    0.189549228E+00
    0.200825771E+00
    0.212588843E+00
    0.224845913E+00
    0.237603549E+00
    0.250867342E+00
    0.264641843E+00
    0.278930468E+00
    0.293735442E+00
    0.309057712E+00
    0.324896881E+00
    0.341251137E+00
    0.358117184E+00
    0.375490186E+00
    0.393363693E+00
    0.411729599E+00
    0.430578083E+00
    0.449897562E+00
    0.469674659E+00
    0.489894156E+00
    0.510538980E+00
    0.531590172E+00
    0.553026882E+00
    0.574826357E+00
    0.596963951E+00
    0.619413131E+00
    0.642145506E+00
    0.665130845E+00
    0.688337133E+00
    0.711730598E+00
    0.735275794E+00
    0.758935651E+00
    0.782671554E+00
    0.806443452E+00
    0.830209910E+00
    0.853928274E+00
    0.877554723E+00
    0.901044445E+00
    0.924351738E+00
    0.947430145E+00
    0.970232639E+00
    0.992711710E+00
    0.101481960E+01
    0.103650840E+01
    0.105773025E+01
    0.107843752E+01
    0.109858295E+01
    0.111811987E+01
    0.113700232E+01
    0.115518531E+01
    0.117262490E+01
    0.118927845E+01
    0.120510475E+01
    0.122006422E+01
    0.123411906E+01
    0.124723338E+01
    0.125937340E+01
    0.127050755E+01
    0.128060666E+01
    0.128964404E+01
    0.129759558E+01
    0.130443995E+01
    0.131015856E+01
    0.131473579E+01
    0.131815894E+01
    0.132041834E+01
    0.132150741E+01
    0.132142266E+01
    0.132016372E+01
    0.131773335E+01
    0.131413743E+01
    0.130938491E+01
    0.130348783E+01
    0.129646120E+01
    0.128832299E+01
    0.127909403E+01
    0.126879792E+01
    0.125746094E+01
    0.124511194E+01
    0.123178220E+01
    0.121750531E+01
    0.120231704E+01
    0.118625514E+01
    0.116935928E+01
    0.115167078E+01
    0.113323251E+01
    0.111408870E+01
    0.109428476E+01
    0.107386708E+01
    0.105288290E+01
    0.103138010E+01
    0.100940697E+01
    0.987012154E+00
    0.964244335E+00
    0.941152159E+00
    0.917784016E+00
    0.894187892E+00
    0.870411209E+00
    0.846500660E+00
    0.822502085E+00
    0.798460301E+00
    0.774419006E+00
    0.750420626E+00
    0.726506226E+00
    0.702715386E+00
    0.679086124E+00
    0.655654800E+00
    0.632456046E+00
    0.609522702E+00
    0.586885757E+00
    0.564574317E+00
    0.542615548E+00
    0.521034680E+00
    0.499854963E+00
    0.479097683E+00
    0.458782153E+00
    0.438925727E+00
    0.419543824E+00
    0.400649945E+00
    0.382255718E+00
    0.364370934E+00
    0.347003594E+00
    0.330159966E+00
    0.313844638E+00
    0.298060588E+00
    0.282809241E+00
    0.268090553E+00
    0.253903072E+00
    0.240244022E+00
    0.227109379E+00
    0.214493949E+00
    0.202391453E+00
    0.190794599E+00
    0.179695177E+00
    0.169084124E+00
    0.158951615E+00
    0.149287138E+00
    0.140079570E+00
    0.131317255E+00
    0.122988070E+00
    0.115079510E+00
    0.107578739E+00
    0.100472667E+00
    0.937480102E-01
    0.873913456E-01
    0.813891731E-01
    0.757279627E-01
    0.703942087E-01
    0.653744713E-01
    0.606554224E-01
    0.562238818E-01
    0.520668561E-01
    0.481715665E-01
    0.445254840E-01
    0.411163480E-01
    0.379321964E-01
    0.349613794E-01
    0.321925803E-01
    0.296148280E-01
    0.272175088E-01
    0.249903762E-01
    0.229235566E-01
    0.210075552E-01
    0.192332575E-01
    0.175919310E-01
    0.160752230E-01
    0.146751601E-01
    0.133841409E-01
    0.121949350E-01
    0.111006719E-01
    0.100948372E-01
    0.917126286E-02
    0.832411656E-02
    0.754789549E-02
    0.683741128E-02
    0.618778391E-02
    0.559442676E-02
    0.505303731E-02
    0.455958519E-02
    0.411029944E-02
    0.370165853E-02
    0.333037696E-02
    0.299339472E-02
    0.268786571E-02
    0.241114583E-02
    0.216078300E-02
    0.193450542E-02
    0.173021166E-02
    0.154596057E-02
    0.137996091E-02
    0.123056276E-02
    0.109624763E-02
    0.975620265E-03
    0.867400380E-03
    0.770414149E-03
    0.683587663E-03
    0.605938659E-03
    0.536570744E-03
    0.474666389E-03
    0.419481037E-03
    0.370337764E-03
    0.326621323E-03
    0.287773891E-03
    0.253289810E-03
    0.222711545E-03
    0.195625671E-03
    0.171658769E-03
    0.150474437E-03
    0.131769527E-03
    0.115271542E-03
    0.100735675E-03
    0.879422567E-04
    0.766945299E-04
    0.668163395E-04
    0.581502545E-04
    0.505557467E-04
    0.439074558E-04
    0.380937906E-04
    0.330154656E-04
    0.285842391E-04
    0.247219007E-04
    0.213589942E-04
    0.184341927E-04
    0.158931290E-04
    0.136878971E-04
    0.117761905E-04
    0.101207392E-04
    0.868878573E-05
    0.745148802E-05
    0.638357918E-05
    0.546287058E-05
    0.466995338E-05
    0.398783721E-05
    0.340169957E-05
    0.289857266E-05
    0.246720726E-05
    0.209774800E-05
    0.178169058E-05
    0.151159814E-05
    0.128105325E-05
    0.108448504E-05
    0.917069386E-06
    0.774649038E-06
    0.653623999E-06
    0.550898774E-06
    0.463803164E-06
    0.390045653E-06
    0.327649244E-06
    0.274931835E-06
    0.230433675E-06
    0.192925068E-06
    0.161337213E-06
    0.134771072E-06
    0.112450762E-06
    0.937217907E-07
    0.780221508E-07
    0.648796152E-07
    0.538881239E-07
    0.447080309E-07
    0.370490816E-07
    0.306664336E-07
    0.253544677E-07
    0.209379603E-07
    0.172707455E-07
    0.142292573E-07
    0.117096379E-07
    0.962467752E-08
    0.790206767E-08
    0.647951343E-08
    0.530730532E-08
    0.434163737E-08
    0.354753524E-08
    0.289529283E-08
    0.236002188E-08
    0.192139918E-08
    0.156255903E-08
    0.126893972E-08
    0.102948411E-08
    0.834076020E-09
    0.674887239E-09
    0.545573012E-09
    0.440300725E-09
    0.355029222E-09
    0.285889446E-09
    0.229875201E-09
    0.184666690E-09
    0.148149154E-09
    0.118637991E-09
    0.950067562E-10
    0.758535061E-10
    0.605784894E-10
    0.482801016E-10
    0.384198496E-10
    0.305573030E-10
    0.242654683E-10
    0.192208151E-10
    0.152512531E-10
    0.120370022E-10
    0.952003998E-11
    0.751177835E-11
    0.590833205E-11
    0.465802395E-11
    0.365678169E-11
    0.286627343E-11
    0.225273498E-11
    0.175780656E-11
    0.137479985E-11
    0.107606505E-11
    0.833447327E-12
    0.653098680E-12
    0.505181331E-12
    0.392177815E-12
    0.304682234E-12
    0.235209538E-12
    0.181186438E-12
    0.141163894E-12
    0.107037627E-12
    0.836567886E-13
    0.635517731E-13
    0.488892111E-13
    0.374964971E-13
    0.286932339E-13
    0.217104861E-13
    0.169150847E-13
    0.125703758E-13
    0.981810759E-14
    0.740808679E-14
    0.565515838E-14
    0.433614570E-14
    0.330867176E-14
    0.248033896E-14
    0.193430128E-14
    0.143555967E-14
    0.109081637E-14
    0.836180286E-15
    0.593663121E-15
    0.458679327E-15
    0.334242861E-15
    0.251138748E-15
    0.203083776E-15
    0.157344410E-15
    0.119359437E-15
    0.105648294E-15
    0.756360116E-16
    0.798574972E-16
    0.695013856E-16
    0.743591760E-16
    0.595358778E-16
    0.632357695E-16
    0.388242218E-16
    0.471475623E-16
    0.373997094E-16
    0.425910200E-16
    0.466329869E-16
    0.420016193E-16
    0.407370709E-16
    0.352115133E-16
    0.330639978E-16
    0.336140164E-16
    0.398868714E-16
    0.403696707E-16
    0.437857459E-16
    0.416992499E-16
    0.342240131E-16
    0.377950015E-16
    0.297825177E-16
    0.407677213E-16
    0.374441573E-16
    0.424796529E-16
    0.386908776E-16
    0.325226528E-16
    0.330840750E-16
    0.276784887E-16
    0.362182836E-16
    0.345526982E-16
    0.378324292E-16
    0.333367454E-16
    0.284307029E-16
    0.268803870E-16
    0.267905206E-16
    0.301906696E-16
    0.322689526E-16
    0.309592035E-16
    0.270587261E-16
    0.253051188E-16
    0.218519496E-16
    0.283042262E-16
    0.259920473E-16
    0.309468561E-16
    0.257158158E-16
    0.239575159E-16
    0.250682952E-16
    0.225607948E-16
    0.312970235E-16
    0.260393740E-16
    0.309943922E-16
    0.243192466E-16
    0.256579532E-16
    0.274119105E-16
    0.278414877E-16
    0.339728260E-16
    0.285923732E-16
    0.318370160E-16
    0.264057680E-16
    0.300985542E-16
    0.309878958E-16
    0.330783033E-16
    0.346060756E-16
    0.317564995E-16
    0.323307801E-16
    0.307076486E-16
    0.331917181E-16
    0.335447961E-16
    0.352661327E-16
    0.326221429E-16
    0.347799322E-16
    0.308665774E-16
    0.351381534E-16
    0.323934306E-16
    0.328978232E-16
    0.345632150E-16
    0.285495090E-16
    0.376594472E-16
    0.272109207E-16
    0.369708611E-16
    0.284717798E-16
    0.297116988E-16
    0.337964556E-16
    0.242577103E-16
    0.404584994E-16
    0.229017697E-16
    0.363459706E-16
    0.252570507E-16
    0.264828875E-16
    0.362803273E-16
    0.214834562E-16
    0.428963285E-16
    0.198604089E-16
    0.347126194E-16
    0.265831581E-16
    0.244091761E-16
    0.408668187E-16
    0.198512799E-16
    0.434136148E-16
    0.198774310E-16
    0.320446597E-16
    0.306994777E-16
    0.230986712E-16
    0.431373107E-16
    0.194265600E-16
    0.403541222E-16
    0.218528700E-16
    0.293474533E-16
    0.331393258E-16
    0.228561144E-16
    0.406916372E-16
    0.201459903E-16
    0.358679184E-16
    0.234712767E-16
    0.283225170E-16
    0.321024412E-16
    0.235707616E-16
    0.361754567E-16
    0.212822585E-16
    0.330443645E-16
    0.239235090E-16
    0.283842417E-16
    0.300497438E-16
    0.244599501E-16
    0.332668165E-16
    0.226002342E-16
    0.318537997E-16
    0.248989876E-16
    0.283078203E-16
    0.300512646E-16
    0.255759281E-16
    0.325855956E-16
    0.250198513E-16
    0.307215211E-16
    0.281574691E-16
    0.280550039E-16
    0.316559362E-16
    0.275360475E-16
    0.316255504E-16
    0.292449480E-16
    0.284611168E-16
    0.312187882E-16
    0.282349399E-16
    0.315609054E-16
    0.306310448E-16
    0.277608219E-16
    0.318005242E-16
    0.263651612E-16
    0.312492087E-16
    0.294610834E-16
    0.273655703E-16
    0.318457821E-16
    0.243416202E-16
    0.310661997E-16
    0.261574724E-16
    0.279450627E-16
    0.297844571E-16
    0.246927119E-16
    0.303981075E-16
    0.240362116E-16
    0.289638451E-16
    0.264667302E-16
    0.273421782E-16
    0.283386336E-16
    0.255247740E-16
    0.290180262E-16
    0.248110923E-16
    0.297403197E-16
    0.254187935E-16
    0.291453058E-16
    0.270908633E-16
    0.263915928E-16
    0.293573403E-16
    0.237557818E-16
    0.309468789E-16
    0.239363349E-16
    0.293034341E-16
    0.259080095E-16
    0.247931252E-16
    0.285961217E-16
    0.219281876E-16
    0.301792729E-16
    0.216632585E-16
    0.275355515E-16
    0.235394013E-16
    0.229107369E-16
    0.277918928E-16
    0.196543549E-16
    0.297138153E-16
    0.193602900E-16
    0.263852045E-16
    0.240147729E-16
    0.210876530E-16
    0.301667630E-16
    0.183690312E-16
    0.302723282E-16
    0.213801671E-16
    0.245993199E-16
    0.293153029E-16
    0.199406869E-16
    0.328282485E-16
    0.205162636E-16
    0.279332749E-16
    0.277853190E-16
    0.218638534E-16
    0.333723869E-16
    0.203358639E-16
    0.296715888E-16
    0.257183763E-16
    0.226494958E-16
    0.320642152E-16
    0.199355037E-16
    0.296187777E-16
    0.234416962E-16
    0.224248904E-16
    0.296778123E-16
    0.196194024E-16
    0.284781459E-16
    0.218476364E-16
    0.222524830E-16
    0.272656158E-16
    0.203899225E-16
    0.273054428E-16
    0.217682938E-16
    0.230710759E-16
    0.256690944E-16
    0.227834195E-16
    0.268992107E-16
    0.233083524E-16
    0.250851826E-16
    0.253437048E-16
    0.262868418E-16
    0.275466140E-16
    0.259630142E-16
    0.277420798E-16
    0.265011383E-16
    0.298407107E-16
    0.290619478E-16
    0.292536588E-16
    0.301974390E-16
    0.290993528E-16
    0.329391412E-16
    0.309112641E-16
    0.330567925E-16
    0.320819938E-16
    0.324456937E-16
    0.360691895E-16
    0.325168897E-16
    0.370837580E-16
    0.339863272E-16
    0.351218442E-16
    0.397800163E-16
    0.337823713E-16
    0.401883313E-16
    0.367440065E-16
    0.358213118E-16
    0.431659073E-16
    0.350948806E-16
    0.407573575E-16
    0.399923107E-16
    0.345335264E-16
    0.438658425E-16
    0.366034234E-16
    0.380343884E-16
    0.418240974E-16
    0.328280660E-16
    0.402282975E-16
    0.377177555E-16
    0.334711552E-16
    0.400460108E-16
    0.327685310E-16
    0.341772653E-16
    0.372740909E-16
    0.309338972E-16
    0.351183012E-16
    0.341188145E-16
    0.307405200E-16
    0.353212312E-16
    0.325229985E-16
    0.324104472E-16
    0.358159945E-16
    0.320218115E-16
    0.336604163E-16
    0.347295282E-16
    0.325887075E-16
    0.373011822E-16
    0.392298237E-16
    0.368744342E-16
    0.403047222E-16
    0.398367718E-16
