 #tdnd tdcion
    0.296189301E-16
    0.224249109E-16
    0.187558847E-16
    0.352997861E-16
    0.261601184E-16
    0.287043541E-16
    0.281271808E-16
    0.275271826E-16
    0.245051999E-16
    0.261204680E-16
    0.206951592E-16
    0.269273597E-16
    0.259705323E-16
    0.252199639E-16
    0.234572956E-16
    0.234590803E-16
    0.274298046E-16
    0.279961108E-16
    0.220184177E-16
    0.213086383E-16
    0.190017960E-16
    0.241299427E-16
    0.256617809E-16
    0.224896169E-16
    0.225261917E-16
    0.207091774E-16
    0.240455327E-16
    0.241183231E-16
    0.295067058E-16
    0.223017990E-16
    0.258646204E-16
    0.198349445E-16
    0.195925205E-16
    0.228070964E-16
    0.246756224E-16
    0.217378141E-16
    0.247014578E-16
    0.215227557E-16
    0.221811859E-16
    0.262547111E-16
    0.267598032E-16
    0.183858138E-16
    0.206497801E-16
    0.225724204E-16
    0.195391327E-16
    0.205343862E-16
    0.258288238E-16
    0.209105801E-16
    0.217832413E-16
    0.224566137E-16
    0.214238159E-16
    0.266397552E-16
    0.228185689E-16
    0.235587212E-16
    0.255312636E-16
    0.218158160E-16
    0.223417155E-16
    0.253671095E-16
    0.210224753E-16
    0.217607737E-16
    0.278550589E-16
    0.187733668E-16
    0.234643776E-16
    0.244216285E-16
    0.263526158E-16
    0.214265880E-16
    0.285511547E-16
    0.252808956E-16
    0.190651657E-16
    0.207377977E-16
    0.237383132E-16
    0.233397549E-16
    0.212007000E-16
    0.207362981E-16
    0.248895942E-16
    0.221052095E-16
    0.185033441E-16
    0.263301908E-16
    0.189979157E-16
    0.236484659E-16
    0.221491133E-16
    0.220091363E-16
    0.234057228E-16
    0.275084557E-16
    0.234128344E-16
    0.217257039E-16
    0.255169098E-16
    0.206025658E-16
    0.261739901E-16
    0.253295064E-16
    0.210366169E-16
    0.215743800E-16
    0.259649206E-16
    0.208784515E-16
    0.204187554E-16
    0.264415406E-16
    0.189119214E-16
    0.195289217E-16
    0.277668466E-16
    0.195170603E-16
    0.219554820E-16
    0.297437705E-16
    0.211910397E-16
    0.281702407E-16
    0.209635363E-16
    0.250139450E-16
    0.226354081E-16
    0.289469710E-16
    0.212837775E-16
    0.248233463E-16
    0.276848603E-16
    0.192230595E-16
    0.269770387E-16
    0.211143205E-16
    0.221141854E-16
    0.210016550E-16
    0.312142185E-16
    0.238419747E-16
    0.175803438E-16
    0.198110585E-16
    0.218002238E-16
    0.235164592E-16
    0.244852545E-16
    0.233970271E-16
    0.234874295E-16
    0.198013130E-16
    0.218405127E-16
    0.232757919E-16
    0.225722452E-16
    0.235942360E-16
    0.222563352E-16
    0.339239984E-16
    0.260876960E-16
    0.307174311E-16
    0.264065920E-16
    0.226685702E-16
    0.286970631E-16
    0.267891448E-16
    0.301178208E-16
    0.317450586E-16
    0.339065909E-16
    0.363826208E-16
    0.352815452E-16
    0.292800353E-16
    0.228610646E-16
    0.292568293E-16
    0.373353201E-16
    0.359713253E-16
    0.431676344E-16
    0.354540432E-16
    0.328140926E-16
    0.537048439E-16
    0.447028286E-16
    0.405740663E-16
    0.506838944E-16
    0.586034614E-16
    0.553249259E-16
    0.745728056E-16
    0.738440361E-16
    0.965677138E-16
    0.115257962E-15
    0.159821192E-15
    0.179750628E-15
    0.230738304E-15
    0.359520606E-15
    0.451609165E-15
    0.651865258E-15
    0.856254009E-15
    0.107322703E-14
    0.153718241E-14
    0.209923197E-14
    0.283820059E-14
    0.390893178E-14
    0.522703778E-14
    0.714639288E-14
    0.100125950E-13
    0.130128366E-13
    0.173710133E-13
    0.242509135E-13
    0.325058368E-13
    0.438996558E-13
    0.602376829E-13
    0.812757188E-13
    0.111181237E-12
    0.151439629E-12
    0.205890816E-12
    0.280506559E-12
    0.382300394E-12
    0.522981272E-12
    0.714557794E-12
    0.974678101E-12
    0.133109092E-11
    0.181634498E-11
    0.248393996E-11
    0.338771354E-11
    0.462119416E-11
    0.629500502E-11
    0.856821993E-11
    0.116472725E-10
    0.158201061E-10
    0.214321656E-10
    0.289971966E-10
    0.392083859E-10
    0.528506677E-10
    0.711534762E-10
    0.955699700E-10
    0.128039264E-09
    0.171302094E-09
    0.228536443E-09
    0.304177277E-09
    0.403957490E-09
    0.535176549E-09
    0.707262689E-09
    0.932485106E-09
    0.122617395E-08
    0.160837807E-08
    0.210453035E-08
    0.274652084E-08
    0.357534814E-08
    0.464232153E-08
    0.601228203E-08
    0.776661894E-08
    0.100072789E-07
    0.128611338E-07
    0.164866460E-07
    0.210797222E-07
    0.268846047E-07
    0.342001916E-07
    0.433956340E-07
    0.549241180E-07
    0.693397960E-07
    0.873208000E-07
    0.109685245E-06
    0.137436367E-06
    0.171780046E-06
    0.214174458E-06
    0.266371658E-06
    0.330478267E-06
    0.409008182E-06
    0.504967149E-06
    0.621933667E-06
    0.764141404E-06
    0.936618495E-06
    0.114528473E-05
    0.139711468E-05
    0.170029787E-05
    0.206441406E-05
    0.250064954E-05
    0.302203790E-05
    0.364369988E-05
    0.438317063E-05
    0.526069019E-05
    0.629956327E-05
    0.752661207E-05
    0.897256114E-05
    0.106724930E-04
    0.126664664E-04
    0.150000309E-04
    0.177248115E-04
    0.208992965E-04
    0.245894455E-04
    0.288695423E-04
    0.338230322E-04
    0.395433719E-04
    0.461350594E-04
    0.537145378E-04
    0.624113685E-04
    0.723693174E-04
    0.837475013E-04
    0.967217021E-04
    0.111485534E-03
    0.128251931E-03
    0.147254418E-03
    0.168748598E-03
    0.193013576E-03
    0.220353525E-03
    0.251099033E-03
    0.285608996E-03
    0.324271960E-03
    0.367507443E-03
    0.415768353E-03
    0.469541562E-03
    0.529350231E-03
    0.595755332E-03
    0.669356331E-03
    0.750794129E-03
    0.840751423E-03
    0.939954492E-03
    0.104917467E-02
    0.116922984E-02
    0.130098481E-02
    0.144535399E-02
    0.160330109E-02
    0.177584079E-02
    0.196403975E-02
    0.216901704E-02
    0.239194501E-02
    0.263405013E-02
    0.289661282E-02
    0.318096836E-02
    0.348850679E-02
    0.382067269E-02
    0.417896598E-02
    0.456494056E-02
    0.498020377E-02
    0.542641740E-02
    0.590529549E-02
    0.641860257E-02
    0.696815504E-02
    0.755581771E-02
    0.818350250E-02
    0.885316829E-02
    0.956681667E-02
    0.103264919E-01
    0.111342773E-01
    0.119922932E-01
    0.129026949E-01
    0.138676683E-01
    0.148894282E-01
    0.159702146E-01
    0.171122889E-01
    0.183179313E-01
    0.195894355E-01
    0.209291065E-01
    0.223392548E-01
    0.238221940E-01
    0.253802343E-01
    0.270156810E-01
    0.287308251E-01
    0.305279439E-01
    0.324092927E-01
    0.343771006E-01
    0.364335663E-01
    0.385808500E-01
    0.408210742E-01
    0.431563119E-01
    0.455885841E-01
    0.481198564E-01
    0.507520302E-01
    0.534869391E-01
    0.563263433E-01
    0.592719261E-01
    0.623252833E-01
    0.654879252E-01
    0.687612657E-01
    0.721466197E-01
    0.756451988E-01
    0.792581041E-01
    0.829863227E-01
    0.868307241E-01
    0.907920542E-01
    0.948709305E-01
    0.990678419E-01
    0.103383137E+00
    0.107817028E+00
    0.112369587E+00
    0.117040732E+00
    0.121830240E+00
    0.126737730E+00
    0.131762668E+00
    0.136904366E+00
    0.142161969E+00
    0.147534468E+00
    0.153020688E+00
    0.158619290E+00
    0.164328771E+00
    0.170147462E+00
    0.176073526E+00
    0.182104964E+00
    0.188239607E+00
    0.194475123E+00
    0.200809015E+00
    0.207238624E+00
    0.213761125E+00
    0.220373539E+00
    0.227072725E+00
    0.233855387E+00
    0.240718078E+00
    0.247657199E+00
    0.254669003E+00
    0.261749609E+00
    0.268894984E+00
    0.276100971E+00
    0.283363277E+00
    0.290677481E+00
    0.298039053E+00
    0.305443330E+00
    0.312885552E+00
    0.320360853E+00
    0.327864260E+00
    0.335390714E+00
    0.342935074E+00
    0.350492109E+00
    0.358056520E+00
    0.365622946E+00
    0.373185959E+00
    0.380740082E+00
    0.388279797E+00
    0.395799538E+00
    0.403293719E+00
    0.410756726E+00
    0.418182928E+00
    0.425566691E+00
    0.432902376E+00
    0.440184349E+00
    0.447407000E+00
    0.454564730E+00
    0.461651976E+00
    0.468663212E+00
    0.475592950E+00
    0.482435766E+00
    0.489186280E+00
    0.495839185E+00
    0.502389253E+00
    0.508831325E+00
    0.515160336E+00
    0.521371314E+00
    0.527459386E+00
    0.533419781E+00
    0.539247850E+00
    0.544939054E+00
    0.550488980E+00
    0.555893351E+00
    0.561148014E+00
    0.566248965E+00
    0.571192341E+00
    0.575974430E+00
    0.580591667E+00
    0.585040660E+00
    0.589318158E+00
    0.593421094E+00
    0.597346556E+00
    0.601091809E+00
    0.604654289E+00
    0.608031611E+00
    0.611221569E+00
    0.614222132E+00
    0.617031452E+00
    0.619647875E+00
    0.622069916E+00
    0.624296281E+00
    0.626325867E+00
    0.628157752E+00
    0.629791194E+00
    0.631225648E+00
    0.632460746E+00
    0.633496303E+00
    0.634332321E+00
    0.634968980E+00
    0.635406637E+00
    0.635645835E+00
    0.635687282E+00
    0.635531862E+00
    0.635180636E+00
    0.634634822E+00
    0.633895805E+00
    0.632965137E+00
    0.631844522E+00
    0.630535816E+00
    0.629041029E+00
    0.627362322E+00
    0.625501986E+00
    0.623462461E+00
    0.621246317E+00
    0.618856253E+00
    0.616295092E+00
    0.613565776E+00
    0.610671368E+00
    0.607615032E+00
    0.604400041E+00
    0.601029774E+00
    0.597507691E+00
    0.593837352E+00
    0.590022401E+00
    0.586066554E+00
    0.581973609E+00
    0.577747425E+00
    0.573391928E+00
    0.568911103E+00
    0.564308984E+00
    0.559589654E+00
    0.554757234E+00
    0.549815897E+00
    0.544769827E+00
    0.539623246E+00
    0.534380404E+00
    0.529045552E+00
    0.523622964E+00
    0.518116919E+00
    0.512531693E+00
    0.506871571E+00
    0.501140816E+00
    0.495343691E+00
    0.489484439E+00
    0.483567279E+00
    0.477596414E+00
    0.471576012E+00
    0.465510211E+00
    0.459403116E+00
    0.453258787E+00
    0.447081244E+00
    0.440874458E+00
    0.434642360E+00
    0.428388815E+00
    0.422117639E+00
    0.415832594E+00
    0.409537369E+00
    0.403235603E+00
    0.396930856E+00
    0.390626626E+00
    0.384326342E+00
    0.378033353E+00
    0.371750942E+00
    0.365482308E+00
    0.359230572E+00
    0.352998788E+00
    0.346789911E+00
    0.340606826E+00
    0.334452332E+00
    0.328329145E+00
    0.322239893E+00
    0.316187123E+00
    0.310173296E+00
    0.304200781E+00
    0.298271868E+00
    0.292388757E+00
    0.286553560E+00
    0.280768308E+00
    0.275034938E+00
    0.269355303E+00
    0.263731179E+00
    0.258164244E+00
    0.252656099E+00
    0.247208258E+00
    0.241822160E+00
    0.236499150E+00
    0.231240502E+00
    0.226047407E+00
    0.220920979E+00
    0.215862251E+00
    0.210872188E+00
    0.205951675E+00
    0.201101527E+00
    0.196322486E+00
    0.191615229E+00
    0.186980359E+00
    0.182418419E+00
    0.177929887E+00
    0.173515175E+00
    0.169174641E+00
    0.164908580E+00
    0.160717233E+00
    0.156600786E+00
    0.152559371E+00
    0.148593075E+00
    0.144701931E+00
    0.140885931E+00
    0.137145020E+00
    0.133479099E+00
    0.129888036E+00
    0.126371653E+00
    0.122929740E+00
    0.119562054E+00
    0.116268316E+00
    0.113048221E+00
    0.109901429E+00
    0.106827578E+00
    0.103826282E+00
    0.100897126E+00
    0.980396806E-01
    0.952534899E-01
    0.925380831E-01
    0.898929714E-01
    0.873176499E-01
    0.848116010E-01
    0.823742926E-01
    0.800051832E-01
    0.777037187E-01
    0.754693365E-01
    0.733014690E-01
    0.711995354E-01
    0.691629536E-01
    0.671911377E-01
    0.652834927E-01
    0.634394239E-01
    0.616583330E-01
    0.599396215E-01
    0.582826873E-01
    0.566869304E-01
    0.551517513E-01
    0.536765510E-01
    0.522607309E-01
    0.509036987E-01
    0.496048601E-01
    0.483636273E-01
    0.471794152E-01
    0.460516437E-01
    0.449797349E-01
    0.439631204E-01
    0.430012335E-01
    0.420935141E-01
    0.412394098E-01
    0.404383730E-01
    0.396898635E-01
    0.389933487E-01
    0.383483017E-01
    0.377542049E-01
    0.372105478E-01
    0.367168276E-01
    0.362725489E-01
    0.358772254E-01
    0.355303802E-01
    0.352315412E-01
    0.349802475E-01
    0.347760451E-01
    0.346184885E-01
    0.345071400E-01
    0.344415682E-01
    0.344213525E-01
    0.344460767E-01
    0.345153325E-01
    0.346287186E-01
    0.347858390E-01
    0.349863044E-01
    0.352297291E-01
    0.355157336E-01
    0.358439411E-01
    0.362139782E-01
    0.366254748E-01
    0.370780606E-01
    0.375713676E-01
    0.381050275E-01
    0.386786692E-01
    0.392919214E-01
    0.399444093E-01
    0.406357528E-01
    0.413655664E-01
    0.421334593E-01
    0.429390324E-01
    0.437818770E-01
    0.446615746E-01
    0.455776973E-01
    0.465298011E-01
    0.475174318E-01
    0.485401179E-01
    0.495973726E-01
    0.506886915E-01
    0.518135527E-01
    0.529714134E-01
    0.541617102E-01
    0.553838594E-01
    0.566372530E-01
    0.579212596E-01
    0.592352242E-01
    0.605784653E-01
    0.619502755E-01
    0.633499207E-01
    0.647766392E-01
    0.662296413E-01
    0.677081087E-01
    0.692111944E-01
    0.707380212E-01
    0.722876840E-01
    0.738592473E-01
    0.754517453E-01
    0.770641829E-01
    0.786955374E-01
    0.803447532E-01
    0.820107494E-01
    0.836924133E-01
    0.853886065E-01
    0.870981613E-01
    0.888198846E-01
    0.905525558E-01
    0.922949294E-01
    0.940457352E-01
    0.958036796E-01
    0.975674458E-01
    0.993356960E-01
    0.101107072E+00
    0.102880195E+00
    0.104653671E+00
    0.106426087E+00
    0.108196014E+00
    0.109962012E+00
    0.111722627E+00
    0.113476393E+00
    0.115221835E+00
    0.116957472E+00
    0.118681814E+00
    0.120393369E+00
    0.122090640E+00
    0.123772128E+00
    0.125436337E+00
    0.127081772E+00
    0.128706941E+00
    0.130310359E+00
    0.131890547E+00
    0.133446035E+00
    0.134975365E+00
    0.136477092E+00
    0.137949784E+00
    0.139392026E+00
    0.140802421E+00
    0.142179593E+00
    0.143522185E+00
    0.144828867E+00
    0.146098330E+00
    0.147329296E+00
    0.148520513E+00
    0.149670761E+00
    0.150778851E+00
    0.151843628E+00
    0.152863973E+00
    0.153838804E+00
    0.154767078E+00
    0.155647792E+00
    0.156479984E+00
    0.157262736E+00
    0.157995176E+00
    0.158676476E+00
    0.159305858E+00
    0.159882589E+00
    0.160405991E+00
    0.160875433E+00
    0.161290339E+00
    0.161650184E+00
    0.161954502E+00
    0.162202875E+00
    0.162394949E+00
    0.162530421E+00
    0.162609049E+00
    0.162630647E+00
    0.162595089E+00
    0.162502306E+00
    0.162352292E+00
    0.162145097E+00
    0.161880833E+00
    0.161559669E+00
    0.161181837E+00
    0.160747624E+00
    0.160257382E+00
    0.159711516E+00
    0.159110492E+00
    0.158454835E+00
    0.157745122E+00
    0.156981991E+00
    0.156166134E+00
    0.155298296E+00
    0.154379275E+00
    0.153409923E+00
    0.152391141E+00
    0.151323879E+00
    0.150209137E+00
    0.149047959E+00
    0.147841435E+00
    0.146590698E+00
    0.145296921E+00
    0.143961317E+00
    0.142585138E+00
    0.141169670E+00
    0.139716232E+00
    0.138226176E+00
    0.136700883E+00
    0.135141760E+00
    0.133550240E+00
    0.131927781E+00
    0.130275856E+00
    0.128595961E+00
    0.126889606E+00
    0.125158316E+00
    0.123403627E+00
    0.121627082E+00
    0.119830234E+00
    0.118014638E+00
    0.116181854E+00
    0.114333439E+00
    0.112470949E+00
    0.110595936E+00
    0.108709946E+00
    0.106814514E+00
    0.104911166E+00
    0.103001415E+00
    0.101086758E+00
    0.991686763E-01
    0.972486322E-01
    0.953280674E-01
    0.934084007E-01
    0.914910282E-01
    0.895773181E-01
    0.876686137E-01
    0.857662288E-01
    0.838714456E-01
    0.819855164E-01
    0.801096601E-01
    0.782450616E-01
    0.763928703E-01
    0.745541998E-01
    0.727301272E-01
    0.709216897E-01
    0.691298877E-01
    0.673556812E-01
    0.655999897E-01
    0.638636929E-01
    0.621476287E-01
    0.604525934E-01
    0.587793424E-01
    0.571285880E-01
    0.555010010E-01
    0.538972100E-01
    0.523178010E-01
    0.507633184E-01
    0.492342641E-01
    0.477310994E-01
    0.462542427E-01
    0.448040730E-01
    0.433809284E-01
    0.419851059E-01
    0.406168644E-01
    0.392764237E-01
    0.379639654E-01
    0.366796336E-01
    0.354235359E-01
    0.341957452E-01
    0.329962976E-01
    0.318251975E-01
    0.306824150E-01
    0.295678888E-01
    0.284815266E-01
    0.274232066E-01
    0.263927779E-01
    0.253900626E-01
    0.244148558E-01
    0.234669277E-01
    0.225460243E-01
    0.216518689E-01
    0.207841626E-01
    0.199425864E-01
    0.191268020E-01
    0.183364527E-01
    0.175711650E-01
    0.168305500E-01
    0.161142034E-01
    0.154217083E-01
    0.147526354E-01
    0.141065443E-01
    0.134829842E-01
    0.128814958E-01
    0.123016125E-01
    0.117428597E-01
    0.112047586E-01
    0.106868245E-01
    0.101885696E-01
    0.970950307E-02
    0.924913244E-02
    0.880696406E-02
    0.838250439E-02
    0.797526024E-02
    0.758474012E-02
    0.721045467E-02
    0.685191775E-02
    0.650864618E-02
    0.618016169E-02
    0.586599043E-02
    0.556566404E-02
    0.527872022E-02
    0.500470288E-02
    0.474316297E-02
    0.449365859E-02
    0.425575579E-02
    0.402902836E-02
    0.381305846E-02
    0.360743707E-02
    0.341176396E-02
    0.322564798E-02
    0.304870732E-02
    0.288056957E-02
    0.272087192E-02
    0.256926137E-02
    0.242539450E-02
    0.228893789E-02
    0.215956783E-02
    0.203697053E-02
    0.192084201E-02
    0.181088816E-02
    0.170682465E-02
    0.160837659E-02
    0.151527888E-02
    0.142727590E-02
    0.134412116E-02
    0.126557769E-02
    0.119141724E-02
    0.112142080E-02
    0.105537779E-02
    0.993086337E-03
    0.934352925E-03
    0.878992119E-03
    0.826826555E-03
    0.777686493E-03
    0.731409861E-03
    0.687841843E-03
    0.646834688E-03
    0.608247660E-03
    0.571946595E-03
    0.537803771E-03
    0.505697739E-03
    0.475513015E-03
    0.447139903E-03
    0.420474297E-03
    0.395417430E-03
    0.371875659E-03
    0.349760266E-03
    0.328987273E-03
    0.309477245E-03
    0.291155006E-03
    0.273949592E-03
    0.257793892E-03
    0.242624663E-03
    0.228382135E-03
    0.215010002E-03
    0.202455230E-03
    0.190667830E-03
    0.179600731E-03
    0.169209627E-03
    0.159452894E-03
    0.150291351E-03
    0.141688160E-03
    0.133608771E-03
    0.126020665E-03
    0.118893347E-03
    0.112198200E-03
    0.105908351E-03
    0.999986032E-04
    0.944453089E-04
    0.892263147E-04
    0.843208121E-04
    0.797093519E-04
    0.753736762E-04
    0.712966369E-04
    0.674622259E-04
    0.638553991E-04
    0.604620746E-04
    0.572690684E-04
    0.542639918E-04
    0.514352691E-04
    0.487720221E-04
    0.462640972E-04
    0.439019197E-04
    0.416765535E-04
    0.395796116E-04
    0.376032130E-04
    0.357399890E-04
    0.339830101E-04
    0.323257769E-04
    0.307622013E-04
    0.292865581E-04
    0.278934705E-04
    0.265778981E-04
    0.253351015E-04
    0.241606292E-04
    0.230503017E-04
    0.220002046E-04
    0.210066428E-04
    0.200661386E-04
    0.191754499E-04
    0.183315093E-04
    0.175314404E-04
    0.167725498E-04
    0.160522851E-04
    0.153682778E-04
    0.147182671E-04
    0.141001706E-04
    0.135120038E-04
    0.129519244E-04
    0.124181839E-04
    0.119091572E-04
    0.114233263E-04
    0.109592525E-04
    0.105156038E-04
    0.100911332E-04
    0.968466299E-05
    0.929510960E-05
    0.892145088E-05
    0.856274581E-05
    0.821810492E-05
    0.788671351E-05
    0.756781032E-05
    0.726068387E-05
    0.696468849E-05
    0.667921891E-05
    0.640371103E-05
    0.613765634E-05
    0.588057919E-05
    0.563204776E-05
    0.539166583E-05
    0.515906514E-05
    0.493391544E-05
    0.471591418E-05
    0.450479031E-05
    0.430028308E-05
    0.410217454E-05
    0.391025703E-05
    0.372434254E-05
    0.354426768E-05
    0.336987998E-05
    0.320104100E-05
    0.303763214E-05
    0.287953848E-05
    0.272666230E-05
    0.257891044E-05
    0.243620032E-05
    0.229845379E-05
    0.216559980E-05
    0.203757516E-05
    0.191431476E-05
    0.179575513E-05
    0.168184222E-05
    0.157251569E-05
    0.146772110E-05
    0.136740118E-05
    0.127149568E-05
    0.117994637E-05
    0.109268970E-05
    0.100966705E-05
    0.930805381E-06
    0.856041941E-06
    0.785299399E-06
    0.718505057E-06
    0.655579307E-06
    0.596439195E-06
    0.540998754E-06
    0.489169424E-06
    0.440855750E-06
    0.395963000E-06
    0.354390247E-06
    0.316035480E-06
    0.280791908E-06
    0.248551175E-06
    0.219202493E-06
    0.192632834E-06
    0.168725345E-06
    0.147364971E-06
    0.128431711E-06
    0.111806764E-06
    0.973703317E-07
    0.850012990E-07
    0.745799575E-07
    0.659854012E-07
    0.590980936E-07
    0.537994444E-07
    0.499723420E-07
    0.475010125E-07
    0.462714916E-07
    0.461715678E-07
    0.470929742E-07
    0.489290508E-07
    0.515768015E-07
    0.549350650E-07
    0.589089104E-07
    0.634036968E-07
    0.683317989E-07
    0.736077210E-07
    0.791501120E-07
    0.848827556E-07
    0.907349057E-07
    0.966366574E-07
    0.102527660E-06
    0.108347723E-06
    0.114044947E-06
    0.119568817E-06
    0.124876441E-06
    0.129927088E-06
    0.134686767E-06
    0.139123403E-06
    0.143212837E-06
    0.146932659E-06
    0.150265534E-06
    0.153198669E-06
    0.155721997E-06
    0.157832402E-06
    0.159526091E-06
    0.160805983E-06
    0.161676326E-06
    0.162147415E-06
    0.162228274E-06
    0.161935428E-06
    0.161284122E-06
    0.160294637E-06
    0.158987898E-06
    0.157387293E-06
    0.155517087E-06
    0.153405958E-06
    0.151078970E-06
    0.148567398E-06
    0.145898767E-06
    0.143104462E-06
    0.140214927E-06
    0.137261557E-06
    0.134275558E-06
    0.131287271E-06
    0.128328035E-06
    0.125426177E-06
    0.122612314E-06
    0.119915269E-06
    0.117362180E-06
    0.114978424E-06
    0.112789551E-06
    0.110819226E-06
    0.109090331E-06
    0.107621749E-06
    0.106433813E-06
    0.105542022E-06
    0.104962760E-06
    0.104709433E-06
    0.104791314E-06
    0.105219470E-06
    0.106002232E-06
    0.107141619E-06
    0.108644559E-06
    0.110509712E-06
    0.112737622E-06
    0.115325054E-06
    0.118268344E-06
    0.121560587E-06
    0.125193827E-06
    0.129157286E-06
    0.133440668E-06
    0.138029653E-06
    0.142911797E-06
    0.148068889E-06
    0.153484654E-06
    0.159140292E-06
    0.165017002E-06
    0.171093819E-06
    0.177348921E-06
    0.183761486E-06
    0.190306716E-06
    0.196963363E-06
    0.203707882E-06
    0.210513747E-06
    0.217359582E-06
    0.224221231E-06
    0.231072486E-06
    0.237892245E-06
    0.244655022E-06
    0.251338436E-06
    0.257919361E-06
    0.264375743E-06
    0.270685818E-06
    0.276829528E-06
    0.282785339E-06
    0.288536254E-06
    0.294063603E-06
    0.299349605E-06
    0.304379016E-06
    0.309136225E-06
    0.313608467E-06
    0.317781850E-06
    0.321645925E-06
    0.325189034E-06
    0.328405291E-06
    0.331283044E-06
    0.333819512E-06
    0.336008357E-06
    0.337845199E-06
    0.339328106E-06
    0.340456043E-06
    0.341227027E-06
    0.341643848E-06
    0.341707074E-06
    0.341420904E-06
    0.340788852E-06
    0.339815957E-06
    0.338508304E-06
    0.336873984E-06
    0.334919342E-06
    0.332653929E-06
    0.330088151E-06
    0.327229419E-06
    0.324090174E-06
    0.320681166E-06
    0.317014456E-06
    0.313101889E-06
    0.308955807E-06
    0.304589470E-06
    0.300016504E-06
    0.295248899E-06
    0.290300918E-06
    0.285187424E-06
    0.279919702E-06
    0.274513164E-06
    0.268980501E-06
    0.263335546E-06
    0.257591726E-06
    0.251762298E-06
    0.245859780E-06
    0.239897539E-06
    0.233887071E-06
    0.227841303E-06
    0.221772254E-06
    0.215691175E-06
    0.209608155E-06
    0.203535810E-06
    0.197481835E-06
    0.191456915E-06
    0.185470754E-06
    0.179531890E-06
    0.173648604E-06
    0.167828305E-06
    0.162078980E-06
    0.156407355E-06
    0.150819415E-06
    0.145321081E-06
    0.139918595E-06
    0.134615439E-06
    0.129416987E-06
    0.124326685E-06
    0.119348549E-06
    0.114485486E-06
    0.109740202E-06
    0.105114847E-06
    0.100611264E-06
    0.962308106E-07
    0.919746214E-07
    0.878438714E-07
    0.838384675E-07
    0.799584666E-07
    0.762040432E-07
    0.725745630E-07
    0.690685352E-07
    0.656862126E-07
    0.624255173E-07
    0.592854260E-07
    0.562635467E-07
    0.533589596E-07
    0.505690648E-07
    0.478920238E-07
    0.453253050E-07
    0.428669621E-07
    0.405138873E-07
    0.382636611E-07
    0.361138134E-07
    0.340615243E-07
    0.321041091E-07
    0.302385219E-07
    0.284621698E-07
    0.267719088E-07
    0.251651753E-07
    0.236388390E-07
    0.221902915E-07
    0.208163385E-07
    0.195144151E-07
    0.182815394E-07
    0.171153387E-07
    0.160124930E-07
    0.149709708E-07
    0.139878185E-07
    0.130605821E-07
    0.121864721E-07
    0.113634805E-07
    0.105889298E-07
    0.986066170E-08
    0.917641145E-08
    0.853403041E-08
    0.793132034E-08
    0.736622863E-08
    0.683696138E-08
    0.634150438E-08
    0.587812524E-08
    0.544492755E-08
    0.504043135E-08
    0.466281241E-08
    0.431073406E-08
    0.398259527E-08
    0.367708377E-08
    0.339266724E-08
    0.312831164E-08
    0.288258875E-08
    0.265453010E-08
    0.244286705E-08
    0.224663294E-08
    0.206486458E-08
    0.189656062E-08
    0.174082005E-08
    0.159688233E-08
    0.146389911E-08
    0.134111033E-08
    0.122789427E-08
    0.112348083E-08
    0.102731990E-08
    0.938735780E-09
    0.857316116E-09
    0.782450178E-09
    0.713698682E-09
    0.650548604E-09
    0.592650654E-09
    0.539533590E-09
    0.490902103E-09
    0.446382503E-09
    0.405663645E-09
    0.368394040E-09
    0.334390398E-09
    0.303323956E-09
    0.274982388E-09
    0.249148769E-09
    0.225585576E-09
    0.204145917E-09
    0.184630527E-09
    0.166874395E-09
    0.150748615E-09
    0.136098095E-09
    0.122788240E-09
    0.110736483E-09
    0.997910484E-10
    0.898802345E-10
    0.808911768E-10
    0.727785425E-10
    0.654354130E-10
    0.588039305E-10
    0.528014697E-10
    0.473896064E-10
    0.424971581E-10
    0.380962895E-10
    0.341313726E-10
    0.305626483E-10
    0.273356946E-10
    0.244457912E-10
    0.218470246E-10
    0.195062685E-10
    0.174131315E-10
    0.155273169E-10
    0.138384973E-10
    0.123270845E-10
    0.109704617E-10
    0.975978210E-11
    0.867414594E-11
    0.770323543E-11
    0.684043234E-11
    0.606658817E-11
    0.537658088E-11
    0.475990306E-11
    0.421408382E-11
    0.372772063E-11
    0.329470772E-11
    0.290754576E-11
    0.256445721E-11
    0.226011832E-11
    0.199210430E-11
    0.175440809E-11
    0.154339876E-11
    0.135433944E-11
    0.118916275E-11
    0.104456549E-11
    0.915109910E-12
    0.802227053E-12
    0.702495998E-12
    0.613781454E-12
    0.536802835E-12
    0.468590265E-12
    0.409442062E-12
    0.356948631E-12
    0.311090402E-12
    0.271385042E-12
    0.236083534E-12
    0.205537521E-12
    0.178397474E-12
    0.155596885E-12
    0.135017920E-12
    0.117803824E-12
    0.102086768E-12
    0.886455439E-13
    0.771809568E-13
    0.673195289E-13
    0.584785602E-13
    0.510049529E-13
    0.443832275E-13
    0.386467737E-13
    0.337711990E-13
    0.295945169E-13
    0.256862757E-13
    0.226357803E-13
    0.198316700E-13
    0.173766911E-13
    0.152820549E-13
    0.135847314E-13
    0.120180017E-13
    0.106964262E-13
    0.948843072E-14
    0.839637679E-14
    0.754367877E-14
    0.669237724E-14
    0.600974486E-14
    0.532479072E-14
    0.490901837E-14
    0.440457088E-14
    0.394439686E-14
    0.355207418E-14
    0.319754103E-14
    0.289003813E-14
    0.269770306E-14
    0.246418431E-14
    0.219968755E-14
    0.193465241E-14
    0.181275297E-14
    0.165226135E-14
    0.148962674E-14
    0.139766694E-14
    0.124817680E-14
    0.109656872E-14
    0.101651622E-14
    0.924299759E-15
    0.866401741E-15
    0.761785496E-15
    0.705568474E-15
    0.633410880E-15
    0.588889745E-15
    0.525079400E-15
    0.497003917E-15
    0.443101669E-15
    0.401803035E-15
    0.372513170E-15
    0.312468736E-15
    0.295213654E-15
    0.272414334E-15
    0.250493534E-15
    0.214337815E-15
    0.202307443E-15
    0.184372462E-15
    0.157787175E-15
    0.159645323E-15
    0.137267172E-15
    0.112984316E-15
    0.119812844E-15
    0.103100091E-15
    0.983447189E-16
    0.858682969E-16
    0.844897654E-16
    0.704327934E-16
    0.705630152E-16
    0.663108818E-16
    0.651540906E-16
    0.630666247E-16
    0.569286996E-16
    0.451376374E-16
    0.579090321E-16
    0.549931867E-16
    0.469352292E-16
    0.495975264E-16
    0.424874585E-16
    0.454675223E-16
    0.478535695E-16
    0.359158625E-16
    0.318830026E-16
    0.267544488E-16
    0.450567021E-16
    0.269753852E-16
    0.263153879E-16
    0.322569658E-16
    0.321548235E-16
    0.327948533E-16
    0.285742331E-16
    0.287952809E-16
    0.255769467E-16
    0.288276066E-16
    0.321656593E-16
    0.313671107E-16
    0.307058767E-16
    0.350333148E-16
    0.265398612E-16
    0.383158522E-16
    0.302129666E-16
    0.348961798E-16
    0.400887210E-16
    0.392566499E-16
    0.386403993E-16
    0.320142060E-16
    0.347640598E-16
    0.335899570E-16
    0.322610997E-16
    0.370137454E-16
    0.261818088E-16
    0.306972765E-16
    0.302923426E-16
    0.261724659E-16
    0.300100649E-16
    0.355445005E-16
    0.314794540E-16
    0.247059136E-16
    0.283244207E-16
    0.333084529E-16
    0.346914905E-16
    0.265761635E-16
    0.270849638E-16
    0.320006727E-16
    0.375659398E-16
    0.254438923E-16
    0.414854879E-16
    0.334560826E-16
    0.319705140E-16
    0.380171911E-16
    0.359712028E-16
    0.336537797E-16
    0.328928658E-16
    0.316940856E-16
    0.381553155E-16
    0.277648873E-16
    0.392186046E-16
    0.351837393E-16
    0.258554330E-16
    0.255672125E-16
    0.313894524E-16
    0.316103250E-16
    0.286605649E-16
    0.283546552E-16
    0.261625687E-16
    0.261685886E-16
    0.317934215E-16
    0.354456750E-16
    0.356947417E-16
    0.360720948E-16
    0.283335509E-16
    0.324152990E-16
    0.293678435E-16
    0.321374648E-16
    0.370006483E-16
    0.341690993E-16
    0.405431911E-16
    0.350927116E-16
    0.272510447E-16
    0.283572878E-16
    0.258113046E-16
    0.384882996E-16
    0.283220157E-16
    0.304711352E-16
    0.351717269E-16
    0.317018757E-16
    0.305847489E-16
    0.307166567E-16
    0.345136107E-16
    0.268537703E-16
    0.336207126E-16
    0.287183931E-16
    0.338886202E-16
    0.410874440E-16
    0.372143291E-16
    0.343937580E-16
    0.346671860E-16
    0.303248305E-16
    0.309797303E-16
    0.306946604E-16
    0.358430700E-16
    0.327426359E-16
    0.280296822E-16
    0.349115335E-16
    0.305553399E-16
    0.305405766E-16
    0.317071591E-16
    0.314634324E-16
    0.255169951E-16
    0.294716803E-16
    0.271476667E-16
    0.305667852E-16
    0.334030558E-16
    0.264205124E-16
    0.223404950E-16
    0.343432493E-16
    0.292123961E-16
    0.311000488E-16
    0.295047814E-16
    0.328276855E-16
    0.305792707E-16
    0.304789453E-16
    0.311492341E-16
    0.349765297E-16
    0.301832976E-16
    0.318183004E-16
    0.347033521E-16
    0.387276945E-16
    0.337498282E-16
    0.363700005E-16
    0.334388405E-16
    0.318291740E-16
    0.283994070E-16
    0.303878367E-16
    0.361091386E-16
    0.312544933E-16
    0.232714173E-16
    0.289329501E-16
    0.362557085E-16
    0.253839183E-16
    0.333860301E-16
    0.274815860E-16
    0.278613018E-16
    0.289450626E-16
    0.309247146E-16
    0.420753971E-16
    0.300930430E-16
    0.301891657E-16
    0.298082915E-16
    0.304334301E-16
    0.316970348E-16
    0.318487213E-16
    0.326860728E-16
    0.268725877E-16
    0.340487322E-16
    0.274487726E-16
    0.358640283E-16
    0.295908986E-16
    0.304349600E-16
    0.361117628E-16
    0.281993705E-16
    0.317915348E-16
    0.337563196E-16
    0.242676700E-16
    0.286717121E-16
    0.344843558E-16
    0.226146725E-16
    0.335196300E-16
    0.302810141E-16
    0.306211371E-16
    0.334735936E-16
    0.394950273E-16
    0.406878237E-16
    0.228922034E-16
    0.253405364E-16
    0.326985587E-16
    0.327671911E-16
    0.310812896E-16
    0.289978130E-16
    0.330951238E-16
    0.253810984E-16
    0.264995635E-16
    0.284456100E-16
    0.308907038E-16
    0.296353086E-16
    0.252279060E-16
    0.279290998E-16
    0.323642874E-16
    0.270402664E-16
    0.328726926E-16
    0.302724224E-16
    0.187741289E-16
    0.325866828E-16
    0.343145705E-16
    0.351497312E-16
    0.244288740E-16
    0.372956543E-16
    0.330713530E-16
    0.281245795E-16
    0.349221327E-16
    0.341163766E-16
    0.296153369E-16
    0.309480090E-16
    0.328943244E-16
    0.295553080E-16
    0.310438827E-16
    0.357038556E-16
    0.330534620E-16
    0.307903224E-16
    0.311045957E-16
    0.238136609E-16
    0.262658344E-16
    0.367607791E-16
    0.339342890E-16
    0.282221220E-16
    0.300606349E-16
    0.259261863E-16
    0.324260358E-16
    0.291010170E-16
    0.267704953E-16
    0.242684948E-16
    0.386062645E-16
    0.300933356E-16
    0.244132053E-16
    0.285058202E-16
    0.281531075E-16
    0.292299984E-16
    0.287704594E-16
    0.311297950E-16
    0.299331917E-16
    0.362411163E-16
    0.294239125E-16
    0.255070826E-16
    0.306747206E-16
    0.331667662E-16
    0.274130751E-16
    0.247457752E-16
    0.324579716E-16
    0.307126084E-16
    0.300733761E-16
    0.281789172E-16
    0.286115627E-16
    0.301551895E-16
    0.227268853E-16
    0.268487496E-16
    0.293849282E-16
    0.311383809E-16
    0.328355722E-16
    0.327305124E-16
    0.230396372E-16
    0.309648851E-16
    0.251817640E-16
    0.267368159E-16
    0.354698835E-16
    0.285603511E-16
    0.260210232E-16
    0.297136818E-16
    0.256615045E-16
    0.267527044E-16
    0.320937966E-16
    0.382098945E-16
    0.262601512E-16
    0.255260718E-16
    0.246006781E-16
    0.329880889E-16
    0.295174407E-16
    0.328947459E-16
    0.272562264E-16
    0.270875707E-16
    0.290533974E-16
    0.282880591E-16
    0.318699612E-16
    0.327144775E-16
    0.309902496E-16
    0.312460023E-16
    0.323225159E-16
    0.275863100E-16
    0.270722668E-16
    0.295365924E-16
    0.284002669E-16
    0.270622668E-16
    0.300572406E-16
    0.318556506E-16
    0.307398897E-16
    0.275358060E-16
    0.351740460E-16
    0.210107964E-16
    0.274463485E-16
    0.329306284E-16
    0.283790157E-16
    0.292989486E-16
    0.329323649E-16
    0.228082593E-16
    0.288454510E-16
    0.261269118E-16
    0.263569905E-16
    0.287399864E-16
    0.341926236E-16
    0.269229699E-16
    0.246743660E-16
    0.253133417E-16
    0.262990439E-16
    0.304328120E-16
    0.236139664E-16
    0.286988595E-16
    0.350912168E-16
    0.312985993E-16
    0.321720342E-16
    0.308420474E-16
    0.228146153E-16
    0.266386700E-16
    0.240423862E-16
    0.232094246E-16
    0.320710256E-16
    0.296374966E-16
    0.253835939E-16
    0.289372053E-16
    0.254216588E-16
    0.316707626E-16
    0.242485023E-16
    0.274780029E-16
    0.270144016E-16
    0.339612896E-16
    0.301049367E-16
    0.267087508E-16
    0.225419493E-16
    0.226790061E-16
    0.308485703E-16
    0.324743574E-16
    0.328578673E-16
    0.200797403E-16
    0.358915763E-16
    0.312955544E-16
    0.284867467E-16
    0.276952972E-16
    0.274846025E-16
    0.314247009E-16
    0.278037080E-16
    0.260654564E-16
    0.294753844E-16
    0.285434165E-16
    0.321446480E-16
    0.268801264E-16
    0.273412141E-16
    0.262709136E-16
    0.296298357E-16
    0.300434345E-16
    0.267347242E-16
    0.348790248E-16
    0.282606534E-16
    0.205335820E-16
    0.276314824E-16
    0.238911737E-16
    0.330953726E-16
    0.306549736E-16
    0.232685210E-16
    0.273593842E-16
    0.296924062E-16
    0.280837038E-16
    0.295928856E-16
    0.261397111E-16
    0.290594818E-16
    0.241919601E-16
    0.242150191E-16
    0.304554832E-16
    0.286072987E-16
    0.243871584E-16
    0.255858455E-16
    0.218384150E-16
    0.309647410E-16
    0.236617865E-16
    0.296010091E-16
    0.271194771E-16
    0.295308684E-16
    0.263687534E-16
    0.283986367E-16
    0.218037608E-16
    0.278943299E-16
    0.277635553E-16
    0.274563026E-16
    0.287968553E-16
    0.288258405E-16
    0.278417745E-16
    0.368736052E-16
    0.251800453E-16
    0.228669175E-16
    0.269532910E-16
    0.303841234E-16
    0.261825763E-16
    0.301667669E-16
    0.307965658E-16
    0.330494983E-16
    0.271623609E-16
    0.289915464E-16
    0.298386727E-16
    0.244525974E-16
    0.251157671E-16
    0.270496410E-16
    0.280593753E-16
    0.289037113E-16
    0.237932906E-16
    0.230198979E-16
    0.323083258E-16
    0.249593956E-16
    0.239221370E-16
    0.316413127E-16
    0.258264165E-16
    0.270717252E-16
    0.305796232E-16
    0.272925191E-16
    0.325938859E-16
    0.256321956E-16
    0.268253480E-16
    0.285285939E-16
    0.290456846E-16
    0.276428577E-16
    0.320795509E-16
    0.295646995E-16
    0.326562969E-16
    0.242777670E-16
    0.313573072E-16
    0.252983248E-16
    0.266757549E-16
    0.252282391E-16
    0.239219480E-16
    0.214908421E-16
    0.312551386E-16
    0.197138498E-16
    0.345238731E-16
    0.294717457E-16
    0.289826778E-16
    0.316841033E-16
    0.255435204E-16
    0.343002675E-16
    0.306883047E-16
    0.203002013E-16
    0.336397361E-16
    0.251678744E-16
    0.274818344E-16
    0.345418711E-16
    0.361289711E-16
    0.378749381E-16
    0.327871629E-16
    0.254941747E-16
    0.403322570E-16
    0.270490333E-16
    0.268718326E-16
    0.221827143E-16
    0.199334030E-16
    0.233607337E-16
    0.292187790E-16
    0.261102162E-16
    0.305751008E-16
    0.287287707E-16
    0.247843521E-16
    0.349028356E-16
    0.297616671E-16
    0.339444943E-16
    0.419142215E-16
    0.277207654E-16
    0.339454400E-16
    0.250447992E-16
    0.209239066E-16
    0.335013875E-16
    0.274452083E-16
    0.368248395E-16
    0.360652071E-16
    0.287584387E-16
    0.447871283E-16
    0.312004110E-16
    0.392899563E-16
    0.429138575E-16
    0.381253212E-16
    0.396767933E-16
    0.310176614E-16
    0.294694488E-16
    0.349757236E-16
    0.386168152E-16
    0.375559949E-16
    0.394887640E-16
    0.325682598E-16
    0.336750852E-16
    0.237268101E-16
    0.316219762E-16
    0.369112933E-16
    0.342521087E-16
    0.320122928E-16
    0.324007503E-16
    0.213418065E-16
    0.250761801E-16
    0.229425159E-16
    0.291263444E-16
    0.312364667E-16
    0.261480880E-16
    0.298084570E-16
    0.278135023E-16
    0.277287233E-16
    0.219134296E-16
    0.181783507E-16
    0.212428822E-16
    0.237052806E-16
    0.232066545E-16
    0.359170286E-16
    0.273757457E-16
    0.322205581E-16
    0.268651769E-16
    0.235779628E-16
    0.250870053E-16
    0.291748044E-16
    0.279920187E-16
    0.245425061E-16
    0.294909040E-16
    0.364674020E-16
    0.313935630E-16
    0.365266209E-16
    0.315067989E-16
    0.256779330E-16
    0.337509203E-16
    0.234357004E-16
    0.237046129E-16
    0.280671164E-16
    0.291111417E-16
    0.387719466E-16
    0.360889960E-16
    0.348237894E-16
    0.372182946E-16
    0.398101843E-16
    0.353193731E-16
    0.329508110E-16
    0.344582079E-16
    0.302898137E-16
    0.371432032E-16
    0.375489735E-16
    0.358539500E-16
    0.271064683E-16
    0.268152983E-16
    0.195797059E-16
    0.255451905E-16
    0.250802149E-16
    0.242625790E-16
    0.269972652E-16
    0.274506119E-16
    0.275515072E-16
    0.284600011E-16
    0.250060284E-16
    0.251996784E-16
    0.301050806E-16
    0.223480472E-16
    0.261142705E-16
    0.200459680E-16
