 #tdnd tdcion
    0.311197085E-16
    0.288593209E-16
    0.262715577E-16
    0.284351661E-16
    0.237827209E-16
    0.292611068E-16
    0.273842702E-16
    0.282082196E-16
    0.262820337E-16
    0.182577996E-16
    0.248524296E-16
    0.250243887E-16
    0.266105893E-16
    0.268301341E-16
    0.237209437E-16
    0.251022979E-16
    0.330785802E-16
    0.279430906E-16
    0.239231704E-16
    0.268173256E-16
    0.253343782E-16
    0.269797969E-16
    0.295233842E-16
    0.298816113E-16
    0.285341490E-16
    0.226984240E-16
    0.225871391E-16
    0.255788330E-16
    0.306776731E-16
    0.275499241E-16
    0.304260784E-16
    0.217038266E-16
    0.210704692E-16
    0.217076937E-16
    0.277886437E-16
    0.246635929E-16
    0.295194423E-16
    0.234254345E-16
    0.211335908E-16
    0.257309115E-16
    0.276881520E-16
    0.290947127E-16
    0.296211926E-16
    0.290216186E-16
    0.216081639E-16
    0.236033851E-16
    0.251548722E-16
    0.253913470E-16
    0.232254974E-16
    0.280359620E-16
    0.275136087E-16
    0.241610984E-16
    0.299819353E-16
    0.299344454E-16
    0.250563962E-16
    0.275189953E-16
    0.230298331E-16
    0.239779439E-16
    0.210271945E-16
    0.277454393E-16
    0.282425889E-16
    0.265302461E-16
    0.239704330E-16
    0.221666842E-16
    0.229821993E-16
    0.234133543E-16
    0.253108959E-16
    0.243559667E-16
    0.263787129E-16
    0.235390525E-16
    0.178906964E-16
    0.205995715E-16
    0.268948382E-16
    0.234151607E-16
    0.271945574E-16
    0.233815240E-16
    0.269381723E-16
    0.271013052E-16
    0.243561930E-16
    0.253333252E-16
    0.258341676E-16
    0.236412447E-16
    0.287234808E-16
    0.260849360E-16
    0.303137975E-16
    0.305189417E-16
    0.252991986E-16
    0.228812072E-16
    0.223149978E-16
    0.298708962E-16
    0.282217749E-16
    0.244383322E-16
    0.269336938E-16
    0.262516645E-16
    0.221670645E-16
    0.227193119E-16
    0.209559369E-16
    0.240111931E-16
    0.209025401E-16
    0.252218380E-16
    0.222338973E-16
    0.258718673E-16
    0.243819004E-16
    0.222596278E-16
    0.232385588E-16
    0.294213189E-16
    0.244399790E-16
    0.239831979E-16
    0.295468131E-16
    0.261206071E-16
    0.257055818E-16
    0.334815476E-16
    0.228199650E-16
    0.199047382E-16
    0.210543470E-16
    0.291027267E-16
    0.232582324E-16
    0.227892602E-16
    0.246415082E-16
    0.275214015E-16
    0.237660019E-16
    0.204026448E-16
    0.238739073E-16
    0.210263894E-16
    0.252133060E-16
    0.250841987E-16
    0.252464964E-16
    0.283141636E-16
    0.253187963E-16
    0.256016874E-16
    0.276637496E-16
    0.241368410E-16
    0.271808011E-16
    0.274069911E-16
    0.243842555E-16
    0.260400143E-16
    0.314532322E-16
    0.246171485E-16
    0.193920955E-16
    0.232359549E-16
    0.373920068E-16
    0.260836542E-16
    0.262158598E-16
    0.301911759E-16
    0.271006307E-16
    0.302458881E-16
    0.320149454E-16
    0.324364910E-16
    0.473480534E-16
    0.607292580E-16
    0.642518986E-16
    0.894549718E-16
    0.114397824E-15
    0.142690702E-15
    0.191760045E-15
    0.278984027E-15
    0.358900732E-15
    0.557094051E-15
    0.772985039E-15
    0.101907897E-14
    0.151670632E-14
    0.223339946E-14
    0.305139933E-14
    0.444683366E-14
    0.640255036E-14
    0.898867562E-14
    0.126070473E-13
    0.182008804E-13
    0.257018865E-13
    0.359315864E-13
    0.512174308E-13
    0.716038082E-13
    0.100173218E-12
    0.141771845E-12
    0.196416259E-12
    0.274095723E-12
    0.381528988E-12
    0.527634870E-12
    0.728379413E-12
    0.100626415E-11
    0.138542598E-11
    0.190275293E-11
    0.261131504E-11
    0.356984894E-11
    0.487135762E-11
    0.664447637E-11
    0.902195044E-11
    0.122366151E-10
    0.165698477E-10
    0.223901537E-10
    0.301834604E-10
    0.406378612E-10
    0.545876418E-10
    0.731651237E-10
    0.978734052E-10
    0.130722323E-09
    0.174145932E-09
    0.231662365E-09
    0.307485103E-09
    0.407293473E-09
    0.538560726E-09
    0.710649663E-09
    0.935807185E-09
    0.122999204E-08
    0.161332221E-08
    0.211184862E-08
    0.275885536E-08
    0.359694142E-08
    0.467974859E-08
    0.607638898E-08
    0.787361334E-08
    0.101809443E-07
    0.131374341E-07
    0.169173792E-07
    0.217383899E-07
    0.278749546E-07
    0.356679202E-07
    0.455425769E-07
    0.580258494E-07
    0.737737395E-07
    0.935917170E-07
    0.118476943E-06
    0.149653803E-06
    0.188623403E-06
    0.237219828E-06
    0.297685954E-06
    0.372739066E-06
    0.465689930E-06
    0.580534566E-06
    0.722100271E-06
    0.896198298E-06
    0.110980823E-05
    0.137127537E-05
    0.169057648E-05
    0.207959366E-05
    0.255242906E-05
    0.312578934E-05
    0.381943422E-05
    0.465660472E-05
    0.566462893E-05
    0.687553893E-05
    0.832674700E-05
    0.100618526E-04
    0.121315353E-04
    0.145945436E-04
    0.175187539E-04
    0.209824348E-04
    0.250755409E-04
    0.299011892E-04
    0.355772621E-04
    0.422381922E-04
    0.500367433E-04
    0.591462147E-04
    0.697624712E-04
    0.821064082E-04
    0.964263973E-04
    0.113000960E-03
    0.132141544E-03
    0.154195553E-03
    0.179549250E-03
    0.208631096E-03
    0.241915015E-03
    0.279923847E-03
    0.323232479E-03
    0.372471869E-03
    0.428332324E-03
    0.491566820E-03
    0.562994941E-03
    0.643506126E-03
    0.734063147E-03
    0.835705068E-03
    0.949550833E-03
    0.107680196E-02
    0.121874520E-02
    0.137675494E-02
    0.155229607E-02
    0.174692446E-02
    0.196229045E-02
    0.220013837E-02
    0.246230802E-02
    0.275073549E-02
    0.306745233E-02
    0.341458570E-02
    0.379435729E-02
    0.420908218E-02
    0.466116678E-02
    0.515310665E-02
    0.568748446E-02
    0.626696552E-02
    0.689429555E-02
    0.757229661E-02
    0.830386148E-02
    0.909195046E-02
    0.993958533E-02
    0.108498444E-01
    0.118258558E-01
    0.128707924E-01
    0.139878651E-01
    0.151803148E-01
    0.164514079E-01
    0.178044274E-01
    0.192426641E-01
    0.207694131E-01
    0.223879614E-01
    0.241015822E-01
    0.259135272E-01
    0.278270161E-01
    0.298452300E-01
    0.319713022E-01
    0.342083090E-01
    0.365592611E-01
    0.390270968E-01
    0.416146699E-01
    0.443247423E-01
    0.471599758E-01
    0.501229255E-01
    0.532160237E-01
    0.564415799E-01
    0.598017687E-01
    0.632986205E-01
    0.669340147E-01
    0.707096726E-01
    0.746271498E-01
    0.786878271E-01
    0.828929047E-01
    0.872433976E-01
    0.917401265E-01
    0.963837104E-01
    0.101174570E+00
    0.106112907E+00
    0.111198718E+00
    0.116431776E+00
    0.121811631E+00
    0.127337611E+00
    0.133008812E+00
    0.138824102E+00
    0.144782111E+00
    0.150881244E+00
    0.157119662E+00
    0.163495295E+00
    0.170005838E+00
    0.176648752E+00
    0.183421258E+00
    0.190320354E+00
    0.197342803E+00
    0.204485141E+00
    0.211743681E+00
    0.219114515E+00
    0.226593521E+00
    0.234176359E+00
    0.241858488E+00
    0.249635163E+00
    0.257501445E+00
    0.265452202E+00
    0.273482124E+00
    0.281585722E+00
    0.289757342E+00
    0.297991168E+00
    0.306281232E+00
    0.314621425E+00
    0.323005502E+00
    0.331427091E+00
    0.339879707E+00
    0.348356758E+00
    0.356851554E+00
    0.365357316E+00
    0.373867196E+00
    0.382374273E+00
    0.390871571E+00
    0.399352072E+00
    0.407808723E+00
    0.416234444E+00
    0.424622140E+00
    0.432964722E+00
    0.441255101E+00
    0.449486208E+00
    0.457651005E+00
    0.465742492E+00
    0.473753721E+00
    0.481677801E+00
    0.489507914E+00
    0.497237317E+00
    0.504859369E+00
    0.512367513E+00
    0.519755313E+00
    0.527016445E+00
    0.534144713E+00
    0.541134057E+00
    0.547978560E+00
    0.554672460E+00
    0.561210148E+00
    0.567586186E+00
    0.573795314E+00
    0.579832444E+00
    0.585692678E+00
    0.591371316E+00
    0.596863854E+00
    0.602165987E+00
    0.607273622E+00
    0.612182885E+00
    0.616890108E+00
    0.621391852E+00
    0.625684897E+00
    0.629766254E+00
    0.633633160E+00
    0.637283084E+00
    0.640713729E+00
    0.643923029E+00
    0.646909160E+00
    0.649670523E+00
    0.652205764E+00
    0.654513758E+00
    0.656593617E+00
    0.658444687E+00
    0.660066544E+00
    0.661459000E+00
    0.662622087E+00
    0.663556068E+00
    0.664261435E+00
    0.664738890E+00
    0.664989355E+00
    0.665013974E+00
    0.664814092E+00
    0.664391257E+00
    0.663747225E+00
    0.662883951E+00
    0.661803570E+00
    0.660508411E+00
    0.659000982E+00
    0.657283969E+00
    0.655360222E+00
    0.653232758E+00
    0.650904753E+00
    0.648379531E+00
    0.645660566E+00
    0.642751463E+00
    0.639655970E+00
    0.636377950E+00
    0.632921394E+00
    0.629290401E+00
    0.625489179E+00
    0.621522033E+00
    0.617393357E+00
    0.613107639E+00
    0.608669444E+00
    0.604083402E+00
    0.599354213E+00
    0.594486643E+00
    0.589485497E+00
    0.584355631E+00
    0.579101941E+00
    0.573729356E+00
    0.568242824E+00
    0.562647323E+00
    0.556947833E+00
    0.551149353E+00
    0.545256870E+00
    0.539275379E+00
    0.533209858E+00
    0.527065268E+00
    0.520846557E+00
    0.514558636E+00
    0.508206393E+00
    0.501794675E+00
    0.495328292E+00
    0.488812004E+00
    0.482250527E+00
    0.475648517E+00
    0.469010569E+00
    0.462341229E+00
    0.455644964E+00
    0.448926173E+00
    0.442189188E+00
    0.435438262E+00
    0.428677563E+00
    0.421911188E+00
    0.415143141E+00
    0.408377341E+00
    0.401617620E+00
    0.394867718E+00
    0.388131279E+00
    0.381411859E+00
    0.374712908E+00
    0.368037792E+00
    0.361389765E+00
    0.354771989E+00
    0.348187527E+00
    0.341639337E+00
    0.335130277E+00
    0.328663105E+00
    0.322240473E+00
    0.315864935E+00
    0.309538943E+00
    0.303264844E+00
    0.297044886E+00
    0.290881218E+00
    0.284775883E+00
    0.278730832E+00
    0.272747912E+00
    0.266828875E+00
    0.260975376E+00
    0.255188976E+00
    0.249471139E+00
    0.243823239E+00
    0.238246562E+00
    0.232742297E+00
    0.227311552E+00
    0.221955343E+00
    0.216674606E+00
    0.211470190E+00
    0.206342867E+00
    0.201293325E+00
    0.196322178E+00
    0.191429962E+00
    0.186617142E+00
    0.181884108E+00
    0.177231182E+00
    0.172658618E+00
    0.168166604E+00
    0.163755265E+00
    0.159424665E+00
    0.155174804E+00
    0.151005632E+00
    0.146917038E+00
    0.142908859E+00
    0.138980881E+00
    0.135132843E+00
    0.131364432E+00
    0.127675293E+00
    0.124065028E+00
    0.120533196E+00
    0.117079318E+00
    0.113702879E+00
    0.110403326E+00
    0.107180076E+00
    0.104032511E+00
    0.100959988E+00
    0.979618318E-01
    0.950373465E-01
    0.921858100E-01
    0.894064796E-01
    0.866985924E-01
    0.840613675E-01
    0.814940094E-01
    0.789957054E-01
    0.765656351E-01
    0.742029625E-01
    0.719068445E-01
    0.696764320E-01
    0.675108678E-01
    0.654092917E-01
    0.633708417E-01
    0.613946536E-01
    0.594798642E-01
    0.576256139E-01
    0.558310438E-01
    0.540953016E-01
    0.524175423E-01
    0.507969256E-01
    0.492326225E-01
    0.477238124E-01
    0.462696862E-01
    0.448694477E-01
    0.435223123E-01
    0.422275097E-01
    0.409842864E-01
    0.397919010E-01
    0.386496315E-01
    0.375567709E-01
    0.365126303E-01
    0.355165380E-01
    0.345678424E-01
    0.336659077E-01
    0.328101207E-01
    0.319998836E-01
    0.312346205E-01
    0.305137743E-01
    0.298368057E-01
    0.292031962E-01
    0.286124461E-01
    0.280640739E-01
    0.275576164E-01
    0.270926296E-01
    0.266686854E-01
    0.262853750E-01
    0.259423049E-01
    0.256390979E-01
    0.253753925E-01
    0.251508420E-01
    0.249651139E-01
    0.248178890E-01
    0.247088611E-01
    0.246377355E-01
    0.246042290E-01
    0.246080689E-01
    0.246489913E-01
    0.247267423E-01
    0.248410737E-01
    0.249917472E-01
    0.251785281E-01
    0.254011878E-01
    0.256595028E-01
    0.259532520E-01
    0.262822177E-01
    0.266461842E-01
    0.270449364E-01
    0.274782598E-01
    0.279459393E-01
    0.284477584E-01
    0.289834983E-01
    0.295529381E-01
    0.301558525E-01
    0.307920121E-01
    0.314611826E-01
    0.321631233E-01
    0.328975880E-01
    0.336643227E-01
    0.344630651E-01
    0.352935456E-01
    0.361554833E-01
    0.370485900E-01
    0.379725641E-01
    0.389270947E-01
    0.399118577E-01
    0.409265176E-01
    0.419707244E-01
    0.430441153E-01
    0.441463121E-01
    0.452769214E-01
    0.464355351E-01
    0.476217264E-01
    0.488350539E-01
    0.500750564E-01
    0.513412554E-01
    0.526331531E-01
    0.539502321E-01
    0.552919545E-01
    0.566577620E-01
    0.580470741E-01
    0.594592903E-01
    0.608937853E-01
    0.623499132E-01
    0.638270032E-01
    0.653243610E-01
    0.668412692E-01
    0.683769840E-01
    0.699307398E-01
    0.715017422E-01
    0.730891750E-01
    0.746921944E-01
    0.763099324E-01
    0.779414947E-01
    0.795859622E-01
    0.812423896E-01
    0.829098073E-01
    0.845872200E-01
    0.862736076E-01
    0.879679272E-01
    0.896691096E-01
    0.913760643E-01
    0.930876773E-01
    0.948028121E-01
    0.965203115E-01
    0.982389976E-01
    0.999576725E-01
    0.101675121E+00
    0.103390108E+00
    0.105101385E+00
    0.106807684E+00
    0.108507728E+00
    0.110200222E+00
    0.111883864E+00
    0.113557340E+00
    0.115219327E+00
    0.116868496E+00
    0.118503512E+00
    0.120123037E+00
    0.121725730E+00
    0.123310251E+00
    0.124875258E+00
    0.126419416E+00
    0.127941392E+00
    0.129439860E+00
    0.130913505E+00
    0.132361018E+00
    0.133781106E+00
    0.135172486E+00
    0.136533892E+00
    0.137864078E+00
    0.139161813E+00
    0.140425890E+00
    0.141655124E+00
    0.142848352E+00
    0.144004441E+00
    0.145122282E+00
    0.146200800E+00
    0.147238945E+00
    0.148235706E+00
    0.149190100E+00
    0.150101184E+00
    0.150968050E+00
    0.151789828E+00
    0.152565689E+00
    0.153294844E+00
    0.153976545E+00
    0.154610089E+00
    0.155194819E+00
    0.155730117E+00
    0.156215418E+00
    0.156650201E+00
    0.157033991E+00
    0.157366367E+00
    0.157646953E+00
    0.157875424E+00
    0.158051507E+00
    0.158174977E+00
    0.158245664E+00
    0.158263447E+00
    0.158228257E+00
    0.158140078E+00
    0.157998946E+00
    0.157804949E+00
    0.157558226E+00
    0.157258970E+00
    0.156907423E+00
    0.156503880E+00
    0.156048688E+00
    0.155542241E+00
    0.154984985E+00
    0.154377417E+00
    0.153720079E+00
    0.153013564E+00
    0.152258511E+00
    0.151455604E+00
    0.150605573E+00
    0.149709192E+00
    0.148767277E+00
    0.147780688E+00
    0.146750324E+00
    0.145677122E+00
    0.144562060E+00
    0.143406149E+00
    0.142210436E+00
    0.140976004E+00
    0.139703963E+00
    0.138395457E+00
    0.137051658E+00
    0.135673762E+00
    0.134262994E+00
    0.132820598E+00
    0.131347844E+00
    0.129846018E+00
    0.128316426E+00
    0.126760388E+00
    0.125179240E+00
    0.123574329E+00
    0.121947013E+00
    0.120298656E+00
    0.118630633E+00
    0.116944318E+00
    0.115241091E+00
    0.113522332E+00
    0.111789421E+00
    0.110043734E+00
    0.108286641E+00
    0.106519508E+00
    0.104743690E+00
    0.102960534E+00
    0.101171374E+00
    0.993775325E-01
    0.975803150E-01
    0.957810109E-01
    0.939808923E-01
    0.921812106E-01
    0.903831976E-01
    0.885880620E-01
    0.867969890E-01
    0.850111388E-01
    0.832316462E-01
    0.814596189E-01
    0.796961354E-01
    0.779422462E-01
    0.761989712E-01
    0.744672996E-01
    0.727481886E-01
    0.710425629E-01
    0.693513151E-01
    0.676753031E-01
    0.660153514E-01
    0.643722489E-01
    0.627467506E-01
    0.611395759E-01
    0.595514080E-01
    0.579828956E-01
    0.564346509E-01
    0.549072501E-01
    0.534012341E-01
    0.519171072E-01
    0.504553394E-01
    0.490163639E-01
    0.476005798E-01
    0.462083506E-01
    0.448400058E-01
    0.434958402E-01
    0.421761161E-01
    0.408810616E-01
    0.396108723E-01
    0.383657126E-01
    0.371457149E-01
    0.359509810E-01
    0.347815832E-01
    0.336375641E-01
    0.325189383E-01
    0.314256923E-01
    0.303577862E-01
    0.293151538E-01
    0.282977045E-01
    0.273053230E-01
    0.263378705E-01
    0.253951868E-01
    0.244770894E-01
    0.235833756E-01
    0.227138238E-01
    0.218681930E-01
    0.210462254E-01
    0.202476461E-01
    0.194721648E-01
    0.187194765E-01
    0.179892623E-01
    0.172811908E-01
    0.165949189E-01
    0.159300920E-01
    0.152863460E-01
    0.146633078E-01
    0.140605957E-01
    0.134778211E-01
    0.129145886E-01
    0.123704973E-01
    0.118451415E-01
    0.113381113E-01
    0.108489939E-01
    0.103773738E-01
    0.992283325E-02
    0.948495421E-02
    0.906331740E-02
    0.865750453E-02
    0.826709740E-02
    0.789167974E-02
    0.753083712E-02
    0.718415750E-02
    0.685123200E-02
    0.653165521E-02
    0.622502559E-02
    0.593094618E-02
    0.564902452E-02
    0.537887365E-02
    0.512011196E-02
    0.487236351E-02
    0.463525873E-02
    0.440843439E-02
    0.419153368E-02
    0.398420689E-02
    0.378611120E-02
    0.359691108E-02
    0.341627833E-02
    0.324389233E-02
    0.307943997E-02
    0.292261592E-02
    0.277312235E-02
    0.263066976E-02
    0.249497587E-02
    0.236576675E-02
    0.224277607E-02
    0.212574532E-02
    0.201442399E-02
    0.190856912E-02
    0.180794553E-02
    0.171232573E-02
    0.162148967E-02
    0.153522481E-02
    0.145332595E-02
    0.137559520E-02
    0.130184168E-02
    0.123188159E-02
    0.116553799E-02
    0.110264062E-02
    0.104302582E-02
    0.986536342E-03
    0.933021358E-03
    0.882335940E-03
    0.834341334E-03
    0.788904443E-03
    0.745897919E-03
    0.705199829E-03
    0.666693520E-03
    0.630267670E-03
    0.595815637E-03
    0.563235879E-03
    0.532431413E-03
    0.503309634E-03
    0.475782525E-03
    0.449766009E-03
    0.425180131E-03
    0.401948833E-03
    0.379999689E-03
    0.359263888E-03
    0.339676052E-03
    0.321174077E-03
    0.303698971E-03
    0.287194795E-03
    0.271608426E-03
    0.256889545E-03
    0.242990441E-03
    0.229865883E-03
    0.217473095E-03
    0.205771447E-03
    0.194722628E-03
    0.184290274E-03
    0.174440036E-03
    0.165139418E-03
    0.156357672E-03
    0.148065758E-03
    0.140236213E-03
    0.132843102E-03
    0.125861923E-03
    0.119269480E-03
    0.113043953E-03
    0.107164663E-03
    0.101612100E-03
    0.963678620E-04
    0.914145617E-04
    0.867357803E-04
    0.823160318E-04
    0.781406931E-04
    0.741959536E-04
    0.704687797E-04
    0.669468681E-04
    0.636186200E-04
    0.604730678E-04
    0.574998560E-04
    0.546892188E-04
    0.520319396E-04
    0.495193109E-04
    0.471431151E-04
    0.448955756E-04
    0.427693927E-04
    0.407576220E-04
    0.388537383E-04
    0.370515922E-04
    0.353453202E-04
    0.337294544E-04
    0.321987810E-04
    0.307483989E-04
    0.293736901E-04
    0.280702603E-04
    0.268339894E-04
    0.256609939E-04
    0.245475797E-04
    0.234902810E-04
    0.224858229E-04
    0.215311212E-04
    0.206232463E-04
    0.197594680E-04
    0.189371842E-04
    0.181539578E-04
    0.174074860E-04
    0.166956142E-04
    0.160163042E-04
    0.153676257E-04
    0.147477983E-04
    0.141551117E-04
    0.135879924E-04
    0.130449411E-04
    0.125245602E-04
    0.120255441E-04
    0.115466580E-04
    0.110867733E-04
    0.106448057E-04
    0.102197579E-04
    0.981070512E-05
    0.941677156E-05
    0.903715359E-05
    0.867110801E-05
    0.831792963E-05
    0.797697735E-05
    0.764765681E-05
    0.732941936E-05
    0.702174772E-05
    0.672418394E-05
    0.643629055E-05
    0.615767610E-05
    0.588797771E-05
    0.562686209E-05
    0.537402160E-05
    0.512918143E-05
    0.489209241E-05
    0.466251587E-05
    0.444024395E-05
    0.422508836E-05
    0.401686422E-05
    0.381541962E-05
    0.362060831E-05
    0.343229268E-05
    0.325034816E-05
    0.307466191E-05
    0.290512898E-05
    0.274165051E-05
    0.258412871E-05
    0.243247762E-05
    0.228661174E-05
    0.214644724E-05
    0.201190413E-05
    0.188290251E-05
    0.175936103E-05
    0.164119992E-05
    0.152833932E-05
    0.142069476E-05
    0.131818133E-05
    0.122071046E-05
    0.112819497E-05
    0.104054097E-05
    0.957649507E-06
    0.879424879E-06
    0.805758845E-06
    0.736549122E-06
    0.671679863E-06
    0.611042069E-06
    0.554514422E-06
    0.501975075E-06
    0.453301101E-06
    0.408365131E-06
    0.367037184E-06
    0.329184149E-06
    0.294667975E-06
    0.263355647E-06
    0.235107649E-06
    0.209782340E-06
    0.187240075E-06
    0.167337898E-06
    0.149935313E-06
    0.134890111E-06
    0.122060930E-06
    0.111308427E-06
    0.102492804E-06
    0.954771818E-07
    0.901258890E-07
    0.863052411E-07
    0.838860788E-07
    0.827409374E-07
    0.827436017E-07
    0.837752033E-07
    0.857192113E-07
    0.884612936E-07
    0.918936358E-07
    0.959129922E-07
    0.100419340E-06
    0.105316926E-06
    0.110518337E-06
    0.115936705E-06
    0.121493603E-06
    0.127116214E-06
    0.132732966E-06
    0.138282427E-06
    0.143705319E-06
    0.148948259E-06
    0.153964703E-06
    0.158711472E-06
    0.163148877E-06
    0.167247945E-06
    0.170978677E-06
    0.174319055E-06
    0.177249528E-06
    0.179759592E-06
    0.181837407E-06
    0.183476807E-06
    0.184680371E-06
    0.185446263E-06
    0.185784198E-06
    0.185699475E-06
    0.185208344E-06
    0.184324103E-06
    0.183065320E-06
    0.181450744E-06
    0.179505785E-06
    0.177252844E-06
    0.174720068E-06
    0.171932552E-06
    0.168920762E-06
    0.165715269E-06
    0.162346394E-06
    0.158845869E-06
    0.155244079E-06
    0.151574274E-06
    0.147867555E-06
    0.144156092E-06
    0.140471508E-06
    0.136843760E-06
    0.133302946E-06
    0.129879202E-06
    0.126597950E-06
    0.123487760E-06
    0.120575284E-06
    0.117880834E-06
    0.115429539E-06
    0.113240852E-06
    0.111335273E-06
    0.109728369E-06
    0.108435911E-06
    0.107472309E-06
    0.106847917E-06
    0.106574807E-06
    0.106657184E-06
    0.107101057E-06
    0.107912873E-06
    0.109091836E-06
    0.110638442E-06
    0.112550672E-06
    0.114821854E-06
    0.117449804E-06
    0.120425360E-06
    0.123737144E-06
    0.127377432E-06
    0.131331700E-06
    0.135586676E-06
    0.140125581E-06
    0.144933138E-06
    0.149991106E-06
    0.155281100E-06
    0.160782557E-06
    0.166474472E-06
    0.172337689E-06
    0.178347742E-06
    0.184482258E-06
    0.190719406E-06
    0.197036384E-06
    0.203407938E-06
    0.209812832E-06
    0.216223661E-06
    0.222621095E-06
    0.228982392E-06
    0.235281903E-06
    0.241500056E-06
    0.247613730E-06
    0.253601220E-06
    0.259444421E-06
    0.265122548E-06
    0.270615042E-06
    0.275907366E-06
    0.280980948E-06
    0.285820305E-06
    0.290409016E-06
    0.294736600E-06
    0.298787354E-06
    0.302551912E-06
    0.306019150E-06
    0.309178637E-06
    0.312026771E-06
    0.314550569E-06
    0.316750077E-06
    0.318618858E-06
    0.320155166E-06
    0.321354070E-06
    0.322217359E-06
    0.322743698E-06
    0.322937616E-06
    0.322798818E-06
    0.322331260E-06
    0.321539459E-06
    0.320428808E-06
    0.319006150E-06
    0.317277643E-06
    0.315252440E-06
    0.312936292E-06
    0.310341673E-06
    0.307476785E-06
    0.304352911E-06
    0.300979165E-06
    0.297370098E-06
    0.293533593E-06
    0.289484983E-06
    0.285234399E-06
    0.280795094E-06
    0.276181425E-06
    0.271402205E-06
    0.266475521E-06
    0.261410846E-06
    0.256222519E-06
    0.250921537E-06
    0.245522841E-06
    0.240038557E-06
    0.234481274E-06
    0.228861241E-06
    0.223192690E-06
    0.217485181E-06
    0.211752332E-06
    0.206003324E-06
    0.200249552E-06
    0.194501016E-06
    0.188767010E-06
    0.183057651E-06
    0.177382094E-06
    0.171748123E-06
    0.166163801E-06
    0.160637286E-06
    0.155174448E-06
    0.149783643E-06
    0.144469617E-06
    0.139239061E-06
    0.134097118E-06
    0.129047013E-06
    0.124096386E-06
    0.119245582E-06
    0.114500398E-06
    0.109862078E-06
    0.105335593E-06
    0.100921749E-06
    0.966222776E-07
    0.924385463E-07
    0.883729149E-07
    0.844244493E-07
    0.805956525E-07
    0.768848795E-07
    0.732929272E-07
    0.698192118E-07
    0.664630245E-07
    0.632237341E-07
    0.601002780E-07
    0.570909125E-07
    0.541941497E-07
    0.514086460E-07
    0.487321483E-07
    0.461634497E-07
    0.436994909E-07
    0.413388974E-07
    0.390786003E-07
    0.369163609E-07
    0.348504394E-07
    0.328768920E-07
    0.309942705E-07
    0.291993060E-07
    0.274899795E-07
    0.258629761E-07
    0.243153784E-07
    0.228451914E-07
    0.214494273E-07
    0.201251184E-07
    0.188701967E-07
    0.176812544E-07
    0.165562635E-07
    0.154923395E-07
    0.144871638E-07
    0.135380801E-07
    0.126428102E-07
    0.117987286E-07
    0.110036181E-07
    0.102553008E-07
    0.955148727E-08
    0.889020123E-08
    0.826901727E-08
    0.768632014E-08
    0.713974919E-08
    0.662777521E-08
    0.614853817E-08
    0.569997897E-08
    0.528084475E-08
    0.488924047E-08
    0.452383857E-08
    0.418283952E-08
    0.386497927E-08
    0.356909678E-08
    0.329364858E-08
    0.303745737E-08
    0.279945006E-08
    0.257830616E-08
    0.237316579E-08
    0.218289640E-08
    0.200664482E-08
    0.184336244E-08
    0.169233359E-08
    0.155261936E-08
    0.142355021E-08
    0.130437767E-08
    0.119442785E-08
    0.109304834E-08
    0.999591141E-09
    0.913589382E-09
    0.834390654E-09
    0.761629803E-09
    0.694758395E-09
    0.633303373E-09
    0.576973360E-09
    0.525279723E-09
    0.477934699E-09
    0.434530884E-09
    0.394834707E-09
    0.358571672E-09
    0.325379129E-09
    0.295088826E-09
    0.267433729E-09
    0.242205770E-09
    0.219219878E-09
    0.198283745E-09
    0.179236122E-09
    0.161882774E-09
    0.146132255E-09
    0.131804562E-09
    0.118810111E-09
    0.107020719E-09
    0.963335645E-10
    0.866489358E-10
    0.778735624E-10
    0.699515200E-10
    0.627724029E-10
    0.563064008E-10
    0.504524314E-10
    0.451721950E-10
    0.404198722E-10
    0.361341216E-10
    0.322783889E-10
    0.288045149E-10
    0.256900491E-10
    0.228943810E-10
    0.203744560E-10
    0.181240248E-10
    0.161022636E-10
    0.142963128E-10
    0.126786609E-10
    0.112366552E-10
    0.994531933E-11
    0.879138095E-11
    0.776818553E-11
    0.685385198E-11
    0.604292764E-11
    0.532035536E-11
    0.467937821E-11
    0.410924729E-11
    0.360570047E-11
    0.316164996E-11
    0.276630735E-11
    0.241896305E-11
    0.211006161E-11
    0.183927237E-11
    0.160205598E-11
    0.139243842E-11
    0.120894783E-11
    0.104739786E-11
    0.907306986E-12
    0.783657983E-12
    0.675817285E-12
    0.582345726E-12
    0.500789956E-12
    0.430131853E-12
    0.368491046E-12
    0.315569758E-12
    0.268928527E-12
    0.229174842E-12
    0.195143784E-12
    0.165781003E-12
    0.140401629E-12
    0.118540919E-12
    0.100043687E-12
    0.842348382E-13
    0.711579343E-13
    0.597871360E-13
    0.499499753E-13
    0.416352377E-13
    0.348061689E-13
    0.291241589E-13
    0.242010835E-13
    0.202413568E-13
    0.167899867E-13
    0.140759281E-13
    0.116227684E-13
    0.970351397E-14
    0.815504241E-14
    0.673321059E-14
    0.578673450E-14
    0.482049809E-14
    0.414170313E-14
    0.352603881E-14
    0.308518156E-14
    0.267902183E-14
    0.232464562E-14
    0.212531086E-14
    0.184911987E-14
    0.169554656E-14
    0.156107263E-14
    0.144842053E-14
    0.132211499E-14
    0.123025033E-14
    0.117549633E-14
    0.108776506E-14
    0.103917380E-14
    0.930603122E-15
    0.888847457E-15
    0.858026041E-15
    0.820437435E-15
    0.775326334E-15
    0.698108301E-15
    0.678945683E-15
    0.633076630E-15
    0.596423071E-15
    0.565841994E-15
    0.530209866E-15
    0.487557955E-15
    0.467116014E-15
    0.427725079E-15
    0.392659543E-15
    0.354270567E-15
    0.328885376E-15
    0.312122842E-15
    0.285377164E-15
    0.267417343E-15
    0.242762846E-15
    0.228899110E-15
    0.222037955E-15
    0.202900215E-15
    0.186223812E-15
    0.144855338E-15
    0.150973158E-15
    0.142040314E-15
    0.132737623E-15
    0.115511652E-15
    0.107790484E-15
    0.103939494E-15
    0.798192112E-16
    0.907145217E-16
    0.778141309E-16
    0.623553229E-16
    0.715314538E-16
    0.595936387E-16
    0.732831344E-16
    0.530928090E-16
    0.527623634E-16
    0.430529430E-16
    0.403885483E-16
    0.419898732E-16
    0.317685793E-16
    0.417058126E-16
    0.418599052E-16
    0.395860620E-16
    0.329476983E-16
    0.365172990E-16
    0.383275566E-16
    0.340031541E-16
    0.308727554E-16
    0.275140039E-16
    0.310657283E-16
    0.254757546E-16
    0.261909984E-16
    0.333912145E-16
    0.239653593E-16
    0.343332193E-16
    0.317744561E-16
    0.303644410E-16
    0.310591733E-16
    0.275301961E-16
    0.320890858E-16
    0.312807996E-16
    0.312814330E-16
    0.330288493E-16
    0.185355088E-16
    0.247912990E-16
    0.258638477E-16
    0.233464565E-16
    0.306357584E-16
    0.236726368E-16
    0.245272499E-16
    0.302108119E-16
    0.344882895E-16
    0.265716723E-16
    0.197832511E-16
    0.273376055E-16
    0.330696065E-16
    0.242851567E-16
    0.211113056E-16
    0.237127508E-16
    0.175236141E-16
    0.297431214E-16
    0.292690431E-16
    0.249616358E-16
    0.259574240E-16
    0.261336680E-16
    0.315444479E-16
    0.315489619E-16
    0.245768231E-16
    0.290117338E-16
    0.257685323E-16
    0.251283754E-16
    0.249462701E-16
    0.211001216E-16
    0.266786162E-16
    0.281163206E-16
    0.312642052E-16
    0.280381807E-16
    0.349691120E-16
    0.323638516E-16
    0.251559919E-16
    0.290127060E-16
    0.303582041E-16
    0.320691485E-16
    0.204542618E-16
    0.240706048E-16
    0.248154235E-16
    0.239609253E-16
    0.285903248E-16
    0.288171592E-16
    0.201954922E-16
    0.271675692E-16
    0.301473354E-16
    0.305895372E-16
    0.301585339E-16
    0.231641725E-16
    0.228352719E-16
    0.265865557E-16
    0.235620053E-16
    0.210903949E-16
    0.273001564E-16
    0.253073585E-16
    0.283556145E-16
    0.286204542E-16
    0.345913112E-16
    0.287303571E-16
    0.313474315E-16
    0.260262031E-16
    0.254416907E-16
    0.379019934E-16
    0.288993156E-16
    0.219026857E-16
    0.237421053E-16
    0.247973949E-16
    0.319577305E-16
    0.296418275E-16
    0.262346083E-16
    0.257283509E-16
    0.269454466E-16
    0.350415618E-16
    0.291738750E-16
    0.266115105E-16
    0.272396459E-16
    0.196800696E-16
    0.219872559E-16
    0.259537162E-16
    0.226314554E-16
    0.273639627E-16
    0.252392781E-16
    0.262664426E-16
    0.287271142E-16
    0.327770983E-16
    0.246271497E-16
    0.199648771E-16
    0.243155293E-16
    0.348958777E-16
    0.227694080E-16
    0.249992773E-16
    0.234976163E-16
    0.186428744E-16
    0.343721590E-16
    0.270661320E-16
    0.243477282E-16
    0.293047680E-16
    0.280564572E-16
    0.336098917E-16
    0.299501219E-16
    0.290436736E-16
    0.266885545E-16
    0.257829532E-16
    0.259544651E-16
    0.217487732E-16
    0.285358650E-16
    0.247571218E-16
    0.262015559E-16
    0.302177982E-16
    0.303709611E-16
    0.308235275E-16
    0.292414019E-16
    0.267879483E-16
    0.260261256E-16
    0.302744091E-16
    0.287539385E-16
    0.242785034E-16
    0.231751978E-16
    0.251914319E-16
    0.264907761E-16
    0.262260484E-16
    0.260928247E-16
    0.221963188E-16
    0.302852720E-16
    0.338897060E-16
    0.252078661E-16
    0.353575821E-16
    0.238685394E-16
    0.225483784E-16
    0.276439438E-16
    0.226649283E-16
    0.233842628E-16
    0.247554332E-16
    0.256636809E-16
    0.280526661E-16
    0.251368912E-16
    0.382721362E-16
    0.289936611E-16
    0.315340596E-16
    0.240940265E-16
    0.276511276E-16
    0.367314396E-16
    0.299975624E-16
    0.224375682E-16
    0.242970136E-16
    0.286326736E-16
    0.278443882E-16
    0.256838602E-16
    0.242636601E-16
    0.249088756E-16
    0.261743056E-16
    0.340025101E-16
    0.338338647E-16
    0.249604284E-16
    0.225144970E-16
    0.247796654E-16
    0.188827819E-16
    0.246413684E-16
    0.275543650E-16
    0.242100070E-16
    0.260383928E-16
    0.253008729E-16
    0.295849963E-16
    0.285640443E-16
    0.338331065E-16
    0.218538298E-16
    0.242008111E-16
    0.288493609E-16
    0.261074738E-16
    0.257359462E-16
    0.296046022E-16
    0.232136432E-16
    0.323439979E-16
    0.227899211E-16
    0.277417544E-16
    0.309385957E-16
    0.266431668E-16
    0.344371293E-16
    0.308404404E-16
    0.336185865E-16
    0.239005579E-16
    0.239425591E-16
    0.289293291E-16
    0.227080288E-16
    0.328854713E-16
    0.231291464E-16
    0.248360280E-16
    0.230473191E-16
    0.312175630E-16
    0.261826410E-16
    0.301565863E-16
    0.232422684E-16
    0.228629366E-16
    0.288989630E-16
    0.235105890E-16
    0.347004097E-16
    0.272374051E-16
    0.255443274E-16
    0.326329942E-16
    0.230634443E-16
    0.256502406E-16
    0.332611005E-16
    0.245682960E-16
    0.319615270E-16
    0.295085596E-16
    0.280262631E-16
    0.245144004E-16
    0.276028365E-16
    0.275672004E-16
    0.244179102E-16
    0.336400428E-16
    0.233274076E-16
    0.245765365E-16
    0.285790370E-16
    0.285031040E-16
    0.271102018E-16
    0.299973560E-16
    0.281968724E-16
    0.216992125E-16
    0.289273944E-16
    0.271910216E-16
    0.307902151E-16
    0.254653417E-16
    0.222354972E-16
    0.278533194E-16
    0.243384322E-16
    0.263386649E-16
    0.238708023E-16
    0.282232209E-16
    0.343035138E-16
    0.290929402E-16
    0.293787919E-16
    0.249693120E-16
    0.266492446E-16
    0.270426898E-16
    0.230215435E-16
    0.309876245E-16
    0.259691744E-16
    0.284270731E-16
    0.307217660E-16
    0.242643699E-16
    0.312791268E-16
    0.266246659E-16
    0.319092962E-16
    0.231047304E-16
    0.252119848E-16
    0.270097901E-16
    0.344650647E-16
    0.227680235E-16
    0.236102843E-16
    0.373808962E-16
    0.235507454E-16
    0.295731135E-16
    0.225697245E-16
    0.336722470E-16
    0.254136760E-16
    0.315062816E-16
    0.358460791E-16
    0.257613981E-16
    0.283770572E-16
    0.251433519E-16
    0.217031144E-16
    0.371230883E-16
    0.260173088E-16
    0.251064460E-16
    0.244125729E-16
    0.277257249E-16
    0.291685110E-16
    0.269165478E-16
    0.318119327E-16
    0.232110403E-16
    0.277319375E-16
    0.252116387E-16
    0.368486569E-16
    0.247561856E-16
    0.274746015E-16
    0.331419514E-16
    0.219642599E-16
    0.273367259E-16
    0.295158684E-16
    0.284428189E-16
    0.284892570E-16
    0.272288907E-16
    0.307715822E-16
    0.313090285E-16
    0.296077626E-16
    0.299968140E-16
    0.254983519E-16
    0.360169061E-16
    0.272936277E-16
    0.258788848E-16
    0.251985020E-16
    0.286023649E-16
    0.257483431E-16
    0.293788071E-16
    0.310595560E-16
    0.232587821E-16
    0.278084949E-16
    0.282067715E-16
    0.305406190E-16
    0.303424267E-16
    0.271664566E-16
    0.342644997E-16
    0.271217163E-16
    0.216514252E-16
    0.331540819E-16
    0.286654748E-16
    0.341550041E-16
    0.308372291E-16
    0.243080271E-16
    0.359140223E-16
    0.281644745E-16
    0.308665254E-16
    0.287662180E-16
    0.336827716E-16
    0.303506650E-16
    0.251069638E-16
    0.296254983E-16
    0.252573684E-16
    0.297262386E-16
    0.269869136E-16
    0.320507330E-16
    0.261015851E-16
    0.231423760E-16
    0.341544656E-16
    0.250095916E-16
    0.284205973E-16
    0.243088445E-16
    0.335016933E-16
    0.343005797E-16
    0.280563360E-16
    0.263108105E-16
    0.315964927E-16
    0.334667914E-16
    0.322580148E-16
    0.248589348E-16
    0.295726710E-16
    0.284811267E-16
    0.292504241E-16
    0.305061522E-16
    0.437215400E-16
    0.283638466E-16
    0.251958014E-16
    0.269035510E-16
    0.310603545E-16
    0.301982279E-16
    0.301753590E-16
    0.323146060E-16
    0.217658824E-16
    0.255963837E-16
    0.283920716E-16
    0.265458705E-16
    0.304403242E-16
    0.297651809E-16
    0.288786911E-16
    0.334694421E-16
    0.251217119E-16
    0.311206976E-16
    0.323324691E-16
    0.366603332E-16
    0.276821341E-16
    0.351889408E-16
    0.278059621E-16
    0.265124660E-16
    0.357586085E-16
    0.306066111E-16
    0.369704088E-16
    0.232221672E-16
    0.303979260E-16
    0.333597899E-16
    0.313619277E-16
    0.297972772E-16
    0.266525043E-16
    0.301911562E-16
    0.244249871E-16
    0.252187322E-16
    0.337208854E-16
    0.272205062E-16
    0.255656028E-16
    0.261698028E-16
    0.357453831E-16
    0.352183581E-16
    0.320765507E-16
    0.278919239E-16
    0.286065062E-16
    0.366050554E-16
    0.260285106E-16
    0.340262952E-16
    0.264213758E-16
    0.404729575E-16
    0.323319421E-16
    0.327503978E-16
    0.381519553E-16
    0.283087240E-16
    0.262774529E-16
    0.306441373E-16
    0.307792532E-16
    0.286102487E-16
    0.361248651E-16
    0.261738252E-16
    0.261944786E-16
    0.335236735E-16
    0.328747165E-16
    0.242626919E-16
    0.247797873E-16
    0.334825984E-16
    0.318624053E-16
    0.327596158E-16
    0.258277763E-16
    0.362967874E-16
    0.256056745E-16
    0.374517298E-16
    0.303106386E-16
    0.340372657E-16
    0.390132717E-16
    0.336089208E-16
    0.224853051E-16
    0.417144666E-16
    0.294980458E-16
    0.302237961E-16
    0.291191138E-16
    0.335552897E-16
    0.319421327E-16
    0.348358604E-16
    0.311021310E-16
    0.349956494E-16
    0.307652354E-16
    0.320482502E-16
    0.244944641E-16
    0.256139971E-16
    0.261638700E-16
    0.417953666E-16
    0.393545223E-16
    0.316615772E-16
    0.351893085E-16
    0.367881953E-16
    0.393151725E-16
    0.339248004E-16
    0.322109701E-16
    0.379908124E-16
    0.406695950E-16
    0.280726593E-16
    0.302829559E-16
    0.328492365E-16
    0.283939269E-16
    0.224809331E-16
    0.320151021E-16
    0.397075828E-16
    0.363176684E-16
    0.374655921E-16
    0.352518846E-16
    0.326926905E-16
    0.412394497E-16
    0.422563054E-16
    0.366457391E-16
    0.393963881E-16
    0.347015562E-16
    0.373896525E-16
    0.410001885E-16
    0.317686442E-16
    0.427482143E-16
    0.374402851E-16
    0.386455261E-16
    0.332104795E-16
    0.357892618E-16
    0.384833375E-16
    0.372454531E-16
    0.342712607E-16
    0.391513904E-16
    0.249008599E-16
    0.265844578E-16
    0.305513087E-16
    0.283593794E-16
    0.276759518E-16
    0.286504395E-16
    0.396104410E-16
    0.290176206E-16
    0.285190717E-16
    0.259065722E-16
    0.234830153E-16
    0.260345480E-16
    0.298185322E-16
    0.305066976E-16
    0.276669600E-16
    0.322664221E-16
    0.330802529E-16
    0.301616812E-16
    0.324113041E-16
    0.232987970E-16
    0.310351876E-16
    0.368391370E-16
    0.259315166E-16
    0.332263791E-16
    0.264437539E-16
    0.317751979E-16
    0.329809321E-16
    0.385076482E-16
    0.294769479E-16
    0.247594401E-16
    0.287092272E-16
    0.267964701E-16
    0.245417770E-16
    0.298926689E-16
    0.346632497E-16
    0.329732655E-16
    0.373051511E-16
    0.423178424E-16
    0.372886462E-16
    0.410008028E-16
    0.475193881E-16
    0.540702429E-16
    0.403736587E-16
    0.314819685E-16
    0.329572928E-16
    0.398915202E-16
    0.322775646E-16
    0.318287431E-16
    0.271302547E-16
    0.229017846E-16
    0.306489867E-16
    0.305348972E-16
    0.254095623E-16
    0.219231583E-16
    0.236230541E-16
    0.261845034E-16
    0.268989595E-16
    0.261016575E-16
    0.333708474E-16
    0.298798648E-16
    0.320274924E-16
    0.382969160E-16
    0.280942079E-16
    0.350716422E-16
    0.329739662E-16
    0.366887143E-16
    0.261235032E-16
