 #tdnd tdcion
    0.327866250E-16
    0.285578945E-16
    0.297919363E-16
    0.282156041E-16
    0.357674620E-16
    0.246422477E-16
    0.259654220E-16
    0.262440751E-16
    0.287852608E-16
    0.258549912E-16
    0.303264492E-16
    0.263075676E-16
    0.297948705E-16
    0.237464317E-16
    0.235895339E-16
    0.340551707E-16
    0.235501524E-16
    0.247613705E-16
    0.252693375E-16
    0.348794177E-16
    0.233329816E-16
    0.245218049E-16
    0.262197862E-16
    0.324763110E-16
    0.270785492E-16
    0.310135261E-16
    0.286990391E-16
    0.250986256E-16
    0.249653374E-16
    0.356697898E-16
    0.220740163E-16
    0.248663054E-16
    0.181158336E-16
    0.264361451E-16
    0.236640742E-16
    0.315159323E-16
    0.267072666E-16
    0.229083845E-16
    0.246775214E-16
    0.239534129E-16
    0.262848439E-16
    0.225306268E-16
    0.173572175E-16
    0.270353290E-16
    0.301321495E-16
    0.301055200E-16
    0.216141400E-16
    0.325498175E-16
    0.249991844E-16
    0.274053438E-16
    0.269898974E-16
    0.258160696E-16
    0.287936411E-16
    0.308523435E-16
    0.254358673E-16
    0.231585729E-16
    0.185625305E-16
    0.274166269E-16
    0.213242263E-16
    0.335190288E-16
    0.248710021E-16
    0.177508451E-16
    0.253686025E-16
    0.227772880E-16
    0.205500756E-16
    0.276473453E-16
    0.193451913E-16
    0.201002170E-16
    0.220066414E-16
    0.320259885E-16
    0.309512651E-16
    0.275516082E-16
    0.270620911E-16
    0.223029196E-16
    0.297961581E-16
    0.304873916E-16
    0.314835152E-16
    0.254640911E-16
    0.253640858E-16
    0.275880324E-16
    0.286112049E-16
    0.180654285E-16
    0.204362327E-16
    0.234039259E-16
    0.274426640E-16
    0.203674870E-16
    0.279616663E-16
    0.267540564E-16
    0.204677812E-16
    0.210053860E-16
    0.250198062E-16
    0.201572516E-16
    0.195175375E-16
    0.212597975E-16
    0.273737357E-16
    0.274032630E-16
    0.372123200E-16
    0.206929491E-16
    0.270815203E-16
    0.320318477E-16
    0.298050241E-16
    0.244534324E-16
    0.252511416E-16
    0.283885964E-16
    0.252149193E-16
    0.283634588E-16
    0.234830781E-16
    0.197499841E-16
    0.263784614E-16
    0.239616043E-16
    0.234669733E-16
    0.279803418E-16
    0.201956441E-16
    0.221416893E-16
    0.232111665E-16
    0.250036981E-16
    0.186378454E-16
    0.196787248E-16
    0.232150821E-16
    0.260215954E-16
    0.219934463E-16
    0.325395900E-16
    0.271737758E-16
    0.321781380E-16
    0.276192761E-16
    0.246316789E-16
    0.234774622E-16
    0.282396076E-16
    0.287745281E-16
    0.217007418E-16
    0.269220353E-16
    0.305191737E-16
    0.270903242E-16
    0.189341937E-16
    0.204624032E-16
    0.239118529E-16
    0.293328957E-16
    0.180791058E-16
    0.281708448E-16
    0.292762722E-16
    0.273523682E-16
    0.196692568E-16
    0.298164127E-16
    0.248285301E-16
    0.278610410E-16
    0.436615943E-16
    0.455377570E-16
    0.581905817E-16
    0.905213567E-16
    0.105638088E-15
    0.132132636E-15
    0.213016761E-15
    0.259554835E-15
    0.386272634E-15
    0.536427377E-15
    0.785963526E-15
    0.118064286E-14
    0.182154377E-14
    0.251034822E-14
    0.364436940E-14
    0.539998329E-14
    0.788459237E-14
    0.113242501E-13
    0.163842250E-13
    0.239773969E-13
    0.346290231E-13
    0.496322690E-13
    0.714000408E-13
    0.103029510E-12
    0.146059919E-12
    0.208931177E-12
    0.295397521E-12
    0.418390640E-12
    0.590724980E-12
    0.832351248E-12
    0.116737489E-11
    0.163763768E-11
    0.228483755E-11
    0.318360667E-11
    0.442041364E-11
    0.612376011E-11
    0.846382716E-11
    0.116648132E-10
    0.160262704E-10
    0.219826299E-10
    0.300847289E-10
    0.410405726E-10
    0.558568550E-10
    0.758514843E-10
    0.102739195E-09
    0.138817478E-09
    0.187096968E-09
    0.251599788E-09
    0.337553634E-09
    0.451712268E-09
    0.603133547E-09
    0.803410364E-09
    0.106766213E-08
    0.141561435E-08
    0.187247935E-08
    0.247115367E-08
    0.325382040E-08
    0.427446119E-08
    0.560252490E-08
    0.732649737E-08
    0.955922123E-08
    0.124443263E-07
    0.161633676E-07
    0.209468482E-07
    0.270851041E-07
    0.349436058E-07
    0.449800718E-07
    0.577706863E-07
    0.740325945E-07
    0.946599532E-07
    0.120764022E-06
    0.153723266E-06
    0.195241805E-06
    0.247420996E-06
    0.312844319E-06
    0.394688179E-06
    0.496831726E-06
    0.624014385E-06
    0.782008635E-06
    0.977816511E-06
    0.121993037E-05
    0.151859719E-05
    0.188616533E-05
    0.233747248E-05
    0.289030589E-05
    0.356590184E-05
    0.438960069E-05
    0.539149374E-05
    0.660728479E-05
    0.807915358E-05
    0.985684877E-05
    0.119988522E-04
    0.145737530E-04
    0.176617200E-04
    0.213562495E-04
    0.257660563E-04
    0.310172086E-04
    0.372554625E-04
    0.446488565E-04
    0.533906083E-04
    0.637022763E-04
    0.758370578E-04
    0.900836396E-04
    0.106770157E-03
    0.126268445E-03
    0.148998823E-03
    0.175434730E-03
    0.206108189E-03
    0.241615189E-03
    0.282621333E-03
    0.329867720E-03
    0.384177472E-03
    0.446461507E-03
    0.517725335E-03
    0.599075343E-03
    0.691725236E-03
    0.797002646E-03
    0.916354982E-03
    0.105135610E-02
    0.120371137E-02
    0.137526369E-02
    0.156799787E-02
    0.178404562E-02
    0.202568828E-02
    0.229536149E-02
    0.259565553E-02
    0.292931814E-02
    0.329925396E-02
    0.370852467E-02
    0.416034636E-02
    0.465808851E-02
    0.520526707E-02
    0.580554306E-02
    0.646271306E-02
    0.718070388E-02
    0.796356277E-02
    0.881544942E-02
    0.974062316E-02
    0.107434330E-01
    0.118283052E-01
    0.129997284E-01
    0.142622415E-01
    0.156204176E-01
    0.170788505E-01
    0.186421373E-01
    0.203148641E-01
    0.221015907E-01
    0.240068330E-01
    0.260350474E-01
    0.281906168E-01
    0.304778326E-01
    0.329008823E-01
    0.354638322E-01
    0.381706136E-01
    0.410250111E-01
    0.440306453E-01
    0.471909620E-01
    0.505092206E-01
    0.539884793E-01
    0.576315876E-01
    0.614411708E-01
    0.654196231E-01
    0.695690969E-01
    0.738914931E-01
    0.783884506E-01
    0.830613416E-01
    0.879112596E-01
    0.929390166E-01
    0.981451304E-01
    0.103529825E+00
    0.109093019E+00
    0.114834324E+00
    0.120753041E+00
    0.126848153E+00
    0.133118325E+00
    0.139561902E+00
    0.146176904E+00
    0.152961030E+00
    0.159911657E+00
    0.167025838E+00
    0.174300308E+00
    0.181731486E+00
    0.189315475E+00
    0.197048070E+00
    0.204924767E+00
    0.212940758E+00
    0.221090951E+00
    0.229369966E+00
    0.237772153E+00
    0.246291591E+00
    0.254922112E+00
    0.263657290E+00
    0.272490474E+00
    0.281414784E+00
    0.290423129E+00
    0.299508213E+00
    0.308662557E+00
    0.317878501E+00
    0.327148229E+00
    0.336463765E+00
    0.345817008E+00
    0.355199725E+00
    0.364603582E+00
    0.374020143E+00
    0.383440898E+00
    0.392857269E+00
    0.402260628E+00
    0.411642307E+00
    0.420993622E+00
    0.430305871E+00
    0.439570375E+00
    0.448778459E+00
    0.457921497E+00
    0.466990907E+00
    0.475978172E+00
    0.484874852E+00
    0.493672601E+00
    0.502363174E+00
    0.510938445E+00
    0.519390421E+00
    0.527711244E+00
    0.535893217E+00
    0.543928803E+00
    0.551810647E+00
    0.559531576E+00
    0.567084614E+00
    0.574462994E+00
    0.581660165E+00
    0.588669796E+00
    0.595485793E+00
    0.602102300E+00
    0.608513709E+00
    0.614714667E+00
    0.620700075E+00
    0.626465109E+00
    0.632005203E+00
    0.637316079E+00
    0.642393729E+00
    0.647234430E+00
    0.651834746E+00
    0.656191523E+00
    0.660301901E+00
    0.664163308E+00
    0.667773467E+00
    0.671130384E+00
    0.674232368E+00
    0.677078005E+00
    0.679666184E+00
    0.681996067E+00
    0.684067113E+00
    0.685879057E+00
    0.687431915E+00
    0.688725976E+00
    0.689761808E+00
    0.690540236E+00
    0.691062358E+00
    0.691329520E+00
    0.691343329E+00
    0.691105634E+00
    0.690618523E+00
    0.689884321E+00
    0.688905578E+00
    0.687685064E+00
    0.686225772E+00
    0.684530883E+00
    0.682603795E+00
    0.680448086E+00
    0.678067523E+00
    0.675466043E+00
    0.672647760E+00
    0.669616935E+00
    0.666377991E+00
    0.662935487E+00
    0.659294120E+00
    0.655458711E+00
    0.651434199E+00
    0.647225636E+00
    0.642838166E+00
    0.638277034E+00
    0.633547564E+00
    0.628655161E+00
    0.623605287E+00
    0.618403475E+00
    0.613055301E+00
    0.607566388E+00
    0.601942389E+00
    0.596188990E+00
    0.590311895E+00
    0.584316816E+00
    0.578209481E+00
    0.571995602E+00
    0.565680891E+00
    0.559271043E+00
    0.552771731E+00
    0.546188596E+00
    0.539527251E+00
    0.532793260E+00
    0.525992150E+00
    0.519129388E+00
    0.512210389E+00
    0.505240505E+00
    0.498225019E+00
    0.491169143E+00
    0.484078016E+00
    0.476956689E+00
    0.469810137E+00
    0.462643242E+00
    0.455460794E+00
    0.448267489E+00
    0.441067928E+00
    0.433866602E+00
    0.426667908E+00
    0.419476131E+00
    0.412295449E+00
    0.405129930E+00
    0.397983534E+00
    0.390860101E+00
    0.383763357E+00
    0.376696920E+00
    0.369664283E+00
    0.362668822E+00
    0.355713799E+00
    0.348802355E+00
    0.341937511E+00
    0.335122170E+00
    0.328359118E+00
    0.321651018E+00
    0.315000420E+00
    0.308409751E+00
    0.301881325E+00
    0.295417338E+00
    0.289019871E+00
    0.282690890E+00
    0.276432250E+00
    0.270245693E+00
    0.264132854E+00
    0.258095256E+00
    0.252134317E+00
    0.246251352E+00
    0.240447570E+00
    0.234724082E+00
    0.229081900E+00
    0.223521938E+00
    0.218045015E+00
    0.212651862E+00
    0.207343115E+00
    0.202119325E+00
    0.196980957E+00
    0.191928395E+00
    0.186961941E+00
    0.182081819E+00
    0.177288181E+00
    0.172581101E+00
    0.167960589E+00
    0.163426583E+00
    0.158978960E+00
    0.154617533E+00
    0.150342054E+00
    0.146152221E+00
    0.142047678E+00
    0.138028015E+00
    0.134092774E+00
    0.130241452E+00
    0.126473498E+00
    0.122788325E+00
    0.119185301E+00
    0.115663760E+00
    0.112223002E+00
    0.108862292E+00
    0.105580870E+00
    0.102377941E+00
    0.992526910E-01
    0.962042761E-01
    0.932318368E-01
    0.903344884E-01
    0.875113336E-01
    0.847614543E-01
    0.820839229E-01
    0.794777956E-01
    0.769421206E-01
    0.744759360E-01
    0.720782720E-01
    0.697481543E-01
    0.674846029E-01
    0.652866349E-01
    0.631532654E-01
    0.610835101E-01
    0.590763833E-01
    0.571309033E-01
    0.552460905E-01
    0.534209692E-01
    0.516545689E-01
    0.499459262E-01
    0.482940844E-01
    0.466980940E-01
    0.451570171E-01
    0.436699238E-01
    0.422358949E-01
    0.408540251E-01
    0.395234192E-01
    0.382431959E-01
    0.370124887E-01
    0.358304454E-01
    0.346962285E-01
    0.336090168E-01
    0.325680066E-01
    0.315724093E-01
    0.306214564E-01
    0.297143950E-01
    0.288504941E-01
    0.280290390E-01
    0.272493361E-01
    0.265107111E-01
    0.258125116E-01
    0.251541036E-01
    0.245348765E-01
    0.239542396E-01
    0.234116243E-01
    0.229064831E-01
    0.224382908E-01
    0.220065439E-01
    0.216107605E-01
    0.212504806E-01
    0.209252662E-01
    0.206347004E-01
    0.203783880E-01
    0.201559540E-01
    0.199670454E-01
    0.198113289E-01
    0.196884919E-01
    0.195982394E-01
    0.195402986E-01
    0.195144113E-01
    0.195203406E-01
    0.195578639E-01
    0.196267766E-01
    0.197268890E-01
    0.198580264E-01
    0.200200271E-01
    0.202127433E-01
    0.204360388E-01
    0.206897873E-01
    0.209738740E-01
    0.212881918E-01
    0.216326413E-01
    0.220071297E-01
    0.224115707E-01
    0.228458810E-01
    0.233099811E-01
    0.238037938E-01
    0.243272422E-01
    0.248802493E-01
    0.254627375E-01
    0.260746253E-01
    0.267158287E-01
    0.273862583E-01
    0.280858190E-01
    0.288144089E-01
    0.295719177E-01
    0.303582268E-01
    0.311732070E-01
    0.320167181E-01
    0.328886082E-01
    0.337887125E-01
    0.347168523E-01
    0.356728350E-01
    0.366564526E-01
    0.376674797E-01
    0.387056763E-01
    0.397707832E-01
    0.408625241E-01
    0.419806032E-01
    0.431247065E-01
    0.442944990E-01
    0.454896261E-01
    0.467097122E-01
    0.479543603E-01
    0.492231524E-01
    0.505156479E-01
    0.518313837E-01
    0.531698747E-01
    0.545306128E-01
    0.559130660E-01
    0.573166806E-01
    0.587408774E-01
    0.601850549E-01
    0.616485875E-01
    0.631308254E-01
    0.646310952E-01
    0.661486996E-01
    0.676829168E-01
    0.692330021E-01
    0.707981868E-01
    0.723776762E-01
    0.739706558E-01
    0.755762850E-01
    0.771937005E-01
    0.788220169E-01
    0.804603251E-01
    0.821076945E-01
    0.837631714E-01
    0.854257825E-01
    0.870945315E-01
    0.887684031E-01
    0.904463605E-01
    0.921273487E-01
    0.938102937E-01
    0.954941035E-01
    0.971776684E-01
    0.988598632E-01
    0.100539546E+00
    0.102215561E+00
    0.103886738E+00
    0.105551896E+00
    0.107209839E+00
    0.108859364E+00
    0.110499256E+00
    0.112128294E+00
    0.113745250E+00
    0.115348887E+00
    0.116937968E+00
    0.118511252E+00
    0.120067495E+00
    0.121605457E+00
    0.123123894E+00
    0.124621570E+00
    0.126097251E+00
    0.127549711E+00
    0.128977730E+00
    0.130380100E+00
    0.131755620E+00
    0.133103106E+00
    0.134421387E+00
    0.135709307E+00
    0.136965729E+00
    0.138189534E+00
    0.139379624E+00
    0.140534925E+00
    0.141654386E+00
    0.142736983E+00
    0.143781716E+00
    0.144787616E+00
    0.145753745E+00
    0.146679194E+00
    0.147563090E+00
    0.148404591E+00
    0.149202894E+00
    0.149957230E+00
    0.150666869E+00
    0.151331122E+00
    0.151949338E+00
    0.152520908E+00
    0.153045265E+00
    0.153521887E+00
    0.153950293E+00
    0.154330048E+00
    0.154660764E+00
    0.154942097E+00
    0.155173752E+00
    0.155355476E+00
    0.155487070E+00
    0.155568378E+00
    0.155599295E+00
    0.155579762E+00
    0.155509769E+00
    0.155389356E+00
    0.155218609E+00
    0.154997664E+00
    0.154726704E+00
    0.154405959E+00
    0.154035709E+00
    0.153616278E+00
    0.153148040E+00
    0.152631411E+00
    0.152066855E+00
    0.151454880E+00
    0.150796039E+00
    0.150090926E+00
    0.149340178E+00
    0.148544475E+00
    0.147704535E+00
    0.146821116E+00
    0.145895016E+00
    0.144927066E+00
    0.143918137E+00
    0.142869132E+00
    0.141780988E+00
    0.140654674E+00
    0.139491188E+00
    0.138291560E+00
    0.137056844E+00
    0.135788122E+00
    0.134486502E+00
    0.133153110E+00
    0.131789100E+00
    0.130395640E+00
    0.128973920E+00
    0.127525143E+00
    0.126050530E+00
    0.124551312E+00
    0.123028736E+00
    0.121484053E+00
    0.119918528E+00
    0.118333426E+00
    0.116730023E+00
    0.115109592E+00
    0.113473413E+00
    0.111822762E+00
    0.110158913E+00
    0.108483139E+00
    0.106796705E+00
    0.105100872E+00
    0.103396891E+00
    0.101686003E+00
    0.999694394E-01
    0.982484173E-01
    0.965241400E-01
    0.947977960E-01
    0.930705569E-01
    0.913435757E-01
    0.896179874E-01
    0.878949050E-01
    0.861754212E-01
    0.844606051E-01
    0.827515030E-01
    0.810491362E-01
    0.793545002E-01
    0.776685649E-01
    0.759922718E-01
    0.743265358E-01
    0.726722414E-01
    0.710302466E-01
    0.694013763E-01
    0.677864284E-01
    0.661861670E-01
    0.646013273E-01
    0.630326118E-01
    0.614806918E-01
    0.599462065E-01
    0.584297629E-01
    0.569319359E-01
    0.554532683E-01
    0.539942697E-01
    0.525554193E-01
    0.511371625E-01
    0.497399139E-01
    0.483640561E-01
    0.470099401E-01
    0.456778858E-01
    0.443681831E-01
    0.430810902E-01
    0.418168370E-01
    0.405756221E-01
    0.393576173E-01
    0.381629639E-01
    0.369917774E-01
    0.358441441E-01
    0.347201263E-01
    0.336197580E-01
    0.325430497E-01
    0.314899865E-01
    0.304605304E-01
    0.294546204E-01
    0.284721730E-01
    0.275130839E-01
    0.265772277E-01
    0.256644597E-01
    0.247746162E-01
    0.239075150E-01
    0.230629578E-01
    0.222407285E-01
    0.214405962E-01
    0.206623157E-01
    0.199056269E-01
    0.191702574E-01
    0.184559227E-01
    0.177623260E-01
    0.170891612E-01
    0.164361115E-01
    0.158028515E-01
    0.151890475E-01
    0.145943587E-01
    0.140184371E-01
    0.134609293E-01
    0.129214765E-01
    0.123997150E-01
    0.118952780E-01
    0.114077950E-01
    0.109368934E-01
    0.104821983E-01
    0.100433337E-01
    0.961992300E-02
    0.921158929E-02
    0.881795627E-02
    0.843864832E-02
    0.807329131E-02
    0.772151299E-02
    0.738294320E-02
    0.705721521E-02
    0.674396444E-02
    0.644283058E-02
    0.615345682E-02
    0.587549063E-02
    0.560858399E-02
    0.535239400E-02
    0.510658204E-02
    0.487081553E-02
    0.464476701E-02
    0.442811506E-02
    0.422054375E-02
    0.402174369E-02
    0.383141130E-02
    0.364924968E-02
    0.347496815E-02
    0.330828272E-02
    0.314891600E-02
    0.299659722E-02
    0.285106234E-02
    0.271205423E-02
    0.257932235E-02
    0.245262309E-02
    0.233171940E-02
    0.221638117E-02
    0.210638497E-02
    0.200151408E-02
    0.190155820E-02
    0.180631382E-02
    0.171558374E-02
    0.162917735E-02
    0.154691015E-02
    0.146860416E-02
    0.139408711E-02
    0.132319305E-02
    0.125576194E-02
    0.119163941E-02
    0.113067682E-02
    0.107273109E-02
    0.101766462E-02
    0.965344941E-03
    0.915644960E-03
    0.868442457E-03
    0.823620234E-03
    0.781065755E-03
    0.740671139E-03
    0.702333103E-03
    0.665952554E-03
    0.631434744E-03
    0.598688999E-03
    0.567628499E-03
    0.538170471E-03
    0.510235570E-03
    0.483748140E-03
    0.458636005E-03
    0.434830168E-03
    0.412264953E-03
    0.390877660E-03
    0.370608521E-03
    0.351400668E-03
    0.333199856E-03
    0.315954554E-03
    0.299615626E-03
    0.284136386E-03
    0.269472381E-03
    0.255581417E-03
    0.242423314E-03
    0.229959957E-03
    0.218155107E-03
    0.206974340E-03
    0.196384982E-03
    0.186356019E-03
    0.176858023E-03
    0.167863028E-03
    0.159344544E-03
    0.151277456E-03
    0.143637863E-03
    0.136403194E-03
    0.129551961E-03
    0.123063846E-03
    0.116919594E-03
    0.111100896E-03
    0.105590443E-03
    0.100371815E-03
    0.954294335E-04
    0.907485652E-04
    0.863152483E-04
    0.821161818E-04
    0.781388509E-04
    0.743713492E-04
    0.708023905E-04
    0.674212895E-04
    0.642179410E-04
    0.611827238E-04
    0.583065579E-04
    0.555808192E-04
    0.529973486E-04
    0.505484174E-04
    0.482266835E-04
    0.460251935E-04
    0.439373873E-04
    0.419570117E-04
    0.400781708E-04
    0.382952607E-04
    0.366029809E-04
    0.349963308E-04
    0.334705388E-04
    0.320211086E-04
    0.306437850E-04
    0.293345241E-04
    0.280895302E-04
    0.269051737E-04
    0.257780567E-04
    0.247049270E-04
    0.236827481E-04
    0.227086398E-04
    0.217798700E-04
    0.208938648E-04
    0.200482002E-04
    0.192405790E-04
    0.184688410E-04
    0.177309567E-04
    0.170250065E-04
    0.163491808E-04
    0.157017756E-04
    0.150812014E-04
    0.144859591E-04
    0.139146303E-04
    0.133659059E-04
    0.128385436E-04
    0.123313750E-04
    0.118433346E-04
    0.113733863E-04
    0.109205994E-04
    0.104840888E-04
    0.100630297E-04
    0.965666009E-05
    0.926426693E-05
    0.888518899E-05
    0.851882095E-05
    0.816459395E-05
    0.782198370E-05
    0.749050800E-05
    0.716972195E-05
    0.685920893E-05
    0.655859899E-05
    0.626754210E-05
    0.598571998E-05
    0.571283913E-05
    0.544862933E-05
    0.519284559E-05
    0.494526828E-05
    0.470568503E-05
    0.447390407E-05
    0.424975580E-05
    0.403307574E-05
    0.382371394E-05
    0.362153617E-05
    0.342640729E-05
    0.323821295E-05
    0.305683441E-05
    0.288216369E-05
    0.271409577E-05
    0.255253021E-05
    0.239736870E-05
    0.224851531E-05
    0.210587294E-05
    0.196934239E-05
    0.183883159E-05
    0.171424137E-05
    0.159547014E-05
    0.148241908E-05
    0.137498289E-05
    0.127305209E-05
    0.117651871E-05
    0.108526592E-05
    0.999181463E-06
    0.918139063E-06
    0.842015075E-06
    0.770680277E-06
    0.704004845E-06
    0.641849703E-06
    0.584079714E-06
    0.530549457E-06
    0.481114020E-06
    0.435627613E-06
    0.393937302E-06
    0.355891590E-06
    0.321336775E-06
    0.290116970E-06
    0.262075544E-06
    0.237055013E-06
    0.214898333E-06
    0.195447086E-06
    0.178546531E-06
    0.164039197E-06
    0.151769780E-06
    0.141587781E-06
    0.133341059E-06
    0.126880234E-06
    0.122062449E-06
    0.118743863E-06
    0.116786555E-06
    0.116055681E-06
    0.116420045E-06
    0.117754382E-06
    0.119936342E-06
    0.122848989E-06
    0.126381275E-06
    0.130426188E-06
    0.134883016E-06
    0.139657304E-06
    0.144657510E-06
    0.149800348E-06
    0.155008841E-06
    0.160206956E-06
    0.165331124E-06
    0.170318946E-06
    0.175115026E-06
    0.179671145E-06
    0.183940784E-06
    0.187887494E-06
    0.191478167E-06
    0.194684078E-06
    0.197482267E-06
    0.199855802E-06
    0.201790596E-06
    0.203279788E-06
    0.204316258E-06
    0.204900781E-06
    0.205039034E-06
    0.204735652E-06
    0.204002244E-06
    0.202852309E-06
    0.201303908E-06
    0.199374745E-06
    0.197088317E-06
    0.194467873E-06
    0.191539058E-06
    0.188329939E-06
    0.184870951E-06
    0.181188917E-06
    0.177317470E-06
    0.173289217E-06
    0.169133965E-06
    0.164887490E-06
    0.160579304E-06
    0.156244109E-06
    0.151915176E-06
    0.147622129E-06
    0.143395348E-06
    0.139268848E-06
    0.135269033E-06
    0.131423699E-06
    0.127761316E-06
    0.124304934E-06
    0.121081873E-06
    0.118112220E-06
    0.115416580E-06
    0.113013822E-06
    0.110922021E-06
    0.109154791E-06
    0.107726391E-06
    0.106648045E-06
    0.105927623E-06
    0.105575010E-06
    0.105592574E-06
    0.105984752E-06
    0.106753260E-06
    0.107896543E-06
    0.109412906E-06
    0.111297570E-06
    0.113544234E-06
    0.116145412E-06
    0.119090530E-06
    0.122369867E-06
    0.125968791E-06
    0.129875288E-06
    0.134073154E-06
    0.138543695E-06
    0.143272397E-06
    0.148239505E-06
    0.153424582E-06
    0.158806686E-06
    0.164365842E-06
    0.170079405E-06
    0.175925280E-06
    0.181880395E-06
    0.187922676E-06
    0.194028151E-06
    0.200173286E-06
    0.206337492E-06
    0.212495002E-06
    0.218623536E-06
    0.224704343E-06
    0.230708694E-06
    0.236621163E-06
    0.242418722E-06
    0.248081144E-06
    0.253591304E-06
    0.258926276E-06
    0.264072969E-06
    0.269012906E-06
    0.273730540E-06
    0.278210664E-06
    0.282440306E-06
    0.286407036E-06
    0.290100406E-06
    0.293508524E-06
    0.296621177E-06
    0.299434291E-06
    0.301939254E-06
    0.304129793E-06
    0.306001825E-06
    0.307553344E-06
    0.308780664E-06
    0.309683743E-06
    0.310263331E-06
    0.310520272E-06
    0.310454208E-06
    0.310073756E-06
    0.309376008E-06
    0.308370862E-06
    0.307064078E-06
    0.305460183E-06
    0.303569485E-06
    0.301396426E-06
    0.298952082E-06
    0.296246603E-06
    0.293288462E-06
    0.290087687E-06
    0.286656259E-06
    0.283006162E-06
    0.279147008E-06
    0.275092881E-06
    0.270852620E-06
    0.266442393E-06
    0.261873381E-06
    0.257156301E-06
    0.252305059E-06
    0.247332490E-06
    0.242250581E-06
    0.237071411E-06
    0.231807985E-06
    0.226471718E-06
    0.221073185E-06
    0.215626239E-06
    0.210140312E-06
    0.204626458E-06
    0.199097544E-06
    0.193560864E-06
    0.188028880E-06
    0.182508581E-06
    0.177010463E-06
    0.171543749E-06
    0.166115807E-06
    0.160734369E-06
    0.155406517E-06
    0.150141336E-06
    0.144942172E-06
    0.139817490E-06
    0.134771243E-06
    0.129809504E-06
    0.124937345E-06
    0.120157358E-06
    0.115474623E-06
    0.110892471E-06
    0.106413662E-06
    0.102040617E-06
    0.977759173E-07
    0.936212313E-07
    0.895777349E-07
    0.856472117E-07
    0.818304536E-07
    0.781270627E-07
    0.745387261E-07
    0.710639116E-07
    0.677033889E-07
    0.644556911E-07
    0.613205295E-07
    0.582969982E-07
    0.553836066E-07
    0.525788627E-07
    0.498809719E-07
    0.472892524E-07
    0.448005719E-07
    0.424132576E-07
    0.401258548E-07
    0.379350600E-07
    0.358398531E-07
    0.338365174E-07
    0.319234750E-07
    0.300979713E-07
    0.283575098E-07
    0.266993113E-07
    0.251210787E-07
    0.236200850E-07
    0.221936370E-07
    0.208392926E-07
    0.195544661E-07
    0.183362770E-07
    0.171824944E-07
    0.160904781E-07
    0.150577634E-07
    0.140818972E-07
    0.131603376E-07
    0.122910723E-07
    0.114713772E-07
    0.106993386E-07
    0.997247601E-08
    0.928904680E-08
    0.864663952E-08
    0.804314976E-08
    0.747712272E-08
    0.694611767E-08
    0.644872700E-08
    0.598290717E-08
    0.554708734E-08
    0.513969455E-08
    0.475909010E-08
    0.440375433E-08
    0.407232019E-08
    0.376339247E-08
    0.347556585E-08
    0.320771085E-08
    0.295857117E-08
    0.272696158E-08
    0.251185270E-08
    0.231225953E-08
    0.212712867E-08
    0.195554677E-08
    0.179660432E-08
    0.164954995E-08
    0.151349625E-08
    0.138778573E-08
    0.127169001E-08
    0.116455702E-08
    0.106575643E-08
    0.974633951E-09
    0.890797751E-09
    0.813598080E-09
    0.742601847E-09
    0.677366844E-09
    0.617411340E-09
    0.562435580E-09
    0.511982268E-09
    0.465756946E-09
    0.423394032E-09
    0.384663142E-09
    0.349177287E-09
    0.316793720E-09
    0.287190582E-09
    0.260171159E-09
    0.235516611E-09
    0.213072401E-09
    0.192610553E-09
    0.173987003E-09
    0.157041305E-09
    0.141654841E-09
    0.127667052E-09
    0.114978083E-09
    0.103476366E-09
    0.930456113E-10
    0.835952343E-10
    0.750396485E-10
    0.673154650E-10
    0.603324780E-10
    0.540263453E-10
    0.483412906E-10
    0.432061434E-10
    0.385940159E-10
    0.344345370E-10
    0.306993546E-10
    0.273347467E-10
    0.243270983E-10
    0.216156199E-10
    0.191985511E-10
    0.170329797E-10
    0.150898814E-10
    0.133575365E-10
    0.118127597E-10
    0.104330793E-10
    0.920077759E-11
    0.810671467E-11
    0.713533698E-11
    0.626999607E-11
    0.550432704E-11
    0.482693432E-11
    0.422588127E-11
    0.369242224E-11
    0.322307264E-11
    0.280964185E-11
    0.244559660E-11
    0.212532268E-11
    0.184440632E-11
    0.159597438E-11
    0.138158183E-11
    0.119176744E-11
    0.102743974E-11
    0.882329004E-12
    0.757575256E-12
    0.648161272E-12
    0.553882268E-12
    0.473239455E-12
    0.401213694E-12
    0.340874147E-12
    0.288596503E-12
    0.243573541E-12
    0.204665399E-12
    0.171831536E-12
    0.143825132E-12
    0.119587709E-12
    0.994779611E-13
    0.826443453E-13
    0.679376325E-13
    0.557343737E-13
    0.454700739E-13
    0.371879102E-13
    0.300238131E-13
    0.242710211E-13
    0.192992954E-13
    0.152213539E-13
    0.121273053E-13
    0.946361221E-14
    0.739549539E-14
    0.570763011E-14
    0.434984208E-14
    0.333155714E-14
    0.253120585E-14
    0.190970202E-14
    0.140086828E-14
    0.103907819E-14
    0.788606454E-15
    0.589138015E-15
    0.505885482E-15
    0.395246131E-15
    0.368255920E-15
    0.332941712E-15
    0.350342491E-15
    0.344385989E-15
    0.369176061E-15
    0.385270854E-15
    0.403326731E-15
    0.399839467E-15
    0.418222342E-15
    0.433203497E-15
    0.447827535E-15
    0.477969595E-15
    0.460704124E-15
    0.445360395E-15
    0.449525326E-15
    0.434368984E-15
    0.443112072E-15
    0.405131537E-15
    0.402814684E-15
    0.382613697E-15
    0.389866172E-15
    0.370906833E-15
    0.334740476E-15
    0.336506533E-15
    0.320575723E-15
    0.277938962E-15
    0.285812644E-15
    0.246364215E-15
    0.240970045E-15
    0.202059963E-15
    0.220152912E-15
    0.194662160E-15
    0.184437406E-15
    0.162315691E-15
    0.146445189E-15
    0.144340234E-15
    0.133486913E-15
    0.123699221E-15
    0.106280322E-15
    0.108178456E-15
    0.909855687E-16
    0.873826348E-16
    0.854455888E-16
    0.933341595E-16
    0.653052147E-16
    0.654664982E-16
    0.640862573E-16
    0.574349512E-16
    0.521704267E-16
    0.497762839E-16
    0.522724075E-16
    0.437126288E-16
    0.490164546E-16
    0.359439442E-16
    0.567264422E-16
    0.340120248E-16
    0.383541551E-16
    0.343116919E-16
    0.472266602E-16
    0.295861531E-16
    0.369522958E-16
    0.337384276E-16
    0.292623694E-16
    0.267855353E-16
    0.288372615E-16
    0.351413734E-16
    0.333305034E-16
    0.261581564E-16
    0.279071198E-16
    0.364339915E-16
    0.332487505E-16
    0.293753195E-16
    0.297850716E-16
    0.314174717E-16
    0.341225470E-16
    0.249642677E-16
    0.277052248E-16
    0.341449871E-16
    0.298975642E-16
    0.230299227E-16
    0.393386190E-16
    0.249065767E-16
    0.237511425E-16
    0.297029459E-16
    0.333656034E-16
    0.220501624E-16
    0.348214298E-16
    0.250339736E-16
    0.279136743E-16
    0.232173260E-16
    0.197209105E-16
    0.297141335E-16
    0.325034594E-16
    0.290898464E-16
    0.231308570E-16
    0.272797782E-16
    0.267534334E-16
    0.358017216E-16
    0.319408081E-16
    0.236602926E-16
    0.379882244E-16
    0.287602265E-16
    0.230363263E-16
    0.290542918E-16
    0.358205529E-16
    0.240095753E-16
    0.323055436E-16
    0.286607463E-16
    0.331243993E-16
    0.270817131E-16
    0.269098058E-16
    0.328366115E-16
    0.358403817E-16
    0.296044413E-16
    0.255534790E-16
    0.240620438E-16
    0.232684575E-16
    0.248616727E-16
    0.245354491E-16
    0.305544633E-16
    0.276550993E-16
    0.253385501E-16
    0.280841622E-16
    0.440499012E-16
    0.212995922E-16
    0.268739560E-16
    0.335541108E-16
    0.275418692E-16
    0.241833525E-16
    0.234921806E-16
    0.301037294E-16
    0.292710817E-16
    0.283948622E-16
    0.288797982E-16
    0.395548916E-16
    0.234129663E-16
    0.320256268E-16
    0.324560573E-16
    0.340426842E-16
    0.288330303E-16
    0.256529344E-16
    0.269275329E-16
    0.276416577E-16
    0.229434673E-16
    0.240342324E-16
    0.283297601E-16
    0.298760635E-16
    0.297862399E-16
    0.326551068E-16
    0.295356424E-16
    0.284308705E-16
    0.325947219E-16
    0.261253705E-16
    0.279747481E-16
    0.318842351E-16
    0.249118218E-16
    0.273894803E-16
    0.335443258E-16
    0.239973019E-16
    0.254176465E-16
    0.359534061E-16
    0.262451891E-16
    0.322671778E-16
    0.290028016E-16
    0.250712014E-16
    0.279667313E-16
    0.343633647E-16
    0.267867247E-16
    0.280186235E-16
    0.231070504E-16
    0.237595873E-16
    0.265505801E-16
    0.272796232E-16
    0.332480401E-16
    0.249282972E-16
    0.259474695E-16
    0.358542844E-16
    0.310062177E-16
    0.348520493E-16
    0.233933756E-16
    0.332822658E-16
    0.286744199E-16
    0.242827096E-16
    0.229472139E-16
    0.299832418E-16
    0.271441151E-16
    0.259675555E-16
    0.326803491E-16
    0.301424635E-16
    0.238649589E-16
    0.258461156E-16
    0.412269509E-16
    0.245974777E-16
    0.284816545E-16
    0.297995921E-16
    0.243908809E-16
    0.258884093E-16
    0.238094105E-16
    0.215643835E-16
    0.287844316E-16
    0.257225572E-16
    0.311609992E-16
    0.281814763E-16
    0.348980441E-16
    0.281286933E-16
    0.252928191E-16
    0.304208933E-16
    0.312631105E-16
    0.247299905E-16
    0.203794320E-16
    0.339985393E-16
    0.264665251E-16
    0.278920457E-16
    0.316036796E-16
    0.316048905E-16
    0.223298591E-16
    0.322128402E-16
    0.318581352E-16
    0.239882657E-16
    0.382741051E-16
    0.233901729E-16
    0.272435709E-16
    0.262754704E-16
    0.231878451E-16
    0.254860850E-16
    0.238560676E-16
    0.256526838E-16
    0.338829066E-16
    0.283818330E-16
    0.306914265E-16
    0.267464836E-16
    0.239177205E-16
    0.287701087E-16
    0.293892058E-16
    0.272821914E-16
    0.285356242E-16
    0.291244623E-16
    0.280317561E-16
    0.289840568E-16
    0.231453298E-16
    0.309277873E-16
    0.306312671E-16
    0.320190340E-16
    0.265052072E-16
    0.293887797E-16
    0.391296025E-16
    0.226181921E-16
    0.264864520E-16
    0.268286011E-16
    0.237629303E-16
    0.281329144E-16
    0.265865396E-16
    0.227962754E-16
    0.285882098E-16
    0.310410879E-16
    0.254264011E-16
    0.276783889E-16
    0.264048452E-16
    0.281095382E-16
    0.282978565E-16
    0.270466638E-16
    0.274925773E-16
    0.266176119E-16
    0.259268079E-16
    0.313443012E-16
    0.263723394E-16
    0.265298176E-16
    0.287489538E-16
    0.237129755E-16
    0.214596436E-16
    0.393970574E-16
    0.307970447E-16
    0.262373370E-16
    0.293635592E-16
    0.225802850E-16
    0.295763721E-16
    0.236822777E-16
    0.265237561E-16
    0.215801143E-16
    0.251958776E-16
    0.346957414E-16
    0.273027217E-16
    0.286642760E-16
    0.286649163E-16
    0.292184377E-16
    0.224068952E-16
    0.287195342E-16
    0.298403189E-16
    0.319180877E-16
    0.244471633E-16
    0.287243989E-16
    0.317765734E-16
    0.260085751E-16
    0.274161217E-16
    0.204738771E-16
    0.247147638E-16
    0.307160879E-16
    0.244393138E-16
    0.435511651E-16
    0.226367959E-16
    0.237852025E-16
    0.264297879E-16
    0.217848619E-16
    0.246335370E-16
    0.263923064E-16
    0.200576156E-16
    0.291907864E-16
    0.307428006E-16
    0.318351289E-16
    0.253931721E-16
    0.291991531E-16
    0.216689151E-16
    0.292715600E-16
    0.321906258E-16
    0.342382982E-16
    0.211985285E-16
    0.333083106E-16
    0.314241462E-16
    0.258192593E-16
    0.323640248E-16
    0.234858915E-16
    0.286500841E-16
    0.233671625E-16
    0.266532794E-16
    0.437613552E-16
    0.225739022E-16
    0.261796154E-16
    0.241087917E-16
    0.222780873E-16
    0.299918717E-16
    0.293171156E-16
    0.173740707E-16
    0.245942741E-16
    0.258907571E-16
    0.277293413E-16
    0.267581291E-16
    0.259950572E-16
    0.253254779E-16
    0.250469130E-16
    0.284996730E-16
    0.281498516E-16
    0.252869418E-16
    0.339486479E-16
    0.351344765E-16
    0.281366724E-16
    0.288759997E-16
    0.241050790E-16
    0.263318491E-16
    0.230859364E-16
    0.317252579E-16
    0.325815658E-16
    0.258069789E-16
    0.362306101E-16
    0.227091887E-16
    0.280695388E-16
    0.221515948E-16
    0.290347152E-16
    0.211265471E-16
    0.246156349E-16
    0.284992624E-16
    0.216289995E-16
    0.285984910E-16
    0.332586112E-16
    0.245295170E-16
    0.205585707E-16
    0.275956035E-16
    0.278198288E-16
    0.346354744E-16
    0.268717406E-16
    0.301957425E-16
    0.243792424E-16
    0.265710188E-16
    0.241062094E-16
    0.255842968E-16
    0.250674073E-16
    0.307501133E-16
    0.247393820E-16
    0.391711891E-16
    0.287564013E-16
    0.243538464E-16
    0.293218735E-16
    0.240090454E-16
    0.262358499E-16
    0.263100946E-16
    0.205454285E-16
    0.283869183E-16
    0.305788025E-16
    0.318620175E-16
    0.266288668E-16
    0.291657717E-16
    0.230438012E-16
    0.280480977E-16
    0.300272101E-16
    0.301011136E-16
    0.222405226E-16
    0.320546318E-16
    0.240693910E-16
    0.288035430E-16
    0.287855207E-16
    0.204281506E-16
    0.261036770E-16
    0.281219567E-16
    0.264756723E-16
    0.368937705E-16
    0.280040441E-16
    0.249286477E-16
    0.276883126E-16
    0.224238485E-16
    0.248821402E-16
    0.282334638E-16
    0.211265527E-16
    0.255333448E-16
    0.245180256E-16
    0.266243063E-16
    0.311936571E-16
    0.343531147E-16
    0.276664880E-16
    0.212936024E-16
    0.336632678E-16
    0.287533474E-16
    0.338029504E-16
    0.256660790E-16
    0.346707927E-16
    0.234317148E-16
    0.246561537E-16
    0.283237440E-16
    0.255437351E-16
    0.277334096E-16
    0.322599753E-16
    0.248534980E-16
    0.376565845E-16
    0.295863087E-16
    0.237907076E-16
    0.273377899E-16
    0.212361235E-16
    0.231384189E-16
    0.213274765E-16
    0.246518387E-16
    0.247162284E-16
    0.286625907E-16
    0.356394668E-16
    0.363346233E-16
    0.260498293E-16
    0.217712335E-16
    0.289916437E-16
    0.317563611E-16
    0.332376067E-16
    0.237293330E-16
    0.256610489E-16
    0.263604059E-16
    0.325672695E-16
    0.355902246E-16
    0.244684570E-16
    0.242694998E-16
    0.266121364E-16
    0.350767056E-16
    0.405850609E-16
    0.225227365E-16
    0.327602437E-16
    0.220488362E-16
    0.252993895E-16
    0.261864684E-16
    0.274096387E-16
    0.240267563E-16
    0.268354578E-16
    0.256959644E-16
    0.262805522E-16
    0.298604673E-16
    0.308292335E-16
    0.266734687E-16
    0.265242146E-16
    0.265337622E-16
    0.294276598E-16
    0.344789165E-16
    0.281857675E-16
    0.395853883E-16
    0.277997756E-16
    0.277106776E-16
    0.247061916E-16
    0.281735282E-16
    0.296207524E-16
    0.352290045E-16
    0.257144015E-16
    0.392162864E-16
    0.248190578E-16
    0.283909352E-16
    0.320266226E-16
    0.271675758E-16
    0.191976049E-16
    0.291560368E-16
    0.258766908E-16
    0.244300171E-16
    0.314721521E-16
    0.332037176E-16
    0.285531484E-16
    0.267006212E-16
    0.282299337E-16
    0.302641201E-16
    0.362015607E-16
    0.310656121E-16
    0.377935122E-16
    0.256301169E-16
    0.276993019E-16
    0.332604487E-16
    0.253485521E-16
    0.268431498E-16
    0.357989913E-16
    0.272610863E-16
    0.418865234E-16
    0.287340771E-16
    0.310558972E-16
    0.269925087E-16
    0.304005984E-16
    0.249794691E-16
    0.291390153E-16
    0.320805050E-16
    0.242506116E-16
    0.353628669E-16
    0.294608683E-16
    0.354186329E-16
    0.388376700E-16
    0.304045915E-16
    0.262821217E-16
    0.310957690E-16
    0.276260386E-16
    0.258231729E-16
    0.279970583E-16
    0.350639894E-16
    0.391699130E-16
    0.324489893E-16
    0.290171206E-16
    0.361368470E-16
    0.339216513E-16
    0.457085636E-16
    0.294936036E-16
    0.412517597E-16
    0.462932965E-16
    0.309939682E-16
    0.358157358E-16
    0.270267408E-16
    0.367581444E-16
    0.320220855E-16
    0.359722402E-16
    0.324366084E-16
    0.340434259E-16
    0.360966742E-16
    0.281309159E-16
    0.243442491E-16
    0.345231371E-16
    0.360557265E-16
    0.304594222E-16
    0.278092944E-16
    0.266314441E-16
    0.263371787E-16
    0.273807477E-16
    0.266684932E-16
    0.261992310E-16
    0.265394887E-16
    0.321057737E-16
    0.297605928E-16
    0.326348084E-16
    0.252870991E-16
    0.263518992E-16
    0.309699896E-16
    0.253477427E-16
    0.270090771E-16
    0.276214733E-16
    0.272372679E-16
    0.368532494E-16
    0.300356633E-16
    0.339413576E-16
    0.251859710E-16
    0.244019718E-16
    0.254849924E-16
    0.274343200E-16
    0.394387269E-16
    0.310337638E-16
    0.309867840E-16
    0.409963686E-16
    0.276113622E-16
    0.248727781E-16
    0.258381600E-16
    0.206478283E-16
    0.180203135E-16
    0.377863938E-16
    0.245954078E-16
    0.357462666E-16
    0.495873715E-16
    0.402512115E-16
    0.417074644E-16
    0.298574139E-16
    0.371882927E-16
    0.301849591E-16
    0.419129959E-16
    0.443756842E-16
    0.327922818E-16
    0.376009242E-16
    0.217219607E-16
    0.296906265E-16
    0.418355582E-16
    0.326525842E-16
    0.266551980E-16
    0.223322450E-16
    0.264418233E-16
    0.238858648E-16
    0.388268877E-16
    0.174537190E-16
    0.175218527E-16
    0.240962347E-16
    0.239315827E-16
    0.363884925E-16
    0.328107888E-16
    0.336791799E-16
    0.337707787E-16
    0.301052697E-16
    0.264157397E-16
    0.325746733E-16
    0.250428805E-16
    0.330686233E-16
    0.354208401E-16
    0.260529615E-16
