 #tdnd tdcion
    0.166144667E-16
    0.255225718E-16
    0.264551491E-16
    0.339727292E-16
    0.245907956E-16
    0.263202946E-16
    0.441745385E-16
    0.296418611E-16
    0.321846429E-16
    0.275385267E-16
    0.370432869E-16
    0.259919219E-16
    0.338640882E-16
    0.268554258E-16
    0.282581600E-16
    0.271111329E-16
    0.308540101E-16
    0.197534331E-16
    0.219865038E-16
    0.237068017E-16
    0.297756299E-16
    0.330338532E-16
    0.251374138E-16
    0.227984307E-16
    0.231434582E-16
    0.252871325E-16
    0.235334182E-16
    0.263192278E-16
    0.226868711E-16
    0.270136925E-16
    0.216955024E-16
    0.422532045E-16
    0.251728325E-16
    0.232221635E-16
    0.230191267E-16
    0.239952778E-16
    0.242422548E-16
    0.247448918E-16
    0.302682517E-16
    0.212266625E-16
    0.275363608E-16
    0.300243756E-16
    0.263193042E-16
    0.212540267E-16
    0.220683235E-16
    0.284273200E-16
    0.274557771E-16
    0.263087971E-16
    0.212364401E-16
    0.209068600E-16
    0.221801701E-16
    0.211785848E-16
    0.201583107E-16
    0.204059897E-16
    0.214978739E-16
    0.279120296E-16
    0.252986762E-16
    0.318737519E-16
    0.230817608E-16
    0.217717450E-16
    0.209916679E-16
    0.259129788E-16
    0.281875744E-16
    0.286239749E-16
    0.290577104E-16
    0.265634295E-16
    0.250237720E-16
    0.269741209E-16
    0.251778949E-16
    0.214035650E-16
    0.218712521E-16
    0.250654547E-16
    0.224138068E-16
    0.255687434E-16
    0.207143950E-16
    0.219402411E-16
    0.243084552E-16
    0.206879194E-16
    0.189979514E-16
    0.202922826E-16
    0.306220050E-16
    0.271044414E-16
    0.307401722E-16
    0.356006727E-16
    0.204189923E-16
    0.228266474E-16
    0.250766739E-16
    0.246662131E-16
    0.286204858E-16
    0.277708521E-16
    0.176741014E-16
    0.269249802E-16
    0.224642236E-16
    0.267369460E-16
    0.215384160E-16
    0.219640798E-16
    0.260997897E-16
    0.263116801E-16
    0.221408468E-16
    0.211317579E-16
    0.237357179E-16
    0.229361793E-16
    0.222400507E-16
    0.204028690E-16
    0.213110389E-16
    0.246616980E-16
    0.233282240E-16
    0.269394533E-16
    0.322126600E-16
    0.239561988E-16
    0.284621537E-16
    0.223324409E-16
    0.252336114E-16
    0.267640471E-16
    0.307715294E-16
    0.251376795E-16
    0.249769219E-16
    0.195255061E-16
    0.262841823E-16
    0.235028338E-16
    0.241499129E-16
    0.244633850E-16
    0.260796712E-16
    0.252638139E-16
    0.265890483E-16
    0.233635487E-16
    0.211612205E-16
    0.230962400E-16
    0.231554546E-16
    0.220252379E-16
    0.238379690E-16
    0.221466812E-16
    0.261764590E-16
    0.283484261E-16
    0.282627721E-16
    0.330244434E-16
    0.184746004E-16
    0.234782368E-16
    0.275688870E-16
    0.317060608E-16
    0.280773875E-16
    0.288531392E-16
    0.277572974E-16
    0.292239450E-16
    0.352506817E-16
    0.441209156E-16
    0.505185810E-16
    0.681501756E-16
    0.846663496E-16
    0.134207144E-15
    0.172853399E-15
    0.237430619E-15
    0.400983874E-15
    0.556165330E-15
    0.835241430E-15
    0.135375321E-14
    0.188547106E-14
    0.279254054E-14
    0.417525412E-14
    0.602837897E-14
    0.894757168E-14
    0.131080378E-13
    0.192368439E-13
    0.281411332E-13
    0.407856886E-13
    0.591877417E-13
    0.852991987E-13
    0.123392493E-12
    0.176594798E-12
    0.253382725E-12
    0.361210644E-12
    0.514901305E-12
    0.732503958E-12
    0.103819645E-11
    0.146668002E-11
    0.207045767E-11
    0.290064548E-11
    0.407242141E-11
    0.568567326E-11
    0.792567610E-11
    0.110187110E-10
    0.152724791E-10
    0.211013444E-10
    0.291147584E-10
    0.400217126E-10
    0.548892160E-10
    0.750864660E-10
    0.102435982E-09
    0.139383564E-09
    0.189180820E-09
    0.256118125E-09
    0.345856932E-09
    0.465880289E-09
    0.625918044E-09
    0.838877063E-09
    0.112151180E-08
    0.149563071E-08
    0.198973033E-08
    0.264048698E-08
    0.349554826E-08
    0.461638690E-08
    0.608159217E-08
    0.799295711E-08
    0.104798498E-07
    0.137073070E-07
    0.178866913E-07
    0.232845178E-07
    0.302398534E-07
    0.391810247E-07
    0.506458853E-07
    0.653119505E-07
    0.840297796E-07
    0.107858985E-06
    0.138124986E-06
    0.176473940E-06
    0.224948314E-06
    0.286076300E-06
    0.362976050E-06
    0.459488354E-06
    0.580325553E-06
    0.731261421E-06
    0.919340202E-06
    0.115315034E-05
    0.144311482E-05
    0.180187103E-05
    0.224468225E-05
    0.278993955E-05
    0.345974711E-05
    0.428060528E-05
    0.528415757E-05
    0.650818429E-05
    0.799753072E-05
    0.980540310E-05
    0.119946938E-04
    0.146395384E-04
    0.178270988E-04
    0.216596008E-04
    0.262564826E-04
    0.317570539E-04
    0.383232388E-04
    0.461427083E-04
    0.554324515E-04
    0.664425031E-04
    0.794602354E-04
    0.948149380E-04
    0.112882842E-03
    0.134092550E-03
    0.158930880E-03
    0.187949146E-03
    0.221769826E-03
    0.261093668E-03
    0.306707046E-03
    0.359489948E-03
    0.420423992E-03
    0.490600614E-03
    0.571230252E-03
    0.663650173E-03
    0.769333950E-03
    0.889900095E-03
    0.102712031E-02
    0.118292799E-02
    0.135942682E-02
    0.155889699E-02
    0.178380363E-02
    0.203680168E-02
    0.232074177E-02
    0.263867451E-02
    0.299385310E-02
    0.338973514E-02
    0.382998388E-02
    0.431846539E-02
    0.485924746E-02
    0.545659355E-02
    0.611495754E-02
    0.683897546E-02
    0.763345461E-02
    0.850336297E-02
    0.945381480E-02
    0.104900558E-01
    0.116174451E-01
    0.128414387E-01
    0.141675670E-01
    0.156014154E-01
    0.171486020E-01
    0.188147528E-01
    0.206054789E-01
    0.225263538E-01
    0.245828858E-01
    0.267804953E-01
    0.291244905E-01
    0.316200427E-01
    0.342721651E-01
    0.370856859E-01
    0.400652324E-01
    0.432152064E-01
    0.465397672E-01
    0.500428119E-01
    0.537279622E-01
    0.575985443E-01
    0.616575807E-01
    0.659077719E-01
    0.703514905E-01
    0.749907689E-01
    0.798272904E-01
    0.848623843E-01
    0.900970152E-01
    0.955317816E-01
    0.101166910E+00
    0.107002250E+00
    0.113037272E+00
    0.119271069E+00
    0.125702344E+00
    0.132329424E+00
    0.139150247E+00
    0.146162368E+00
    0.153362961E+00
    0.160748818E+00
    0.168316352E+00
    0.176061603E+00
    0.183980237E+00
    0.192067554E+00
    0.200318499E+00
    0.208727656E+00
    0.217289270E+00
    0.225997246E+00
    0.234845164E+00
    0.243826289E+00
    0.252933579E+00
    0.262159706E+00
    0.271497060E+00
    0.280937771E+00
    0.290473718E+00
    0.300096550E+00
    0.309797696E+00
    0.319568391E+00
    0.329399683E+00
    0.339282457E+00
    0.349207449E+00
    0.359165265E+00
    0.369146397E+00
    0.379141242E+00
    0.389140123E+00
    0.399133303E+00
    0.409110998E+00
    0.419063403E+00
    0.428980709E+00
    0.438853107E+00
    0.448670824E+00
    0.458424127E+00
    0.468103340E+00
    0.477698867E+00
    0.487201204E+00
    0.496600954E+00
    0.505888842E+00
    0.515055733E+00
    0.524092646E+00
    0.532990767E+00
    0.541741460E+00
    0.550336290E+00
    0.558767025E+00
    0.567025650E+00
    0.575104393E+00
    0.582995707E+00
    0.590692314E+00
    0.598187187E+00
    0.605473581E+00
    0.612545016E+00
    0.619395321E+00
    0.626018599E+00
    0.632409270E+00
    0.638562047E+00
    0.644471971E+00
    0.650134385E+00
    0.655544962E+00
    0.660699696E+00
    0.665594907E+00
    0.670227241E+00
    0.674593677E+00
    0.678691520E+00
    0.682518410E+00
    0.686072313E+00
    0.689351524E+00
    0.692354669E+00
    0.695080694E+00
    0.697528868E+00
    0.699698784E+00
    0.701590343E+00
    0.703203764E+00
    0.704539570E+00
    0.705598581E+00
    0.706381921E+00
    0.706890998E+00
    0.707127501E+00
    0.707093401E+00
    0.706790943E+00
    0.706222621E+00
    0.705391196E+00
    0.704299662E+00
    0.702951269E+00
    0.701349477E+00
    0.699497984E+00
    0.697400690E+00
    0.695061701E+00
    0.692485315E+00
    0.689676017E+00
    0.686638468E+00
    0.683377487E+00
    0.679898058E+00
    0.676205306E+00
    0.672304498E+00
    0.668201019E+00
    0.663900382E+00
    0.659408201E+00
    0.654730191E+00
    0.649872159E+00
    0.644839983E+00
    0.639639622E+00
    0.634277088E+00
    0.628758453E+00
    0.623089821E+00
    0.617277348E+00
    0.611327197E+00
    0.605245563E+00
    0.599038638E+00
    0.592712630E+00
    0.586273727E+00
    0.579728107E+00
    0.573081932E+00
    0.566341323E+00
    0.559512375E+00
    0.552601135E+00
    0.545613605E+00
    0.538555727E+00
    0.531433381E+00
    0.524252385E+00
    0.517018481E+00
    0.509737333E+00
    0.502414520E+00
    0.495055539E+00
    0.487665792E+00
    0.480250586E+00
    0.472815125E+00
    0.465364514E+00
    0.457903748E+00
    0.450437715E+00
    0.442971188E+00
    0.435508823E+00
    0.428055164E+00
    0.420614628E+00
    0.413191512E+00
    0.405789991E+00
    0.398414118E+00
    0.391067808E+00
    0.383754861E+00
    0.376478943E+00
    0.369243588E+00
    0.362052207E+00
    0.354908078E+00
    0.347814351E+00
    0.340774044E+00
    0.333790050E+00
    0.326865131E+00
    0.320001922E+00
    0.313202931E+00
    0.306470540E+00
    0.299807009E+00
    0.293214470E+00
    0.286694937E+00
    0.280250298E+00
    0.273882332E+00
    0.267592686E+00
    0.261382910E+00
    0.255254422E+00
    0.249208540E+00
    0.243246469E+00
    0.237369308E+00
    0.231578045E+00
    0.225873577E+00
    0.220256688E+00
    0.214728070E+00
    0.209288324E+00
    0.203937950E+00
    0.198677363E+00
    0.193506890E+00
    0.188426770E+00
    0.183437166E+00
    0.178538156E+00
    0.173729746E+00
    0.169011862E+00
    0.164384369E+00
    0.159847053E+00
    0.155399640E+00
    0.151041795E+00
    0.146773119E+00
    0.142593156E+00
    0.138501400E+00
    0.134497288E+00
    0.130580211E+00
    0.126749513E+00
    0.123004493E+00
    0.119344411E+00
    0.115768491E+00
    0.112275914E+00
    0.108865837E+00
    0.105537377E+00
    0.102289632E+00
    0.991216651E-01
    0.960325250E-01
    0.930212325E-01
    0.900867915E-01
    0.872281897E-01
    0.844443992E-01
    0.817343805E-01
    0.790970816E-01
    0.765314425E-01
    0.740363964E-01
    0.716108717E-01
    0.692537902E-01
    0.669640753E-01
    0.647406483E-01
    0.625824316E-01
    0.604883503E-01
    0.584573332E-01
    0.564883150E-01
    0.545802347E-01
    0.527320422E-01
    0.509426922E-01
    0.492111522E-01
    0.475363978E-01
    0.459174175E-01
    0.443532108E-01
    0.428427918E-01
    0.413851869E-01
    0.399794361E-01
    0.386245977E-01
    0.373197418E-01
    0.360639561E-01
    0.348563455E-01
    0.336960310E-01
    0.325821515E-01
    0.315138632E-01
    0.304903419E-01
    0.295107800E-01
    0.285743908E-01
    0.276804051E-01
    0.268280739E-01
    0.260166681E-01
    0.252454783E-01
    0.245138141E-01
    0.238210073E-01
    0.231664081E-01
    0.225493883E-01
    0.219693403E-01
    0.214256759E-01
    0.209178293E-01
    0.204452554E-01
    0.200074279E-01
    0.196038439E-01
    0.192340199E-01
    0.188974939E-01
    0.185938236E-01
    0.183225896E-01
    0.180833907E-01
    0.178758474E-01
    0.176996002E-01
    0.175543096E-01
    0.174396559E-01
    0.173553390E-01
    0.173010773E-01
    0.172766086E-01
    0.172816895E-01
    0.173160929E-01
    0.173796103E-01
    0.174720497E-01
    0.175932356E-01
    0.177430072E-01
    0.179212200E-01
    0.181277424E-01
    0.183624567E-01
    0.186252582E-01
    0.189160529E-01
    0.192347595E-01
    0.195813045E-01
    0.199556251E-01
    0.203576651E-01
    0.207873761E-01
    0.212447156E-01
    0.217296447E-01
    0.222421298E-01
    0.227821387E-01
    0.233496409E-01
    0.239446059E-01
    0.245670026E-01
    0.252167976E-01
    0.258939540E-01
    0.265984310E-01
    0.273301818E-01
    0.280891528E-01
    0.288752826E-01
    0.296885009E-01
    0.305287274E-01
    0.313958705E-01
    0.322898263E-01
    0.332104781E-01
    0.341576940E-01
    0.351313283E-01
    0.361312181E-01
    0.371571843E-01
    0.382090295E-01
    0.392865381E-01
    0.403894751E-01
    0.415175849E-01
    0.426705924E-01
    0.438482004E-01
    0.450500900E-01
    0.462759202E-01
    0.475253272E-01
    0.487979232E-01
    0.500932976E-01
    0.514110158E-01
    0.527506185E-01
    0.541116225E-01
    0.554935199E-01
    0.568957767E-01
    0.583178358E-01
    0.597591138E-01
    0.612190029E-01
    0.626968702E-01
    0.641920577E-01
    0.657038822E-01
    0.672316367E-01
    0.687745884E-01
    0.703319811E-01
    0.719030340E-01
    0.734869429E-01
    0.750828793E-01
    0.766899922E-01
    0.783074073E-01
    0.799342287E-01
    0.815695378E-01
    0.832123954E-01
    0.848618405E-01
    0.865168926E-01
    0.881765510E-01
    0.898397962E-01
    0.915055911E-01
    0.931728799E-01
    0.948405903E-01
    0.965076348E-01
    0.981729092E-01
    0.998352968E-01
    0.101493667E+00
    0.103146876E+00
    0.104793770E+00
    0.106433184E+00
    0.108063945E+00
    0.109684870E+00
    0.111294771E+00
    0.112892453E+00
    0.114476718E+00
    0.116046364E+00
    0.117600188E+00
    0.119136984E+00
    0.120655549E+00
    0.122154684E+00
    0.123633190E+00
    0.125089875E+00
    0.126523555E+00
    0.127933050E+00
    0.129317195E+00
    0.130674832E+00
    0.132004819E+00
    0.133306024E+00
    0.134577334E+00
    0.135817652E+00
    0.137025901E+00
    0.138201023E+00
    0.139341983E+00
    0.140447767E+00
    0.141517390E+00
    0.142549887E+00
    0.143544328E+00
    0.144499805E+00
    0.145415446E+00
    0.146290407E+00
    0.147123880E+00
    0.147915087E+00
    0.148663290E+00
    0.149367786E+00
    0.150027907E+00
    0.150643028E+00
    0.151212560E+00
    0.151735958E+00
    0.152212716E+00
    0.152642371E+00
    0.153024503E+00
    0.153358735E+00
    0.153644737E+00
    0.153882220E+00
    0.154070942E+00
    0.154210708E+00
    0.154301368E+00
    0.154342817E+00
    0.154334998E+00
    0.154277900E+00
    0.154171559E+00
    0.154016057E+00
    0.153811522E+00
    0.153558129E+00
    0.153256099E+00
    0.152905698E+00
    0.152507238E+00
    0.152061076E+00
    0.151567611E+00
    0.151027290E+00
    0.150440598E+00
    0.149808065E+00
    0.149130264E+00
    0.148407803E+00
    0.147641338E+00
    0.146831557E+00
    0.145979187E+00
    0.145084995E+00
    0.144149780E+00
    0.143174377E+00
    0.142159654E+00
    0.141106511E+00
    0.140015878E+00
    0.138888715E+00
    0.137726011E+00
    0.136528778E+00
    0.135298057E+00
    0.134034912E+00
    0.132740426E+00
    0.131415705E+00
    0.130061875E+00
    0.128680078E+00
    0.127271472E+00
    0.125837230E+00
    0.124378538E+00
    0.122896591E+00
    0.121392598E+00
    0.119867770E+00
    0.118323331E+00
    0.116760505E+00
    0.115180520E+00
    0.113584609E+00
    0.111973999E+00
    0.110349923E+00
    0.108713604E+00
    0.107066266E+00
    0.105409122E+00
    0.103743384E+00
    0.102070248E+00
    0.100390904E+00
    0.987065316E-01
    0.970182933E-01
    0.953273405E-01
    0.936348080E-01
    0.919418143E-01
    0.902494594E-01
    0.885588251E-01
    0.868709725E-01
    0.851869423E-01
    0.835077525E-01
    0.818343984E-01
    0.801678514E-01
    0.785090584E-01
    0.768589400E-01
    0.752183920E-01
    0.735882823E-01
    0.719694515E-01
    0.703627125E-01
    0.687688491E-01
    0.671886164E-01
    0.656227410E-01
    0.640719178E-01
    0.625368134E-01
    0.610180640E-01
    0.595162746E-01
    0.580320195E-01
    0.565658445E-01
    0.551182623E-01
    0.536897560E-01
    0.522807788E-01
    0.508917522E-01
    0.495230688E-01
    0.481750903E-01
    0.468481492E-01
    0.455425484E-01
    0.442585619E-01
    0.429964344E-01
    0.417563832E-01
    0.405385975E-01
    0.393432389E-01
    0.381704427E-01
    0.370203177E-01
    0.358929471E-01
    0.347883887E-01
    0.337066769E-01
    0.326478212E-01
    0.316118090E-01
    0.305986049E-01
    0.296081516E-01
    0.286403720E-01
    0.276951674E-01
    0.267724205E-01
    0.258719954E-01
    0.249937386E-01
    0.241374780E-01
    0.233030277E-01
    0.224901837E-01
    0.216987293E-01
    0.209284326E-01
    0.201790494E-01
    0.194503226E-01
    0.187419835E-01
    0.180537528E-01
    0.173853413E-01
    0.167364501E-01
    0.161067720E-01
    0.154959917E-01
    0.149037870E-01
    0.143298292E-01
    0.137737838E-01
    0.132353114E-01
    0.127140683E-01
    0.122097063E-01
    0.117218751E-01
    0.112502211E-01
    0.107943892E-01
    0.103540225E-01
    0.992876336E-02
    0.951825418E-02
    0.912213723E-02
    0.874005507E-02
    0.837165224E-02
    0.801657410E-02
    0.767446820E-02
    0.734498495E-02
    0.702777659E-02
    0.672249939E-02
    0.642881233E-02
    0.614637861E-02
    0.587486539E-02
    0.561394410E-02
    0.536329070E-02
    0.512258608E-02
    0.489151605E-02
    0.466977171E-02
    0.445704975E-02
    0.425305210E-02
    0.405748658E-02
    0.387006676E-02
    0.369051225E-02
    0.351854878E-02
    0.335390790E-02
    0.319632768E-02
    0.304555214E-02
    0.290133183E-02
    0.276342349E-02
    0.263158999E-02
    0.250560092E-02
    0.238523173E-02
    0.227026438E-02
    0.216048713E-02
    0.205569426E-02
    0.195568625E-02
    0.186026985E-02
    0.176925750E-02
    0.168246804E-02
    0.159972573E-02
    0.152086096E-02
    0.144570962E-02
    0.137411333E-02
    0.130591911E-02
    0.124097954E-02
    0.117915228E-02
    0.112030023E-02
    0.106429142E-02
    0.101099886E-02
    0.960300242E-03
    0.912078105E-03
    0.866219394E-03
    0.822615774E-03
    0.781162996E-03
    0.741761247E-03
    0.704314580E-03
    0.668731259E-03
    0.634923123E-03
    0.602805932E-03
    0.572299055E-03
    0.543325197E-03
    0.515810566E-03
    0.489684516E-03
    0.464879613E-03
    0.441331370E-03
    0.418978281E-03
    0.397761565E-03
    0.377625204E-03
    0.358515687E-03
    0.340382065E-03
    0.323175708E-03
    0.306850308E-03
    0.291361738E-03
    0.276667992E-03
    0.262729074E-03
    0.249506891E-03
    0.236965169E-03
    0.225069465E-03
    0.213786966E-03
    0.203086512E-03
    0.192938392E-03
    0.183314453E-03
    0.174187870E-03
    0.165533174E-03
    0.157326145E-03
    0.149543858E-03
    0.142164377E-03
    0.135167022E-03
    0.128532033E-03
    0.122240710E-03
    0.116275288E-03
    0.110618846E-03
    0.105255414E-03
    0.100169711E-03
    0.953473212E-04
    0.907745094E-04
    0.864382528E-04
    0.823261867E-04
    0.784265776E-04
    0.747282806E-04
    0.712207031E-04
    0.678938033E-04
    0.647380632E-04
    0.617444212E-04
    0.589043096E-04
    0.562095484E-04
    0.536524266E-04
    0.512255723E-04
    0.489220586E-04
    0.467352380E-04
    0.446588660E-04
    0.426869787E-04
    0.408139227E-04
    0.390343592E-04
    0.373432086E-04
    0.357356420E-04
    0.342071166E-04
    0.327532824E-04
    0.313700557E-04
    0.300535482E-04
    0.288000731E-04
    0.276061619E-04
    0.264684968E-04
    0.253839715E-04
    0.243496255E-04
    0.233626674E-04
    0.224204549E-04
    0.215204923E-04
    0.206604321E-04
    0.198380519E-04
    0.190512391E-04
    0.182980220E-04
    0.175765404E-04
    0.168850382E-04
    0.162218563E-04
    0.155854525E-04
    0.149743473E-04
    0.143871874E-04
    0.138226656E-04
    0.132796026E-04
    0.127568443E-04
    0.122533468E-04
    0.117681131E-04
    0.113002256E-04
    0.108488230E-04
    0.104130979E-04
    0.999231582E-05
    0.958576887E-05
    0.919281677E-05
    0.881286530E-05
    0.844535570E-05
    0.808978148E-05
    0.774566458E-05
    0.741257053E-05
    0.709009378E-05
    0.677786550E-05
    0.647554379E-05
    0.618280923E-05
    0.589938444E-05
    0.562499376E-05
    0.535939678E-05
    0.510236547E-05
    0.485369792E-05
    0.461319892E-05
    0.438069738E-05
    0.415602758E-05
    0.393903719E-05
    0.372958159E-05
    0.352753497E-05
    0.333276199E-05
    0.314515403E-05
    0.296458479E-05
    0.279095241E-05
    0.262414560E-05
    0.246405515E-05
    0.231058530E-05
    0.216362323E-05
    0.202306861E-05
    0.188881550E-05
    0.176075419E-05
    0.163877915E-05
    0.152277420E-05
    0.141262947E-05
    0.130822607E-05
    0.120944209E-05
    0.111615231E-05
    0.102823101E-05
    0.945543571E-06
    0.867955561E-06
    0.795330207E-06
    0.727519188E-06
    0.664381275E-06
    0.605763469E-06
    0.551515369E-06
    0.501480370E-06
    0.455500306E-06
    0.413414968E-06
    0.375062962E-06
    0.340280590E-06
    0.308902558E-06
    0.280763993E-06
    0.255699254E-06
    0.233541767E-06
    0.214126815E-06
    0.197290718E-06
    0.182869912E-06
    0.170703626E-06
    0.160633409E-06
    0.152499795E-06
    0.146153004E-06
    0.141441514E-06
    0.138216634E-06
    0.136339037E-06
    0.135667225E-06
    0.136068877E-06
    0.137414843E-06
    0.139581265E-06
    0.142447673E-06
    0.145904204E-06
    0.149839638E-06
    0.154154725E-06
    0.158752106E-06
    0.163541584E-06
    0.168440123E-06
    0.173370673E-06
    0.178258545E-06
    0.183040762E-06
    0.187656833E-06
    0.192052212E-06
    0.196180199E-06
    0.199998059E-06
    0.203468668E-06
    0.206561303E-06
    0.209250307E-06
    0.211515871E-06
    0.213340639E-06
    0.214715800E-06
    0.215634103E-06
    0.216094446E-06
    0.216096820E-06
    0.215650713E-06
    0.214762470E-06
    0.213446042E-06
    0.211718748E-06
    0.209597798E-06
    0.207105211E-06
    0.204264572E-06
    0.201102672E-06
    0.197645592E-06
    0.193922602E-06
    0.189965190E-06
    0.185802621E-06
    0.181470115E-06
    0.176998622E-06
    0.172420964E-06
    0.167770647E-06
    0.163082036E-06
    0.158386154E-06
    0.153716954E-06
    0.149105562E-06
    0.144582718E-06
    0.140180703E-06
    0.135923910E-06
    0.131843457E-06
    0.127966138E-06
    0.124313792E-06
    0.120912102E-06
    0.117781223E-06
    0.114939881E-06
    0.112408596E-06
    0.110202341E-06
    0.108332942E-06
    0.106816156E-06
    0.105659459E-06
    0.104872194E-06
    0.104460243E-06
    0.104426658E-06
    0.104773825E-06
    0.105504345E-06
    0.106613535E-06
    0.108099083E-06
    0.109955111E-06
    0.112175473E-06
    0.114749949E-06
    0.117668779E-06
    0.120921044E-06
    0.124490415E-06
    0.128364574E-06
    0.132526655E-06
    0.136957656E-06
    0.141643392E-06
    0.146561233E-06
    0.151692413E-06
    0.157015234E-06
    0.162508703E-06
    0.168150755E-06
    0.173919216E-06
    0.179790527E-06
    0.185742951E-06
    0.191753482E-06
    0.197796728E-06
    0.203853111E-06
    0.209897637E-06
    0.215906981E-06
    0.221863555E-06
    0.227741118E-06
    0.233521079E-06
    0.239183196E-06
    0.244707375E-06
    0.250073448E-06
    0.255265251E-06
    0.260265755E-06
    0.265057387E-06
    0.269625222E-06
    0.273956047E-06
    0.278036746E-06
    0.281855266E-06
    0.285400333E-06
    0.288663029E-06
    0.291634277E-06
    0.294306290E-06
    0.296674603E-06
    0.298731252E-06
    0.300474851E-06
    0.301902340E-06
    0.303011327E-06
    0.303800551E-06
    0.304271181E-06
    0.304426229E-06
    0.304265128E-06
    0.303794599E-06
    0.303016683E-06
    0.301936361E-06
    0.300562383E-06
    0.298899054E-06
    0.296954330E-06
    0.294736427E-06
    0.292256482E-06
    0.289520686E-06
    0.286540829E-06
    0.283327149E-06
    0.279890672E-06
    0.276243057E-06
    0.272393640E-06
    0.268355929E-06
    0.264142351E-06
    0.259763578E-06
    0.255233260E-06
    0.250562535E-06
    0.245763263E-06
    0.240850408E-06
    0.235833227E-06
    0.230724614E-06
    0.225536715E-06
    0.220281836E-06
    0.214971035E-06
    0.209614873E-06
    0.204225437E-06
    0.198811402E-06
    0.193385954E-06
    0.187957059E-06
    0.182534922E-06
    0.177127676E-06
    0.171746134E-06
    0.166397203E-06
    0.161088541E-06
    0.155829318E-06
    0.150624837E-06
    0.145483037E-06
    0.140408885E-06
    0.135408287E-06
    0.130488073E-06
    0.125651778E-06
    0.120903794E-06
    0.116248826E-06
    0.111689129E-06
    0.107230084E-06
    0.102873328E-06
    0.986204956E-07
    0.944750078E-07
    0.904378015E-07
    0.865106035E-07
    0.826938010E-07
    0.789886356E-07
    0.753950885E-07
    0.719139140E-07
    0.685449040E-07
    0.652870392E-07
    0.621398837E-07
    0.591025081E-07
    0.561745995E-07
    0.533534781E-07
    0.506390769E-07
    0.480292559E-07
    0.455218218E-07
    0.431156236E-07
    0.408079608E-07
    0.385974076E-07
    0.364816093E-07
    0.344576981E-07
    0.325237570E-07
    0.306772265E-07
    0.289158048E-07
    0.272374267E-07
    0.256383056E-07
    0.241169715E-07
    0.226704890E-07
    0.212962513E-07
    0.199918218E-07
    0.187545515E-07
    0.175820880E-07
    0.164717823E-07
    0.154214226E-07
    0.144282321E-07
    0.134899524E-07
    0.126041620E-07
    0.117689102E-07
    0.109816201E-07
    0.102400962E-07
    0.954257041E-08
    0.888639008E-08
    0.826990998E-08
    0.769119108E-08
    0.714817019E-08
    0.663927611E-08
    0.616245256E-08
    0.571604124E-08
    0.529858605E-08
    0.490834081E-08
    0.454403782E-08
    0.420383124E-08
    0.388651961E-08
    0.359095439E-08
    0.331558298E-08
    0.305941177E-08
    0.282116564E-08
    0.259981113E-08
    0.239423663E-08
    0.220348122E-08
    0.202660465E-08
    0.186265224E-08
    0.171086103E-08
    0.157043943E-08
    0.144062659E-08
    0.132060769E-08
    0.120985114E-08
    0.110763364E-08
    0.101330867E-08
    0.926486604E-09
    0.846501193E-09
    0.772912443E-09
    0.705261935E-09
    0.643049335E-09
    0.585956420E-09
    0.533572477E-09
    0.485543368E-09
    0.441523143E-09
    0.401164360E-09
    0.364308163E-09
    0.330562512E-09
    0.299738880E-09
    0.271605333E-09
    0.245921901E-09
    0.222509971E-09
    0.201165178E-09
    0.181740142E-09
    0.164061235E-09
    0.147981506E-09
    0.133388221E-09
    0.120132179E-09
    0.108102466E-09
    0.971986397E-10
    0.873350520E-10
    0.783851815E-10
    0.703066133E-10
    0.630097796E-10
    0.564093118E-10
    0.504650230E-10
    0.450930896E-10
    0.402589006E-10
    0.359172592E-10
    0.320096178E-10
    0.284996385E-10
    0.253417481E-10
    0.225211880E-10
    0.199910738E-10
    0.177202233E-10
    0.156978332E-10
    0.138847636E-10
    0.122687603E-10
    0.108276662E-10
    0.954442194E-11
    0.840559759E-11
    0.739003239E-11
    0.649166008E-11
    0.569364751E-11
    0.498452106E-11
    0.436015638E-11
    0.380833491E-11
    0.332063043E-11
    0.289048732E-11
    0.251505871E-11
    0.218201077E-11
    0.189189737E-11
    0.163516482E-11
    0.141119851E-11
    0.121699850E-11
    0.104683488E-11
    0.898126921E-12
    0.768729267E-12
    0.657623611E-12
    0.561254387E-12
    0.476599949E-12
    0.405082689E-12
    0.342410462E-12
    0.288817207E-12
    0.243008217E-12
    0.203921500E-12
    0.170577357E-12
    0.142355837E-12
    0.118016370E-12
    0.979140993E-13
    0.802782879E-13
    0.660285114E-13
    0.538836156E-13
    0.435954281E-13
    0.350232148E-13
    0.282256274E-13
    0.223456247E-13
    0.178160178E-13
    0.138435448E-13
    0.106623189E-13
    0.833371576E-14
    0.627930958E-14
    0.469616898E-14
    0.340210333E-14
    0.246660703E-14
    0.174033355E-14
    0.114253509E-14
    0.795900988E-15
    0.471179854E-15
    0.300671313E-15
    0.174389970E-15
    0.868697355E-16
    0.614941820E-16
    0.472649506E-16
    0.682875554E-16
    0.892108870E-16
    0.138337620E-15
    0.177948519E-15
    0.198684692E-15
    0.246894886E-15
    0.285802593E-15
    0.307322289E-15
    0.346702316E-15
    0.350144711E-15
    0.364262525E-15
    0.415948571E-15
    0.371882788E-15
    0.384964580E-15
    0.395475649E-15
    0.386244803E-15
    0.402602863E-15
    0.366301356E-15
    0.381799356E-15
    0.350746574E-15
    0.347440675E-15
    0.333352894E-15
    0.290918528E-15
    0.296688223E-15
    0.263010495E-15
    0.251720076E-15
    0.246733949E-15
    0.223607339E-15
    0.204042694E-15
    0.202647469E-15
    0.190485461E-15
    0.177482282E-15
    0.162854646E-15
    0.147197933E-15
    0.134557957E-15
    0.136925606E-15
    0.108027751E-15
    0.120789256E-15
    0.944950482E-16
    0.881532098E-16
    0.933504611E-16
    0.776750842E-16
    0.815596943E-16
    0.647248434E-16
    0.649343091E-16
    0.554369014E-16
    0.624098314E-16
    0.554674484E-16
    0.444172798E-16
    0.555098590E-16
    0.483397402E-16
    0.417202814E-16
    0.473254302E-16
    0.387865396E-16
    0.430985837E-16
    0.329251783E-16
    0.392662327E-16
    0.377643969E-16
    0.371088515E-16
    0.368799336E-16
    0.277793324E-16
    0.404435132E-16
    0.332589902E-16
    0.354734736E-16
    0.304324793E-16
    0.286795984E-16
    0.325544302E-16
    0.325905062E-16
    0.258842042E-16
    0.390441509E-16
    0.381330205E-16
    0.245967510E-16
    0.281849475E-16
    0.308486765E-16
    0.298198325E-16
    0.240957589E-16
    0.290558744E-16
    0.382339214E-16
    0.300556241E-16
    0.284910295E-16
    0.315532719E-16
    0.299470534E-16
    0.269943773E-16
    0.272975519E-16
    0.333970623E-16
    0.254004247E-16
    0.262057621E-16
    0.266392432E-16
    0.358577141E-16
    0.325079079E-16
    0.250900803E-16
    0.268203502E-16
    0.297236503E-16
    0.232273558E-16
    0.253536009E-16
    0.364813540E-16
    0.257949590E-16
    0.344187860E-16
    0.290376289E-16
    0.276280059E-16
    0.275894875E-16
    0.262999444E-16
    0.265253370E-16
    0.286891886E-16
    0.284458396E-16
    0.277594439E-16
    0.224352452E-16
    0.416485004E-16
    0.216934063E-16
    0.295021399E-16
    0.301683230E-16
    0.293267829E-16
    0.248059302E-16
    0.234901152E-16
    0.287156237E-16
    0.314761523E-16
    0.319509130E-16
    0.350048563E-16
    0.264651993E-16
    0.267118355E-16
    0.315635539E-16
    0.261114314E-16
    0.331350475E-16
    0.388106715E-16
    0.256575605E-16
    0.307709359E-16
    0.245494549E-16
    0.380072427E-16
    0.200235809E-16
    0.261118676E-16
    0.311575212E-16
    0.302872421E-16
    0.274647101E-16
    0.326616734E-16
    0.285068384E-16
    0.309857946E-16
    0.256791137E-16
    0.309540846E-16
    0.261908941E-16
    0.222267129E-16
    0.244983208E-16
    0.318494236E-16
    0.385450069E-16
    0.319415315E-16
    0.264023974E-16
    0.319040121E-16
    0.261113403E-16
    0.257488670E-16
    0.347399777E-16
    0.321777775E-16
    0.297425982E-16
    0.322135857E-16
    0.288485106E-16
    0.270563422E-16
    0.242908950E-16
    0.300332607E-16
    0.194947544E-16
    0.309996532E-16
    0.265636666E-16
    0.297155046E-16
    0.270855436E-16
    0.362437159E-16
    0.321144522E-16
    0.253210061E-16
    0.299368256E-16
    0.298555608E-16
    0.257151895E-16
    0.285153395E-16
    0.246737099E-16
    0.353529208E-16
    0.299117872E-16
    0.318551474E-16
    0.278934916E-16
    0.312750505E-16
    0.252814470E-16
    0.279884485E-16
    0.388003077E-16
    0.281216386E-16
    0.252161407E-16
    0.301287702E-16
    0.311764806E-16
    0.233457118E-16
    0.219072719E-16
    0.268212952E-16
    0.271420093E-16
    0.314835307E-16
    0.257791815E-16
    0.277725052E-16
    0.394970520E-16
    0.232030927E-16
    0.317061803E-16
    0.259627692E-16
    0.263984235E-16
    0.264642948E-16
    0.273647325E-16
    0.365555641E-16
    0.313467680E-16
    0.282118504E-16
    0.290676148E-16
    0.276073650E-16
    0.288964097E-16
    0.345782396E-16
    0.320024328E-16
    0.386954962E-16
    0.326139213E-16
    0.317459743E-16
    0.279465686E-16
    0.267084981E-16
    0.306953374E-16
    0.184537260E-16
    0.273799683E-16
    0.285784079E-16
    0.287325780E-16
    0.208602925E-16
    0.347422240E-16
    0.347734208E-16
    0.274148613E-16
    0.315988255E-16
    0.254500856E-16
    0.254696404E-16
    0.224536423E-16
    0.253983821E-16
    0.342650275E-16
    0.344632464E-16
    0.308820085E-16
    0.197669328E-16
    0.316772367E-16
    0.293141135E-16
    0.244657483E-16
    0.375937692E-16
    0.330675786E-16
    0.275282750E-16
    0.292545532E-16
    0.297254629E-16
    0.300359112E-16
    0.261299895E-16
    0.262012852E-16
    0.234585814E-16
    0.370509405E-16
    0.238803372E-16
    0.314313107E-16
    0.291521915E-16
    0.267139168E-16
    0.302783697E-16
    0.213884742E-16
    0.328409859E-16
    0.274909011E-16
    0.279592166E-16
    0.317395832E-16
    0.336300432E-16
    0.301745339E-16
    0.226538643E-16
    0.268416174E-16
    0.246362359E-16
    0.273527526E-16
    0.322988819E-16
    0.374248650E-16
    0.241836080E-16
    0.300336315E-16
    0.240044027E-16
    0.316822783E-16
    0.290730084E-16
    0.180616686E-16
    0.221778522E-16
    0.251570460E-16
    0.317895115E-16
    0.238608767E-16
    0.311652403E-16
    0.314803018E-16
    0.332788077E-16
    0.260372329E-16
    0.315608135E-16
    0.255602466E-16
    0.248025038E-16
    0.331153959E-16
    0.281123028E-16
    0.319969667E-16
    0.307370874E-16
    0.241555619E-16
    0.275579548E-16
    0.262174619E-16
    0.275580077E-16
    0.324605785E-16
    0.301719198E-16
    0.343550638E-16
    0.281878872E-16
    0.289437350E-16
    0.286574132E-16
    0.275581049E-16
    0.184985575E-16
    0.211276283E-16
    0.298868521E-16
    0.247311169E-16
    0.276221975E-16
    0.223285022E-16
    0.265909531E-16
    0.368995216E-16
    0.234900866E-16
    0.323718300E-16
    0.223865062E-16
    0.285217667E-16
    0.268750844E-16
    0.256591900E-16
    0.313926643E-16
    0.303343372E-16
    0.290680033E-16
    0.222176928E-16
    0.288104727E-16
    0.257443755E-16
    0.356905126E-16
    0.314607044E-16
    0.336598736E-16
    0.223503692E-16
    0.283456580E-16
    0.294820752E-16
    0.226955974E-16
    0.204586251E-16
    0.241449544E-16
    0.322202492E-16
    0.273623988E-16
    0.291856278E-16
    0.271521612E-16
    0.325552117E-16
    0.254303759E-16
    0.253784216E-16
    0.310100927E-16
    0.265523286E-16
    0.280958337E-16
    0.262200861E-16
    0.308406110E-16
    0.307922783E-16
    0.205753719E-16
    0.275833477E-16
    0.222207144E-16
    0.268030027E-16
    0.270632666E-16
    0.317167921E-16
    0.319909610E-16
    0.252513030E-16
    0.328863468E-16
    0.289637557E-16
    0.234389206E-16
    0.235946460E-16
    0.212918643E-16
    0.311586640E-16
    0.268164584E-16
    0.268026124E-16
    0.269576535E-16
    0.290921560E-16
    0.425102219E-16
    0.238278206E-16
    0.361216382E-16
    0.251238823E-16
    0.276909403E-16
    0.253079584E-16
    0.270079841E-16
    0.301452744E-16
    0.304153448E-16
    0.265192133E-16
    0.204377162E-16
    0.248296642E-16
    0.262231173E-16
    0.244532204E-16
    0.238592358E-16
    0.307242161E-16
    0.231459378E-16
    0.252610042E-16
    0.322034139E-16
    0.242322666E-16
    0.222765649E-16
    0.230229307E-16
    0.294470231E-16
    0.302987016E-16
    0.326810213E-16
    0.266484917E-16
    0.299706521E-16
    0.288046939E-16
    0.270591860E-16
    0.299412642E-16
    0.323992145E-16
    0.337769544E-16
    0.270242523E-16
    0.262984631E-16
    0.312388119E-16
    0.301959583E-16
    0.306848694E-16
    0.256660813E-16
    0.268966798E-16
    0.225706553E-16
    0.301587718E-16
    0.282915155E-16
    0.248508219E-16
    0.274305202E-16
    0.209129113E-16
    0.289985311E-16
    0.275949213E-16
    0.235151477E-16
    0.243413372E-16
    0.278429926E-16
    0.290145700E-16
    0.277548635E-16
    0.309466594E-16
    0.323589020E-16
    0.223284155E-16
    0.307797000E-16
    0.212546878E-16
    0.313917598E-16
    0.277530218E-16
    0.306662371E-16
    0.338857611E-16
    0.348808336E-16
    0.231103372E-16
    0.259802543E-16
    0.286519738E-16
    0.198454824E-16
    0.245560886E-16
    0.273320237E-16
    0.261540937E-16
    0.231796486E-16
    0.318503202E-16
    0.332072702E-16
    0.323097370E-16
    0.231839239E-16
    0.244157311E-16
    0.313803397E-16
    0.316136399E-16
    0.320945452E-16
    0.266224295E-16
    0.201298245E-16
    0.305821086E-16
    0.260446614E-16
    0.391724584E-16
    0.267249712E-16
    0.254115679E-16
    0.267229924E-16
    0.314351654E-16
    0.334994622E-16
    0.313747523E-16
    0.276111707E-16
    0.221263969E-16
    0.226482901E-16
    0.204205856E-16
    0.249145687E-16
    0.276865437E-16
    0.322750003E-16
    0.217567343E-16
    0.277357744E-16
    0.341026573E-16
    0.328106991E-16
    0.261272048E-16
    0.276596515E-16
    0.265549042E-16
    0.367638486E-16
    0.257489278E-16
    0.295076482E-16
    0.217614697E-16
    0.303370926E-16
    0.223457158E-16
    0.422925812E-16
    0.294367811E-16
    0.287938112E-16
    0.296639790E-16
    0.281351887E-16
    0.300519769E-16
    0.231011969E-16
    0.286196983E-16
    0.240768599E-16
    0.297728731E-16
    0.249619638E-16
    0.263799179E-16
    0.282727505E-16
    0.296974952E-16
    0.304430117E-16
    0.286806457E-16
    0.296967505E-16
    0.247181244E-16
    0.283513293E-16
    0.300021037E-16
    0.270017473E-16
    0.356814067E-16
    0.245664304E-16
    0.348773188E-16
    0.292919532E-16
    0.352895163E-16
    0.295824992E-16
    0.257239589E-16
    0.238307725E-16
    0.347322322E-16
    0.330426901E-16
    0.275226806E-16
    0.290894912E-16
    0.247373931E-16
    0.278292664E-16
    0.260283906E-16
    0.232509673E-16
    0.231468559E-16
    0.297859728E-16
    0.252387402E-16
    0.342047660E-16
    0.343255497E-16
    0.353533796E-16
    0.234980075E-16
    0.269496053E-16
    0.293470771E-16
    0.346687998E-16
    0.297120601E-16
    0.348978261E-16
    0.233833518E-16
    0.240409412E-16
    0.272839583E-16
    0.375070609E-16
    0.248842305E-16
    0.335959455E-16
    0.312906794E-16
    0.342962954E-16
    0.396641054E-16
    0.348580872E-16
    0.294002422E-16
    0.272192505E-16
    0.342343539E-16
    0.218762207E-16
    0.209666699E-16
    0.320158326E-16
    0.294250539E-16
    0.240671063E-16
    0.364256861E-16
    0.332002036E-16
    0.308333328E-16
    0.355265595E-16
    0.344903852E-16
    0.380105196E-16
    0.287541317E-16
    0.312266753E-16
    0.384752918E-16
    0.369935323E-16
    0.421827864E-16
    0.397521441E-16
    0.447670857E-16
    0.287747867E-16
    0.291945488E-16
    0.316866306E-16
    0.359239007E-16
    0.352876476E-16
    0.334520549E-16
    0.281890882E-16
    0.219229979E-16
    0.220655179E-16
    0.267617695E-16
    0.285920800E-16
    0.289045051E-16
    0.280659070E-16
    0.343705906E-16
    0.226198936E-16
    0.229710654E-16
    0.251482563E-16
    0.250264175E-16
    0.269293351E-16
    0.380240756E-16
    0.237360706E-16
    0.245232841E-16
    0.337094519E-16
    0.251710677E-16
    0.277561859E-16
    0.309059989E-16
    0.232365620E-16
    0.356574996E-16
    0.317730388E-16
    0.384797283E-16
    0.273961591E-16
    0.247369939E-16
    0.217654370E-16
    0.215557861E-16
    0.250634510E-16
    0.252948198E-16
    0.241727994E-16
    0.247246842E-16
    0.394388392E-16
    0.338579385E-16
    0.280766461E-16
    0.254191986E-16
    0.256858963E-16
    0.267540350E-16
    0.274867343E-16
    0.289280644E-16
    0.298592765E-16
    0.243471518E-16
    0.390640461E-16
    0.343290862E-16
    0.387244667E-16
    0.355309819E-16
    0.297099002E-16
    0.430083752E-16
    0.421506261E-16
    0.436550683E-16
    0.382714501E-16
    0.287016621E-16
    0.225101221E-16
    0.235137167E-16
    0.352420055E-16
    0.192672349E-16
    0.264810343E-16
    0.266484207E-16
    0.315331155E-16
    0.261159358E-16
    0.235063484E-16
    0.229565373E-16
    0.256685513E-16
    0.259870923E-16
    0.279232367E-16
    0.245986744E-16
    0.300830818E-16
    0.301404013E-16
    0.373031571E-16
    0.307465333E-16
    0.277905231E-16
    0.252475011E-16
    0.290990013E-16
    0.272965884E-16
    0.288242324E-16
    0.240096594E-16
    0.275004099E-16
    0.234165582E-16
