 #tdnd tdcion
    0.249212750E-16
    0.325469283E-16
    0.203477560E-16
    0.324884674E-16
    0.235479112E-16
    0.256776200E-16
    0.442057163E-16
    0.399153857E-16
    0.316026161E-16
    0.392832015E-16
    0.358268629E-16
    0.388496251E-16
    0.334383112E-16
    0.304140130E-16
    0.270504671E-16
    0.262573206E-16
    0.288586874E-16
    0.231432196E-16
    0.234907291E-16
    0.255562086E-16
    0.240584847E-16
    0.312766779E-16
    0.296750826E-16
    0.324199959E-16
    0.273022538E-16
    0.233871727E-16
    0.258921142E-16
    0.261480449E-16
    0.250639234E-16
    0.194811953E-16
    0.276865718E-16
    0.269607576E-16
    0.297298343E-16
    0.198863658E-16
    0.239658871E-16
    0.236685177E-16
    0.257655913E-16
    0.282508061E-16
    0.281414040E-16
    0.282614295E-16
    0.269562567E-16
    0.289374533E-16
    0.314276603E-16
    0.155703965E-16
    0.263664749E-16
    0.256744819E-16
    0.307754911E-16
    0.239756745E-16
    0.320582590E-16
    0.204363642E-16
    0.236193377E-16
    0.316590360E-16
    0.275703181E-16
    0.254576714E-16
    0.325334496E-16
    0.196087854E-16
    0.196194636E-16
    0.250261429E-16
    0.280052048E-16
    0.231937480E-16
    0.300567908E-16
    0.268648440E-16
    0.215365179E-16
    0.254554514E-16
    0.287723347E-16
    0.258004976E-16
    0.239037662E-16
    0.264792588E-16
    0.282035496E-16
    0.172767549E-16
    0.299171399E-16
    0.226711602E-16
    0.279248398E-16
    0.234997225E-16
    0.264805826E-16
    0.204232746E-16
    0.227975254E-16
    0.260515035E-16
    0.242785702E-16
    0.206456436E-16
    0.235040474E-16
    0.175488023E-16
    0.212028708E-16
    0.243233529E-16
    0.253626335E-16
    0.261554169E-16
    0.243566463E-16
    0.257274075E-16
    0.197647127E-16
    0.231712404E-16
    0.308515157E-16
    0.229011656E-16
    0.285816156E-16
    0.249597932E-16
    0.293548724E-16
    0.238603022E-16
    0.201780034E-16
    0.250944525E-16
    0.232189298E-16
    0.241388723E-16
    0.285630103E-16
    0.260057937E-16
    0.184665292E-16
    0.260819337E-16
    0.281093988E-16
    0.273969757E-16
    0.262890213E-16
    0.256766852E-16
    0.192052453E-16
    0.193358885E-16
    0.243925035E-16
    0.309538561E-16
    0.232246933E-16
    0.250972626E-16
    0.190941905E-16
    0.217616819E-16
    0.304768196E-16
    0.224408320E-16
    0.244705737E-16
    0.262169511E-16
    0.218472814E-16
    0.268543172E-16
    0.196923309E-16
    0.267986404E-16
    0.220815907E-16
    0.240316118E-16
    0.225921690E-16
    0.252224077E-16
    0.184406523E-16
    0.221142338E-16
    0.306973249E-16
    0.258630262E-16
    0.213486418E-16
    0.235155709E-16
    0.206505558E-16
    0.197643657E-16
    0.297254602E-16
    0.249451039E-16
    0.330230874E-16
    0.275301725E-16
    0.287886402E-16
    0.311640852E-16
    0.283938712E-16
    0.512324058E-16
    0.453487149E-16
    0.646467951E-16
    0.619255056E-16
    0.989964518E-16
    0.131217480E-15
    0.179321130E-15
    0.248714320E-15
    0.397185224E-15
    0.584626039E-15
    0.865165509E-15
    0.127400789E-14
    0.193472430E-14
    0.276840236E-14
    0.413530929E-14
    0.627134533E-14
    0.912523920E-14
    0.136346733E-13
    0.201857738E-13
    0.297745904E-13
    0.429075864E-13
    0.638663442E-13
    0.918563783E-13
    0.133966809E-12
    0.194205909E-12
    0.279412770E-12
    0.401710085E-12
    0.578122608E-12
    0.825408884E-12
    0.117970533E-11
    0.167699537E-11
    0.237558427E-11
    0.335963382E-11
    0.473775451E-11
    0.665901823E-11
    0.933893293E-11
    0.130534346E-10
    0.182032659E-10
    0.253079885E-10
    0.350849751E-10
    0.485308151E-10
    0.669082163E-10
    0.920048659E-10
    0.126203003E-09
    0.172618468E-09
    0.235465590E-09
    0.320377674E-09
    0.434774117E-09
    0.588311889E-09
    0.794205004E-09
    0.106916247E-08
    0.143562459E-08
    0.192289690E-08
    0.256874698E-08
    0.342267560E-08
    0.454908628E-08
    0.603052621E-08
    0.797452080E-08
    0.105187763E-07
    0.138396875E-07
    0.181640919E-07
    0.237803560E-07
    0.310561459E-07
    0.404583275E-07
    0.525772535E-07
    0.681597040E-07
    0.881449762E-07
    0.113712401E-06
    0.146343281E-06
    0.187881816E-06
    0.240630647E-06
    0.307449795E-06
    0.391885057E-06
    0.498313472E-06
    0.632140213E-06
    0.800005112E-06
    0.101004327E-05
    0.127221904E-05
    0.159866448E-05
    0.200414167E-05
    0.250656683E-05
    0.312759273E-05
    0.389334304E-05
    0.483525900E-05
    0.599102689E-05
    0.740576738E-05
    0.913329414E-05
    0.112376209E-04
    0.137947082E-04
    0.168944117E-04
    0.206427291E-04
    0.251643786E-04
    0.306056251E-04
    0.371375871E-04
    0.449598266E-04
    0.543043922E-04
    0.654404525E-04
    0.786791377E-04
    0.943791430E-04
    0.112952778E-03
    0.134872577E-03
    0.160678300E-03
    0.190984994E-03
    0.226491111E-03
    0.267987302E-03
    0.316366342E-03
    0.372632529E-03
    0.437912615E-03
    0.513466571E-03
    0.600698989E-03
    0.701170420E-03
    0.816609675E-03
    0.948924936E-03
    0.110021641E-02
    0.127278721E-02
    0.146915522E-02
    0.169206338E-02
    0.194448982E-02
    0.222965712E-02
    0.255103985E-02
    0.291237161E-02
    0.331764963E-02
    0.377113847E-02
    0.427737041E-02
    0.484114605E-02
    0.546752925E-02
    0.616184275E-02
    0.692965863E-02
    0.777678878E-02
    0.870926793E-02
    0.973334011E-02
    0.108554361E-01
    0.120821528E-01
    0.134202268E-01
    0.148765068E-01
    0.164579244E-01
    0.181714599E-01
    0.200241101E-01
    0.220228515E-01
    0.241746038E-01
    0.264861922E-01
    0.289643104E-01
    0.316154796E-01
    0.344460164E-01
    0.374619902E-01
    0.406691919E-01
    0.440730995E-01
    0.476788432E-01
    0.514911817E-01
    0.555144699E-01
    0.597526375E-01
    0.642091665E-01
    0.688870755E-01
    0.737889000E-01
    0.789166848E-01
    0.842719713E-01
    0.898557923E-01
    0.956686699E-01
    0.101710611E+00
    0.107981109E+00
    0.114479152E+00
    0.121203217E+00
    0.128151281E+00
    0.135320836E+00
    0.142708880E+00
    0.150311943E+00
    0.158126086E+00
    0.166146910E+00
    0.174369573E+00
    0.182788799E+00
    0.191398878E+00
    0.200193693E+00
    0.209166719E+00
    0.218311038E+00
    0.227619351E+00
    0.237083989E+00
    0.246696931E+00
    0.256449807E+00
    0.266333923E+00
    0.276340271E+00
    0.286459547E+00
    0.296682167E+00
    0.306998285E+00
    0.317397820E+00
    0.327870460E+00
    0.338405702E+00
    0.348992859E+00
    0.359621093E+00
    0.370279428E+00
    0.380956785E+00
    0.391641997E+00
    0.402323833E+00
    0.412991028E+00
    0.423632299E+00
    0.434236368E+00
    0.444791992E+00
    0.455287977E+00
    0.465713197E+00
    0.476056630E+00
    0.486307354E+00
    0.496454588E+00
    0.506487698E+00
    0.516396209E+00
    0.526169844E+00
    0.535798518E+00
    0.545272360E+00
    0.554581734E+00
    0.563717250E+00
    0.572669770E+00
    0.581430437E+00
    0.589990671E+00
    0.598342189E+00
    0.606477021E+00
    0.614387507E+00
    0.622066322E+00
    0.629506473E+00
    0.636701317E+00
    0.643644556E+00
    0.650330260E+00
    0.656752856E+00
    0.662907152E+00
    0.668788314E+00
    0.674391904E+00
    0.679713846E+00
    0.684750456E+00
    0.689498433E+00
    0.693954844E+00
    0.698117156E+00
    0.701983200E+00
    0.705551189E+00
    0.708819715E+00
    0.711787738E+00
    0.714454575E+00
    0.716819922E+00
    0.718883818E+00
    0.720646661E+00
    0.722109193E+00
    0.723272491E+00
    0.724137964E+00
    0.724707353E+00
    0.724982700E+00
    0.724966367E+00
    0.724661013E+00
    0.724069583E+00
    0.723195302E+00
    0.722041673E+00
    0.720612449E+00
    0.718911648E+00
    0.716943509E+00
    0.714712521E+00
    0.712223375E+00
    0.709480984E+00
    0.706490447E+00
    0.703257051E+00
    0.699786265E+00
    0.696083709E+00
    0.692155164E+00
    0.688006554E+00
    0.683643926E+00
    0.679073446E+00
    0.674301396E+00
    0.669334145E+00
    0.664178155E+00
    0.658839965E+00
    0.653326168E+00
    0.647643426E+00
    0.641798439E+00
    0.635797940E+00
    0.629648690E+00
    0.623357469E+00
    0.616931055E+00
    0.610376230E+00
    0.603699763E+00
    0.596908401E+00
    0.590008866E+00
    0.583007839E+00
    0.575911965E+00
    0.568727826E+00
    0.561461962E+00
    0.554120825E+00
    0.546710817E+00
    0.539238249E+00
    0.531709347E+00
    0.524130254E+00
    0.516507015E+00
    0.508845567E+00
    0.501151751E+00
    0.493431296E+00
    0.485689812E+00
    0.477932800E+00
    0.470165630E+00
    0.462393551E+00
    0.454621687E+00
    0.446855030E+00
    0.439098438E+00
    0.431356635E+00
    0.423634211E+00
    0.415935611E+00
    0.408265149E+00
    0.400626994E+00
    0.393025172E+00
    0.385463570E+00
    0.377945934E+00
    0.370475863E+00
    0.363056814E+00
    0.355692107E+00
    0.348384910E+00
    0.341138261E+00
    0.333955052E+00
    0.326838031E+00
    0.319789818E+00
    0.312812886E+00
    0.305909576E+00
    0.299082098E+00
    0.292332527E+00
    0.285662805E+00
    0.279074752E+00
    0.272570056E+00
    0.266150284E+00
    0.259816880E+00
    0.253571173E+00
    0.247414369E+00
    0.241347561E+00
    0.235371738E+00
    0.229487768E+00
    0.223696423E+00
    0.217998366E+00
    0.212394161E+00
    0.206884274E+00
    0.201469076E+00
    0.196148845E+00
    0.190923771E+00
    0.185793957E+00
    0.180759421E+00
    0.175820102E+00
    0.170975864E+00
    0.166226492E+00
    0.161571701E+00
    0.157011138E+00
    0.152544386E+00
    0.148170960E+00
    0.143890321E+00
    0.139701870E+00
    0.135604954E+00
    0.131598871E+00
    0.127682867E+00
    0.123856145E+00
    0.120117865E+00
    0.116467145E+00
    0.112903067E+00
    0.109424678E+00
    0.106030991E+00
    0.102720990E+00
    0.994936320E-01
    0.963478478E-01
    0.932825485E-01
    0.902966204E-01
    0.873889376E-01
    0.845583536E-01
    0.818037123E-01
    0.791238436E-01
    0.765175695E-01
    0.739837067E-01
    0.715210639E-01
    0.691284473E-01
    0.668046646E-01
    0.645485208E-01
    0.623588219E-01
    0.602343829E-01
    0.581740183E-01
    0.561765535E-01
    0.542408202E-01
    0.523656585E-01
    0.505499214E-01
    0.487924733E-01
    0.470921907E-01
    0.454479648E-01
    0.438587033E-01
    0.423233272E-01
    0.408407771E-01
    0.394100100E-01
    0.380300018E-01
    0.366997471E-01
    0.354182607E-01
    0.341845779E-01
    0.329977528E-01
    0.318568637E-01
    0.307610068E-01
    0.297093026E-01
    0.287008927E-01
    0.277349401E-01
    0.268106310E-01
    0.259271738E-01
    0.250837982E-01
    0.242797583E-01
    0.235143287E-01
    0.227868075E-01
    0.220965151E-01
    0.214427939E-01
    0.208250084E-01
    0.202425455E-01
    0.196948143E-01
    0.191812452E-01
    0.187012893E-01
    0.182544216E-01
    0.178401355E-01
    0.174579473E-01
    0.171073934E-01
    0.167880301E-01
    0.164994347E-01
    0.162412044E-01
    0.160129556E-01
    0.158143250E-01
    0.156449676E-01
    0.155045580E-01
    0.153927889E-01
    0.153093715E-01
    0.152540348E-01
    0.152265258E-01
    0.152266079E-01
    0.152540631E-01
    0.153086876E-01
    0.153902955E-01
    0.154987154E-01
    0.156337917E-01
    0.157953831E-01
    0.159833626E-01
    0.161976162E-01
    0.164380437E-01
    0.167045565E-01
    0.169970778E-01
    0.173155420E-01
    0.176598940E-01
    0.180300873E-01
    0.184260850E-01
    0.188478577E-01
    0.192953834E-01
    0.197686454E-01
    0.202676335E-01
    0.207923407E-01
    0.213427641E-01
    0.219189026E-01
    0.225207571E-01
    0.231483272E-01
    0.238016137E-01
    0.244806140E-01
    0.251853234E-01
    0.259157324E-01
    0.266718268E-01
    0.274535856E-01
    0.282609807E-01
    0.290939756E-01
    0.299525237E-01
    0.308365683E-01
    0.317460399E-01
    0.326808571E-01
    0.336409246E-01
    0.346261314E-01
    0.356363515E-01
    0.366714422E-01
    0.377312416E-01
    0.388155712E-01
    0.399242321E-01
    0.410570048E-01
    0.422136497E-01
    0.433939049E-01
    0.445974864E-01
    0.458240877E-01
    0.470733780E-01
    0.483450034E-01
    0.496385843E-01
    0.509537181E-01
    0.522899757E-01
    0.536469029E-01
    0.550240199E-01
    0.564208210E-01
    0.578367740E-01
    0.592713221E-01
    0.607238809E-01
    0.621938403E-01
    0.636805649E-01
    0.651833924E-01
    0.667016354E-01
    0.682345814E-01
    0.697814914E-01
    0.713416031E-01
    0.729141288E-01
    0.744982560E-01
    0.760931512E-01
    0.776979541E-01
    0.793117838E-01
    0.809337375E-01
    0.825628898E-01
    0.841982954E-01
    0.858389886E-01
    0.874839837E-01
    0.891322774E-01
    0.907828467E-01
    0.924346540E-01
    0.940866432E-01
    0.957377444E-01
    0.973868722E-01
    0.990329279E-01
    0.100674801E+00
    0.102311371E+00
    0.103941502E+00
    0.105564054E+00
    0.107177877E+00
    0.108781813E+00
    0.110374700E+00
    0.111955370E+00
    0.113522651E+00
    0.115075371E+00
    0.116612355E+00
    0.118132431E+00
    0.119634425E+00
    0.121117169E+00
    0.122579498E+00
    0.124020254E+00
    0.125438285E+00
    0.126832448E+00
    0.128201611E+00
    0.129544651E+00
    0.130860461E+00
    0.132147946E+00
    0.133406028E+00
    0.134633645E+00
    0.135829754E+00
    0.136993332E+00
    0.138123378E+00
    0.139218913E+00
    0.140278983E+00
    0.141302659E+00
    0.142289038E+00
    0.143237246E+00
    0.144146439E+00
    0.145015803E+00
    0.145844556E+00
    0.146631948E+00
    0.147377265E+00
    0.148079827E+00
    0.148738990E+00
    0.149354148E+00
    0.149924734E+00
    0.150450219E+00
    0.150930112E+00
    0.151363966E+00
    0.151751374E+00
    0.152091971E+00
    0.152385433E+00
    0.152631483E+00
    0.152829883E+00
    0.152980442E+00
    0.153083012E+00
    0.153137489E+00
    0.153143815E+00
    0.153101977E+00
    0.153012003E+00
    0.152873972E+00
    0.152688003E+00
    0.152454260E+00
    0.152172953E+00
    0.151844334E+00
    0.151468701E+00
    0.151046393E+00
    0.150577792E+00
    0.150063324E+00
    0.149503452E+00
    0.148898685E+00
    0.148249567E+00
    0.147556687E+00
    0.146820667E+00
    0.146042169E+00
    0.145221890E+00
    0.144360564E+00
    0.143458958E+00
    0.142517873E+00
    0.141538142E+00
    0.140520628E+00
    0.139466224E+00
    0.138375852E+00
    0.137250460E+00
    0.136091023E+00
    0.134898539E+00
    0.133674029E+00
    0.132418538E+00
    0.131133125E+00
    0.129818874E+00
    0.128476884E+00
    0.127108267E+00
    0.125714153E+00
    0.124295682E+00
    0.122854005E+00
    0.121390286E+00
    0.119905692E+00
    0.118401400E+00
    0.116878591E+00
    0.115338448E+00
    0.113782159E+00
    0.112210911E+00
    0.110625889E+00
    0.109028277E+00
    0.107419255E+00
    0.105799997E+00
    0.104171671E+00
    0.102535437E+00
    0.100892446E+00
    0.992438381E-01
    0.975907413E-01
    0.959342707E-01
    0.942755269E-01
    0.926155960E-01
    0.909555469E-01
    0.892964299E-01
    0.876392789E-01
    0.859851065E-01
    0.843349048E-01
    0.826896456E-01
    0.810502769E-01
    0.794177247E-01
    0.777928908E-01
    0.761766515E-01
    0.745698604E-01
    0.729733423E-01
    0.713878972E-01
    0.698142982E-01
    0.682532912E-01
    0.667055935E-01
    0.651718959E-01
    0.636528592E-01
    0.621491167E-01
    0.606612721E-01
    0.591899011E-01
    0.577355502E-01
    0.562987362E-01
    0.548799472E-01
    0.534796423E-01
    0.520982516E-01
    0.507361773E-01
    0.493937909E-01
    0.480714376E-01
    0.467694336E-01
    0.454880668E-01
    0.442275986E-01
    0.429882627E-01
    0.417702656E-01
    0.405737888E-01
    0.393989866E-01
    0.382459887E-01
    0.371149005E-01
    0.360058015E-01
    0.349187496E-01
    0.338537784E-01
    0.328108993E-01
    0.317901017E-01
    0.307913547E-01
    0.298146056E-01
    0.288597833E-01
    0.279267965E-01
    0.270155366E-01
    0.261258763E-01
    0.252576717E-01
    0.244107633E-01
    0.235849754E-01
    0.227801182E-01
    0.219959874E-01
    0.212323652E-01
    0.204890223E-01
    0.197657166E-01
    0.190621955E-01
    0.183781960E-01
    0.177134451E-01
    0.170676611E-01
    0.164405543E-01
    0.158318271E-01
    0.152411751E-01
    0.146682879E-01
    0.141128490E-01
    0.135745377E-01
    0.130530281E-01
    0.125479911E-01
    0.120590943E-01
    0.115860030E-01
    0.111283796E-01
    0.106858861E-01
    0.102581826E-01
    0.984492922E-02
    0.944578542E-02
    0.906041198E-02
    0.868846993E-02
    0.832962143E-02
    0.798353081E-02
    0.764986388E-02
    0.732828927E-02
    0.701847818E-02
    0.672010483E-02
    0.643284691E-02
    0.615638555E-02
    0.589040594E-02
    0.563459729E-02
    0.538865340E-02
    0.515227235E-02
    0.492515708E-02
    0.470701571E-02
    0.449756098E-02
    0.429651126E-02
    0.410359016E-02
    0.391852676E-02
    0.374105576E-02
    0.357091746E-02
    0.340785787E-02
    0.325162874E-02
    0.310198783E-02
    0.295869857E-02
    0.282153030E-02
    0.269025845E-02
    0.256466388E-02
    0.244453366E-02
    0.232966071E-02
    0.221984362E-02
    0.211488683E-02
    0.201460049E-02
    0.191880048E-02
    0.182730816E-02
    0.173995061E-02
    0.165656032E-02
    0.157697511E-02
    0.150103823E-02
    0.142859801E-02
    0.135950807E-02
    0.129362705E-02
    0.123081830E-02
    0.117095038E-02
    0.111389634E-02
    0.105953389E-02
    0.100774528E-02
    0.958417216E-03
    0.911440567E-03
    0.866710557E-03
    0.824126407E-03
    0.783591273E-03
    0.745012227E-03
    0.708299962E-03
    0.673368931E-03
    0.640137037E-03
    0.608525606E-03
    0.578459228E-03
    0.549865636E-03
    0.522675770E-03
    0.496823426E-03
    0.472245312E-03
    0.448880931E-03
    0.426672373E-03
    0.405564325E-03
    0.385503990E-03
    0.366440910E-03
    0.348326910E-03
    0.331116004E-03
    0.314764308E-03
    0.299230009E-03
    0.284473162E-03
    0.270455707E-03
    0.257141381E-03
    0.244495608E-03
    0.232485431E-03
    0.221079498E-03
    0.210247874E-03
    0.199962154E-03
    0.190195176E-03
    0.180921163E-03
    0.172115580E-03
    0.163754988E-03
    0.155817190E-03
    0.148280997E-03
    0.141126250E-03
    0.134333839E-03
    0.127885486E-03
    0.121763868E-03
    0.115952480E-03
    0.110435640E-03
    0.105198428E-03
    0.100226663E-03
    0.955068402E-04
    0.910261106E-04
    0.867723063E-04
    0.827337830E-04
    0.788995364E-04
    0.752590724E-04
    0.718024048E-04
    0.685200651E-04
    0.654030228E-04
    0.624427269E-04
    0.596310132E-04
    0.569601621E-04
    0.544228053E-04
    0.520119415E-04
    0.497209389E-04
    0.475434766E-04
    0.454735555E-04
    0.435054970E-04
    0.416338759E-04
    0.398535558E-04
    0.381596630E-04
    0.365475668E-04
    0.350128691E-04
    0.335514103E-04
    0.321592344E-04
    0.308325881E-04
    0.295679107E-04
    0.283618459E-04
    0.272111942E-04
    0.261129418E-04
    0.250642083E-04
    0.240623111E-04
    0.231046685E-04
    0.221888693E-04
    0.213126181E-04
    0.204737614E-04
    0.196702494E-04
    0.189001687E-04
    0.181616962E-04
    0.174531229E-04
    0.167728444E-04
    0.161193376E-04
    0.154911856E-04
    0.148870509E-04
    0.143056698E-04
    0.137458771E-04
    0.132065537E-04
    0.126866808E-04
    0.121852907E-04
    0.117014715E-04
    0.112343918E-04
    0.107832596E-04
    0.103473490E-04
    0.992597722E-05
    0.951851873E-05
    0.912437868E-05
    0.874301781E-05
    0.837393345E-05
    0.801665823E-05
    0.767076732E-05
    0.733585733E-05
    0.701156665E-05
    0.669755250E-05
    0.639350804E-05
    0.609914734E-05
    0.581420243E-05
    0.553843348E-05
    0.527161413E-05
    0.501353349E-05
    0.476400579E-05
    0.452284635E-05
    0.428989247E-05
    0.406498974E-05
    0.384798654E-05
    0.363875093E-05
    0.343714843E-05
    0.324305190E-05
    0.305634493E-05
    0.287690432E-05
    0.270462168E-05
    0.253937424E-05
    0.238105789E-05
    0.222955366E-05
    0.208475347E-05
    0.194653694E-05
    0.181479182E-05
    0.168939727E-05
    0.157023170E-05
    0.145717187E-05
    0.135008841E-05
    0.124885210E-05
    0.115332500E-05
    0.106337088E-05
    0.978845547E-06
    0.899603428E-06
    0.825494591E-06
    0.756366136E-06
    0.692060227E-06
    0.632418002E-06
    0.577274156E-06
    0.526465821E-06
    0.479822318E-06
    0.437176838E-06
    0.398354993E-06
    0.363185427E-06
    0.331492736E-06
    0.303106303E-06
    0.277847048E-06
    0.255545362E-06
    0.236026285E-06
    0.219118126E-06
    0.204651564E-06
    0.192458680E-06
    0.182373622E-06
    0.174235846E-06
    0.167884174E-06
    0.163164991E-06
    0.159925162E-06
    0.158019472E-06
    0.157305205E-06
    0.157646142E-06
    0.158907780E-06
    0.160966830E-06
    0.163700810E-06
    0.166994743E-06
    0.170740429E-06
    0.174834829E-06
    0.179181103E-06
    0.183689373E-06
    0.188275705E-06
    0.192861762E-06
    0.197377911E-06
    0.201757559E-06
    0.205943823E-06
    0.209883028E-06
    0.213529152E-06
    0.216842520E-06
    0.219787590E-06
    0.222336212E-06
    0.224463111E-06
    0.226151972E-06
    0.227387745E-06
    0.228164141E-06
    0.228474916E-06
    0.228322109E-06
    0.227708219E-06
    0.226643059E-06
    0.225138130E-06
    0.223208329E-06
    0.220872513E-06
    0.218150062E-06
    0.215065068E-06
    0.211644390E-06
    0.207912542E-06
    0.203900121E-06
    0.199638374E-06
    0.195157181E-06
    0.190491037E-06
    0.185672709E-06
    0.180734058E-06
    0.175710926E-06
    0.170637410E-06
    0.165543665E-06
    0.160467327E-06
    0.155437682E-06
    0.150487767E-06
    0.145649253E-06
    0.140949804E-06
    0.136419711E-06
    0.132086327E-06
    0.127973627E-06
    0.124107535E-06
    0.120508769E-06
    0.117198669E-06
    0.114196908E-06
    0.111520286E-06
    0.109181465E-06
    0.107196990E-06
    0.105575475E-06
    0.104326682E-06
    0.103457512E-06
    0.102973199E-06
    0.102876444E-06
    0.103168719E-06
    0.103848118E-06
    0.104913080E-06
    0.106357057E-06
    0.108176554E-06
    0.110360671E-06
    0.112901291E-06
    0.115787076E-06
    0.119003905E-06
    0.122539071E-06
    0.126376632E-06
    0.130498841E-06
    0.134889803E-06
    0.139529384E-06
    0.144398318E-06
    0.149475819E-06
    0.154740490E-06
    0.160170374E-06
    0.165745391E-06
    0.171440937E-06
    0.177234648E-06
    0.183105307E-06
    0.189025621E-06
    0.194976937E-06
    0.200935667E-06
    0.206876786E-06
    0.212781316E-06
    0.218625621E-06
    0.224388609E-06
    0.230051234E-06
    0.235591864E-06
    0.240991525E-06
    0.246232587E-06
    0.251297548E-06
    0.256167661E-06
    0.260830294E-06
    0.265268812E-06
    0.269470641E-06
    0.273422612E-06
    0.277112776E-06
    0.280531409E-06
    0.283669895E-06
    0.286518692E-06
    0.289072326E-06
    0.291323753E-06
    0.293269841E-06
    0.294905819E-06
    0.296230780E-06
    0.297240980E-06
    0.297937066E-06
    0.298321515E-06
    0.298394497E-06
    0.298157489E-06
    0.297618140E-06
    0.296776996E-06
    0.295642177E-06
    0.294218818E-06
    0.292513615E-06
    0.290533700E-06
    0.288290373E-06
    0.285788395E-06
    0.283039560E-06
    0.280054611E-06
    0.276841284E-06
    0.273413365E-06
    0.269779715E-06
    0.265951989E-06
    0.261943876E-06
    0.257765522E-06
    0.253428768E-06
    0.248946049E-06
    0.244328925E-06
    0.239590184E-06
    0.234742399E-06
    0.229796272E-06
    0.224763527E-06
    0.219656778E-06
    0.214487508E-06
    0.209265682E-06
    0.204003155E-06
    0.198711010E-06
    0.193398288E-06
    0.188076288E-06
    0.182753709E-06
    0.177440302E-06
    0.172144720E-06
    0.166876737E-06
    0.161641309E-06
    0.156449858E-06
    0.151307233E-06
    0.146220578E-06
    0.141197558E-06
    0.136242247E-06
    0.131361248E-06
    0.126560434E-06
    0.121842429E-06
    0.117212779E-06
    0.112674934E-06
    0.108232433E-06
    0.103888396E-06
    0.996459508E-07
    0.955057403E-07
    0.914711103E-07
    0.875432228E-07
    0.837234883E-07
    0.800123090E-07
    0.764109826E-07
    0.729192473E-07
    0.695374168E-07
    0.662650171E-07
    0.631018885E-07
    0.600470212E-07
    0.571000268E-07
    0.542593906E-07
    0.515234664E-07
    0.488921113E-07
    0.463620757E-07
    0.439326223E-07
    0.416017879E-07
    0.393667258E-07
    0.372264269E-07
    0.351782096E-07
    0.332195027E-07
    0.313485489E-07
    0.295627219E-07
    0.278594766E-07
    0.262366892E-07
    0.246915653E-07
    0.232213557E-07
    0.218241617E-07
    0.204970986E-07
    0.192378003E-07
    0.180436415E-07
    0.169123218E-07
    0.158412047E-07
    0.148281468E-07
    0.138703602E-07
    0.129660183E-07
    0.121123675E-07
    0.113075988E-07
    0.105490841E-07
    0.983501931E-08
    0.916336427E-08
    0.853166821E-08
    0.793849245E-08
    0.738163052E-08
    0.685915634E-08
    0.636971641E-08
    0.591112874E-08
    0.548200315E-08
    0.508075445E-08
    0.470576170E-08
    0.435556695E-08
    0.402890260E-08
    0.372420704E-08
    0.344029098E-08
    0.317600308E-08
    0.293005692E-08
    0.270137886E-08
    0.248892320E-08
    0.229165816E-08
    0.210867549E-08
    0.193900363E-08
    0.178179494E-08
    0.163629911E-08
    0.150164893E-08
    0.137720568E-08
    0.126216944E-08
    0.115602974E-08
    0.105807687E-08
    0.967736658E-09
    0.884586730E-09
    0.807970717E-09
    0.737515627E-09
    0.672763218E-09
    0.613222102E-09
    0.558602515E-09
    0.508470918E-09
    0.462501965E-09
    0.420400378E-09
    0.381877958E-09
    0.346595123E-09
    0.314368782E-09
    0.284925118E-09
    0.258041298E-09
    0.233517155E-09
    0.211167988E-09
    0.190799268E-09
    0.172278071E-09
    0.155412755E-09
    0.140100186E-09
    0.126198768E-09
    0.113575693E-09
    0.102133256E-09
    0.917562980E-10
    0.823750015E-10
    0.738751040E-10
    0.661971460E-10
    0.592752314E-10
    0.530156155E-10
    0.473856500E-10
    0.423034168E-10
    0.377316223E-10
    0.336277689E-10
    0.299295092E-10
    0.266148284E-10
    0.236449579E-10
    0.209818356E-10
    0.185947912E-10
    0.164672304E-10
    0.145643935E-10
    0.128664799E-10
    0.113545366E-10
    0.100068231E-10
    0.880680090E-11
    0.774320037E-11
    0.679561275E-11
    0.595952098E-11
    0.521858515E-11
    0.456203741E-11
    0.398259941E-11
    0.347187830E-11
    0.302264344E-11
    0.262602944E-11
    0.227862537E-11
    0.197468932E-11
    0.170634086E-11
    0.147262818E-11
    0.126711309E-11
    0.109111590E-11
    0.935884981E-12
    0.800907044E-12
    0.684617902E-12
    0.583831375E-12
    0.495808295E-12
    0.420667700E-12
    0.356170621E-12
    0.300559631E-12
    0.252899658E-12
    0.212481230E-12
    0.177278298E-12
    0.147887158E-12
    0.122902479E-12
    0.101317606E-12
    0.835620108E-13
    0.685353308E-13
    0.556402434E-13
    0.453522440E-13
    0.366155461E-13
    0.295099593E-13
    0.234013473E-13
    0.186560517E-13
    0.146728184E-13
    0.112860653E-13
    0.864299722E-14
    0.661976752E-14
    0.507280663E-14
    0.366487352E-14
    0.268918205E-14
    0.193748882E-14
    0.134899141E-14
    0.916401493E-15
    0.618322219E-15
    0.403015853E-15
    0.248338108E-15
    0.174564641E-15
    0.133435544E-15
    0.130175288E-15
    0.118066488E-15
    0.140174639E-15
    0.178190102E-15
    0.203196333E-15
    0.236661069E-15
    0.294485537E-15
    0.291777089E-15
    0.341034635E-15
    0.363040417E-15
    0.392623126E-15
    0.377443936E-15
    0.401862082E-15
    0.439186591E-15
    0.407368567E-15
    0.386969595E-15
    0.413915455E-15
    0.401027175E-15
    0.393571564E-15
    0.362675455E-15
    0.342978185E-15
    0.331478009E-15
    0.323204071E-15
    0.291960912E-15
    0.292676094E-15
    0.278116916E-15
    0.266591768E-15
    0.258876321E-15
    0.222548865E-15
    0.224325185E-15
    0.210667805E-15
    0.164731415E-15
    0.177567064E-15
    0.163233383E-15
    0.144271746E-15
    0.142866733E-15
    0.132685969E-15
    0.126924010E-15
    0.102944786E-15
    0.111270697E-15
    0.983985573E-16
    0.795271739E-16
    0.826745096E-16
    0.687905446E-16
    0.763362884E-16
    0.709547233E-16
    0.560646619E-16
    0.553476381E-16
    0.585472227E-16
    0.471041359E-16
    0.467553679E-16
    0.468449676E-16
    0.462731745E-16
    0.493902206E-16
    0.344544308E-16
    0.363500578E-16
    0.328567400E-16
    0.373530489E-16
    0.298217819E-16
    0.387996830E-16
    0.350568957E-16
    0.328165605E-16
    0.308930975E-16
    0.292437758E-16
    0.357740365E-16
    0.349135440E-16
    0.343698231E-16
    0.338659311E-16
    0.326113292E-16
    0.292601596E-16
    0.270683787E-16
    0.301993877E-16
    0.339729810E-16
    0.258946374E-16
    0.355859351E-16
    0.242958635E-16
    0.297282082E-16
    0.209967133E-16
    0.232810471E-16
    0.332684507E-16
    0.403756444E-16
    0.315299840E-16
    0.214079168E-16
    0.255384452E-16
    0.227292087E-16
    0.332879664E-16
    0.313703782E-16
    0.337456412E-16
    0.326312385E-16
    0.236498535E-16
    0.260688399E-16
    0.301202386E-16
    0.340289524E-16
    0.265974587E-16
    0.388020879E-16
    0.273361876E-16
    0.271748971E-16
    0.270334827E-16
    0.308022454E-16
    0.249463553E-16
    0.265650899E-16
    0.313148499E-16
    0.260892387E-16
    0.216267767E-16
    0.219504418E-16
    0.252380250E-16
    0.310357009E-16
    0.285360196E-16
    0.375299252E-16
    0.282191257E-16
    0.246752577E-16
    0.229753841E-16
    0.339150066E-16
    0.292113017E-16
    0.369728760E-16
    0.235148118E-16
    0.299553519E-16
    0.367768672E-16
    0.297069155E-16
    0.285717326E-16
    0.304099168E-16
    0.351106683E-16
    0.240197223E-16
    0.280160127E-16
    0.287372858E-16
    0.259490522E-16
    0.295558239E-16
    0.253064046E-16
    0.243249908E-16
    0.281635844E-16
    0.234278444E-16
    0.240103695E-16
    0.274506769E-16
    0.255487984E-16
    0.243983920E-16
    0.340093764E-16
    0.258826147E-16
    0.284036270E-16
    0.253842771E-16
    0.288144388E-16
    0.288876903E-16
    0.332629570E-16
    0.308482130E-16
    0.285908239E-16
    0.349821228E-16
    0.287508680E-16
    0.259240505E-16
    0.332697578E-16
    0.301471116E-16
    0.331086007E-16
    0.239265392E-16
    0.290181613E-16
    0.269253950E-16
    0.270824045E-16
    0.270776177E-16
    0.281303252E-16
    0.324681460E-16
    0.293128146E-16
    0.236371849E-16
    0.220978547E-16
    0.274667326E-16
    0.311675757E-16
    0.243465660E-16
    0.276301754E-16
    0.265417719E-16
    0.283495186E-16
    0.234080718E-16
    0.360565588E-16
    0.294276232E-16
    0.359329459E-16
    0.262386551E-16
    0.239123486E-16
    0.378610353E-16
    0.260200253E-16
    0.291731695E-16
    0.298718971E-16
    0.406317905E-16
    0.224992672E-16
    0.226276352E-16
    0.317330537E-16
    0.272687774E-16
    0.250327768E-16
    0.269018617E-16
    0.245112831E-16
    0.288011869E-16
    0.230487501E-16
    0.226681758E-16
    0.332343788E-16
    0.278595185E-16
    0.283344345E-16
    0.228757624E-16
    0.256101735E-16
    0.248303068E-16
    0.332557046E-16
    0.312395174E-16
    0.318514303E-16
    0.284979908E-16
    0.303777559E-16
    0.256991565E-16
    0.340520420E-16
    0.340302126E-16
    0.259658629E-16
    0.357711335E-16
    0.277753841E-16
    0.320190042E-16
    0.262287214E-16
    0.223792917E-16
    0.333877874E-16
    0.240881298E-16
    0.266783697E-16
    0.208238798E-16
    0.273407341E-16
    0.241527387E-16
    0.264623067E-16
    0.308332519E-16
    0.329055267E-16
    0.278763855E-16
    0.251621235E-16
    0.210502544E-16
    0.259154447E-16
    0.311924039E-16
    0.297531516E-16
    0.317006986E-16
    0.235603549E-16
    0.315864973E-16
    0.316765449E-16
    0.263973071E-16
    0.340147738E-16
    0.296258351E-16
    0.283871095E-16
    0.277485444E-16
    0.329653366E-16
    0.257780990E-16
    0.208706288E-16
    0.379999479E-16
    0.250455622E-16
    0.245218337E-16
    0.260501847E-16
    0.315051732E-16
    0.246420131E-16
    0.279394778E-16
    0.239026068E-16
    0.326900296E-16
    0.297461055E-16
    0.253382407E-16
    0.260201665E-16
    0.240011885E-16
    0.272547721E-16
    0.274070771E-16
    0.337832617E-16
    0.264901630E-16
    0.297984472E-16
    0.295763877E-16
    0.276367383E-16
    0.273064438E-16
    0.331809637E-16
    0.241978811E-16
    0.277191401E-16
    0.291194487E-16
    0.268591821E-16
    0.283288527E-16
    0.298663298E-16
    0.251967120E-16
    0.262499457E-16
    0.297602326E-16
    0.277449185E-16
    0.240414474E-16
    0.269656703E-16
    0.221846810E-16
    0.302763046E-16
    0.288598131E-16
    0.305002476E-16
    0.248267853E-16
    0.311162864E-16
    0.238716753E-16
    0.296967129E-16
    0.323167278E-16
    0.282359952E-16
    0.326131912E-16
    0.257629031E-16
    0.375981967E-16
    0.277599218E-16
    0.274250095E-16
    0.236939600E-16
    0.294771948E-16
    0.283484991E-16
    0.256434717E-16
    0.321360690E-16
    0.278666985E-16
    0.285302534E-16
    0.196445016E-16
    0.282829746E-16
    0.279273435E-16
    0.302063406E-16
    0.244295913E-16
    0.290589206E-16
    0.247753427E-16
    0.268710973E-16
    0.274665635E-16
    0.294740047E-16
    0.286726393E-16
    0.237618945E-16
    0.297600065E-16
    0.319591242E-16
    0.293800326E-16
    0.331307351E-16
    0.288734692E-16
    0.358865597E-16
    0.307662170E-16
    0.206714806E-16
    0.314108888E-16
    0.269984495E-16
    0.262002277E-16
    0.223904071E-16
    0.298449948E-16
    0.347890593E-16
    0.309847290E-16
    0.199625949E-16
    0.310491213E-16
    0.319711839E-16
    0.280724966E-16
    0.244718122E-16
    0.302009651E-16
    0.237737987E-16
    0.254828766E-16
    0.267818866E-16
    0.284233335E-16
    0.263282810E-16
    0.234567093E-16
    0.292239253E-16
    0.286813932E-16
    0.335149795E-16
    0.334263868E-16
    0.302731838E-16
    0.288860271E-16
    0.337279735E-16
    0.246714229E-16
    0.251661353E-16
    0.273126320E-16
    0.269141383E-16
    0.238228251E-16
    0.265376462E-16
    0.439020431E-16
    0.319371285E-16
    0.227560087E-16
    0.308308820E-16
    0.327495007E-16
    0.250581213E-16
    0.232837617E-16
    0.289534723E-16
    0.242319045E-16
    0.287753593E-16
    0.253834271E-16
    0.282668338E-16
    0.268806727E-16
    0.231047411E-16
    0.307298280E-16
    0.301334301E-16
    0.351984208E-16
    0.311633862E-16
    0.310423101E-16
    0.256890364E-16
    0.334379555E-16
    0.218945165E-16
    0.184285544E-16
    0.309997233E-16
    0.302674661E-16
    0.202077122E-16
    0.279078865E-16
    0.442876756E-16
    0.273542556E-16
    0.220264734E-16
    0.305492590E-16
    0.320456113E-16
    0.246205564E-16
    0.250411057E-16
    0.291852468E-16
    0.254367154E-16
    0.315338843E-16
    0.239783038E-16
    0.298525106E-16
    0.273646248E-16
    0.258821463E-16
    0.298703323E-16
    0.304285695E-16
    0.308783923E-16
    0.305951332E-16
    0.350966476E-16
    0.277718926E-16
    0.292748585E-16
    0.270755709E-16
    0.216805701E-16
    0.254646450E-16
    0.362373851E-16
    0.267791581E-16
    0.306281824E-16
    0.423827083E-16
    0.265143437E-16
    0.262415719E-16
    0.343518552E-16
    0.272603323E-16
    0.214389227E-16
    0.273959508E-16
    0.292768421E-16
    0.267891657E-16
    0.278939351E-16
    0.288783339E-16
    0.298450986E-16
    0.264255528E-16
    0.287690426E-16
    0.277260678E-16
    0.274473620E-16
    0.315943513E-16
    0.302835985E-16
    0.305521868E-16
    0.311896808E-16
    0.298230660E-16
    0.263729818E-16
    0.184658303E-16
    0.292669187E-16
    0.375596987E-16
    0.338399141E-16
    0.317553307E-16
    0.347423379E-16
    0.269874314E-16
    0.258007898E-16
    0.324131671E-16
    0.246251538E-16
    0.214177972E-16
    0.272895333E-16
    0.325516881E-16
    0.277539565E-16
    0.222406280E-16
    0.296080955E-16
    0.300982799E-16
    0.260605782E-16
    0.270277763E-16
    0.302520912E-16
    0.271839381E-16
    0.308009291E-16
    0.299005337E-16
    0.315465949E-16
    0.350393636E-16
    0.244170918E-16
    0.302961696E-16
    0.238220830E-16
    0.291429550E-16
    0.274907257E-16
    0.406856156E-16
    0.303710812E-16
    0.300879993E-16
    0.240859552E-16
    0.256809901E-16
    0.363168341E-16
    0.282015564E-16
    0.238259112E-16
    0.259671890E-16
    0.319542397E-16
    0.266609428E-16
    0.254365745E-16
    0.275860927E-16
    0.277060208E-16
    0.230814011E-16
    0.307284806E-16
    0.264544723E-16
    0.274555024E-16
    0.316173721E-16
    0.340897636E-16
    0.341667803E-16
    0.347826388E-16
    0.249982959E-16
    0.310326633E-16
    0.213410505E-16
    0.234786724E-16
    0.288129145E-16
    0.458033168E-16
    0.351423082E-16
    0.235641314E-16
    0.322892141E-16
    0.348859938E-16
    0.296884405E-16
    0.277040459E-16
    0.269074955E-16
    0.245698873E-16
    0.242501926E-16
    0.264628513E-16
    0.235462023E-16
    0.321839922E-16
    0.312204257E-16
    0.304589318E-16
    0.268004659E-16
    0.350686111E-16
    0.346521761E-16
    0.350691628E-16
    0.385760274E-16
    0.336347720E-16
    0.264619059E-16
    0.221425848E-16
    0.294125862E-16
    0.308175515E-16
    0.258328994E-16
    0.322268545E-16
    0.481180578E-16
    0.275929871E-16
    0.213173197E-16
    0.320693699E-16
    0.319748123E-16
    0.225855364E-16
    0.261993661E-16
    0.303677953E-16
    0.216475391E-16
    0.235373541E-16
    0.307825885E-16
    0.255198508E-16
    0.399384316E-16
    0.293922862E-16
    0.293789690E-16
    0.358698901E-16
    0.287540525E-16
    0.295787918E-16
    0.412366536E-16
    0.357104342E-16
    0.307962490E-16
    0.256384889E-16
    0.256184856E-16
    0.239329811E-16
    0.278805531E-16
    0.310060691E-16
    0.431146240E-16
    0.358205874E-16
    0.325800069E-16
    0.295484417E-16
    0.414243654E-16
    0.368639725E-16
    0.358349871E-16
    0.447762138E-16
    0.386054093E-16
    0.267009847E-16
    0.375927886E-16
    0.347831347E-16
    0.260693862E-16
    0.437304712E-16
    0.333438738E-16
    0.355241791E-16
    0.405619859E-16
    0.342033060E-16
    0.411326083E-16
    0.329386812E-16
    0.254270975E-16
    0.256359696E-16
    0.207275366E-16
    0.317309510E-16
    0.277011916E-16
    0.310068852E-16
    0.259325381E-16
    0.318063580E-16
    0.224986123E-16
    0.264468824E-16
    0.347184841E-16
    0.300856238E-16
    0.253560809E-16
    0.277471798E-16
    0.257764749E-16
    0.167373367E-16
    0.276105380E-16
    0.264184541E-16
    0.249944625E-16
    0.355108588E-16
    0.242705574E-16
    0.261534553E-16
    0.288513152E-16
    0.284817303E-16
    0.302024779E-16
    0.298111877E-16
    0.259363176E-16
    0.282437616E-16
    0.266652946E-16
    0.300456850E-16
    0.351613510E-16
    0.337080972E-16
    0.265667356E-16
    0.351407440E-16
    0.264891979E-16
    0.262799017E-16
    0.277543185E-16
    0.283178495E-16
    0.230981267E-16
    0.309091346E-16
    0.297799806E-16
    0.247641736E-16
    0.405427899E-16
    0.398587234E-16
    0.413960154E-16
    0.481391348E-16
    0.330105113E-16
    0.409835960E-16
    0.372160322E-16
    0.407853094E-16
    0.378372520E-16
    0.352159888E-16
    0.272662793E-16
    0.269947702E-16
    0.195547498E-16
    0.292866030E-16
    0.219363394E-16
    0.219689592E-16
    0.252633187E-16
    0.302260225E-16
    0.268042812E-16
    0.246733437E-16
    0.230181624E-16
    0.215305182E-16
    0.222608763E-16
    0.274900510E-16
    0.286617944E-16
    0.272374651E-16
    0.342780528E-16
    0.260685207E-16
    0.306663866E-16
    0.221248279E-16
    0.265950684E-16
    0.252811276E-16
    0.229893255E-16
    0.254372765E-16
    0.364806643E-16
