 #tdnd tdcion
    0.197262219E-16
    0.225207865E-16
    0.302305707E-16
    0.344318515E-16
    0.332577986E-16
    0.309456610E-16
    0.269713998E-16
    0.270681804E-16
    0.327287139E-16
    0.372235463E-16
    0.318509383E-16
    0.337274453E-16
    0.427973343E-16
    0.390620321E-16
    0.372919166E-16
    0.410252852E-16
    0.238532907E-16
    0.293059342E-16
    0.251878114E-16
    0.212120142E-16
    0.231956643E-16
    0.316961265E-16
    0.295148919E-16
    0.269140647E-16
    0.262836764E-16
    0.259590332E-16
    0.290647114E-16
    0.331556204E-16
    0.329459717E-16
    0.327124812E-16
    0.256002196E-16
    0.242554534E-16
    0.263734982E-16
    0.332671058E-16
    0.339806243E-16
    0.277684955E-16
    0.214917374E-16
    0.206757099E-16
    0.266265215E-16
    0.275919636E-16
    0.254194893E-16
    0.281215686E-16
    0.236603108E-16
    0.223079403E-16
    0.198561324E-16
    0.188010445E-16
    0.256320964E-16
    0.324469942E-16
    0.284691512E-16
    0.265337442E-16
    0.227070565E-16
    0.248449259E-16
    0.213339303E-16
    0.323443287E-16
    0.333064074E-16
    0.252970424E-16
    0.318327661E-16
    0.235053525E-16
    0.268973354E-16
    0.239978713E-16
    0.293227793E-16
    0.261474125E-16
    0.231835105E-16
    0.260976508E-16
    0.273207748E-16
    0.189490844E-16
    0.314787461E-16
    0.249171952E-16
    0.256805095E-16
    0.225311962E-16
    0.207020345E-16
    0.171068639E-16
    0.267022453E-16
    0.236020085E-16
    0.269212637E-16
    0.291526645E-16
    0.202436781E-16
    0.277862042E-16
    0.226027216E-16
    0.292301644E-16
    0.323460476E-16
    0.250642541E-16
    0.226651831E-16
    0.238038395E-16
    0.232373357E-16
    0.265946684E-16
    0.292127272E-16
    0.223260068E-16
    0.171199271E-16
    0.205602947E-16
    0.221229503E-16
    0.204502141E-16
    0.324401818E-16
    0.240816227E-16
    0.255229298E-16
    0.219576372E-16
    0.215063862E-16
    0.206519965E-16
    0.262367839E-16
    0.245842659E-16
    0.270304966E-16
    0.261607077E-16
    0.231340812E-16
    0.309215102E-16
    0.217388869E-16
    0.271323465E-16
    0.251262464E-16
    0.217876688E-16
    0.290981334E-16
    0.217102280E-16
    0.188145654E-16
    0.238592408E-16
    0.326214366E-16
    0.259677402E-16
    0.229994028E-16
    0.272322905E-16
    0.189346396E-16
    0.225219862E-16
    0.279532332E-16
    0.232156749E-16
    0.291921020E-16
    0.252932074E-16
    0.176664454E-16
    0.219801727E-16
    0.267480553E-16
    0.184748087E-16
    0.274672873E-16
    0.283797572E-16
    0.197407595E-16
    0.269951373E-16
    0.236501485E-16
    0.257836719E-16
    0.214302867E-16
    0.258433875E-16
    0.277651419E-16
    0.241803254E-16
    0.167022765E-16
    0.245048947E-16
    0.245527183E-16
    0.302689893E-16
    0.290042756E-16
    0.252321551E-16
    0.328676696E-16
    0.348839918E-16
    0.436717954E-16
    0.711897473E-16
    0.923536254E-16
    0.133969515E-15
    0.181433718E-15
    0.262262093E-15
    0.483697739E-15
    0.618874063E-15
    0.976039529E-15
    0.147523357E-14
    0.224944366E-14
    0.333864543E-14
    0.518074019E-14
    0.775708931E-14
    0.117257612E-13
    0.173781788E-13
    0.261912128E-13
    0.384836294E-13
    0.573551903E-13
    0.844544004E-13
    0.124077966E-12
    0.182018593E-12
    0.266267584E-12
    0.388872474E-12
    0.566911910E-12
    0.819587540E-12
    0.118385167E-11
    0.170614170E-11
    0.244619658E-11
    0.350692029E-11
    0.500380584E-11
    0.712890854E-11
    0.101233832E-10
    0.143123113E-10
    0.202064370E-10
    0.284390463E-10
    0.398826698E-10
    0.558115570E-10
    0.778568963E-10
    0.108290491E-09
    0.150218144E-09
    0.207783374E-09
    0.286597393E-09
    0.394180909E-09
    0.540643171E-09
    0.739488504E-09
    0.100860991E-08
    0.137192545E-08
    0.186099494E-08
    0.251748135E-08
    0.339618239E-08
    0.456912237E-08
    0.613078834E-08
    0.820395033E-08
    0.109484145E-07
    0.145724625E-07
    0.193437870E-07
    0.256096993E-07
    0.338155088E-07
    0.445324034E-07
    0.584934054E-07
    0.766287680E-07
    0.100124803E-06
    0.130487194E-06
    0.169614733E-06
    0.219906463E-06
    0.284378851E-06
    0.366808246E-06
    0.471921746E-06
    0.605609933E-06
    0.775196428E-06
    0.989759330E-06
    0.126051806E-05
    0.160130596E-05
    0.202912022E-05
    0.256479621E-05
    0.323378969E-05
    0.406713584E-05
    0.510252362E-05
    0.638563189E-05
    0.797163839E-05
    0.992703985E-05
    0.123316568E-04
    0.152811620E-04
    0.188897389E-04
    0.232933886E-04
    0.286535824E-04
    0.351614095E-04
    0.430424793E-04
    0.525622597E-04
    0.640321291E-04
    0.778164528E-04
    0.943400678E-04
    0.114096891E-03
    0.137659554E-03
    0.165689690E-03
    0.198949526E-03
    0.238314399E-03
    0.284786446E-03
    0.339509341E-03
    0.403783990E-03
    0.479085644E-03
    0.567081601E-03
    0.669650186E-03
    0.788900364E-03
    0.927192312E-03
    0.108715828E-02
    0.127172399E-02
    0.148412982E-02
    0.172795285E-02
    0.200712688E-02
    0.232596304E-02
    0.268916874E-02
    0.310186435E-02
    0.356959965E-02
    0.409836536E-02
    0.469460321E-02
    0.536521385E-02
    0.611755662E-02
    0.695944953E-02
    0.789916171E-02
    0.894540051E-02
    0.101072943E-01
    0.113943678E-01
    0.128165123E-01
    0.143839483E-01
    0.161071812E-01
    0.179969539E-01
    0.200641868E-01
    0.223199187E-01
    0.247752364E-01
    0.274412017E-01
    0.303287734E-01
    0.334487258E-01
    0.368115631E-01
    0.404274349E-01
    0.443060456E-01
    0.484565696E-01
    0.528875659E-01
    0.576068947E-01
    0.626216384E-01
    0.679380300E-01
    0.735613838E-01
    0.794960411E-01
    0.857453108E-01
    0.923114364E-01
    0.991955587E-01
    0.106397698E+00
    0.113916739E+00
    0.121750433E+00
    0.129895412E+00
    0.138347200E+00
    0.147100252E+00
    0.156147987E+00
    0.165482835E+00
    0.175096291E+00
    0.184978979E+00
    0.195120699E+00
    0.205510513E+00
    0.216136797E+00
    0.226987315E+00
    0.238049288E+00
    0.249309452E+00
    0.260754126E+00
    0.272369270E+00
    0.284140538E+00
    0.296053319E+00
    0.308092806E+00
    0.320244006E+00
    0.332491795E+00
    0.344820944E+00
    0.357216142E+00
    0.369662020E+00
    0.382143185E+00
    0.394644211E+00
    0.407149690E+00
    0.419644228E+00
    0.432112467E+00
    0.444539105E+00
    0.456908916E+00
    0.469206775E+00
    0.481417670E+00
    0.493526739E+00
    0.505519290E+00
    0.517380829E+00
    0.529097096E+00
    0.540654089E+00
    0.552038098E+00
    0.563235737E+00
    0.574233970E+00
    0.585020146E+00
    0.595582025E+00
    0.605907802E+00
    0.615986128E+00
    0.625806141E+00
    0.635357471E+00
    0.644630267E+00
    0.653615194E+00
    0.662303459E+00
    0.670686809E+00
    0.678757532E+00
    0.686508466E+00
    0.693932993E+00
    0.701025050E+00
    0.707779102E+00
    0.714190166E+00
    0.720253787E+00
    0.725966047E+00
    0.731323547E+00
    0.736323414E+00
    0.740963283E+00
    0.745241302E+00
    0.749156121E+00
    0.752706884E+00
    0.755893226E+00
    0.758715261E+00
    0.761173582E+00
    0.763269238E+00
    0.765003745E+00
    0.766379050E+00
    0.767397545E+00
    0.768062036E+00
    0.768375737E+00
    0.768342265E+00
    0.767965599E+00
    0.767250099E+00
    0.766200469E+00
    0.764821739E+00
    0.763119262E+00
    0.761098684E+00
    0.758765946E+00
    0.756127240E+00
    0.753189021E+00
    0.749957970E+00
    0.746440991E+00
    0.742645188E+00
    0.738577853E+00
    0.734246446E+00
    0.729658588E+00
    0.724822041E+00
    0.719744690E+00
    0.714434536E+00
    0.708899676E+00
    0.703148290E+00
    0.697188630E+00
    0.691029004E+00
    0.684677759E+00
    0.678143278E+00
    0.671433954E+00
    0.664558184E+00
    0.657524364E+00
    0.650340857E+00
    0.643016004E+00
    0.635558102E+00
    0.627975387E+00
    0.620276042E+00
    0.612468162E+00
    0.604559777E+00
    0.596558807E+00
    0.588473085E+00
    0.580310332E+00
    0.572078155E+00
    0.563784036E+00
    0.555435333E+00
    0.547039264E+00
    0.538602910E+00
    0.530133209E+00
    0.521636943E+00
    0.513120743E+00
    0.504591077E+00
    0.496054257E+00
    0.487516420E+00
    0.478983543E+00
    0.470461423E+00
    0.461955689E+00
    0.453471791E+00
    0.445015003E+00
    0.436590420E+00
    0.428202957E+00
    0.419857347E+00
    0.411558149E+00
    0.403309733E+00
    0.395116296E+00
    0.386981849E+00
    0.378910232E+00
    0.370905099E+00
    0.362969933E+00
    0.355108042E+00
    0.347322559E+00
    0.339616447E+00
    0.331992499E+00
    0.324453344E+00
    0.317001445E+00
    0.309639103E+00
    0.302368465E+00
    0.295191514E+00
    0.288110088E+00
    0.281125875E+00
    0.274240413E+00
    0.267455101E+00
    0.260771198E+00
    0.254189826E+00
    0.247711975E+00
    0.241338509E+00
    0.235070166E+00
    0.228907562E+00
    0.222851195E+00
    0.216901455E+00
    0.211058615E+00
    0.205322847E+00
    0.199694218E+00
    0.194172703E+00
    0.188758174E+00
    0.183450418E+00
    0.178249135E+00
    0.173153942E+00
    0.168164378E+00
    0.163279899E+00
    0.158499902E+00
    0.153823706E+00
    0.149250569E+00
    0.144779690E+00
    0.140410204E+00
    0.136141198E+00
    0.131971706E+00
    0.127900712E+00
    0.123927157E+00
    0.120049942E+00
    0.116267926E+00
    0.112579934E+00
    0.108984759E+00
    0.105481159E+00
    0.102067870E+00
    0.987436010E-01
    0.955070369E-01
    0.923568461E-01
    0.892916764E-01
    0.863101600E-01
    0.834109211E-01
    0.805925663E-01
    0.778536991E-01
    0.751929123E-01
    0.726087976E-01
    0.700999410E-01
    0.676649275E-01
    0.653023446E-01
    0.630107819E-01
    0.607888294E-01
    0.586350887E-01
    0.565481631E-01
    0.545266665E-01
    0.525692227E-01
    0.506744654E-01
    0.488410417E-01
    0.470676120E-01
    0.453528520E-01
    0.436954515E-01
    0.420941207E-01
    0.405475830E-01
    0.390545853E-01
    0.376138933E-01
    0.362242915E-01
    0.348845898E-01
    0.335936172E-01
    0.323502281E-01
    0.311533003E-01
    0.300017356E-01
    0.288944626E-01
    0.278304334E-01
    0.268086289E-01
    0.258280546E-01
    0.248877443E-01
    0.239867582E-01
    0.231241853E-01
    0.222991417E-01
    0.215107726E-01
    0.207582512E-01
    0.200407784E-01
    0.193575844E-01
    0.187079278E-01
    0.180910960E-01
    0.175064038E-01
    0.169531956E-01
    0.164308423E-01
    0.159387444E-01
    0.154763283E-01
    0.150430484E-01
    0.146383862E-01
    0.142618488E-01
    0.139129698E-01
    0.135913084E-01
    0.132964488E-01
    0.130279989E-01
    0.127855913E-01
    0.125688821E-01
    0.123775488E-01
    0.122112927E-01
    0.120698348E-01
    0.119529189E-01
    0.118603069E-01
    0.117917810E-01
    0.117471430E-01
    0.117262113E-01
    0.117288224E-01
    0.117548301E-01
    0.118041025E-01
    0.118765248E-01
    0.119719956E-01
    0.120904273E-01
    0.122317463E-01
    0.123958909E-01
    0.125828111E-01
    0.127924687E-01
    0.130248349E-01
    0.132798913E-01
    0.135576288E-01
    0.138580461E-01
    0.141811507E-01
    0.145269565E-01
    0.148954837E-01
    0.152867591E-01
    0.157008143E-01
    0.161376856E-01
    0.165974129E-01
    0.170800396E-01
    0.175856116E-01
    0.181141765E-01
    0.186657832E-01
    0.192404810E-01
    0.198383191E-01
    0.204593454E-01
    0.211036064E-01
    0.217711461E-01
    0.224620053E-01
    0.231762206E-01
    0.239138237E-01
    0.246748417E-01
    0.254592941E-01
    0.262671938E-01
    0.270985460E-01
    0.279533464E-01
    0.288315811E-01
    0.297332259E-01
    0.306582453E-01
    0.316065911E-01
    0.325782020E-01
    0.335730024E-01
    0.345909030E-01
    0.356317975E-01
    0.366955639E-01
    0.377820623E-01
    0.388911348E-01
    0.400226047E-01
    0.411762754E-01
    0.423519309E-01
    0.435493322E-01
    0.447682202E-01
    0.460083126E-01
    0.472693040E-01
    0.485508663E-01
    0.498526466E-01
    0.511742672E-01
    0.525153268E-01
    0.538753974E-01
    0.552540261E-01
    0.566507337E-01
    0.580650159E-01
    0.594963411E-01
    0.609441513E-01
    0.624078634E-01
    0.638868669E-01
    0.653805248E-01
    0.668881751E-01
    0.684091286E-01
    0.699426721E-01
    0.714880653E-01
    0.730445440E-01
    0.746113191E-01
    0.761875770E-01
    0.777724816E-01
    0.793651728E-01
    0.809647695E-01
    0.825703670E-01
    0.841810414E-01
    0.857958480E-01
    0.874138226E-01
    0.890339831E-01
    0.906553304E-01
    0.922768467E-01
    0.938975020E-01
    0.955162485E-01
    0.971320264E-01
    0.987437639E-01
    0.100350377E+00
    0.101950774E+00
    0.103543849E+00
    0.105128494E+00
    0.106703592E+00
    0.108268019E+00
    0.109820652E+00
    0.111360359E+00
    0.112886012E+00
    0.114396479E+00
    0.115890631E+00
    0.117367342E+00
    0.118825488E+00
    0.120263951E+00
    0.121681620E+00
    0.123077390E+00
    0.124450169E+00
    0.125798871E+00
    0.127122424E+00
    0.128419770E+00
    0.129689864E+00
    0.130931679E+00
    0.132144200E+00
    0.133326439E+00
    0.134477418E+00
    0.135596187E+00
    0.136681817E+00
    0.137733399E+00
    0.138750054E+00
    0.139730923E+00
    0.140675179E+00
    0.141582021E+00
    0.142450676E+00
    0.143280404E+00
    0.144070495E+00
    0.144820270E+00
    0.145529085E+00
    0.146196329E+00
    0.146821427E+00
    0.147403839E+00
    0.147943062E+00
    0.148438631E+00
    0.148890116E+00
    0.149297128E+00
    0.149659319E+00
    0.149976375E+00
    0.150248028E+00
    0.150474046E+00
    0.150654242E+00
    0.150788466E+00
    0.150876612E+00
    0.150918614E+00
    0.150914448E+00
    0.150864133E+00
    0.150767727E+00
    0.150625333E+00
    0.150437090E+00
    0.150203184E+00
    0.149923838E+00
    0.149599316E+00
    0.149229925E+00
    0.148816007E+00
    0.148357947E+00
    0.147856166E+00
    0.147311125E+00
    0.146723321E+00
    0.146093289E+00
    0.145421597E+00
    0.144708851E+00
    0.143955689E+00
    0.143162783E+00
    0.142330837E+00
    0.141460585E+00
    0.140552794E+00
    0.139608257E+00
    0.138627797E+00
    0.137612262E+00
    0.136562526E+00
    0.135479488E+00
    0.134364069E+00
    0.133217214E+00
    0.132039885E+00
    0.130833066E+00
    0.129597757E+00
    0.128334975E+00
    0.127045754E+00
    0.125731139E+00
    0.124392188E+00
    0.123029971E+00
    0.121645566E+00
    0.120240062E+00
    0.118814552E+00
    0.117370136E+00
    0.115907917E+00
    0.114429001E+00
    0.112934498E+00
    0.111425514E+00
    0.109903155E+00
    0.108368527E+00
    0.106822729E+00
    0.105266855E+00
    0.103701997E+00
    0.102129233E+00
    0.100549638E+00
    0.989642729E-01
    0.973741898E-01
    0.957804295E-01
    0.941840174E-01
    0.925859662E-01
    0.909872732E-01
    0.893889194E-01
    0.877918685E-01
    0.861970676E-01
    0.846054438E-01
    0.830179051E-01
    0.814353397E-01
    0.798586141E-01
    0.782885739E-01
    0.767260422E-01
    0.751718188E-01
    0.736266814E-01
    0.720913824E-01
    0.705666514E-01
    0.690531922E-01
    0.675516837E-01
    0.660627806E-01
    0.645871104E-01
    0.631252761E-01
    0.616778546E-01
    0.602453957E-01
    0.588284235E-01
    0.574274366E-01
    0.560429058E-01
    0.546752778E-01
    0.533249705E-01
    0.519923777E-01
    0.506778665E-01
    0.493817782E-01
    0.481044286E-01
    0.468461087E-01
    0.456070840E-01
    0.443875950E-01
    0.431878590E-01
    0.420080674E-01
    0.408483898E-01
    0.397089720E-01
    0.385899367E-01
    0.374913850E-01
    0.364133956E-01
    0.353560263E-01
    0.343193143E-01
    0.333032761E-01
    0.323079094E-01
    0.313331923E-01
    0.303790846E-01
    0.294455283E-01
    0.285324480E-01
    0.276397518E-01
    0.267673325E-01
    0.259150662E-01
    0.250828159E-01
    0.242704289E-01
    0.234777404E-01
    0.227045724E-01
    0.219507345E-01
    0.212160252E-01
    0.205002320E-01
    0.198031326E-01
    0.191244941E-01
    0.184640760E-01
    0.178216283E-01
    0.171968937E-01
    0.165896084E-01
    0.159995011E-01
    0.154262949E-01
    0.148697078E-01
    0.143294523E-01
    0.138052374E-01
    0.132967679E-01
    0.128037451E-01
    0.123258681E-01
    0.118628332E-01
    0.114143354E-01
    0.109800680E-01
    0.105597233E-01
    0.101529938E-01
    0.975957103E-02
    0.937914740E-02
    0.901141575E-02
    0.865607023E-02
    0.831280617E-02
    0.798132059E-02
    0.766131279E-02
    0.735248401E-02
    0.705453850E-02
    0.676718297E-02
    0.649012752E-02
    0.622308549E-02
    0.596577353E-02
    0.571791264E-02
    0.547922700E-02
    0.524944533E-02
    0.502830052E-02
    0.481552973E-02
    0.461087479E-02
    0.441408217E-02
    0.422490267E-02
    0.404309257E-02
    0.386841244E-02
    0.370062816E-02
    0.353951063E-02
    0.338483549E-02
    0.323638379E-02
    0.309394164E-02
    0.295730011E-02
    0.282625560E-02
    0.270060955E-02
    0.258016844E-02
    0.246474403E-02
    0.235415304E-02
    0.224821723E-02
    0.214676339E-02
    0.204962331E-02
    0.195663352E-02
    0.186763565E-02
    0.178247585E-02
    0.170100521E-02
    0.162307938E-02
    0.154855852E-02
    0.147730744E-02
    0.140919523E-02
    0.134409542E-02
    0.128188580E-02
    0.122244821E-02
    0.116566873E-02
    0.111143732E-02
    0.105964784E-02
    0.101019805E-02
    0.962989309E-03
    0.917926610E-03
    0.874918607E-03
    0.833877209E-03
    0.794717717E-03
    0.757358750E-03
    0.721721907E-03
    0.687732081E-03
    0.655316913E-03
    0.624407037E-03
    0.594935768E-03
    0.566839223E-03
    0.540056038E-03
    0.514527410E-03
    0.490196995E-03
    0.467010646E-03
    0.444916691E-03
    0.423865475E-03
    0.403809530E-03
    0.384703399E-03
    0.366503561E-03
    0.349168382E-03
    0.332658066E-03
    0.316934482E-03
    0.301961244E-03
    0.287703501E-03
    0.274127981E-03
    0.261202928E-03
    0.248897873E-03
    0.237183848E-03
    0.226033103E-03
    0.215419142E-03
    0.205316706E-03
    0.195701617E-03
    0.186550850E-03
    0.177842378E-03
    0.169555209E-03
    0.161669288E-03
    0.154165484E-03
    0.147025571E-03
    0.140232083E-03
    0.133768449E-03
    0.127618754E-03
    0.121767920E-03
    0.116201518E-03
    0.110905747E-03
    0.105867511E-03
    0.101074266E-03
    0.965140769E-04
    0.921755698E-04
    0.880478640E-04
    0.841206138E-04
    0.803839503E-04
    0.768284425E-04
    0.734451452E-04
    0.702254739E-04
    0.671612925E-04
    0.642448299E-04
    0.614686893E-04
    0.588257908E-04
    0.563094417E-04
    0.539132159E-04
    0.516310286E-04
    0.494570810E-04
    0.473858350E-04
    0.454120335E-04
    0.435306651E-04
    0.417369713E-04
    0.400264140E-04
    0.383946996E-04
    0.368377126E-04
    0.353515719E-04
    0.339325678E-04
    0.325771943E-04
    0.312821161E-04
    0.300441669E-04
    0.288603380E-04
    0.277277844E-04
    0.266438075E-04
    0.256058482E-04
    0.246114824E-04
    0.236584104E-04
    0.227444799E-04
    0.218676250E-04
    0.210259147E-04
    0.202175222E-04
    0.194407047E-04
    0.186938553E-04
    0.179754241E-04
    0.172839694E-04
    0.166181371E-04
    0.159766374E-04
    0.153582808E-04
    0.147619284E-04
    0.141865369E-04
    0.136311018E-04
    0.130947082E-04
    0.125764779E-04
    0.120756004E-04
    0.115913383E-04
    0.111229654E-04
    0.106698367E-04
    0.102313361E-04
    0.980689785E-05
    0.939599419E-05
    0.899813893E-05
    0.861287196E-05
    0.823977926E-05
    0.787846302E-05
    0.752857556E-05
    0.718977229E-05
    0.686174803E-05
    0.654421762E-05
    0.623691524E-05
    0.593959402E-05
    0.565202512E-05
    0.537399891E-05
    0.510531095E-05
    0.484578341E-05
    0.459523510E-05
    0.435350255E-05
    0.412042838E-05
    0.389586267E-05
    0.367966173E-05
    0.347168788E-05
    0.327180160E-05
    0.307987710E-05
    0.289577413E-05
    0.271936715E-05
    0.255052715E-05
    0.238912296E-05
    0.223502172E-05
    0.208808993E-05
    0.194819266E-05
    0.181519074E-05
    0.168894364E-05
    0.156930539E-05
    0.145612753E-05
    0.134925937E-05
    0.124854288E-05
    0.115382259E-05
    0.106492813E-05
    0.981698253E-06
    0.903961730E-06
    0.831539705E-06
    0.764259786E-06
    0.701937578E-06
    0.644390450E-06
    0.591435083E-06
    0.542881237E-06
    0.498540464E-06
    0.458222224E-06
    0.421736692E-06
    0.388888264E-06
    0.359489979E-06
    0.333347673E-06
    0.310273539E-06
    0.290077577E-06
    0.272575020E-06
    0.257580305E-06
    0.244913416E-06
    0.234394884E-06
    0.225852529E-06
    0.219115095E-06
    0.214018027E-06
    0.210401049E-06
    0.208107735E-06
    0.206989005E-06
    0.206900486E-06
    0.207703428E-06
    0.209267008E-06
    0.211466869E-06
    0.214181533E-06
    0.217302201E-06
    0.220721830E-06
    0.224342873E-06
    0.228074747E-06
    0.231832213E-06
    0.235538671E-06
    0.239124554E-06
    0.242525141E-06
    0.245684439E-06
    0.248551967E-06
    0.251082793E-06
    0.253241356E-06
    0.254996132E-06
    0.256321388E-06
    0.257196790E-06
    0.257608943E-06
    0.257547577E-06
    0.257008807E-06
    0.255993583E-06
    0.254504544E-06
    0.252553572E-06
    0.250150030E-06
    0.247313230E-06
    0.244058959E-06
    0.240410609E-06
    0.236394938E-06
    0.232035544E-06
    0.227362924E-06
    0.222408266E-06
    0.217201275E-06
    0.211777501E-06
    0.206171209E-06
    0.200414883E-06
    0.194544924E-06
    0.188596751E-06
    0.182606030E-06
    0.176606293E-06
    0.170632510E-06
    0.164718110E-06
    0.158897365E-06
    0.153200035E-06
    0.147658762E-06
    0.142301506E-06
    0.137156232E-06
    0.132248396E-06
    0.127605371E-06
    0.123246467E-06
    0.119196171E-06
    0.115470630E-06
    0.112089115E-06
    0.109065331E-06
    0.106412367E-06
    0.104141443E-06
    0.102263250E-06
    0.100781657E-06
    0.997045222E-07
    0.990319586E-07
    0.987664403E-07
    0.989071226E-07
    0.994500931E-07
    0.100390227E-06
    0.101721874E-06
    0.103437415E-06
    0.105525754E-06
    0.107975661E-06
    0.110774089E-06
    0.113906213E-06
    0.117356869E-06
    0.121109873E-06
    0.125146522E-06
    0.129447823E-06
    0.133994467E-06
    0.138765533E-06
    0.143740304E-06
    0.148895859E-06
    0.154212403E-06
    0.159664466E-06
    0.165231879E-06
    0.170889210E-06
    0.176614640E-06
    0.182385778E-06
    0.188179088E-06
    0.193972359E-06
    0.199743238E-06
    0.205470557E-06
    0.211131743E-06
    0.216708596E-06
    0.222178514E-06
    0.227522936E-06
    0.232722618E-06
    0.237762328E-06
    0.242622822E-06
    0.247289707E-06
    0.251745744E-06
    0.255980384E-06
    0.259979252E-06
    0.263730398E-06
    0.267223247E-06
    0.270448939E-06
    0.273397046E-06
    0.276062627E-06
    0.278437780E-06
    0.280519652E-06
    0.282301892E-06
    0.283782406E-06
    0.284960532E-06
    0.285833982E-06
    0.286402871E-06
    0.286670530E-06
    0.286637278E-06
    0.286306319E-06
    0.285683429E-06
    0.284769782E-06
    0.283576252E-06
    0.282105477E-06
    0.280365209E-06
    0.278361913E-06
    0.276108202E-06
    0.273609540E-06
    0.270876200E-06
    0.267916812E-06
    0.264744527E-06
    0.261367527E-06
    0.257797866E-06
    0.254045734E-06
    0.250124106E-06
    0.246041644E-06
    0.241812976E-06
    0.237448064E-06
    0.232959720E-06
    0.228358122E-06
    0.223655391E-06
    0.218864201E-06
    0.213994575E-06
    0.209056389E-06
    0.204064369E-06
    0.199026379E-06
    0.193952575E-06
    0.188855191E-06
    0.183740614E-06
    0.178622634E-06
    0.173507731E-06
    0.168404850E-06
    0.163322140E-06
    0.158269942E-06
    0.153253945E-06
    0.148280754E-06
    0.143358040E-06
    0.138492455E-06
    0.133689576E-06
    0.128954605E-06
    0.124293432E-06
    0.119710329E-06
    0.115209139E-06
    0.110794638E-06
    0.106470318E-06
    0.102238640E-06
    0.981028914E-07
    0.940647621E-07
    0.901276401E-07
    0.862919337E-07
    0.825585266E-07
    0.789307810E-07
    0.754078465E-07
    0.719894971E-07
    0.686779299E-07
    0.654707207E-07
    0.623700958E-07
    0.593737003E-07
    0.564812171E-07
    0.536914152E-07
    0.510043206E-07
    0.484175852E-07
    0.459296156E-07
    0.435391848E-07
    0.412447589E-07
    0.390439438E-07
    0.369350812E-07
    0.349160698E-07
    0.329847902E-07
    0.311386643E-07
    0.293760653E-07
    0.276943849E-07
    0.260910850E-07
    0.245639780E-07
    0.231105364E-07
    0.217285040E-07
    0.204152954E-07
    0.191680893E-07
    0.179856292E-07
    0.168646650E-07
    0.158025846E-07
    0.147979982E-07
    0.138476260E-07
    0.129500961E-07
    0.121025508E-07
    0.113028870E-07
    0.105490397E-07
    0.983909303E-08
    0.917082365E-08
    0.854215258E-08
    0.795142248E-08
    0.739673338E-08
    0.687616743E-08
    0.638801590E-08
    0.593066658E-08
    0.550242665E-08
    0.510165884E-08
    0.472709601E-08
    0.437714509E-08
    0.405036051E-08
    0.374556450E-08
    0.346140084E-08
    0.319669380E-08
    0.295029684E-08
    0.272097790E-08
    0.250799600E-08
    0.231010660E-08
    0.212626746E-08
    0.195593198E-08
    0.179790569E-08
    0.165164791E-08
    0.151621346E-08
    0.139092570E-08
    0.127512700E-08
    0.116818909E-08
    0.106947041E-08
    0.978386313E-09
    0.894460276E-09
    0.817183495E-09
    0.746038863E-09
    0.680611850E-09
    0.620501302E-09
    0.565283047E-09
    0.514586266E-09
    0.468126666E-09
    0.425533818E-09
    0.386504710E-09
    0.350811481E-09
    0.318170381E-09
    0.288342772E-09
    0.261116398E-09
    0.236269047E-09
    0.213635268E-09
    0.193016339E-09
    0.174204198E-09
    0.157149295E-09
    0.141606473E-09
    0.127524187E-09
    0.114728942E-09
    0.103127955E-09
    0.926220600E-10
    0.831175533E-10
    0.745174134E-10
    0.667464771E-10
    0.597339375E-10
    0.534113567E-10
    0.477038056E-10
    0.425679680E-10
    0.379501160E-10
    0.337996275E-10
    0.300674156E-10
    0.267274381E-10
    0.237274285E-10
    0.210380156E-10
    0.186386679E-10
    0.164942707E-10
    0.145786007E-10
    0.128726095E-10
    0.113534126E-10
    0.100000931E-10
    0.880082414E-11
    0.772852608E-11
    0.678682460E-11
    0.594471160E-11
    0.520480614E-11
    0.454824868E-11
    0.396848593E-11
    0.345900530E-11
    0.301101146E-11
    0.261673207E-11
    0.227051331E-11
    0.196805851E-11
    0.170241900E-11
    0.146941282E-11
    0.126662195E-11
    0.109033824E-11
    0.936356927E-12
    0.802498713E-12
    0.687058920E-12
    0.586712282E-12
    0.499620055E-12
    0.425798720E-12
    0.361523877E-12
    0.306370180E-12
    0.258750161E-12
    0.218632179E-12
    0.183309916E-12
    0.154325737E-12
    0.128765126E-12
    0.107949794E-12
    0.895073459E-13
    0.745767203E-13
    0.616965094E-13
    0.508255101E-13
    0.419788338E-13
    0.345609350E-13
    0.283070545E-13
    0.231512202E-13
    0.189795080E-13
    0.154371567E-13
    0.125038676E-13
    0.101741986E-13
    0.828230244E-14
    0.671249882E-14
    0.545480866E-14
    0.446910935E-14
    0.366525447E-14
    0.302612474E-14
    0.262063564E-14
    0.220981534E-14
    0.191178898E-14
    0.162800720E-14
    0.149321734E-14
    0.127953291E-14
    0.119583889E-14
    0.109124385E-14
    0.104255817E-14
    0.952016484E-15
    0.916457304E-15
    0.876442164E-15
    0.820600820E-15
    0.802860366E-15
    0.771185875E-15
    0.716592987E-15
    0.707762660E-15
    0.663677832E-15
    0.639530899E-15
    0.615286699E-15
    0.565569923E-15
    0.549134352E-15
    0.514416301E-15
    0.481518084E-15
    0.457141780E-15
    0.422013337E-15
    0.404348962E-15
    0.389958462E-15
    0.360302004E-15
    0.330123947E-15
    0.294279573E-15
    0.287982377E-15
    0.257447019E-15
    0.232003973E-15
    0.221240810E-15
    0.202202279E-15
    0.182061954E-15
    0.172604275E-15
    0.165710659E-15
    0.141177161E-15
    0.145574115E-15
    0.133470301E-15
    0.113401986E-15
    0.116631311E-15
    0.102052036E-15
    0.864690697E-16
    0.808173445E-16
    0.719912925E-16
    0.798178265E-16
    0.635169686E-16
    0.598187291E-16
    0.566160088E-16
    0.547044972E-16
    0.489004719E-16
    0.469733267E-16
    0.412703699E-16
    0.459185855E-16
    0.324903565E-16
    0.392829015E-16
    0.329229775E-16
    0.376195843E-16
    0.344647341E-16
    0.328314656E-16
    0.301677471E-16
    0.304205302E-16
    0.344824912E-16
    0.261627551E-16
    0.349761606E-16
    0.352238869E-16
    0.269899388E-16
    0.343642853E-16
    0.347643573E-16
    0.264904452E-16
    0.285556655E-16
    0.311567195E-16
    0.344010018E-16
    0.254248964E-16
    0.233017987E-16
    0.361222675E-16
    0.337364188E-16
    0.202586795E-16
    0.235564748E-16
    0.215235913E-16
    0.258071103E-16
    0.269738308E-16
    0.276899255E-16
    0.222923696E-16
    0.285130534E-16
    0.269291564E-16
    0.222144902E-16
    0.256447542E-16
    0.312471674E-16
    0.300030101E-16
    0.312614359E-16
    0.309865603E-16
    0.302522104E-16
    0.249607350E-16
    0.315827812E-16
    0.298934009E-16
    0.285831101E-16
    0.275372678E-16
    0.202081667E-16
    0.331612091E-16
    0.272700713E-16
    0.219863491E-16
    0.330233533E-16
    0.276683980E-16
    0.204467626E-16
    0.221271915E-16
    0.267256269E-16
    0.267232316E-16
    0.280868170E-16
    0.277431081E-16
    0.252766920E-16
    0.280230910E-16
    0.281121240E-16
    0.229691670E-16
    0.276780672E-16
    0.278320946E-16
    0.236517447E-16
    0.289971474E-16
    0.341008744E-16
    0.242332669E-16
    0.266870932E-16
    0.396992630E-16
    0.287449057E-16
    0.274743326E-16
    0.253431851E-16
    0.234110914E-16
    0.300305853E-16
    0.315531396E-16
    0.252758139E-16
    0.317061639E-16
    0.228598684E-16
    0.195830279E-16
    0.282362766E-16
    0.286602937E-16
    0.310127643E-16
    0.254365530E-16
    0.311918491E-16
    0.280416463E-16
    0.324065735E-16
    0.328975461E-16
    0.285929239E-16
    0.280663516E-16
    0.299583287E-16
    0.342460145E-16
    0.287398712E-16
    0.301631518E-16
    0.276378075E-16
    0.247420322E-16
    0.359824433E-16
    0.272641039E-16
    0.286201214E-16
    0.329035019E-16
    0.245374600E-16
    0.251857676E-16
    0.285391863E-16
    0.365309127E-16
    0.267767607E-16
    0.213778309E-16
    0.299900075E-16
    0.264264899E-16
    0.287126921E-16
    0.250371254E-16
    0.194566416E-16
    0.246131264E-16
    0.238198605E-16
    0.341385882E-16
    0.276624771E-16
    0.361073845E-16
    0.266574737E-16
    0.231396418E-16
    0.234457870E-16
    0.284862588E-16
    0.280907324E-16
    0.211376124E-16
    0.232606793E-16
    0.358671933E-16
    0.284521170E-16
    0.302289963E-16
    0.351569636E-16
    0.298556881E-16
    0.281969004E-16
    0.215256906E-16
    0.413596934E-16
    0.255663561E-16
    0.224274065E-16
    0.321630085E-16
    0.339271150E-16
    0.255517488E-16
    0.273109499E-16
    0.223302359E-16
    0.328199709E-16
    0.290671664E-16
    0.302241713E-16
    0.297329671E-16
    0.305275725E-16
    0.326844530E-16
    0.272792045E-16
    0.254868662E-16
    0.225003392E-16
    0.215331088E-16
    0.273361516E-16
    0.266668754E-16
    0.310194855E-16
    0.256389453E-16
    0.321679881E-16
    0.325283595E-16
    0.282369068E-16
    0.275052212E-16
    0.244659606E-16
    0.301960364E-16
    0.214315177E-16
    0.292046764E-16
    0.301437507E-16
    0.304730182E-16
    0.236624298E-16
    0.238990342E-16
    0.220699757E-16
    0.330334126E-16
    0.268610798E-16
    0.306542949E-16
    0.325428844E-16
    0.285333759E-16
    0.329829585E-16
    0.248871159E-16
    0.279758954E-16
    0.251684276E-16
    0.275469447E-16
    0.259442509E-16
    0.319701810E-16
    0.393392068E-16
    0.271560805E-16
    0.313077083E-16
    0.266080502E-16
    0.251116672E-16
    0.304900303E-16
    0.291441609E-16
    0.275641293E-16
    0.285289956E-16
    0.321638131E-16
    0.273324987E-16
    0.236638103E-16
    0.254489039E-16
    0.257216334E-16
    0.274959694E-16
    0.323970408E-16
    0.262342782E-16
    0.312173307E-16
    0.277611109E-16
    0.304329419E-16
    0.339218833E-16
    0.322053702E-16
    0.268121820E-16
    0.207213420E-16
    0.274572445E-16
    0.309059993E-16
    0.289802075E-16
    0.302478755E-16
    0.238049855E-16
    0.366664800E-16
    0.276434619E-16
    0.307608100E-16
    0.378749685E-16
    0.275199862E-16
    0.273909139E-16
    0.295309903E-16
    0.329350599E-16
    0.226925433E-16
    0.253334291E-16
    0.242587130E-16
    0.295933426E-16
    0.286603073E-16
    0.305745110E-16
    0.247130418E-16
    0.247055055E-16
    0.254085120E-16
    0.324475709E-16
    0.371071420E-16
    0.358871222E-16
    0.386656890E-16
    0.243448059E-16
    0.290159550E-16
    0.327223883E-16
    0.243488735E-16
    0.323012790E-16
    0.250034349E-16
    0.350133843E-16
    0.267974639E-16
    0.295634401E-16
    0.380182973E-16
    0.311433050E-16
    0.287792034E-16
    0.328839745E-16
    0.388336970E-16
    0.240564644E-16
    0.254451890E-16
    0.283625390E-16
    0.323730942E-16
    0.280700785E-16
    0.306030864E-16
    0.299502930E-16
    0.253008700E-16
    0.247312647E-16
    0.358655113E-16
    0.364647327E-16
    0.309561579E-16
    0.376259075E-16
    0.228131608E-16
    0.273451673E-16
    0.240725545E-16
    0.269899832E-16
    0.217105167E-16
    0.323688978E-16
    0.369366317E-16
    0.267849344E-16
    0.268558991E-16
    0.306331279E-16
    0.235510196E-16
    0.245511845E-16
    0.368102939E-16
    0.305558239E-16
    0.261828855E-16
    0.282400038E-16
    0.261325341E-16
    0.394738693E-16
    0.287751816E-16
    0.264994524E-16
    0.337627272E-16
    0.291448443E-16
    0.301366281E-16
    0.357948765E-16
    0.412051698E-16
    0.293350244E-16
    0.357648388E-16
    0.310247134E-16
    0.272185618E-16
    0.250827691E-16
    0.222691558E-16
    0.287018434E-16
    0.319952061E-16
    0.411982762E-16
    0.260504037E-16
    0.208833856E-16
    0.345620736E-16
    0.252520345E-16
    0.311752378E-16
    0.318499587E-16
    0.274546985E-16
    0.238020767E-16
    0.312428704E-16
    0.321244757E-16
    0.290924067E-16
    0.276451906E-16
    0.312017626E-16
    0.269970977E-16
    0.249385536E-16
    0.295922954E-16
    0.295739298E-16
    0.301622608E-16
    0.319431247E-16
    0.390550974E-16
    0.298578586E-16
    0.272009797E-16
    0.247374503E-16
    0.303765769E-16
    0.309091726E-16
    0.375912296E-16
    0.326070633E-16
    0.257112821E-16
    0.267856298E-16
    0.299200647E-16
    0.299565927E-16
    0.339658100E-16
    0.326742420E-16
    0.259907546E-16
    0.324771514E-16
    0.314036445E-16
    0.328854924E-16
    0.225582280E-16
    0.299601246E-16
    0.333631848E-16
    0.286996698E-16
    0.258426816E-16
    0.322725263E-16
    0.344447581E-16
    0.263331838E-16
    0.330972438E-16
    0.381211001E-16
    0.344231526E-16
    0.248487951E-16
    0.250341150E-16
    0.311007190E-16
    0.308622785E-16
    0.290685213E-16
    0.233287771E-16
    0.269609393E-16
    0.294338404E-16
    0.296948105E-16
    0.324502555E-16
    0.266645004E-16
    0.260510360E-16
    0.341670854E-16
    0.325947432E-16
    0.325356943E-16
    0.318726109E-16
    0.236531910E-16
    0.377670293E-16
    0.286935085E-16
    0.232002178E-16
    0.368476173E-16
    0.317704655E-16
    0.269057387E-16
    0.251374195E-16
    0.455612714E-16
    0.365454832E-16
    0.341747470E-16
    0.305750525E-16
    0.268882513E-16
    0.313881670E-16
    0.281681546E-16
    0.252129401E-16
    0.200600732E-16
    0.337718874E-16
    0.283913334E-16
    0.294396781E-16
    0.273206597E-16
    0.298246092E-16
    0.299211779E-16
    0.319305358E-16
    0.362676459E-16
    0.302126212E-16
    0.222934691E-16
    0.322151899E-16
    0.337946202E-16
    0.278800788E-16
    0.241480114E-16
    0.377681450E-16
    0.321590861E-16
    0.345641871E-16
    0.288168006E-16
    0.382901605E-16
    0.318206784E-16
    0.362048114E-16
    0.278870207E-16
    0.270183724E-16
    0.253916252E-16
    0.238453602E-16
    0.291025074E-16
    0.300896308E-16
    0.302205220E-16
    0.228466616E-16
    0.318407171E-16
    0.247319030E-16
    0.283253983E-16
    0.332660350E-16
    0.347716298E-16
    0.299267548E-16
    0.294785056E-16
    0.285641859E-16
    0.331441845E-16
    0.277460410E-16
    0.345188510E-16
    0.300668780E-16
    0.293692345E-16
    0.374961246E-16
    0.302029885E-16
    0.412911164E-16
    0.324272489E-16
    0.372613773E-16
    0.294622888E-16
    0.297178090E-16
    0.247526761E-16
    0.279815689E-16
    0.274973694E-16
    0.318121823E-16
    0.272286789E-16
    0.297034298E-16
    0.242909056E-16
    0.299924330E-16
    0.335522419E-16
    0.284275196E-16
    0.339849291E-16
    0.246332818E-16
    0.292621887E-16
    0.253085305E-16
    0.333247567E-16
    0.290655168E-16
    0.288163166E-16
    0.331219429E-16
    0.333816436E-16
    0.305610713E-16
    0.396892963E-16
    0.259042034E-16
    0.341281099E-16
    0.237139271E-16
    0.350548750E-16
    0.341930865E-16
    0.263088458E-16
    0.289023006E-16
    0.299214967E-16
    0.319297038E-16
    0.299809881E-16
    0.372687829E-16
    0.310971529E-16
    0.292159983E-16
    0.313966272E-16
    0.333235062E-16
    0.289357056E-16
    0.290841895E-16
    0.296623814E-16
    0.246531293E-16
    0.343858794E-16
    0.236666928E-16
    0.284935132E-16
    0.338112569E-16
    0.347667065E-16
    0.329354846E-16
    0.353158761E-16
    0.298625479E-16
    0.276478540E-16
    0.294052495E-16
    0.404439764E-16
    0.430979762E-16
    0.297451572E-16
    0.286342885E-16
    0.287880722E-16
    0.233098137E-16
    0.245763186E-16
    0.281421107E-16
    0.405446847E-16
    0.356942607E-16
    0.297120338E-16
    0.328796494E-16
    0.355580674E-16
    0.315916262E-16
    0.376795472E-16
    0.445277503E-16
    0.412846246E-16
    0.396122995E-16
    0.401733715E-16
    0.335576711E-16
    0.411136949E-16
    0.272991042E-16
    0.377158933E-16
    0.290616886E-16
    0.350257357E-16
    0.274204763E-16
    0.373767958E-16
    0.283683769E-16
    0.291188107E-16
    0.269914582E-16
    0.257027465E-16
    0.302137635E-16
    0.277179396E-16
    0.351452129E-16
    0.378192233E-16
    0.301262818E-16
    0.228362592E-16
    0.272950159E-16
    0.292740328E-16
    0.297898888E-16
    0.302500713E-16
    0.313781219E-16
    0.318775101E-16
    0.258057297E-16
    0.268614607E-16
    0.302914449E-16
    0.248314661E-16
    0.310887537E-16
    0.264351998E-16
    0.231070523E-16
    0.362754928E-16
    0.249492966E-16
    0.327292404E-16
    0.264511108E-16
    0.312626632E-16
    0.228753145E-16
    0.223429178E-16
    0.223450758E-16
    0.262435331E-16
    0.290190701E-16
    0.277891816E-16
    0.342673960E-16
    0.323516196E-16
    0.273269020E-16
    0.299200218E-16
    0.271187542E-16
    0.259581629E-16
    0.261922496E-16
    0.265163255E-16
    0.294621549E-16
    0.415066623E-16
    0.451934818E-16
    0.343620884E-16
    0.413180475E-16
    0.347619566E-16
    0.350816455E-16
    0.331496789E-16
    0.357525562E-16
    0.292111734E-16
    0.360427587E-16
    0.353472559E-16
    0.302035507E-16
    0.267793234E-16
    0.255048932E-16
    0.243479964E-16
    0.242235591E-16
    0.263937941E-16
    0.277144207E-16
    0.267108260E-16
    0.279302137E-16
    0.249974512E-16
    0.270596408E-16
    0.274494433E-16
    0.271456056E-16
    0.225973838E-16
    0.287651034E-16
    0.272650229E-16
    0.256137568E-16
    0.338175201E-16
    0.277467182E-16
    0.224216161E-16
    0.265164036E-16
    0.231513018E-16
    0.191773854E-16
    0.251183758E-16
    0.247505503E-16
    0.271571026E-16
    0.350574341E-16
    0.210887219E-16
    0.291295041E-16
