 #tdnd tdcion
    0.494371322E-16
    0.498096090E-16
    0.353644267E-16
    0.363209253E-16
    0.409180119E-16
    0.299581508E-16
    0.301913448E-16
    0.397771261E-16
    0.240167005E-16
    0.252685810E-16
    0.357661010E-16
    0.260231479E-16
    0.223102678E-16
    0.296146326E-16
    0.277280197E-16
    0.220973864E-16
    0.286405400E-16
    0.259442096E-16
    0.219499308E-16
    0.296441005E-16
    0.264937836E-16
    0.219149830E-16
    0.283935165E-16
    0.286461053E-16
    0.229735679E-16
    0.281831495E-16
    0.285440686E-16
    0.232433101E-16
    0.309445339E-16
    0.271943270E-16
    0.224913440E-16
    0.332228075E-16
    0.259273367E-16
    0.233284615E-16
    0.328865004E-16
    0.241257938E-16
    0.260721100E-16
    0.308698346E-16
    0.222523859E-16
    0.286846097E-16
    0.286986675E-16
    0.212609303E-16
    0.292009802E-16
    0.273010071E-16
    0.220686665E-16
    0.277952786E-16
    0.253715285E-16
    0.240463169E-16
    0.276021105E-16
    0.226609664E-16
    0.242852461E-16
    0.289270046E-16
    0.219992990E-16
    0.235833517E-16
    0.279880614E-16
    0.226846398E-16
    0.259394705E-16
    0.252597629E-16
    0.214386591E-16
    0.298538407E-16
    0.239173384E-16
    0.209913689E-16
    0.305013786E-16
    0.223083589E-16
    0.258232355E-16
    0.281986754E-16
    0.191595904E-16
    0.321331785E-16
    0.253077053E-16
    0.202359760E-16
    0.335975284E-16
    0.208312714E-16
    0.281992875E-16
    0.305819200E-16
    0.176265226E-16
    0.355924762E-16
    0.250477548E-16
    0.220973134E-16
    0.363435324E-16
    0.189808710E-16
    0.320465007E-16
    0.311370288E-16
    0.182838546E-16
    0.387611460E-16
    0.231668252E-16
    0.258501135E-16
    0.373281172E-16
    0.181671003E-16
    0.362481622E-16
    0.291048287E-16
    0.212504160E-16
    0.408984533E-16
    0.207591003E-16
    0.313227881E-16
    0.356274367E-16
    0.195654128E-16
    0.406340425E-16
    0.253341917E-16
    0.271747184E-16
    0.406364915E-16
    0.199362282E-16
    0.379644209E-16
    0.311605343E-16
    0.243753067E-16
    0.424329030E-16
    0.220726836E-16
    0.345982907E-16
    0.361192483E-16
    0.224136097E-16
    0.412303053E-16
    0.255755991E-16
    0.308647739E-16
    0.382159408E-16
    0.216546569E-16
    0.381393699E-16
    0.286399707E-16
    0.271372659E-16
    0.373780884E-16
    0.219499912E-16
    0.341893340E-16
    0.297337682E-16
    0.240839822E-16
    0.348500412E-16
    0.221335525E-16
    0.303960764E-16
    0.290015684E-16
    0.214728204E-16
    0.322029782E-16
    0.217371320E-16
    0.268565146E-16
    0.277169686E-16
    0.190976938E-16
    0.302052368E-16
    0.212528275E-16
    0.229561775E-16
    0.272605878E-16
    0.176335174E-16
    0.278096602E-16
    0.214038340E-16
    0.193211496E-16
    0.274628907E-16
    0.173493996E-16
    0.241853933E-16
    0.225477912E-16
    0.171744626E-16
    0.266295117E-16
    0.177320350E-16
    0.208070240E-16
    0.237307189E-16
    0.161402842E-16
    0.247034815E-16
    0.181975903E-16
    0.189487753E-16
    0.239093095E-16
    0.150961665E-16
    0.235221463E-16
    0.183828381E-16
    0.177656970E-16
    0.238059718E-16
    0.141794460E-16
    0.234220418E-16
    0.184769042E-16
    0.168510696E-16
    0.242100215E-16
    0.142641730E-16
    0.235272240E-16
    0.187501323E-16
    0.173502500E-16
    0.246895678E-16
    0.151988149E-16
    0.242832369E-16
    0.190580052E-16
    0.192891887E-16
    0.252214500E-16
    0.162455078E-16
    0.259303511E-16
    0.195443723E-16
    0.211736551E-16
    0.260275658E-16
    0.174749888E-16
    0.269747421E-16
    0.203743710E-16
    0.226168830E-16
    0.260379363E-16
    0.188297290E-16
    0.269044765E-16
    0.208592568E-16
    0.235207257E-16
    0.247253939E-16
    0.196640194E-16
    0.262472550E-16
    0.204449169E-16
    0.229483178E-16
    0.233139059E-16
    0.198956760E-16
    0.240652226E-16
    0.200529973E-16
    0.214887653E-16
    0.215448526E-16
    0.201042267E-16
    0.207968237E-16
    0.199837683E-16
    0.204475272E-16
    0.189610764E-16
    0.206477411E-16
    0.185706775E-16
    0.193673947E-16
    0.200992344E-16
    0.173418663E-16
    0.210407517E-16
    0.175812258E-16
    0.191700046E-16
    0.203925448E-16
    0.167266485E-16
    0.217362020E-16
    0.176460732E-16
    0.195241003E-16
    0.214508235E-16
    0.164788031E-16
    0.232191599E-16
    0.185744039E-16
    0.193819876E-16
    0.237252069E-16
    0.167023279E-16
    0.241302517E-16
    0.203264233E-16
    0.193486450E-16
    0.257805745E-16
    0.171325206E-16
    0.245881756E-16
    0.223522438E-16
    0.192351206E-16
    0.262856378E-16
    0.184201304E-16
    0.247911758E-16
    0.224686527E-16
    0.195125220E-16
    0.263568920E-16
    0.188110526E-16
    0.238963725E-16
    0.222303618E-16
    0.196548175E-16
    0.250238007E-16
    0.187876913E-16
    0.220695960E-16
    0.222179778E-16
    0.192500759E-16
    0.216364422E-16
    0.203824054E-16
    0.200425153E-16
    0.199904523E-16
    0.204188209E-16
    0.188066122E-16
    0.204591344E-16
    0.192088695E-16
    0.184092674E-16
    0.210488432E-16
    0.173855948E-16
    0.205223292E-16
    0.186619592E-16
    0.184898102E-16
    0.215211830E-16
    0.162149806E-16
    0.220074967E-16
    0.188006196E-16
    0.179947414E-16
    0.233064854E-16
    0.161587120E-16
    0.221722904E-16
    0.205200734E-16
    0.180676695E-16
    0.237462115E-16
    0.175712046E-16
    0.223594007E-16
    0.213399741E-16
    0.188072561E-16
    0.239035293E-16
    0.187831615E-16
    0.225120704E-16
    0.214363086E-16
    0.199024121E-16
    0.238268533E-16
    0.189846217E-16
    0.228387751E-16
    0.216818870E-16
    0.202814333E-16
    0.230226103E-16
    0.196951144E-16
    0.232291138E-16
    0.206653221E-16
    0.206665060E-16
    0.230139249E-16
    0.198376974E-16
    0.227453417E-16
    0.199429707E-16
    0.219495194E-16
    0.224205437E-16
    0.185754976E-16
    0.239426369E-16
    0.199829629E-16
    0.208734174E-16
    0.228374614E-16
    0.190131059E-16
    0.235654973E-16
    0.199456607E-16
    0.211660797E-16
    0.229912188E-16
    0.193102914E-16
    0.233380841E-16
    0.203356959E-16
    0.220320403E-16
    0.223734197E-16
    0.198928054E-16
    0.240228035E-16
    0.202292299E-16
    0.223473616E-16
    0.224411024E-16
    0.208552327E-16
    0.232722707E-16
    0.205844734E-16
    0.233088405E-16
    0.207191796E-16
    0.222389324E-16
    0.230315255E-16
    0.190191191E-16
    0.245034957E-16
    0.198525562E-16
    0.215181627E-16
    0.224539660E-16
    0.189469538E-16
    0.240325749E-16
    0.179110267E-16
    0.222349466E-16
    0.214997056E-16
    0.174359173E-16
    0.242659303E-16
    0.169142522E-16
    0.217557781E-16
    0.206801034E-16
    0.171436783E-16
    0.240128401E-16
    0.162977846E-16
    0.215778293E-16
    0.202727527E-16
    0.178339367E-16
    0.230765249E-16
    0.164375113E-16
    0.225446340E-16
    0.196950214E-16
    0.183921393E-16
    0.230030858E-16
    0.178372822E-16
    0.220922525E-16
    0.196275205E-16
    0.209016087E-16
    0.215834206E-16
    0.187434856E-16
    0.234536907E-16
    0.195199781E-16
    0.214240532E-16
    0.217878325E-16
    0.206259008E-16
    0.224420080E-16
    0.199894928E-16
    0.234045963E-16
    0.207564017E-16
    0.210308415E-16
    0.235874320E-16
    0.202914922E-16
    0.224019190E-16
    0.219604325E-16
    0.219354865E-16
    0.219371449E-16
    0.214117073E-16
    0.228535512E-16
    0.212531473E-16
    0.217898403E-16
    0.224261716E-16
    0.217623831E-16
    0.213935470E-16
    0.220876767E-16
    0.223900288E-16
    0.208155933E-16
    0.224935446E-16
    0.220352866E-16
    0.211595275E-16
    0.226860178E-16
    0.212707349E-16
    0.226544149E-16
    0.219398584E-16
    0.212865585E-16
    0.241184399E-16
    0.206576490E-16
    0.227755823E-16
    0.238221372E-16
    0.207103214E-16
    0.245688148E-16
    0.218087747E-16
    0.232652567E-16
    0.240200379E-16
    0.209780698E-16
    0.262473319E-16
    0.214693181E-16
    0.232094019E-16
    0.257746504E-16
    0.208585470E-16
    0.258048988E-16
    0.224314438E-16
    0.240782038E-16
    0.246866501E-16
    0.210934843E-16
    0.271273129E-16
    0.212260421E-16
    0.237577743E-16
    0.254238189E-16
    0.209319443E-16
    0.258446070E-16
    0.211201730E-16
    0.248314784E-16
    0.231511727E-16
    0.205548080E-16
    0.268289584E-16
    0.190889043E-16
    0.240589645E-16
    0.229137479E-16
    0.201218424E-16
    0.248219776E-16
    0.180639439E-16
    0.246225678E-16
    0.200896054E-16
    0.188324446E-16
    0.246813860E-16
    0.163092653E-16
    0.222390828E-16
    0.191651547E-16
    0.184714014E-16
    0.211028339E-16
    0.156924789E-16
    0.213853398E-16
    0.167063394E-16
    0.173273348E-16
    0.194193901E-16
    0.161473307E-16
    0.181467090E-16
    0.163316178E-16
    0.188255195E-16
    0.158016445E-16
    0.176710559E-16
    0.182140634E-16
    0.160356243E-16
    0.198083442E-16
    0.153058122E-16
    0.211299724E-16
    0.172944458E-16
    0.173218710E-16
    0.238723128E-16
    0.145069760E-16
    0.238857259E-16
    0.198166613E-16
    0.190901675E-16
    0.258123125E-16
    0.159853672E-16
    0.276505405E-16
    0.204720749E-16
    0.203652160E-16
    0.292180433E-16
    0.167458362E-16
    0.281330217E-16
    0.225964602E-16
    0.216458650E-16
    0.285515373E-16
    0.179198617E-16
    0.288331016E-16
    0.218509359E-16
    0.212604705E-16
    0.284451543E-16
    0.179730658E-16
    0.263215993E-16
    0.218411137E-16
    0.209157211E-16
    0.252369708E-16
    0.182209567E-16
    0.245071825E-16
    0.199383679E-16
    0.201056173E-16
    0.230605961E-16
    0.175807942E-16
    0.221321509E-16
    0.190801057E-16
    0.190819656E-16
    0.205504477E-16
    0.177728486E-16
    0.201113532E-16
    0.177972192E-16
    0.190949873E-16
    0.187250414E-16
    0.171523968E-16
    0.196331338E-16
    0.170835288E-16
    0.183464357E-16
    0.183622960E-16
    0.171827027E-16
    0.189902269E-16
    0.168812221E-16
    0.187745759E-16
    0.181466767E-16
    0.171347082E-16
    0.198814642E-16
    0.167404898E-16
    0.192719651E-16
    0.190315936E-16
    0.171652185E-16
    0.210110481E-16
    0.173228015E-16
    0.198084989E-16
    0.199560835E-16
    0.179523303E-16
    0.217536063E-16
    0.178020393E-16
    0.210526780E-16
    0.204136264E-16
    0.183936994E-16
    0.227055381E-16
    0.182673697E-16
    0.215330757E-16
    0.208059899E-16
    0.190502673E-16
    0.228516567E-16
    0.185914670E-16
    0.218958669E-16
    0.208613343E-16
    0.194477642E-16
    0.227896908E-16
    0.187310051E-16
    0.220379652E-16
    0.209033556E-16
    0.193196247E-16
    0.229196064E-16
    0.188567164E-16
    0.216910196E-16
    0.211821537E-16
    0.190300887E-16
    0.230883968E-16
    0.187618752E-16
    0.213451440E-16
    0.217054533E-16
    0.184469055E-16
    0.232981155E-16
    0.186158083E-16
    0.213207460E-16
    0.219257557E-16
    0.177759632E-16
    0.240492022E-16
    0.180083782E-16
    0.214559148E-16
    0.221080350E-16
    0.171326515E-16
    0.249268217E-16
    0.170699538E-16
    0.218077260E-16
    0.220887560E-16
    0.166642704E-16
    0.254158558E-16
    0.159793098E-16
    0.227004379E-16
    0.213407736E-16
    0.160424301E-16
    0.262443159E-16
    0.148268784E-16
    0.229089980E-16
    0.209751296E-16
    0.157509654E-16
    0.263025267E-16
    0.142318023E-16
    0.228727636E-16
    0.210236556E-16
    0.155464040E-16
    0.258271471E-16
    0.149218235E-16
    0.223876962E-16
    0.212008198E-16
    0.159836060E-16
    0.253049623E-16
    0.162126771E-16
    0.216803003E-16
    0.219342503E-16
    0.167598352E-16
    0.248009904E-16
    0.178514926E-16
    0.209485459E-16
    0.233299682E-16
    0.174364104E-16
    0.241351554E-16
    0.202660102E-16
    0.201948459E-16
    0.244173317E-16
    0.186329730E-16
    0.237998833E-16
    0.222780539E-16
    0.198399431E-16
    0.259058378E-16
    0.194726365E-16
    0.240023427E-16
    0.244759535E-16
    0.192534835E-16
    0.281313913E-16
    0.202952982E-16
    0.240531435E-16
    0.274150442E-16
    0.186712643E-16
    0.302773393E-16
    0.217057358E-16
    0.240817780E-16
    0.303584641E-16
    0.185713551E-16
    0.321850986E-16
    0.232362678E-16
    0.243838937E-16
    0.329382801E-16
    0.186699633E-16
    0.338854010E-16
    0.245328181E-16
    0.248268921E-16
    0.349754088E-16
    0.185095687E-16
    0.353728930E-16
    0.255428856E-16
    0.245572782E-16
    0.365047008E-16
    0.184462812E-16
    0.355229460E-16
    0.263010681E-16
    0.238927682E-16
    0.366236611E-16
    0.187012855E-16
    0.342105632E-16
    0.262416047E-16
    0.233984160E-16
    0.350306881E-16
    0.184407639E-16
    0.324064934E-16
    0.254872263E-16
    0.219852815E-16
    0.327523645E-16
    0.180572066E-16
    0.295072162E-16
    0.246484686E-16
    0.200755267E-16
    0.298900530E-16
    0.181481672E-16
    0.259122334E-16
    0.234994517E-16
    0.189997685E-16
    0.268876499E-16
    0.180290133E-16
    0.233967836E-16
    0.223597899E-16
    0.184414394E-16
    0.249688587E-16
    0.178465692E-16
    0.222760311E-16
    0.219302719E-16
    0.183249081E-16
    0.243020708E-16
    0.182227634E-16
    0.223730621E-16
    0.220476741E-16
    0.188584696E-16
    0.247133435E-16
    0.189051253E-16
    0.231874724E-16
    0.224932003E-16
    0.195861143E-16
    0.256022776E-16
    0.194796785E-16
    0.236397729E-16
    0.230133133E-16
    0.201668955E-16
    0.256283036E-16
    0.195925972E-16
    0.235770210E-16
    0.227735274E-16
    0.200307541E-16
    0.246625239E-16
    0.190154663E-16
    0.229355571E-16
    0.216325402E-16
    0.189582688E-16
    0.234246588E-16
    0.181061971E-16
    0.214578035E-16
    0.204201382E-16
    0.179359519E-16
    0.219915599E-16
    0.174805827E-16
    0.201973278E-16
    0.195547426E-16
    0.177619102E-16
    0.209764815E-16
    0.174843189E-16
    0.202220849E-16
    0.192712310E-16
    0.184669747E-16
    0.213227338E-16
    0.181923685E-16
    0.211871668E-16
    0.201182674E-16
    0.199837688E-16
    0.224709360E-16
    0.196744818E-16
    0.226886753E-16
    0.217052667E-16
    0.220634276E-16
    0.233916727E-16
    0.217305709E-16
    0.246676704E-16
    0.225642895E-16
    0.243262329E-16
    0.241396374E-16
    0.233132919E-16
    0.266639325E-16
    0.221635328E-16
    0.264067904E-16
    0.248898919E-16
    0.234444828E-16
    0.281873771E-16
    0.213984243E-16
    0.277221772E-16
    0.251308513E-16
    0.227147344E-16
    0.289997598E-16
    0.208675228E-16
    0.281082368E-16
    0.244375284E-16
    0.225000106E-16
    0.290076876E-16
    0.202421156E-16
    0.283642198E-16
    0.230390944E-16
    0.231233293E-16
    0.286054582E-16
    0.192555979E-16
    0.291756686E-16
    0.216387040E-16
    0.239370101E-16
    0.284715729E-16
    0.182638002E-16
    0.303595599E-16
    0.209309511E-16
    0.245462788E-16
    0.288200908E-16
    0.177752488E-16
    0.316458503E-16
    0.209074469E-16
    0.250345776E-16
    0.295119922E-16
    0.177438571E-16
    0.331214937E-16
    0.208844348E-16
    0.254284258E-16
    0.305817744E-16
    0.175684008E-16
    0.345762740E-16
    0.205122301E-16
    0.255570616E-16
    0.318594345E-16
    0.169325872E-16
    0.352730415E-16
    0.201852931E-16
    0.254557330E-16
    0.325274362E-16
    0.163877339E-16
    0.348660917E-16
    0.202871509E-16
    0.256329687E-16
    0.318437144E-16
    0.167872652E-16
    0.340656732E-16
    0.206166084E-16
    0.266493879E-16
    0.301010724E-16
    0.183672705E-16
    0.339761895E-16
    0.207432267E-16
    0.285567601E-16
    0.284335938E-16
    0.206479502E-16
    0.349996808E-16
    0.204795729E-16
    0.309845635E-16
    0.277612729E-16
    0.229142607E-16
    0.366728730E-16
    0.198463466E-16
    0.336355314E-16
    0.281505315E-16
    0.245055151E-16
    0.384654661E-16
    0.189887490E-16
    0.364197236E-16
    0.291317383E-16
    0.249967170E-16
    0.403949966E-16
    0.183133853E-16
    0.390887732E-16
    0.303125193E-16
    0.245572573E-16
    0.426891242E-16
    0.183963265E-16
    0.410733638E-16
    0.315495969E-16
    0.240584847E-16
    0.450588814E-16
    0.195018806E-16
    0.419189545E-16
    0.327098809E-16
    0.244168849E-16
    0.466268142E-16
    0.212581414E-16
    0.416980586E-16
    0.334700350E-16
    0.257322177E-16
    0.466185760E-16
    0.229100331E-16
    0.408177097E-16
    0.334001087E-16
    0.272952228E-16
    0.449597427E-16
    0.238374128E-16
    0.395769801E-16
    0.322595731E-16
    0.284044312E-16
    0.421612974E-16
    0.238289396E-16
    0.380519700E-16
    0.302805579E-16
    0.289081269E-16
    0.388285360E-16
    0.231178817E-16
    0.363042701E-16
    0.281218908E-16
    0.290148969E-16
    0.353551877E-16
    0.223262561E-16
    0.345262748E-16
    0.263719291E-16
    0.289440438E-16
    0.319354509E-16
    0.221864574E-16
    0.329656268E-16
    0.251033550E-16
    0.288878725E-16
    0.287502691E-16
    0.230548407E-16
    0.317468347E-16
    0.240343601E-16
    0.290556246E-16
    0.261069614E-16
    0.246405690E-16
    0.307581860E-16
    0.230746986E-16
    0.294996627E-16
    0.243170344E-16
    0.263047304E-16
    0.297251698E-16
    0.225753584E-16
    0.299629171E-16
    0.234411510E-16
    0.276965858E-16
    0.284561016E-16
    0.230303451E-16
    0.301175839E-16
    0.232253332E-16
    0.290571351E-16
    0.269940795E-16
    0.245273857E-16
    0.299630200E-16
    0.232823369E-16
    0.308207063E-16
    0.254918705E-16
    0.264799408E-16
    0.298341264E-16
    0.233129430E-16
    0.329347346E-16
    0.240687096E-16
    0.279498051E-16
    0.300518136E-16
    0.232022785E-16
    0.346814359E-16
    0.228765441E-16
    0.283151447E-16
    0.306860475E-16
    0.229836204E-16
    0.352465470E-16
    0.221731590E-16
    0.276616578E-16
    0.315706793E-16
    0.227175460E-16
    0.344429054E-16
    0.222043948E-16
    0.265166553E-16
    0.324243577E-16
    0.224698724E-16
    0.328012626E-16
    0.230446788E-16
    0.253034553E-16
    0.329661696E-16
    0.225682539E-16
    0.309448191E-16
    0.244491657E-16
    0.243133959E-16
    0.329529665E-16
    0.236288316E-16
    0.291676388E-16
    0.256511812E-16
    0.242078672E-16
    0.322764877E-16
    0.258394293E-16
    0.277395092E-16
    0.258023782E-16
    0.258209238E-16
    0.313226177E-16
    0.283558450E-16
    0.270177594E-16
    0.251459441E-16
    0.290548914E-16
    0.308366965E-16
    0.299751607E-16
    0.269284594E-16
    0.251364631E-16
    0.326326335E-16
    0.309483616E-16
    0.304042948E-16
    0.270318361E-16
    0.270221959E-16
    0.351261451E-16
    0.311329464E-16
    0.304486374E-16
    0.273464195E-16
    0.308589699E-16
    0.359136255E-16
    0.311679258E-16
    0.312387029E-16
    0.282467048E-16
    0.356296399E-16
    0.354278151E-16
    0.310652614E-16
    0.333616404E-16
    0.296073946E-16
    0.396990921E-16
    0.346468564E-16
    0.308047114E-16
    0.362564312E-16
    0.309559772E-16
    0.420917710E-16
    0.340751313E-16
    0.308882741E-16
    0.386799592E-16
    0.321102377E-16
    0.431509003E-16
    0.333420553E-16
    0.316302650E-16
    0.393295898E-16
    0.330964564E-16
    0.425879815E-16
    0.318307315E-16
    0.322095278E-16
    0.371577780E-16
    0.341837773E-16
    0.395118992E-16
    0.299555197E-16
    0.322069840E-16
    0.340039458E-16
    0.354731662E-16
    0.358081679E-16
    0.295791418E-16
    0.320828045E-16
    0.345814398E-16
    0.356889614E-16
    0.341001231E-16
    0.312299691E-16
    0.316202787E-16
    0.390377131E-16
    0.339464620E-16
    0.325710476E-16
    0.331552367E-16
    0.311510295E-16
    0.425275495E-16
    0.328382837E-16
    0.289473402E-16
    0.361243716E-16
    0.326722659E-16
    0.445746755E-16
    0.356718619E-16
    0.253342631E-16
    0.427118576E-16
    0.361533700E-16
    0.473608197E-16
    0.402566165E-16
    0.235935061E-16
    0.492021625E-16
    0.384812209E-16
    0.480229676E-16
    0.409948628E-16
    0.238066080E-16
    0.489532405E-16
    0.395584866E-16
    0.445447449E-16
    0.387235117E-16
    0.277979107E-16
    0.444612267E-16
    0.427581566E-16
    0.414582078E-16
    0.395320203E-16
    0.346412168E-16
    0.435520172E-16
    0.455132568E-16
    0.414683277E-16
    0.430504096E-16
    0.378460673E-16
    0.460580912E-16
    0.430830141E-16
    0.413737207E-16
    0.449722294E-16
    0.383633856E-16
    0.464525326E-16
    0.421770775E-16
    0.422868046E-16
    0.457182990E-16
    0.464404670E-16
    0.455268244E-16
    0.478300871E-16
    0.489996468E-16
    0.473498601E-16
    0.560186772E-16
    0.500761041E-16
    0.510585933E-16
    0.545030214E-16
    0.559507854E-16
    0.503278274E-16
    0.631101793E-16
    0.541443876E-16
    0.543630731E-16
    0.754586269E-16
    0.458436466E-16
    0.783806507E-16
    0.721243509E-16
    0.663211636E-16
    0.912226693E-16
    0.691628837E-16
    0.899792860E-16
    0.968980588E-16
    0.946095291E-16
    0.933293161E-16
    0.100733004E-15
    0.997467629E-16
    0.113289802E-15
    0.113985642E-15
    0.102418062E-15
    0.117133149E-15
    0.117719539E-15
    0.137839641E-15
    0.129119729E-15
    0.146010482E-15
    0.145341182E-15
    0.171507180E-15
    0.190685967E-15
    0.187191091E-15
    0.226723682E-15
    0.214430941E-15
    0.269291161E-15
    0.258836483E-15
    0.292050669E-15
    0.306635601E-15
    0.307132055E-15
    0.353526722E-15
    0.331843821E-15
    0.381198141E-15
    0.374387620E-15
    0.408579970E-15
    0.411032502E-15
    0.466085506E-15
    0.466748543E-15
    0.529108553E-15
    0.576186072E-15
    0.575884714E-15
    0.719081594E-15
    0.697312314E-15
    0.821696341E-15
    0.871822682E-15
    0.927773751E-15
    0.102693310E-14
    0.110193379E-14
    0.116660512E-14
    0.122267131E-14
    0.137130892E-14
    0.135268016E-14
    0.153496991E-14
    0.160516354E-14
    0.163291440E-14
    0.189410120E-14
    0.191567076E-14
    0.209720121E-14
    0.231122636E-14
    0.243571723E-14
    0.264790521E-14
    0.295820489E-14
    0.309866306E-14
    0.336413004E-14
    0.379177539E-14
    0.384042797E-14
    0.438087870E-14
    0.463777087E-14
    0.488807824E-14
    0.547001535E-14
    0.574120844E-14
    0.619410476E-14
    0.672929335E-14
    0.726476513E-14
    0.766303448E-14
    0.856533338E-14
    0.901136013E-14
    0.972990931E-14
    0.108056705E-13
    0.112839506E-13
    0.124943535E-13
    0.134619661E-13
    0.144670615E-13
    0.156997144E-13
    0.171603315E-13
    0.182412385E-13
    0.199836751E-13
    0.217162384E-13
    0.230851752E-13
    0.255129263E-13
    0.272945738E-13
    0.295574271E-13
    0.322156882E-13
    0.347952750E-13
    0.375861564E-13
    0.410221243E-13
    0.444465472E-13
    0.480138098E-13
    0.527062426E-13
    0.569542500E-13
    0.620447794E-13
    0.680334077E-13
    0.738808786E-13
    0.808180333E-13
    0.887195485E-13
    0.969166376E-13
    0.106295752E-12
    0.117302763E-12
    0.128652344E-12
    0.141962514E-12
    0.157559152E-12
    0.173935454E-12
    0.193602397E-12
    0.216489200E-12
    0.241246536E-12
    0.271462853E-12
    0.306403919E-12
    0.345733384E-12
    0.393242757E-12
    0.449455851E-12
    0.512779900E-12
    0.591190055E-12
    0.682779672E-12
    0.788933692E-12
    0.920313295E-12
    0.107379547E-11
    0.125583495E-11
    0.147970083E-11
    0.174344717E-11
    0.205976815E-11
    0.244842787E-11
    0.290816161E-11
    0.346503593E-11
    0.414712405E-11
    0.495620661E-11
    0.594512245E-11
    0.714641391E-11
    0.858259276E-11
    0.103386661E-10
    0.124637793E-10
    0.150158059E-10
    0.181345080E-10
    0.218948742E-10
    0.264288970E-10
    0.319553937E-10
    0.386029934E-10
    0.466435073E-10
    0.564017487E-10
    0.681365083E-10
    0.823379421E-10
    0.995098563E-10
    0.120157296E-09
    0.145128709E-09
    0.175216728E-09
    0.211402321E-09
    0.255077536E-09
    0.307554539E-09
    0.370669088E-09
    0.446602766E-09
    0.537718694E-09
    0.647127006E-09
    0.778447928E-09
    0.935741255E-09
    0.112429099E-08
    0.135006878E-08
    0.161995450E-08
    0.194300324E-08
    0.232859841E-08
    0.278913295E-08
    0.333870169E-08
    0.399350241E-08
    0.477406301E-08
    0.570292293E-08
    0.680802453E-08
    0.812164955E-08
    0.968206260E-08
    0.115338647E-07
    0.137305564E-07
    0.163337563E-07
    0.194159321E-07
    0.230645958E-07
    0.273766574E-07
    0.324730461E-07
    0.384889659E-07
    0.455844275E-07
    0.539500703E-07
    0.638002132E-07
    0.753937146E-07
    0.890257818E-07
    0.105042177E-06
    0.123845465E-06
    0.145902633E-06
    0.171755152E-06
    0.202031060E-06
    0.237461736E-06
    0.278883503E-06
    0.327278636E-06
    0.383768044E-06
    0.449650808E-06
    0.526432754E-06
    0.615830845E-06
    0.719841106E-06
    0.840747418E-06
    0.981172381E-06
    0.114413812E-05
    0.133309666E-05
    0.155201045E-05
    0.180541679E-05
    0.209849691E-05
    0.243717659E-05
    0.282821763E-05
    0.327932932E-05
    0.379929252E-05
    0.439810799E-05
    0.508713731E-05
    0.587928756E-05
    0.678922280E-05
    0.783353097E-05
    0.903104443E-05
    0.104030425E-04
    0.119735721E-04
    0.137698416E-04
    0.158224630E-04
    0.181660234E-04
    0.208394168E-04
    0.238863857E-04
    0.273561454E-04
    0.313038622E-04
    0.357914740E-04
    0.408883460E-04
    0.466721025E-04
    0.532295681E-04
    0.606577066E-04
    0.690647103E-04
    0.785711979E-04
    0.893115083E-04
    0.101435007E-03
    0.115107822E-03
    0.130514248E-03
    0.147858728E-03
    0.167367839E-03
    0.189292137E-03
    0.213908860E-03
    0.241524058E-03
    0.272475312E-03
    0.307134930E-03
    0.345912423E-03
    0.389258427E-03
    0.437667930E-03
    0.491683901E-03
    0.551901920E-03
    0.618973760E-03
    0.693612497E-03
    0.776597351E-03
    0.868778355E-03
    0.971082682E-03
    0.108451956E-02
    0.121018690E-02
    0.134927772E-02
    0.150308636E-02
    0.167301632E-02
    0.186058692E-02
    0.206744137E-02
    0.229535492E-02
    0.254624253E-02
    0.282216833E-02
    0.312535386E-02
    0.345818728E-02
    0.382323335E-02
    0.422324208E-02
    0.466115919E-02
    0.514013628E-02
    0.566353949E-02
    0.623496178E-02
    0.685823123E-02
    0.753742152E-02
    0.827686375E-02
    0.908115288E-02
    0.995516113E-02
    0.109040453E-01
    0.119332548E-01
    0.130485444E-01
    0.142559766E-01
    0.155619335E-01
    0.169731225E-01
    0.184965790E-01
    0.201396773E-01
    0.219101281E-01
    0.238159847E-01
    0.258656456E-01
    0.280678487E-01
    0.304316771E-01
    0.329665504E-01
    0.356822202E-01
    0.385887678E-01
    0.416965871E-01
    0.450163806E-01
    0.485591437E-01
    0.523361439E-01
    0.563589122E-01
    0.606392121E-01
    0.651890206E-01
    0.700205051E-01
    0.751459825E-01
    0.805779018E-01
    0.863287974E-01
    0.924112527E-01
    0.988378673E-01
    0.105621197E+00
    0.112773723E+00
    0.120307792E+00
    0.128235559E+00
    0.136568947E+00
    0.145319570E+00
    0.154498685E+00
    0.164117124E+00
    0.174185222E+00
    0.184712762E+00
    0.195708894E+00
    0.207182066E+00
    0.219139961E+00
    0.231589407E+00
    0.244536318E+00
    0.257985616E+00
    0.271941147E+00
    0.286405627E+00
    0.301380550E+00
    0.316866127E+00
    0.332861223E+00
    0.349363271E+00
    0.366368231E+00
    0.383870516E+00
    0.401862929E+00
    0.420336639E+00
    0.439281094E+00
    0.458684010E+00
    0.478531328E+00
    0.498807160E+00
    0.519493813E+00
    0.540571718E+00
    0.562019463E+00
    0.583813776E+00
    0.605929519E+00
    0.628339738E+00
    0.651015647E+00
    0.673926690E+00
    0.697040580E+00
    0.720323326E+00
    0.743739339E+00
    0.767251452E+00
    0.790821038E+00
    0.814408087E+00
    0.837971285E+00
    0.861468161E+00
    0.884855158E+00
    0.908087787E+00
    0.931120750E+00
    0.953908061E+00
    0.976403229E+00
    0.998559361E+00
    0.102032936E+01
    0.104166607E+01
    0.106252242E+01
    0.108285165E+01
    0.110260740E+01
    0.112174397E+01
    0.114021643E+01
    0.115798082E+01
    0.117499431E+01
    0.119121539E+01
    0.120660402E+01
    0.122112179E+01
    0.123473209E+01
    0.124740027E+01
    0.125909376E+01
    0.126978222E+01
    0.127943769E+01
    0.128803469E+01
    0.129555033E+01
    0.130196442E+01
    0.130725956E+01
    0.131142122E+01
    0.131443779E+01
    0.131630066E+01
    0.131700422E+01
    0.131654595E+01
    0.131492637E+01
    0.131214908E+01
    0.130822073E+01
    0.130315100E+01
    0.129695256E+01
    0.128964103E+01
    0.128123487E+01
    0.127175537E+01
    0.126122649E+01
    0.124967482E+01
    0.123712944E+01
    0.122362178E+01
    0.120918551E+01
    0.119385643E+01
    0.117767224E+01
    0.116067249E+01
    0.114289832E+01
    0.112439236E+01
    0.110519853E+01
    0.108536188E+01
    0.106492842E+01
    0.104394489E+01
    0.102245867E+01
    0.100051755E+01
    0.978169520E+00
    0.955462690E+00
    0.932445039E+00
    0.909164280E+00
    0.885667706E+00
    0.862002015E+00
    0.838213172E+00
    0.814346273E+00
    0.790445389E+00
    0.766553461E+00
    0.742712171E+00
    0.718961827E+00
    0.695341278E+00
    0.671887807E+00
    0.648637056E+00
    0.625622961E+00
    0.602877672E+00
    0.580431523E+00
    0.558312973E+00
    0.536548576E+00
    0.515162970E+00
    0.494178843E+00
    0.473616945E+00
    0.453496086E+00
    0.433833141E+00
    0.414643083E+00
    0.395939003E+00
    0.377732141E+00
    0.360031937E+00
    0.342846070E+00
    0.326180511E+00
    0.310039593E+00
    0.294426052E+00
    0.279341114E+00
    0.264784556E+00
    0.250754769E+00
    0.237248859E+00
    0.224262694E+00
    0.211791002E+00
    0.199827451E+00
    0.188364708E+00
    0.177394548E+00
    0.166907912E+00
    0.156894986E+00
    0.147345300E+00
    0.138247772E+00
    0.129590806E+00
    0.121362362E+00
    0.113550003E+00
    0.106140995E+00
    0.991223482E-01
    0.924808790E-01
    0.862032883E-01
    0.802761855E-01
    0.746861688E-01
    0.694198591E-01
    0.644639407E-01
    0.598052219E-01
    0.554306500E-01
    0.513273638E-01
    0.474827193E-01
    0.438843136E-01
    0.405200203E-01
    0.373780019E-01
    0.344467364E-01
    0.317150293E-01
    0.291720311E-01
    0.268072449E-01
    0.246105389E-01
    0.225721514E-01
    0.206826929E-01
    0.189331556E-01
    0.173149045E-01
    0.158196846E-01
    0.144396148E-01
    0.131671815E-01
    0.119952401E-01
    0.109170001E-01
    0.992602501E-02
    0.901621978E-02
    0.818182223E-02
    0.741739561E-02
    0.671781467E-02
    0.607825866E-02
    0.549419721E-02
    0.496138112E-02
    0.447582973E-02
    0.403381949E-02
    0.363187325E-02
    0.326674676E-02
    0.293541985E-02
    0.263508231E-02
    0.236312494E-02
    0.211712763E-02
    0.189484836E-02
    0.169421424E-02
    0.151330973E-02
    0.135036836E-02
    0.120376273E-02
    0.107199539E-02
    0.953690913E-03
    0.847586956E-03
    0.752526823E-03
    0.667452034E-03
    0.591395047E-03
    0.523472640E-03
    0.462879875E-03
    0.408883550E-03
    0.360817226E-03
    0.318075620E-03
    0.280109588E-03
    0.246421941E-03
    0.216562688E-03
    0.190125240E-03
    0.166742816E-03
    0.146084668E-03
    0.127853118E-03
    0.111780643E-03
    0.976268147E-04
    0.851761802E-04
    0.742357345E-04
    0.646326549E-04
    0.562127790E-04
    0.488383017E-04
    0.423865007E-04
    0.367481609E-04
    0.318260606E-04
    0.275339791E-04
    0.237953799E-04
    0.205424750E-04
    0.177152893E-04
    0.152608393E-04
    0.131323226E-04
    0.112885171E-04
    0.969312549E-05
    0.831418607E-05
    0.712369927E-05
    0.609702975E-05
    0.521263919E-05
    0.445166917E-05
    0.379761807E-05
    0.323611328E-05
    0.275458878E-05
    0.234213174E-05
    0.198922691E-05
    0.168762345E-05
    0.143015825E-05
    0.121061656E-05
    0.102363490E-05
    0.864559363E-06
    0.729385013E-06
    0.614651196E-06
    0.517380129E-06
    0.435008129E-06
    0.365335278E-06
    0.306472399E-06
    0.256797405E-06
    0.214930226E-06
    0.179679697E-06
    0.150037993E-06
    0.125142204E-06
    0.104254712E-06
    0.867534349E-07
    0.721058926E-07
    0.598604421E-07
    0.496368541E-07
    0.411109207E-07
    0.340083693E-07
    0.281004702E-07
    0.231907871E-07
    0.191158260E-07
    0.157386080E-07
    0.129420496E-07
    0.106295217E-07
    0.872004250E-08
    0.714454703E-08
    0.584653565E-08
    0.477893686E-08
    0.390093085E-08
    0.318068572E-08
    0.259018253E-08
    0.210651664E-08
    0.171119347E-08
    0.138832189E-08
    0.112484510E-08
    0.910303339E-09
    0.735824460E-09
    0.593823463E-09
    0.478840569E-09
    0.385514599E-09
    0.309956317E-09
    0.248983667E-09
    0.199669986E-09
    0.159929865E-09
    0.127955364E-09
    0.102238245E-09
    0.815348542E-10
    0.650168656E-10
    0.517133386E-10
    0.410945913E-10
    0.326354649E-10
    0.258506724E-10
    0.204638635E-10
    0.161821346E-10
    0.127697921E-10
    0.100603056E-10
    0.793119170E-11
    0.622489380E-11
    0.488833751E-11
    0.383619556E-11
    0.299775932E-11
    0.234491686E-11
    0.183229836E-11
    0.142602985E-11
    0.111014186E-11
    0.865176392E-12
    0.669147976E-12
    0.519815779E-12
    0.403053240E-12
    0.310557032E-12
    0.240192818E-12
    0.185735759E-12
    0.142146499E-12
    0.109794003E-12
    0.843747763E-13
    0.643582825E-13
    0.494228421E-13
    0.378669006E-13
    0.286298734E-13
    0.219597213E-13
    0.167222068E-13
    0.125127386E-13
    0.963774488E-14
    0.716991315E-14
    0.546939818E-14
    0.409459581E-14
    0.311899590E-14
    0.229002056E-14
    0.177527297E-14
    0.131493113E-14
    0.100067134E-14
    0.773000085E-15
    0.554945937E-15
    0.445248273E-15
    0.349134070E-15
    0.261603106E-15
    0.201134331E-15
    0.171399609E-15
    0.111460937E-15
    0.128343296E-15
    0.830061272E-16
    0.667411178E-16
    0.618562446E-16
    0.545713579E-16
    0.535507531E-16
    0.400776646E-16
    0.361081386E-16
    0.321986933E-16
    0.372667577E-16
    0.372524540E-16
    0.283191662E-16
    0.267480319E-16
    0.354890270E-16
    0.302656123E-16
    0.329423220E-16
    0.289657568E-16
    0.299507150E-16
    0.341789123E-16
    0.319788924E-16
    0.297444741E-16
    0.289775958E-16
    0.332962064E-16
    0.320270567E-16
    0.309295448E-16
    0.294940470E-16
    0.313987335E-16
    0.328597602E-16
    0.321142268E-16
    0.316876138E-16
    0.306633489E-16
    0.355502422E-16
    0.328286269E-16
    0.330386842E-16
    0.342593705E-16
    0.315714798E-16
    0.374740113E-16
    0.339522144E-16
    0.333369168E-16
    0.372106749E-16
    0.310220793E-16
    0.358975025E-16
    0.365260874E-16
    0.322325709E-16
    0.393855062E-16
    0.305077630E-16
    0.324051251E-16
    0.393689969E-16
    0.308338215E-16
    0.391862027E-16
    0.311788042E-16
    0.289552619E-16
    0.409173599E-16
    0.296499609E-16
    0.369049533E-16
    0.321257557E-16
    0.265517047E-16
    0.408196889E-16
    0.285469578E-16
    0.348859380E-16
    0.316630260E-16
    0.261172973E-16
    0.390771859E-16
    0.283185018E-16
    0.343471949E-16
    0.296935080E-16
    0.276944096E-16
    0.359003072E-16
    0.296146997E-16
    0.345443347E-16
    0.274700957E-16
    0.301018988E-16
    0.323896324E-16
    0.309731821E-16
    0.354469775E-16
    0.253613229E-16
    0.325567297E-16
    0.296889016E-16
    0.303853335E-16
    0.379246914E-16
    0.233619682E-16
    0.346910457E-16
    0.284422667E-16
    0.281570967E-16
    0.411779458E-16
    0.232539983E-16
    0.351593637E-16
    0.294459796E-16
    0.265683785E-16
    0.425848683E-16
    0.273592157E-16
    0.329318814E-16
    0.325155419E-16
    0.275757939E-16
    0.404904806E-16
    0.350918166E-16
    0.296925047E-16
    0.347582339E-16
    0.317054584E-16
    0.363075127E-16
    0.424995144E-16
    0.285553449E-16
    0.329132774E-16
    0.382105328E-16
    0.336464042E-16
    0.456195474E-16
    0.305022350E-16
    0.279996298E-16
    0.454217910E-16
    0.353468361E-16
    0.438110934E-16
    0.337165520E-16
    0.253353852E-16
    0.510595593E-16
    0.412438135E-16
    0.397933667E-16
    0.362366072E-16
    0.288415748E-16
    0.533034400E-16
    0.484501635E-16
    0.367902257E-16
    0.378548135E-16
    0.365897215E-16
    0.524921616E-16
    0.533671046E-16
    0.359194911E-16
    0.396027840E-16
    0.428361443E-16
    0.509586685E-16
    0.539561895E-16
    0.358571612E-16
    0.424309217E-16
    0.437500751E-16
    0.500292876E-16
    0.513427524E-16
    0.347272300E-16
    0.457856145E-16
    0.407206878E-16
    0.480658581E-16
    0.489337260E-16
    0.326129428E-16
    0.468150321E-16
    0.384946413E-16
    0.432583636E-16
    0.486846195E-16
    0.316920298E-16
    0.427552963E-16
    0.401757660E-16
    0.375189265E-16
    0.488906332E-16
    0.329832895E-16
    0.354000417E-16
    0.442979919E-16
    0.346650911E-16
    0.471373612E-16
    0.343397817E-16
    0.308104852E-16
    0.473732378E-16
    0.349888025E-16
    0.439053518E-16
    0.335630492E-16
    0.327707236E-16
    0.477633887E-16
    0.349982194E-16
    0.417533895E-16
    0.319179185E-16
    0.385614713E-16
    0.460079353E-16
    0.324528342E-16
    0.422314685E-16
    0.322123923E-16
    0.422349577E-16
    0.435271318E-16
    0.287458949E-16
    0.444894649E-16
    0.351596796E-16
    0.403453884E-16
    0.419865095E-16
    0.266168147E-16
    0.458056127E-16
    0.393287364E-16
    0.344762050E-16
    0.418780152E-16
    0.275154287E-16
    0.441242563E-16
    0.427653495E-16
    0.293831231E-16
    0.416807356E-16
    0.305793296E-16
    0.410068010E-16
    0.437262657E-16
    0.281853405E-16
    0.404379969E-16
    0.335153669E-16
    0.399103966E-16
    0.418544904E-16
    0.295250918E-16
    0.396130641E-16
    0.355190299E-16
    0.406830358E-16
    0.387880934E-16
    0.312594357E-16
    0.398895334E-16
    0.380156292E-16
    0.398194805E-16
    0.360137170E-16
    0.345987696E-16
    0.392756113E-16
    0.406389998E-16
    0.368313742E-16
    0.338758243E-16
    0.402034684E-16
    0.368395754E-16
    0.402263297E-16
    0.350547835E-16
    0.333310221E-16
    0.438598976E-16
    0.343601955E-16
    0.364538771E-16
    0.359473566E-16
    0.347319990E-16
    0.420760197E-16
    0.328101855E-16
    0.335533154E-16
    0.375737632E-16
    0.349541480E-16
    0.385886718E-16
    0.311018236E-16
    0.335740248E-16
    0.386999180E-16
    0.308951786E-16
    0.384916474E-16
    0.297325722E-16
    0.332343978E-16
    0.386896840E-16
    0.271252959E-16
    0.389698389E-16
    0.294602727E-16
    0.329980058E-16
    0.337703849E-16
    0.299533337E-16
    0.370988853E-16
    0.254538384E-16
    0.379278768E-16
    0.257172321E-16
    0.317804265E-16
    0.370545242E-16
    0.184767068E-16
    0.407346723E-16
    0.252886935E-16
    0.249850568E-16
    0.346934805E-16
    0.225221531E-16
    0.307526863E-16
    0.288359118E-16
    0.242980744E-16
    0.220539311E-16
    0.351788133E-16
    0.221010194E-16
    0.199183072E-16
    0.370631188E-16
    0.162784883E-16
    0.305034248E-16
    0.287274681E-16
    0.142222822E-16
    0.365981630E-16
    0.300876773E-16
    0.186750531E-16
    0.275461815E-16
    0.361948490E-16
    0.247540427E-16
    0.294282533E-16
    0.328771756E-16
    0.208374206E-16
    0.474546431E-16
    0.330313640E-16
    0.200781153E-16
    0.458406945E-16
    0.392117078E-16
    0.288899669E-16
    0.377299026E-16
    0.460243344E-16
    0.353025062E-16
    0.505305186E-16
    0.449544573E-16
    0.299784784E-16
    0.552130015E-16
    0.512459364E-16
    0.315099993E-16
    0.539153903E-16
    0.742819274E-16
    0.503028783E-16
    0.487127031E-16
    0.724292507E-16
    0.605381314E-16
    0.373463624E-16
