 #tdnd tdcion
    0.314672621E-16
    0.303489952E-16
    0.258261977E-16
    0.317355765E-16
    0.264558657E-16
    0.339884529E-16
    0.257596591E-16
    0.273304444E-16
    0.235067645E-16
    0.255371093E-16
    0.321921133E-16
    0.363858172E-16
    0.384188753E-16
    0.374299772E-16
    0.369204881E-16
    0.492091988E-16
    0.397050691E-16
    0.458217210E-16
    0.358910009E-16
    0.422863481E-16
    0.322106032E-16
    0.285296181E-16
    0.281735309E-16
    0.255177834E-16
    0.325173848E-16
    0.262994299E-16
    0.338946492E-16
    0.381975247E-16
    0.369656395E-16
    0.384133021E-16
    0.294540047E-16
    0.313989037E-16
    0.233692183E-16
    0.261912767E-16
    0.319472748E-16
    0.227088292E-16
    0.229174553E-16
    0.328193742E-16
    0.285168419E-16
    0.260070932E-16
    0.248933513E-16
    0.220847829E-16
    0.249125516E-16
    0.295533520E-16
    0.392893121E-16
    0.348682909E-16
    0.373012722E-16
    0.256151692E-16
    0.243502868E-16
    0.325092056E-16
    0.289351335E-16
    0.395220767E-16
    0.378434062E-16
    0.263889145E-16
    0.308136750E-16
    0.271651218E-16
    0.313127305E-16
    0.312511375E-16
    0.334783407E-16
    0.262948274E-16
    0.309732583E-16
    0.289335016E-16
    0.203413407E-16
    0.216713535E-16
    0.260765925E-16
    0.374753814E-16
    0.314529486E-16
    0.255249650E-16
    0.336672663E-16
    0.313484858E-16
    0.306750009E-16
    0.295206494E-16
    0.268327695E-16
    0.362570514E-16
    0.285462103E-16
    0.214903614E-16
    0.274908000E-16
    0.247073472E-16
    0.368728734E-16
    0.333904390E-16
    0.216560820E-16
    0.256736025E-16
    0.254667147E-16
    0.278753507E-16
    0.265100331E-16
    0.333329083E-16
    0.257595149E-16
    0.225330324E-16
    0.283727599E-16
    0.205272856E-16
    0.288696694E-16
    0.294299984E-16
    0.272125696E-16
    0.283197007E-16
    0.265061899E-16
    0.293292101E-16
    0.387469235E-16
    0.332662425E-16
    0.269295267E-16
    0.215548623E-16
    0.319231455E-16
    0.264081438E-16
    0.289497462E-16
    0.327650545E-16
    0.303617003E-16
    0.370546605E-16
    0.321561775E-16
    0.204568540E-16
    0.309339145E-16
    0.310351319E-16
    0.273825183E-16
    0.264933041E-16
    0.292159135E-16
    0.289565991E-16
    0.258771719E-16
    0.313036367E-16
    0.240378935E-16
    0.252426938E-16
    0.199772759E-16
    0.317062574E-16
    0.307874301E-16
    0.260830288E-16
    0.318988634E-16
    0.295589392E-16
    0.245932453E-16
    0.308069146E-16
    0.309476168E-16
    0.206910394E-16
    0.280489459E-16
    0.248755837E-16
    0.259824618E-16
    0.319250475E-16
    0.243423363E-16
    0.346880118E-16
    0.299882430E-16
    0.205927932E-16
    0.264908953E-16
    0.258551207E-16
    0.282231315E-16
    0.251640578E-16
    0.407317206E-16
    0.395108473E-16
    0.466178924E-16
    0.709656452E-16
    0.619891848E-16
    0.926128097E-16
    0.129730271E-15
    0.188377128E-15
    0.280325629E-15
    0.426901796E-15
    0.678400289E-15
    0.103579777E-14
    0.159769587E-14
    0.236652422E-14
    0.362152756E-14
    0.559548441E-14
    0.843406400E-14
    0.128467036E-13
    0.194075475E-13
    0.295083918E-13
    0.444442059E-13
    0.666943875E-13
    0.990147257E-13
    0.147979627E-12
    0.220062454E-12
    0.326115317E-12
    0.481351862E-12
    0.709225096E-12
    0.103910460E-11
    0.152254720E-11
    0.221864026E-11
    0.322985115E-11
    0.467946417E-11
    0.676854494E-11
    0.975513473E-11
    0.140090912E-10
    0.200732868E-10
    0.286933557E-10
    0.408392141E-10
    0.580184636E-10
    0.821237235E-10
    0.115946214E-09
    0.163207939E-09
    0.229043942E-09
    0.320512366E-09
    0.447249122E-09
    0.622267793E-09
    0.863315846E-09
    0.119411081E-08
    0.164717722E-08
    0.226561623E-08
    0.310723859E-08
    0.424940250E-08
    0.579498913E-08
    0.788036659E-08
    0.106861810E-07
    0.144503385E-07
    0.194856537E-07
    0.262020695E-07
    0.351351298E-07
    0.469834899E-07
    0.626524076E-07
    0.833166708E-07
    0.110492541E-06
    0.146127461E-06
    0.192724943E-06
    0.253490797E-06
    0.332500801E-06
    0.434955795E-06
    0.567432768E-06
    0.738254192E-06
    0.957907594E-06
    0.123956282E-05
    0.159972118E-05
    0.205898377E-05
    0.264300340E-05
    0.338362454E-05
    0.432022114E-05
    0.550140480E-05
    0.698694975E-05
    0.885012609E-05
    0.111805287E-04
    0.140873066E-04
    0.177030879E-04
    0.221884731E-04
    0.277373898E-04
    0.345832284E-04
    0.430060540E-04
    0.533407773E-04
    0.659868363E-04
    0.814188590E-04
    0.100199252E-03
    0.122992298E-03
    0.150579862E-03
    0.183879370E-03
    0.223964164E-03
    0.272085032E-03
    0.329695790E-03
    0.398479759E-03
    0.480379927E-03
    0.577631383E-03
    0.692796316E-03
    0.828801932E-03
    0.988980655E-03
    0.117711287E-02
    0.139747263E-02
    0.165487290E-02
    0.195471571E-02
    0.230304053E-02
    0.270657453E-02
    0.317278186E-02
    0.370991270E-02
    0.432704884E-02
    0.503414830E-02
    0.584208320E-02
    0.676267478E-02
    0.780871959E-02
    0.899400807E-02
    0.103333343E-01
    0.118424930E-01
    0.135382637E-01
    0.154383852E-01
    0.175615066E-01
    0.199271267E-01
    0.225555185E-01
    0.254676234E-01
    0.286849412E-01
    0.322293862E-01
    0.361231323E-01
    0.403884354E-01
    0.450474362E-01
    0.501219486E-01
    0.556332283E-01
    0.616017284E-01
    0.680468538E-01
    0.749866875E-01
    0.824377345E-01
    0.904146514E-01
    0.989299872E-01
    0.107993928E+00
    0.117614063E+00
    0.127795155E+00
    0.138538957E+00
    0.149844030E+00
    0.161705614E+00
    0.174115530E+00
    0.187062112E+00
    0.200530201E+00
    0.214501166E+00
    0.228952977E+00
    0.243860334E+00
    0.259194828E+00
    0.274925147E+00
    0.291017340E+00
    0.307435091E+00
    0.324140053E+00
    0.341092186E+00
    0.358250132E+00
    0.375571597E+00
    0.393013733E+00
    0.410533539E+00
    0.428088225E+00
    0.445635583E+00
    0.463134330E+00
    0.480544410E+00
    0.497827278E+00
    0.514946132E+00
    0.531866112E+00
    0.548554441E+00
    0.564980547E+00
    0.581116095E+00
    0.596935027E+00
    0.612413517E+00
    0.627529924E+00
    0.642264681E+00
    0.656600185E+00
    0.670520650E+00
    0.684011944E+00
    0.697061442E+00
    0.709657839E+00
    0.721791005E+00
    0.733451834E+00
    0.744632091E+00
    0.755324319E+00
    0.765521726E+00
    0.775218117E+00
    0.784407850E+00
    0.793085787E+00
    0.801247329E+00
    0.808888383E+00
    0.816005420E+00
    0.822595521E+00
    0.828656407E+00
    0.834186509E+00
    0.839185024E+00
    0.843651959E+00
    0.847588187E+00
    0.850995481E+00
    0.853876526E+00
    0.856234962E+00
    0.858075343E+00
    0.859403151E+00
    0.860224748E+00
    0.860547340E+00
    0.860378922E+00
    0.859728227E+00
    0.858604628E+00
    0.857018104E+00
    0.854979143E+00
    0.852498674E+00
    0.849588003E+00
    0.846258745E+00
    0.842522768E+00
    0.838392145E+00
    0.833879104E+00
    0.828995995E+00
    0.823755274E+00
    0.818169456E+00
    0.812251117E+00
    0.806012889E+00
    0.799467423E+00
    0.792627408E+00
    0.785505556E+00
    0.778114588E+00
    0.770467238E+00
    0.762576236E+00
    0.754454291E+00
    0.746114094E+00
    0.737568276E+00
    0.728829410E+00
    0.719909980E+00
    0.710822355E+00
    0.701578784E+00
    0.692191358E+00
    0.682671979E+00
    0.673032379E+00
    0.663284054E+00
    0.653438284E+00
    0.643506098E+00
    0.633498273E+00
    0.623425323E+00
    0.613297491E+00
    0.603124741E+00
    0.592916763E+00
    0.582682965E+00
    0.572432471E+00
    0.562174128E+00
    0.551916503E+00
    0.541667875E+00
    0.531436250E+00
    0.521229351E+00
    0.511054619E+00
    0.500919223E+00
    0.490830040E+00
    0.480793676E+00
    0.470816454E+00
    0.460904411E+00
    0.451063310E+00
    0.441298635E+00
    0.431615586E+00
    0.422019099E+00
    0.412513828E+00
    0.403104160E+00
    0.393794225E+00
    0.384587883E+00
    0.375488749E+00
    0.366500182E+00
    0.357625305E+00
    0.348866999E+00
    0.340227919E+00
    0.331710491E+00
    0.323316927E+00
    0.315049227E+00
    0.306909181E+00
    0.298898388E+00
    0.291018246E+00
    0.283269965E+00
    0.275654580E+00
    0.268172943E+00
    0.260825738E+00
    0.253613487E+00
    0.246536549E+00
    0.239595136E+00
    0.232789310E+00
    0.226118990E+00
    0.219583969E+00
    0.213183902E+00
    0.206918328E+00
    0.200786669E+00
    0.194788232E+00
    0.188922224E+00
    0.183187751E+00
    0.177583826E+00
    0.172109372E+00
    0.166763232E+00
    0.161544170E+00
    0.156450874E+00
    0.151481970E+00
    0.146636014E+00
    0.141911509E+00
    0.137306899E+00
    0.132820579E+00
    0.128450904E+00
    0.124196177E+00
    0.120054671E+00
    0.116024623E+00
    0.112104239E+00
    0.108291699E+00
    0.104585161E+00
    0.100982758E+00
    0.974826176E-01
    0.940828423E-01
    0.907815315E-01
    0.875767746E-01
    0.844666577E-01
    0.814492639E-01
    0.785226789E-01
    0.756849891E-01
    0.729342880E-01
    0.702686765E-01
    0.676862648E-01
    0.651851745E-01
    0.627635433E-01
    0.604195203E-01
    0.581512752E-01
    0.559569960E-01
    0.538348872E-01
    0.517831809E-01
    0.498001261E-01
    0.478839997E-01
    0.460331031E-01
    0.442457614E-01
    0.425203300E-01
    0.408551901E-01
    0.392487521E-01
    0.376994556E-01
    0.362057698E-01
    0.347661947E-01
    0.333792621E-01
    0.320435327E-01
    0.307576016E-01
    0.295200932E-01
    0.283296668E-01
    0.271850115E-01
    0.260848506E-01
    0.250279397E-01
    0.240130652E-01
    0.230390491E-01
    0.221047427E-01
    0.212090314E-01
    0.203508331E-01
    0.195290950E-01
    0.187427999E-01
    0.179909596E-01
    0.172726173E-01
    0.165868490E-01
    0.159327592E-01
    0.153094851E-01
    0.147161922E-01
    0.141520777E-01
    0.136163669E-01
    0.131083153E-01
    0.126272075E-01
    0.121723562E-01
    0.117431032E-01
    0.113388182E-01
    0.109588980E-01
    0.106027687E-01
    0.102698818E-01
    0.995971634E-02
    0.967177836E-02
    0.940559924E-02
    0.916073718E-02
    0.893677561E-02
    0.873332268E-02
    0.855001275E-02
    0.838650341E-02
    0.824247747E-02
    0.811764101E-02
    0.801172407E-02
    0.792447945E-02
    0.785568334E-02
    0.780513325E-02
    0.777264946E-02
    0.775807360E-02
    0.776126775E-02
    0.778211553E-02
    0.782051963E-02
    0.787640252E-02
    0.794970582E-02
    0.804038923E-02
    0.814843022E-02
    0.827382357E-02
    0.841657970E-02
    0.857672555E-02
    0.875430306E-02
    0.894936770E-02
    0.916198910E-02
    0.939224929E-02
    0.964024261E-02
    0.990607381E-02
    0.101898589E-01
    0.104917224E-01
    0.108117978E-01
    0.111502266E-01
    0.115071561E-01
    0.118827410E-01
    0.122771398E-01
    0.126905153E-01
    0.131230343E-01
    0.135748648E-01
    0.140461771E-01
    0.145371415E-01
    0.150479279E-01
    0.155787052E-01
    0.161296397E-01
    0.167008952E-01
    0.172926309E-01
    0.179050018E-01
    0.185381571E-01
    0.191922396E-01
    0.198673846E-01
    0.205637199E-01
    0.212813645E-01
    0.220204274E-01
    0.227810079E-01
    0.235631940E-01
    0.243670623E-01
    0.251926766E-01
    0.260400888E-01
    0.269093357E-01
    0.278004406E-01
    0.287134123E-01
    0.296482433E-01
    0.306049104E-01
    0.315833742E-01
    0.325835772E-01
    0.336054452E-01
    0.346488854E-01
    0.357137863E-01
    0.368000173E-01
    0.379074277E-01
    0.390358478E-01
    0.401850868E-01
    0.413549330E-01
    0.425451534E-01
    0.437554934E-01
    0.449856767E-01
    0.462354047E-01
    0.475043557E-01
    0.487921857E-01
    0.500985271E-01
    0.514229891E-01
    0.527651578E-01
    0.541245947E-01
    0.555008381E-01
    0.568934020E-01
    0.583017764E-01
    0.597254273E-01
    0.611637959E-01
    0.626163009E-01
    0.640823355E-01
    0.655612690E-01
    0.670524487E-01
    0.685551959E-01
    0.700688109E-01
    0.715925691E-01
    0.731257249E-01
    0.746675088E-01
    0.762171304E-01
    0.777737782E-01
    0.793366192E-01
    0.809047998E-01
    0.824774480E-01
    0.840536711E-01
    0.856325601E-01
    0.872131869E-01
    0.887946074E-01
    0.903758611E-01
    0.919559731E-01
    0.935339545E-01
    0.951088029E-01
    0.966795041E-01
    0.982450324E-01
    0.998043534E-01
    0.101356423E+00
    0.102900189E+00
    0.104434594E+00
    0.105958576E+00
    0.107471065E+00
    0.108970993E+00
    0.110457289E+00
    0.111928880E+00
    0.113384695E+00
    0.114823667E+00
    0.116244733E+00
    0.117646830E+00
    0.119028908E+00
    0.120389921E+00
    0.121728833E+00
    0.123044619E+00
    0.124336264E+00
    0.125602767E+00
    0.126843143E+00
    0.128056421E+00
    0.129241646E+00
    0.130397881E+00
    0.131524213E+00
    0.132619744E+00
    0.133683600E+00
    0.134714930E+00
    0.135712907E+00
    0.136676729E+00
    0.137605621E+00
    0.138498834E+00
    0.139355647E+00
    0.140175369E+00
    0.140957339E+00
    0.141700927E+00
    0.142405534E+00
    0.143070595E+00
    0.143695576E+00
    0.144279978E+00
    0.144823338E+00
    0.145325226E+00
    0.145785250E+00
    0.146203051E+00
    0.146578309E+00
    0.146910741E+00
    0.147200101E+00
    0.147446180E+00
    0.147648807E+00
    0.147807850E+00
    0.147923215E+00
    0.147994845E+00
    0.148022724E+00
    0.148006871E+00
    0.147947344E+00
    0.147844241E+00
    0.147697696E+00
    0.147507881E+00
    0.147275006E+00
    0.146999315E+00
    0.146681092E+00
    0.146320656E+00
    0.145918361E+00
    0.145474596E+00
    0.144989785E+00
    0.144464384E+00
    0.143898885E+00
    0.143293811E+00
    0.142649715E+00
    0.141967182E+00
    0.141246829E+00
    0.140489298E+00
    0.139695262E+00
    0.138865419E+00
    0.138000496E+00
    0.137101243E+00
    0.136168433E+00
    0.135202866E+00
    0.134205359E+00
    0.133176754E+00
    0.132117910E+00
    0.131029705E+00
    0.129913036E+00
    0.128768814E+00
    0.127597966E+00
    0.126401431E+00
    0.125180164E+00
    0.123935128E+00
    0.122667298E+00
    0.121377656E+00
    0.120067194E+00
    0.118736909E+00
    0.117387803E+00
    0.116020882E+00
    0.114637156E+00
    0.113237635E+00
    0.111823331E+00
    0.110395254E+00
    0.108954413E+00
    0.107501813E+00
    0.106038456E+00
    0.104565338E+00
    0.103083450E+00
    0.101593774E+00
    0.100097285E+00
    0.985949495E-01
    0.970877221E-01
    0.955765467E-01
    0.940623557E-01
    0.925460691E-01
    0.910285916E-01
    0.895108151E-01
    0.879936149E-01
    0.864778518E-01
    0.849643686E-01
    0.834539914E-01
    0.819475282E-01
    0.804457688E-01
    0.789494831E-01
    0.774594229E-01
    0.759763184E-01
    0.745008798E-01
    0.730337972E-01
    0.715757382E-01
    0.701273502E-01
    0.686892573E-01
    0.672620627E-01
    0.658463468E-01
    0.644426673E-01
    0.630515595E-01
    0.616735365E-01
    0.603090872E-01
    0.589586791E-01
    0.576227561E-01
    0.563017394E-01
    0.549960265E-01
    0.537059949E-01
    0.524319960E-01
    0.511743613E-01
    0.499333992E-01
    0.487093959E-01
    0.475026162E-01
    0.463133029E-01
    0.451416776E-01
    0.439879409E-01
    0.428522732E-01
    0.417348338E-01
    0.406357630E-01
    0.395551798E-01
    0.384931861E-01
    0.374498638E-01
    0.364252767E-01
    0.354194710E-01
    0.344324747E-01
    0.334642999E-01
    0.325149412E-01
    0.315843780E-01
    0.306725739E-01
    0.297794774E-01
    0.289050227E-01
    0.280491297E-01
    0.272117057E-01
    0.263926440E-01
    0.255918261E-01
    0.248091224E-01
    0.240443898E-01
    0.232974773E-01
    0.225682212E-01
    0.218564495E-01
    0.211619799E-01
    0.204846226E-01
    0.198241784E-01
    0.191804417E-01
    0.185531989E-01
    0.179422297E-01
    0.173473078E-01
    0.167682012E-01
    0.162046727E-01
    0.156564804E-01
    0.151233778E-01
    0.146051147E-01
    0.141014374E-01
    0.136120891E-01
    0.131368106E-01
    0.126753404E-01
    0.122274150E-01
    0.117927695E-01
    0.113711381E-01
    0.109622538E-01
    0.105658500E-01
    0.101816589E-01
    0.980941413E-02
    0.944884876E-02
    0.909969743E-02
    0.876169558E-02
    0.843457999E-02
    0.811808899E-02
    0.781196275E-02
    0.751594400E-02
    0.722977679E-02
    0.695320862E-02
    0.668598890E-02
    0.642787026E-02
    0.617860808E-02
    0.593796126E-02
    0.570569157E-02
    0.548156463E-02
    0.526534908E-02
    0.505681767E-02
    0.485574657E-02
    0.466191601E-02
    0.447510996E-02
    0.429511655E-02
    0.412172772E-02
    0.395473967E-02
    0.379395261E-02
    0.363917107E-02
    0.349020363E-02
    0.334686312E-02
    0.320896654E-02
    0.307633531E-02
    0.294879496E-02
    0.282617504E-02
    0.270830974E-02
    0.259503690E-02
    0.248619911E-02
    0.238164265E-02
    0.228121803E-02
    0.218477986E-02
    0.209218682E-02
    0.200330134E-02
    0.191799004E-02
    0.183612323E-02
    0.175757513E-02
    0.168222373E-02
    0.160995055E-02
    0.154064101E-02
    0.147418380E-02
    0.141047134E-02
    0.134939941E-02
    0.129086720E-02
    0.123477701E-02
    0.118103457E-02
    0.112954868E-02
    0.108023118E-02
    0.103299697E-02
    0.987763882E-03
    0.944452522E-03
    0.902986469E-03
    0.863291686E-03
    0.825297133E-03
    0.788934097E-03
    0.754136459E-03
    0.720840444E-03
    0.688984743E-03
    0.658510229E-03
    0.629360011E-03
    0.601479426E-03
    0.574815686E-03
    0.549318254E-03
    0.524938335E-03
    0.501629208E-03
    0.479345815E-03
    0.458044933E-03
    0.437685030E-03
    0.418226181E-03
    0.399630089E-03
    0.381860013E-03
    0.364880580E-03
    0.348657929E-03
    0.333159544E-03
    0.318354229E-03
    0.304212013E-03
    0.290704264E-03
    0.277803387E-03
    0.265483020E-03
    0.253717815E-03
    0.242483557E-03
    0.231756968E-03
    0.221515759E-03
    0.211738574E-03
    0.202404909E-03
    0.193495251E-03
    0.184990700E-03
    0.176873308E-03
    0.169125836E-03
    0.161731746E-03
    0.154675224E-03
    0.147941138E-03
    0.141514962E-03
    0.135382825E-03
    0.129531399E-03
    0.123947959E-03
    0.118620310E-03
    0.113536778E-03
    0.108686194E-03
    0.104057862E-03
    0.996415577E-04
    0.954274485E-04
    0.914061912E-04
    0.875688060E-04
    0.839067198E-04
    0.804117086E-04
    0.770759381E-04
    0.738918975E-04
    0.708524067E-04
    0.679505803E-04
    0.651798977E-04
    0.625340524E-04
    0.600070843E-04
    0.575932425E-04
    0.552870839E-04
    0.530833598E-04
    0.509771321E-04
    0.489636038E-04
    0.470382531E-04
    0.451967592E-04
    0.434349813E-04
    0.417490133E-04
    0.401350773E-04
    0.385896246E-04
    0.371092518E-04
    0.356907131E-04
    0.343309499E-04
    0.330270381E-04
    0.317761820E-04
    0.305757466E-04
    0.294232345E-04
    0.283162517E-04
    0.272525476E-04
    0.262299889E-04
    0.252465383E-04
    0.243002830E-04
    0.233893980E-04
    0.225121861E-04
    0.216670073E-04
    0.208523440E-04
    0.200667323E-04
    0.193088249E-04
    0.185773417E-04
    0.178710491E-04
    0.171888358E-04
    0.165296175E-04
    0.158923938E-04
    0.152762239E-04
    0.146802217E-04
    0.141035583E-04
    0.135454602E-04
    0.130051983E-04
    0.124820976E-04
    0.119755199E-04
    0.114848842E-04
    0.110096281E-04
    0.105492449E-04
    0.101032487E-04
    0.967119303E-05
    0.925266353E-05
    0.884727815E-05
    0.845467109E-05
    0.807450047E-05
    0.770646116E-05
    0.735025816E-05
    0.700561323E-05
    0.667227356E-05
    0.634999844E-05
    0.603855572E-05
    0.573774082E-05
    0.544734171E-05
    0.516716629E-05
    0.489703067E-05
    0.463676493E-05
    0.438618126E-05
    0.414512842E-05
    0.391343136E-05
    0.369093742E-05
    0.347748579E-05
    0.327291653E-05
    0.307707707E-05
    0.288980629E-05
    0.271094477E-05
    0.254033623E-05
    0.237781666E-05
    0.222321551E-05
    0.207636939E-05
    0.193710717E-05
    0.180524941E-05
    0.168062221E-05
    0.156303909E-05
    0.145231485E-05
    0.134825610E-05
    0.125067194E-05
    0.115936469E-05
    0.107412950E-05
    0.994763919E-06
    0.921057133E-06
    0.852802392E-06
    0.789784534E-06
    0.731788115E-06
    0.678599365E-06
    0.629996939E-06
    0.585765884E-06
    0.545685515E-06
    0.509538831E-06
    0.477107891E-06
    0.448176964E-06
    0.422533636E-06
    0.399964324E-06
    0.380260250E-06
    0.363219653E-06
    0.348636357E-06
    0.336316447E-06
    0.326065750E-06
    0.317697145E-06
    0.311029331E-06
    0.305888994E-06
    0.302103696E-06
    0.299511237E-06
    0.297955730E-06
    0.297290678E-06
    0.297373038E-06
    0.298070128E-06
    0.299255388E-06
    0.300810038E-06
    0.302625154E-06
    0.304598635E-06
    0.306633716E-06
    0.308646898E-06
    0.310557836E-06
    0.312295289E-06
    0.313797989E-06
    0.315008046E-06
    0.315878460E-06
    0.316366861E-06
    0.316439621E-06
    0.316068784E-06
    0.315231226E-06
    0.313912363E-06
    0.312103420E-06
    0.309799852E-06
    0.307000494E-06
    0.303714873E-06
    0.299950195E-06
    0.295721262E-06
    0.291049147E-06
    0.285952254E-06
    0.280455462E-06
    0.274586427E-06
    0.268376435E-06
    0.261857197E-06
    0.255061977E-06
    0.248025324E-06
    0.240784520E-06
    0.233377003E-06
    0.225839649E-06
    0.218210994E-06
    0.210528723E-06
    0.202831043E-06
    0.195154917E-06
    0.187537285E-06
    0.180014016E-06
    0.172619216E-06
    0.165386220E-06
    0.158350117E-06
    0.151536457E-06
    0.144978217E-06
    0.138701655E-06
    0.132730621E-06
    0.127089114E-06
    0.121799177E-06
    0.116877829E-06
    0.112343924E-06
    0.108212969E-06
    0.104496288E-06
    0.101204084E-06
    0.983438716E-07
    0.959252672E-07
    0.939489257E-07
    0.924184931E-07
    0.913334791E-07
    0.906905830E-07
    0.904878931E-07
    0.907184334E-07
    0.913742352E-07
    0.924461392E-07
    0.939232145E-07
    0.957925419E-07
    0.980402224E-07
    0.100651720E-06
    0.103608563E-06
    0.106894851E-06
    0.110491177E-06
    0.114377121E-06
    0.118532848E-06
    0.122936666E-06
    0.127566872E-06
    0.132401336E-06
    0.137415796E-06
    0.142589440E-06
    0.147896188E-06
    0.153314533E-06
    0.158821770E-06
    0.164392361E-06
    0.170004309E-06
    0.175635799E-06
    0.181261863E-06
    0.186864900E-06
    0.192419002E-06
    0.197903554E-06
    0.203301380E-06
    0.208590214E-06
    0.213753333E-06
    0.218770504E-06
    0.223628247E-06
    0.228306359E-06
    0.232793952E-06
    0.237073420E-06
    0.241134447E-06
    0.244962170E-06
    0.248548460E-06
    0.251882309E-06
    0.254954458E-06
    0.257757719E-06
    0.260286981E-06
    0.262534879E-06
    0.264497577E-06
    0.266173872E-06
    0.267556730E-06
    0.268650186E-06
    0.269451335E-06
    0.269961499E-06
    0.270181501E-06
    0.270114638E-06
    0.269764009E-06
    0.269136705E-06
    0.268231276E-06
    0.267059559E-06
    0.265625403E-06
    0.263937219E-06
    0.262000973E-06
    0.259826550E-06
    0.257421764E-06
    0.254795423E-06
    0.251958364E-06
    0.248919414E-06
    0.245690177E-06
    0.242279000E-06
    0.238699543E-06
    0.234960651E-06
    0.231072961E-06
    0.227048422E-06
    0.222898894E-06
    0.218633295E-06
    0.214265416E-06
    0.209804490E-06
    0.205260474E-06
    0.200646566E-06
    0.195971441E-06
    0.191245996E-06
    0.186479545E-06
    0.181682422E-06
    0.176865596E-06
    0.172036562E-06
    0.167203607E-06
    0.162377682E-06
    0.157565079E-06
    0.152774456E-06
    0.148012608E-06
    0.143287699E-06
    0.138605480E-06
    0.133972577E-06
    0.129395080E-06
    0.124878145E-06
    0.120427551E-06
    0.116046629E-06
    0.111742059E-06
    0.107515570E-06
    0.103371847E-06
    0.993139798E-07
    0.953452465E-07
    0.914667670E-07
    0.876826286E-07
    0.839926158E-07
    0.803994807E-07
    0.769046960E-07
    0.735084728E-07
    0.702117996E-07
    0.670146020E-07
    0.639176003E-07
    0.609207959E-07
    0.580225645E-07
    0.552234083E-07
    0.525224982E-07
    0.499183585E-07
    0.474102162E-07
    0.449967280E-07
    0.426766010E-07
    0.404477319E-07
    0.383091044E-07
    0.362581582E-07
    0.342938230E-07
    0.324134597E-07
    0.306152600E-07
    0.288973580E-07
    0.272571661E-07
    0.256925048E-07
    0.242015857E-07
    0.227816076E-07
    0.214304826E-07
    0.201460964E-07
    0.189256704E-07
    0.177675028E-07
    0.166691333E-07
    0.156280690E-07
    0.146424229E-07
    0.137096237E-07
    0.128280064E-07
    0.119949747E-07
    0.112084783E-07
    0.104667948E-07
    0.976764263E-08
    0.910912697E-08
    0.848944231E-08
    0.790671612E-08
    0.735906842E-08
    0.684480958E-08
    0.636233684E-08
    0.590983782E-08
    0.548609595E-08
    0.508920379E-08
    0.471793318E-08
    0.437091200E-08
    0.404660678E-08
    0.374388533E-08
    0.346156853E-08
    0.319830574E-08
    0.295312769E-08
    0.272493963E-08
    0.251260150E-08
    0.231537929E-08
    0.213209790E-08
    0.196199139E-08
    0.180423818E-08
    0.165800007E-08
    0.152261570E-08
    0.139725676E-08
    0.128134318E-08
    0.117426726E-08
    0.107532221E-08
    0.984047470E-09
    0.899868332E-09
    0.822316845E-09
    0.750863351E-09
    0.685180048E-09
    0.624746777E-09
    0.569244991E-09
    0.518315436E-09
    0.471540469E-09
    0.428686586E-09
    0.389442046E-09
    0.353485858E-09
    0.320631725E-09
    0.290605788E-09
    0.263165484E-09
    0.238156043E-09
    0.215335586E-09
    0.194542955E-09
    0.175637862E-09
    0.158409094E-09
    0.142774465E-09
    0.128573730E-09
    0.115681764E-09
    0.104003797E-09
    0.934049422E-10
    0.838359279E-10
    0.751703054E-10
    0.673394647E-10
    0.602767861E-10
    0.539066262E-10
    0.481638503E-10
    0.429922640E-10
    0.383481691E-10
    0.341617804E-10
    0.304127086E-10
    0.270486003E-10
    0.240238310E-10
    0.213275627E-10
    0.189115818E-10
    0.167502785E-10
    0.148265165E-10
    0.131069206E-10
    0.115744366E-10
    0.102158029E-10
    0.900101827E-11
    0.792697160E-11
    0.697298350E-11
    0.612351881E-11
    0.537731387E-11
    0.471365110E-11
    0.412779952E-11
    0.361118381E-11
    0.315435334E-11
    0.275539443E-11
    0.240096712E-11
    0.209162900E-11
    0.182043256E-11
    0.158245479E-11
    0.137390956E-11
    0.119199677E-11
    0.103322763E-11
    0.893123815E-12
    0.773454605E-12
    0.667414574E-12
    0.575491065E-12
    0.496912331E-12
    0.427759597E-12
    0.367871632E-12
    0.316763669E-12
    0.271792623E-12
    0.233760647E-12
    0.200761173E-12
    0.171797650E-12
    0.147592318E-12
    0.126338498E-12
    0.108021491E-12
    0.930155994E-13
    0.793141073E-13
    0.681427563E-13
    0.583098526E-13
    0.501669769E-13
    0.432148583E-13
    0.370184368E-13
    0.320292621E-13
    0.276421545E-13
    0.238837064E-13
    0.206724355E-13
    0.179814204E-13
    0.155277482E-13
    0.135317215E-13
    0.119600458E-13
    0.102770182E-13
    0.909978629E-14
    0.803838413E-14
    0.704873903E-14
    0.626102976E-14
    0.558146508E-14
    0.494636888E-14
    0.454199857E-14
    0.397434352E-14
    0.355046212E-14
    0.326792228E-14
    0.287727317E-14
    0.259222490E-14
    0.238591032E-14
    0.212813719E-14
    0.193870150E-14
    0.175335363E-14
    0.160618526E-14
    0.146328402E-14
    0.132357651E-14
    0.122171333E-14
    0.109783934E-14
    0.990795886E-15
    0.890087164E-15
    0.804886340E-15
    0.706048579E-15
    0.677671452E-15
    0.600151421E-15
    0.522427426E-15
    0.505665473E-15
    0.438188475E-15
    0.404473339E-15
    0.376735187E-15
    0.336903986E-15
    0.311120246E-15
    0.284755127E-15
    0.230858783E-15
    0.220633422E-15
    0.208743327E-15
    0.170094692E-15
    0.167877755E-15
    0.144888741E-15
    0.133405594E-15
    0.122896019E-15
    0.122475830E-15
    0.107245810E-15
    0.895745806E-16
    0.856229835E-16
    0.753809382E-16
    0.700084585E-16
    0.679186215E-16
    0.615458827E-16
    0.558753313E-16
    0.406616303E-16
    0.503377420E-16
    0.491984723E-16
    0.411221380E-16
    0.478195835E-16
    0.436855386E-16
    0.412816335E-16
    0.382523357E-16
    0.322587898E-16
    0.330747521E-16
    0.264304783E-16
    0.283356055E-16
    0.308326077E-16
    0.271064245E-16
    0.293381356E-16
    0.285529397E-16
    0.245796319E-16
    0.288000329E-16
    0.314683663E-16
    0.310905037E-16
    0.283279849E-16
    0.188502938E-16
    0.213714603E-16
    0.198039007E-16
    0.226548374E-16
    0.243899264E-16
    0.254480573E-16
    0.264486288E-16
    0.216111481E-16
    0.261830517E-16
    0.289348112E-16
    0.259893609E-16
    0.236049029E-16
    0.292613034E-16
    0.240142038E-16
    0.262269465E-16
    0.202435005E-16
    0.228720496E-16
    0.267945719E-16
    0.333073117E-16
    0.218497760E-16
    0.228701546E-16
    0.211773970E-16
    0.233234723E-16
    0.252694598E-16
    0.208719665E-16
    0.318582966E-16
    0.232865164E-16
    0.276691686E-16
    0.206585057E-16
    0.196051494E-16
    0.252007329E-16
    0.197227819E-16
    0.211507788E-16
    0.235997960E-16
    0.275825946E-16
    0.261475784E-16
    0.246276804E-16
    0.259312693E-16
    0.333871460E-16
    0.196481189E-16
    0.228001759E-16
    0.243564679E-16
    0.241499439E-16
    0.249427572E-16
    0.236465246E-16
    0.274425933E-16
    0.233479286E-16
    0.331061299E-16
    0.230823529E-16
    0.265134931E-16
    0.244466839E-16
    0.236910894E-16
    0.247141164E-16
    0.240588990E-16
    0.268230382E-16
    0.280442548E-16
    0.232155824E-16
    0.194774527E-16
    0.231034606E-16
    0.226906504E-16
    0.183149938E-16
    0.208046017E-16
    0.279036609E-16
    0.224029869E-16
    0.236471945E-16
    0.235773351E-16
    0.272875880E-16
    0.235585858E-16
    0.213880156E-16
    0.284592979E-16
    0.249555265E-16
    0.242465746E-16
    0.189803182E-16
    0.263485446E-16
    0.217814734E-16
    0.277852046E-16
    0.267136766E-16
    0.270420542E-16
    0.281942338E-16
    0.240696356E-16
    0.261924596E-16
    0.276388617E-16
    0.244490193E-16
    0.292055646E-16
    0.232411688E-16
    0.256186433E-16
    0.197363614E-16
    0.231911054E-16
    0.262439109E-16
    0.229252917E-16
    0.216342203E-16
    0.226810236E-16
    0.253479025E-16
    0.299177008E-16
    0.263751128E-16
    0.268190932E-16
    0.247696463E-16
    0.238286286E-16
    0.276351715E-16
    0.205865759E-16
    0.181148103E-16
    0.245849721E-16
    0.272035382E-16
    0.277206060E-16
    0.264875589E-16
    0.256353506E-16
    0.218776383E-16
    0.291497004E-16
    0.277672362E-16
    0.368635398E-16
    0.235815263E-16
    0.199779216E-16
    0.220491318E-16
    0.228009201E-16
    0.196699964E-16
    0.269341760E-16
    0.239254315E-16
    0.248951827E-16
    0.195141372E-16
    0.198351415E-16
    0.270340434E-16
    0.325693228E-16
    0.293494421E-16
    0.296943988E-16
    0.262164052E-16
    0.267794063E-16
    0.271212952E-16
    0.255108760E-16
    0.220644191E-16
    0.222034814E-16
    0.308830190E-16
    0.239125117E-16
    0.290277181E-16
    0.224242899E-16
    0.201910314E-16
    0.297939091E-16
    0.304697255E-16
    0.282113331E-16
    0.300459718E-16
    0.211437280E-16
    0.204493404E-16
    0.230698850E-16
    0.222336224E-16
    0.222566945E-16
    0.222607996E-16
    0.284623441E-16
    0.264498319E-16
    0.233454324E-16
    0.229122100E-16
    0.281336846E-16
    0.347800006E-16
    0.284381470E-16
    0.286785290E-16
    0.251292036E-16
    0.233538554E-16
    0.268880222E-16
    0.296464554E-16
    0.209324267E-16
    0.258544491E-16
    0.261912202E-16
    0.251637267E-16
    0.241488778E-16
    0.268327915E-16
    0.255870819E-16
    0.273932151E-16
    0.298124617E-16
    0.343478925E-16
    0.217423533E-16
    0.276035491E-16
    0.227303339E-16
    0.279093888E-16
    0.171409884E-16
    0.226990357E-16
    0.265287392E-16
    0.355624392E-16
    0.242778173E-16
    0.199203316E-16
    0.287011960E-16
    0.306062065E-16
    0.238282994E-16
    0.247881458E-16
    0.297063118E-16
    0.242720689E-16
    0.262763542E-16
    0.285018893E-16
    0.226333196E-16
    0.217741919E-16
    0.311265214E-16
    0.233998193E-16
    0.257513887E-16
    0.361670911E-16
    0.197905445E-16
    0.267925243E-16
    0.367730881E-16
    0.259188529E-16
    0.259918661E-16
    0.260167574E-16
    0.252014823E-16
    0.253157322E-16
    0.205036433E-16
    0.226718307E-16
    0.266712785E-16
    0.326386214E-16
    0.232159549E-16
    0.240115875E-16
    0.328731241E-16
    0.285931260E-16
    0.249790448E-16
    0.267518893E-16
    0.285761640E-16
    0.347735801E-16
    0.217036581E-16
    0.271876087E-16
    0.235661517E-16
    0.258572545E-16
    0.382138131E-16
    0.232484029E-16
    0.226766953E-16
    0.284885937E-16
    0.215586364E-16
    0.297248248E-16
    0.276660620E-16
    0.316883126E-16
    0.252540950E-16
    0.277144390E-16
    0.243190295E-16
    0.281471474E-16
    0.234709286E-16
    0.211830445E-16
    0.252813117E-16
    0.345200896E-16
    0.243572159E-16
    0.278895316E-16
    0.293362904E-16
    0.289648002E-16
    0.303116667E-16
    0.238752904E-16
    0.258719447E-16
    0.334361205E-16
    0.239053016E-16
    0.219425218E-16
    0.303866166E-16
    0.309362798E-16
    0.353333967E-16
    0.252045847E-16
    0.251857456E-16
    0.260137843E-16
    0.281233151E-16
    0.298465959E-16
    0.320748234E-16
    0.294389684E-16
    0.302870981E-16
    0.219638429E-16
    0.257432841E-16
    0.264789572E-16
    0.209880058E-16
    0.222272709E-16
    0.312744533E-16
    0.335095348E-16
    0.217683535E-16
    0.307204528E-16
    0.247206118E-16
    0.302622101E-16
    0.281013794E-16
    0.235929989E-16
    0.247854408E-16
    0.264644841E-16
    0.308094174E-16
    0.269444384E-16
    0.325061551E-16
    0.293548170E-16
    0.263889895E-16
    0.289762649E-16
    0.309055633E-16
    0.245178431E-16
    0.281505260E-16
    0.296792892E-16
    0.342470180E-16
    0.265129788E-16
    0.329955466E-16
    0.262212230E-16
    0.290313727E-16
    0.265438124E-16
    0.249332607E-16
    0.309075124E-16
    0.349939700E-16
    0.262586659E-16
    0.224742569E-16
    0.309809230E-16
    0.209482138E-16
    0.276391285E-16
    0.310935832E-16
    0.234089359E-16
    0.311508831E-16
    0.270425729E-16
    0.290007566E-16
    0.242402472E-16
    0.247364254E-16
    0.293132576E-16
    0.245849231E-16
    0.271065328E-16
    0.289705963E-16
    0.235163004E-16
    0.296030413E-16
    0.263985423E-16
    0.332733885E-16
    0.290887177E-16
    0.312098076E-16
    0.304445519E-16
    0.268924239E-16
    0.286716513E-16
    0.272001208E-16
    0.316981414E-16
    0.336555095E-16
    0.220620278E-16
    0.235455279E-16
    0.374216938E-16
    0.304097052E-16
    0.258579061E-16
    0.337688238E-16
    0.227352763E-16
    0.312991975E-16
    0.275477129E-16
    0.287672176E-16
    0.261030501E-16
    0.267849844E-16
    0.309837135E-16
    0.218436165E-16
    0.271379275E-16
    0.265680554E-16
    0.265784858E-16
    0.290825684E-16
    0.235572723E-16
    0.306847310E-16
    0.310476481E-16
    0.318165664E-16
    0.326648255E-16
    0.260214360E-16
    0.310420916E-16
    0.275137670E-16
    0.307016099E-16
    0.358359831E-16
    0.308439942E-16
    0.229415634E-16
    0.326670289E-16
    0.316233228E-16
    0.293093469E-16
    0.293612157E-16
    0.225527696E-16
    0.296354801E-16
    0.261048557E-16
    0.384769325E-16
    0.235045307E-16
    0.275262800E-16
    0.320457522E-16
    0.179465599E-16
    0.244238039E-16
    0.202566056E-16
    0.247317977E-16
    0.274553285E-16
    0.266147781E-16
    0.309915872E-16
    0.296554901E-16
    0.335656628E-16
    0.370923252E-16
    0.224451788E-16
    0.293894101E-16
    0.316312152E-16
    0.309379791E-16
    0.314043605E-16
    0.308048738E-16
    0.222291437E-16
    0.371724164E-16
    0.306847114E-16
    0.287500785E-16
    0.375833113E-16
    0.199581351E-16
    0.320057718E-16
    0.303104324E-16
    0.377235949E-16
    0.210537010E-16
    0.290802620E-16
    0.319879193E-16
    0.279734373E-16
    0.288148404E-16
    0.282000295E-16
    0.287187311E-16
    0.242247541E-16
    0.238052971E-16
    0.366446871E-16
    0.324762997E-16
    0.315042533E-16
    0.340489467E-16
    0.287604673E-16
    0.282459425E-16
    0.254218481E-16
    0.262218321E-16
    0.348522764E-16
    0.330412678E-16
    0.226265203E-16
    0.314194019E-16
    0.318593316E-16
    0.262604403E-16
    0.350480991E-16
    0.240822766E-16
    0.309342512E-16
    0.279822847E-16
    0.382741601E-16
    0.291430528E-16
    0.238281769E-16
    0.352863782E-16
    0.219988910E-16
    0.282289088E-16
    0.230200917E-16
    0.237895637E-16
    0.289195333E-16
    0.291371368E-16
    0.351883653E-16
    0.312614086E-16
    0.358116249E-16
    0.359129728E-16
    0.253670965E-16
    0.279283080E-16
    0.231258154E-16
    0.344706207E-16
    0.300626361E-16
    0.264345384E-16
    0.295693777E-16
    0.377722958E-16
    0.359038742E-16
    0.295403592E-16
    0.386792686E-16
    0.283751988E-16
    0.377274741E-16
    0.324717128E-16
    0.217566728E-16
    0.277952344E-16
    0.281385345E-16
    0.313698419E-16
    0.267919943E-16
    0.277182518E-16
    0.369750610E-16
    0.248791559E-16
    0.288389618E-16
    0.478255164E-16
    0.350763304E-16
    0.369408827E-16
    0.338556332E-16
    0.304482794E-16
    0.264764076E-16
    0.302156013E-16
    0.211187727E-16
    0.357534350E-16
    0.307400512E-16
    0.308118146E-16
    0.300413556E-16
    0.333006338E-16
    0.289101743E-16
    0.419242056E-16
    0.334171074E-16
    0.372451136E-16
    0.279683019E-16
    0.411810632E-16
    0.443896683E-16
    0.316106563E-16
    0.444988853E-16
    0.348076461E-16
    0.351972075E-16
    0.271921352E-16
    0.303129975E-16
    0.331523421E-16
    0.306045701E-16
    0.391160396E-16
    0.374560569E-16
    0.353989220E-16
    0.410639367E-16
    0.277913105E-16
    0.292076041E-16
    0.301488717E-16
    0.373422186E-16
    0.299497768E-16
    0.350842436E-16
    0.307321342E-16
    0.388700913E-16
    0.261037066E-16
    0.321692233E-16
    0.358419266E-16
    0.239220430E-16
    0.305782891E-16
    0.280848619E-16
    0.275088717E-16
    0.198386330E-16
    0.276855739E-16
    0.266979082E-16
    0.292113068E-16
    0.254645776E-16
    0.266963690E-16
    0.242949257E-16
    0.255588097E-16
    0.359973945E-16
    0.345370158E-16
    0.395261722E-16
    0.302327423E-16
    0.328822641E-16
    0.250390658E-16
    0.269113968E-16
    0.311520417E-16
    0.314009277E-16
    0.337766610E-16
    0.237630413E-16
    0.367139042E-16
    0.306385808E-16
    0.271888970E-16
    0.385606473E-16
    0.247733995E-16
    0.279766674E-16
    0.235120974E-16
    0.282880920E-16
    0.213070514E-16
    0.268800930E-16
    0.265193732E-16
    0.368166472E-16
    0.384657297E-16
    0.410868154E-16
    0.424249817E-16
    0.351373203E-16
    0.334988237E-16
    0.338837939E-16
    0.412990852E-16
    0.368324747E-16
    0.364165298E-16
    0.334120784E-16
    0.311036963E-16
    0.417143426E-16
    0.305061494E-16
    0.253262588E-16
    0.309437837E-16
    0.261937259E-16
    0.288549868E-16
    0.371724863E-16
    0.224496801E-16
    0.196953719E-16
    0.221436775E-16
    0.275912501E-16
    0.218313186E-16
    0.305421403E-16
    0.229478573E-16
    0.246061031E-16
    0.199831218E-16
    0.301291573E-16
    0.259038841E-16
    0.357036282E-16
    0.327013903E-16
    0.273670749E-16
    0.240685025E-16
    0.279067643E-16
    0.347937166E-16
    0.311789018E-16
    0.272604891E-16
    0.366781692E-16
    0.279426169E-16
    0.254872303E-16
    0.356451849E-16
    0.285572244E-16
