 #tdnd tdcion
    0.289576818E-16
    0.237407365E-16
    0.275163886E-16
    0.360882293E-16
    0.256835747E-16
    0.274832503E-16
    0.274065175E-16
    0.297779701E-16
    0.247103053E-16
    0.269910520E-16
    0.254339015E-16
    0.335361340E-16
    0.359189901E-16
    0.325365018E-16
    0.450987981E-16
    0.423528089E-16
    0.587463517E-16
    0.314931449E-16
    0.563214783E-16
    0.337990077E-16
    0.375889430E-16
    0.240100052E-16
    0.239003562E-16
    0.238617144E-16
    0.275638606E-16
    0.257950056E-16
    0.236764027E-16
    0.345529738E-16
    0.354702837E-16
    0.348328549E-16
    0.347064959E-16
    0.272979969E-16
    0.293838645E-16
    0.253783021E-16
    0.301435234E-16
    0.208843421E-16
    0.289253399E-16
    0.272600234E-16
    0.359006169E-16
    0.392378424E-16
    0.338461556E-16
    0.214114819E-16
    0.242141205E-16
    0.224154942E-16
    0.405609747E-16
    0.342423448E-16
    0.383833471E-16
    0.237072687E-16
    0.304536755E-16
    0.278365349E-16
    0.250091263E-16
    0.270358425E-16
    0.275966144E-16
    0.323349639E-16
    0.342297220E-16
    0.232886800E-16
    0.261830215E-16
    0.279245979E-16
    0.329182514E-16
    0.232450954E-16
    0.278756150E-16
    0.239852165E-16
    0.241045886E-16
    0.213370830E-16
    0.289857407E-16
    0.323710581E-16
    0.293361227E-16
    0.303406264E-16
    0.251298909E-16
    0.264039870E-16
    0.252275258E-16
    0.301242925E-16
    0.272439070E-16
    0.358364604E-16
    0.287167991E-16
    0.346967154E-16
    0.242609345E-16
    0.235066802E-16
    0.306622717E-16
    0.343796012E-16
    0.348958002E-16
    0.293024931E-16
    0.212091083E-16
    0.253246870E-16
    0.285865951E-16
    0.355526963E-16
    0.225990859E-16
    0.254019276E-16
    0.261444624E-16
    0.216950432E-16
    0.221607584E-16
    0.306686478E-16
    0.243453135E-16
    0.318618517E-16
    0.329201476E-16
    0.271602197E-16
    0.228592318E-16
    0.223862864E-16
    0.279757236E-16
    0.358980043E-16
    0.279610184E-16
    0.221970234E-16
    0.275405662E-16
    0.271608689E-16
    0.247747268E-16
    0.337274164E-16
    0.283971045E-16
    0.315277662E-16
    0.296764135E-16
    0.201940883E-16
    0.362529071E-16
    0.301247601E-16
    0.274651664E-16
    0.188853019E-16
    0.259502774E-16
    0.211168099E-16
    0.258697878E-16
    0.345474802E-16
    0.225076030E-16
    0.238681553E-16
    0.267324631E-16
    0.342897168E-16
    0.331920518E-16
    0.259343197E-16
    0.197683241E-16
    0.236917048E-16
    0.278105670E-16
    0.333494979E-16
    0.320603926E-16
    0.242500936E-16
    0.220675024E-16
    0.229033299E-16
    0.357274620E-16
    0.363357708E-16
    0.231143859E-16
    0.302496163E-16
    0.253539380E-16
    0.226141572E-16
    0.240894135E-16
    0.355320714E-16
    0.280137396E-16
    0.320010005E-16
    0.452538518E-16
    0.547513689E-16
    0.869014282E-16
    0.916824950E-16
    0.160178038E-15
    0.185622169E-15
    0.297351981E-15
    0.463648895E-15
    0.703404062E-15
    0.104531843E-14
    0.168565751E-14
    0.239458762E-14
    0.405933185E-14
    0.600243342E-14
    0.901988526E-14
    0.139158128E-13
    0.206115001E-13
    0.314718090E-13
    0.481577943E-13
    0.717364511E-13
    0.107769610E-12
    0.160805338E-12
    0.240751909E-12
    0.356968848E-12
    0.530093586E-12
    0.781508662E-12
    0.115044592E-11
    0.169112913E-11
    0.247390782E-11
    0.360206291E-11
    0.524205122E-11
    0.761218263E-11
    0.109992738E-10
    0.158509557E-10
    0.227892239E-10
    0.326365432E-10
    0.466215064E-10
    0.663917851E-10
    0.942754917E-10
    0.133498318E-09
    0.188431737E-09
    0.265205692E-09
    0.372232465E-09
    0.520853382E-09
    0.726830863E-09
    0.101111944E-08
    0.140255105E-08
    0.194004087E-08
    0.267582893E-08
    0.368027102E-08
    0.504691290E-08
    0.690175523E-08
    0.941127228E-08
    0.127967424E-07
    0.173514064E-07
    0.234601575E-07
    0.316305222E-07
    0.425280948E-07
    0.570190348E-07
    0.762331794E-07
    0.101640448E-06
    0.135138539E-06
    0.179177639E-06
    0.236912269E-06
    0.312385179E-06
    0.410767784E-06
    0.538650004E-06
    0.704409484E-06
    0.918658740E-06
    0.119480369E-05
    0.154972109E-05
    0.200460030E-05
    0.258595639E-05
    0.332688546E-05
    0.426853323E-05
    0.546193144E-05
    0.697015395E-05
    0.887092792E-05
    0.112597706E-04
    0.142535982E-04
    0.179952013E-04
    0.226583395E-04
    0.284537825E-04
    0.356364929E-04
    0.445138034E-04
    0.554549690E-04
    0.689024558E-04
    0.853844775E-04
    0.105529668E-03
    0.130083852E-03
    0.159928936E-03
    0.196104251E-03
    0.239830715E-03
    0.292537728E-03
    0.355893283E-03
    0.431836934E-03
    0.522616724E-03
    0.630828974E-03
    0.759462012E-03
    0.911943408E-03
    0.109219029E-02
    0.130466353E-02
    0.155442475E-02
    0.184719617E-02
    0.218942257E-02
    0.258833553E-02
    0.305201703E-02
    0.358946670E-02
    0.421066312E-02
    0.492662786E-02
    0.574948305E-02
    0.669250484E-02
    0.777016970E-02
    0.899819519E-02
    0.103935634E-01
    0.119745412E-01
    0.137606787E-01
    0.157727941E-01
    0.180329387E-01
    0.205643443E-01
    0.233913423E-01
    0.265392644E-01
    0.300343121E-01
    0.339034056E-01
    0.381739968E-01
    0.428738632E-01
    0.480308666E-01
    0.536726901E-01
    0.598265470E-01
    0.665188688E-01
    0.737749686E-01
    0.816186925E-01
    0.900720563E-01
    0.991548751E-01
    0.108884393E+00
    0.119274910E+00
    0.130337431E+00
    0.142079327E+00
    0.154504013E+00
    0.167610683E+00
    0.181394056E+00
    0.195844185E+00
    0.210946323E+00
    0.226680832E+00
    0.243023165E+00
    0.259943922E+00
    0.277408964E+00
    0.295379595E+00
    0.313812830E+00
    0.332661718E+00
    0.351875732E+00
    0.371401223E+00
    0.391181914E+00
    0.411159457E+00
    0.431274007E+00
    0.451464824E+00
    0.471670896E+00
    0.491831547E+00
    0.511887045E+00
    0.531779189E+00
    0.551451830E+00
    0.570851395E+00
    0.589927305E+00
    0.608632366E+00
    0.626923060E+00
    0.644759780E+00
    0.662106974E+00
    0.678933216E+00
    0.695211199E+00
    0.710917647E+00
    0.726033170E+00
    0.740542046E+00
    0.754431977E+00
    0.767693761E+00
    0.780320971E+00
    0.792309615E+00
    0.803657757E+00
    0.814365177E+00
    0.824433042E+00
    0.833863561E+00
    0.842659751E+00
    0.850825158E+00
    0.858363672E+00
    0.865279395E+00
    0.871576501E+00
    0.877259213E+00
    0.882331771E+00
    0.886798459E+00
    0.890663668E+00
    0.893931969E+00
    0.896608219E+00
    0.898697687E+00
    0.900206146E+00
    0.901140003E+00
    0.901506402E+00
    0.901313298E+00
    0.900569532E+00
    0.899284880E+00
    0.897470050E+00
    0.895136696E+00
    0.892297377E+00
    0.888965494E+00
    0.885155221E+00
    0.880881420E+00
    0.876159521E+00
    0.871005424E+00
    0.865435383E+00
    0.859465882E+00
    0.853113553E+00
    0.846395049E+00
    0.839326976E+00
    0.831925823E+00
    0.824207885E+00
    0.816189241E+00
    0.807885709E+00
    0.799312831E+00
    0.790485881E+00
    0.781419844E+00
    0.772129448E+00
    0.762629167E+00
    0.752933235E+00
    0.743055672E+00
    0.733010284E+00
    0.722810679E+00
    0.712470269E+00
    0.702002282E+00
    0.691419727E+00
    0.680735422E+00
    0.669961944E+00
    0.659111633E+00
    0.648196560E+00
    0.637228510E+00
    0.626218961E+00
    0.615179061E+00
    0.604119606E+00
    0.593051038E+00
    0.581983417E+00
    0.570926424E+00
    0.559889348E+00
    0.548881098E+00
    0.537910189E+00
    0.526984764E+00
    0.516112585E+00
    0.505301056E+00
    0.494557227E+00
    0.483887799E+00
    0.473299141E+00
    0.462797301E+00
    0.452388001E+00
    0.442076664E+00
    0.431868403E+00
    0.421768037E+00
    0.411780085E+00
    0.401908788E+00
    0.392158089E+00
    0.382531659E+00
    0.373032883E+00
    0.363664874E+00
    0.354430477E+00
    0.345332271E+00
    0.336372579E+00
    0.327553472E+00
    0.318876777E+00
    0.310344088E+00
    0.301956774E+00
    0.293715982E+00
    0.285622655E+00
    0.277677538E+00
    0.269881181E+00
    0.262233958E+00
    0.254736067E+00
    0.247387541E+00
    0.240188258E+00
    0.233137941E+00
    0.226236176E+00
    0.219482408E+00
    0.212875951E+00
    0.206415997E+00
    0.200101621E+00
    0.193931781E+00
    0.187905334E+00
    0.182021036E+00
    0.176277544E+00
    0.170673437E+00
    0.165207200E+00
    0.159877250E+00
    0.154681931E+00
    0.149619521E+00
    0.144688241E+00
    0.139886257E+00
    0.135211684E+00
    0.130662595E+00
    0.126237026E+00
    0.121932972E+00
    0.117748402E+00
    0.113681258E+00
    0.109729455E+00
    0.105890895E+00
    0.102163457E+00
    0.985450132E-01
    0.950334232E-01
    0.916265411E-01
    0.883222179E-01
    0.851183054E-01
    0.820126530E-01
    0.790031208E-01
    0.760875716E-01
    0.732638808E-01
    0.705299330E-01
    0.678836303E-01
    0.653228869E-01
    0.628456389E-01
    0.604498394E-01
    0.581334643E-01
    0.558945118E-01
    0.537310065E-01
    0.516409962E-01
    0.496225571E-01
    0.476737951E-01
    0.457928418E-01
    0.439778644E-01
    0.422270561E-01
    0.405386452E-01
    0.389108936E-01
    0.373420938E-01
    0.358305759E-01
    0.343747022E-01
    0.329728712E-01
    0.316235171E-01
    0.303251097E-01
    0.290761556E-01
    0.278751976E-01
    0.267208142E-01
    0.256116223E-01
    0.245462741E-01
    0.235234598E-01
    0.225419048E-01
    0.216003721E-01
    0.206976615E-01
    0.198326078E-01
    0.190040831E-01
    0.182109946E-01
    0.174522845E-01
    0.167269323E-01
    0.160339491E-01
    0.153723834E-01
    0.147413163E-01
    0.141398612E-01
    0.135671678E-01
    0.130224150E-01
    0.125048156E-01
    0.120136139E-01
    0.115480842E-01
    0.111075328E-01
    0.106912948E-01
    0.102987350E-01
    0.992924757E-02
    0.958225477E-02
    0.925720657E-02
    0.895358080E-02
    0.867088189E-02
    0.840864036E-02
    0.816641323E-02
    0.794378233E-02
    0.774035493E-02
    0.755576210E-02
    0.738966012E-02
    0.724172696E-02
    0.711166566E-02
    0.699920035E-02
    0.690407829E-02
    0.682606818E-02
    0.676496017E-02
    0.672056540E-02
    0.669271524E-02
    0.668126125E-02
    0.668607493E-02
    0.670704691E-02
    0.674408633E-02
    0.679712092E-02
    0.686609652E-02
    0.695097611E-02
    0.705174002E-02
    0.716838478E-02
    0.730092309E-02
    0.744938329E-02
    0.761380842E-02
    0.779425619E-02
    0.799079827E-02
    0.820351889E-02
    0.843251556E-02
    0.867789748E-02
    0.893978526E-02
    0.921830993E-02
    0.951361221E-02
    0.982584264E-02
    0.101551593E-01
    0.105017285E-01
    0.108657231E-01
    0.112473219E-01
    0.116467092E-01
    0.120640730E-01
    0.124996053E-01
    0.129535008E-01
    0.134259553E-01
    0.139171659E-01
    0.144273297E-01
    0.149566423E-01
    0.155052983E-01
    0.160734887E-01
    0.166614014E-01
    0.172692195E-01
    0.178971208E-01
    0.185452765E-01
    0.192138514E-01
    0.199030011E-01
    0.206128736E-01
    0.213436059E-01
    0.220953257E-01
    0.228681489E-01
    0.236621791E-01
    0.244775074E-01
    0.253142114E-01
    0.261723545E-01
    0.270519846E-01
    0.279531350E-01
    0.288758221E-01
    0.298200455E-01
    0.307857876E-01
    0.317730132E-01
    0.327816674E-01
    0.338116776E-01
    0.348629508E-01
    0.359353738E-01
    0.370288145E-01
    0.381431179E-01
    0.392781095E-01
    0.404335919E-01
    0.416093464E-01
    0.428051321E-01
    0.440206856E-01
    0.452557202E-01
    0.465099270E-01
    0.477829724E-01
    0.490745014E-01
    0.503841335E-01
    0.517114661E-01
    0.530560717E-01
    0.544174990E-01
    0.557952732E-01
    0.571888963E-01
    0.585978441E-01
    0.600215710E-01
    0.614595063E-01
    0.629110565E-01
    0.643756035E-01
    0.658525070E-01
    0.673411037E-01
    0.688407057E-01
    0.703506054E-01
    0.718700711E-01
    0.733983497E-01
    0.749346680E-01
    0.764782301E-01
    0.780282212E-01
    0.795838061E-01
    0.811441303E-01
    0.827083218E-01
    0.842754895E-01
    0.858447258E-01
    0.874151063E-01
    0.889856914E-01
    0.905555269E-01
    0.921236446E-01
    0.936890631E-01
    0.952507892E-01
    0.968078189E-01
    0.983591381E-01
    0.999037247E-01
    0.101440546E+00
    0.102968567E+00
    0.104486743E+00
    0.105994028E+00
    0.107489371E+00
    0.108971720E+00
    0.110440022E+00
    0.111893224E+00
    0.113330277E+00
    0.114750132E+00
    0.116151748E+00
    0.117534085E+00
    0.118896115E+00
    0.120236815E+00
    0.121555173E+00
    0.122850188E+00
    0.124120870E+00
    0.125366243E+00
    0.126585347E+00
    0.127777236E+00
    0.128940983E+00
    0.130075679E+00
    0.131180433E+00
    0.132254377E+00
    0.133296665E+00
    0.134306472E+00
    0.135282999E+00
    0.136225472E+00
    0.137133142E+00
    0.138005289E+00
    0.138841220E+00
    0.139640274E+00
    0.140401814E+00
    0.141125239E+00
    0.141809978E+00
    0.142455493E+00
    0.143061278E+00
    0.143626861E+00
    0.144151804E+00
    0.144635704E+00
    0.145078195E+00
    0.145478943E+00
    0.145837654E+00
    0.146154069E+00
    0.146427965E+00
    0.146659156E+00
    0.146847496E+00
    0.146992873E+00
    0.147095215E+00
    0.147154484E+00
    0.147170684E+00
    0.147143852E+00
    0.147074066E+00
    0.146961439E+00
    0.146806120E+00
    0.146608297E+00
    0.146368193E+00
    0.146086065E+00
    0.145762209E+00
    0.145396953E+00
    0.144990660E+00
    0.144543729E+00
    0.144056588E+00
    0.143529703E+00
    0.142963565E+00
    0.142358702E+00
    0.141715670E+00
    0.141035055E+00
    0.140317470E+00
    0.139563557E+00
    0.138773986E+00
    0.137949451E+00
    0.137090671E+00
    0.136198389E+00
    0.135273373E+00
    0.134316410E+00
    0.133328308E+00
    0.132309896E+00
    0.131262020E+00
    0.130185545E+00
    0.129081352E+00
    0.127950334E+00
    0.126793402E+00
    0.125611478E+00
    0.124405495E+00
    0.123176396E+00
    0.121925136E+00
    0.120652675E+00
    0.119359982E+00
    0.118048028E+00
    0.116717794E+00
    0.115370259E+00
    0.114006408E+00
    0.112627225E+00
    0.111233694E+00
    0.109826799E+00
    0.108407521E+00
    0.106976837E+00
    0.105535721E+00
    0.104085141E+00
    0.102626058E+00
    0.101159426E+00
    0.996861902E-01
    0.982072876E-01
    0.967236435E-01
    0.952361744E-01
    0.937457827E-01
    0.922533586E-01
    0.907597796E-01
    0.892659081E-01
    0.877725921E-01
    0.862806636E-01
    0.847909393E-01
    0.833042167E-01
    0.818212787E-01
    0.803428883E-01
    0.788697908E-01
    0.774027117E-01
    0.759423582E-01
    0.744894167E-01
    0.730445541E-01
    0.716084165E-01
    0.701816289E-01
    0.687647959E-01
    0.673585002E-01
    0.659633032E-01
    0.645797444E-01
    0.632083429E-01
    0.618495938E-01
    0.605039717E-01
    0.591719291E-01
    0.578538961E-01
    0.565502812E-01
    0.552614719E-01
    0.539878321E-01
    0.527297055E-01
    0.514874136E-01
    0.502612576E-01
    0.490515164E-01
    0.478584486E-01
    0.466822926E-01
    0.455232650E-01
    0.443815641E-01
    0.432573675E-01
    0.421508330E-01
    0.410621001E-01
    0.399912894E-01
    0.389385025E-01
    0.379038242E-01
    0.368873205E-01
    0.358890413E-01
    0.349090191E-01
    0.339472705E-01
    0.330037963E-01
    0.320785819E-01
    0.311715983E-01
    0.302828009E-01
    0.294121327E-01
    0.285595224E-01
    0.277248859E-01
    0.269081270E-01
    0.261091374E-01
    0.253277973E-01
    0.245639758E-01
    0.238175322E-01
    0.230883155E-01
    0.223761648E-01
    0.216809111E-01
    0.210023767E-01
    0.203403754E-01
    0.196947143E-01
    0.190651928E-01
    0.184516041E-01
    0.178537353E-01
    0.172713678E-01
    0.167042776E-01
    0.161522365E-01
    0.156150111E-01
    0.150923651E-01
    0.145840575E-01
    0.140898456E-01
    0.136094826E-01
    0.131427204E-01
    0.126893083E-01
    0.122489941E-01
    0.118215247E-01
    0.114066455E-01
    0.110041016E-01
    0.106136377E-01
    0.102349986E-01
    0.986792929E-02
    0.951217512E-02
    0.916748269E-02
    0.883359928E-02
    0.851027358E-02
    0.819725602E-02
    0.789429849E-02
    0.760115505E-02
    0.731758169E-02
    0.704333697E-02
    0.677818195E-02
    0.652188014E-02
    0.627419806E-02
    0.603490502E-02
    0.580377381E-02
    0.558057994E-02
    0.536510257E-02
    0.515712403E-02
    0.495643056E-02
    0.476281147E-02
    0.457606028E-02
    0.439597373E-02
    0.422235278E-02
    0.405500195E-02
    0.389372971E-02
    0.373834850E-02
    0.358867471E-02
    0.344452853E-02
    0.330573432E-02
    0.317212015E-02
    0.304351832E-02
    0.291976494E-02
    0.280070024E-02
    0.268616817E-02
    0.257601670E-02
    0.247009779E-02
    0.236826697E-02
    0.227038400E-02
    0.217631210E-02
    0.208591831E-02
    0.199907348E-02
    0.191565207E-02
    0.183553206E-02
    0.175859504E-02
    0.168472609E-02
    0.161381369E-02
    0.154574976E-02
    0.148042952E-02
    0.141775145E-02
    0.135761718E-02
    0.129993148E-02
    0.124460211E-02
    0.119154003E-02
    0.114065892E-02
    0.109187543E-02
    0.104510892E-02
    0.100028152E-02
    0.957318034E-03
    0.916145791E-03
    0.876694740E-03
    0.838897197E-03
    0.802687835E-03
    0.768003788E-03
    0.734784315E-03
    0.702970895E-03
    0.672507202E-03
    0.643338860E-03
    0.615413587E-03
    0.588680996E-03
    0.563092624E-03
    0.538601694E-03
    0.515163411E-03
    0.492734500E-03
    0.471273417E-03
    0.450740141E-03
    0.431096366E-03
    0.412305035E-03
    0.394330740E-03
    0.377139270E-03
    0.360697904E-03
    0.344975184E-03
    0.329940822E-03
    0.315565803E-03
    0.301822236E-03
    0.288683342E-03
    0.276123437E-03
    0.264117845E-03
    0.252642913E-03
    0.241675893E-03
    0.231195041E-03
    0.221179416E-03
    0.211608939E-03
    0.202464409E-03
    0.193727335E-03
    0.185380039E-03
    0.177405553E-03
    0.169787579E-03
    0.162510527E-03
    0.155559411E-03
    0.148919920E-03
    0.142578260E-03
    0.136521272E-03
    0.130736289E-03
    0.125211251E-03
    0.119934496E-03
    0.114894947E-03
    0.110081901E-03
    0.105485173E-03
    0.101094953E-03
    0.969018856E-04
    0.928969762E-04
    0.890716529E-04
    0.854176380E-04
    0.819270651E-04
    0.785923832E-04
    0.754063534E-04
    0.723620634E-04
    0.694529100E-04
    0.666725183E-04
    0.640148615E-04
    0.614741322E-04
    0.590447880E-04
    0.567215450E-04
    0.544993299E-04
    0.523733048E-04
    0.503388578E-04
    0.483915820E-04
    0.465272512E-04
    0.447418645E-04
    0.430315924E-04
    0.413927731E-04
    0.398219238E-04
    0.383157469E-04
    0.368710634E-04
    0.354848852E-04
    0.341543342E-04
    0.328767003E-04
    0.316494058E-04
    0.304699845E-04
    0.293361192E-04
    0.282455819E-04
    0.271962838E-04
    0.261862370E-04
    0.252135604E-04
    0.242764697E-04
    0.233732757E-04
    0.225023896E-04
    0.216623081E-04
    0.208515971E-04
    0.200689328E-04
    0.193130397E-04
    0.185827332E-04
    0.178768902E-04
    0.171944599E-04
    0.165344473E-04
    0.158959203E-04
    0.152780150E-04
    0.146799049E-04
    0.141008256E-04
    0.135400530E-04
    0.129969323E-04
    0.124708131E-04
    0.119611264E-04
    0.114673084E-04
    0.109888550E-04
    0.105252867E-04
    0.100761583E-04
    0.964105045E-05
    0.921957914E-05
    0.881137546E-05
    0.841609987E-05
    0.803344216E-05
    0.766309600E-05
    0.730478650E-05
    0.695825888E-05
    0.662325603E-05
    0.629954951E-05
    0.598691938E-05
    0.568515066E-05
    0.539405106E-05
    0.511342148E-05
    0.484307666E-05
    0.458283697E-05
    0.433252813E-05
    0.409197646E-05
    0.386101446E-05
    0.363947545E-05
    0.342718831E-05
    0.322398967E-05
    0.302971217E-05
    0.284418547E-05
    0.266724060E-05
    0.249870293E-05
    0.233839963E-05
    0.218615123E-05
    0.204177471E-05
    0.190508796E-05
    0.177589668E-05
    0.165400979E-05
    0.153923260E-05
    0.143136116E-05
    0.133019376E-05
    0.123552012E-05
    0.114712764E-05
    0.106480488E-05
    0.988331470E-06
    0.917488292E-06
    0.852052710E-06
    0.791799669E-06
    0.736503330E-06
    0.685938259E-06
    0.639875585E-06
    0.598088719E-06
    0.560351252E-06
    0.526437604E-06
    0.496123087E-06
    0.469184107E-06
    0.445406277E-06
    0.424567753E-06
    0.406459932E-06
    0.390871914E-06
    0.377599975E-06
    0.366446910E-06
    0.357219484E-06
    0.349728757E-06
    0.343794453E-06
    0.339243040E-06
    0.335904435E-06
    0.333622019E-06
    0.332241129E-06
    0.331617011E-06
    0.331612347E-06
    0.332099432E-06
    0.332955630E-06
    0.334070280E-06
    0.335335999E-06
    0.336659730E-06
    0.337953053E-06
    0.339133970E-06
    0.340133562E-06
    0.340885887E-06
    0.341335504E-06
    0.341434946E-06
    0.341142742E-06
    0.340422964E-06
    0.339250603E-06
    0.337603579E-06
    0.335468363E-06
    0.332836375E-06
    0.329703708E-06
    0.326073328E-06
    0.321952465E-06
    0.317352520E-06
    0.312290657E-06
    0.306784446E-06
    0.300858697E-06
    0.294540417E-06
    0.287857285E-06
    0.280842548E-06
    0.273528713E-06
    0.265950104E-06
    0.258144920E-06
    0.250150942E-06
    0.242006173E-06
    0.233749562E-06
    0.225420854E-06
    0.217058083E-06
    0.208702328E-06
    0.200388637E-06
    0.192157060E-06
    0.184042222E-06
    0.176080397E-06
    0.168304893E-06
    0.160746735E-06
    0.153439149E-06
    0.146409074E-06
    0.139684679E-06
    0.133290312E-06
    0.127248189E-06
    0.121580599E-06
    0.116306516E-06
    0.111441496E-06
    0.106998695E-06
    0.102992486E-06
    0.994302812E-07
    0.963205914E-07
    0.936691815E-07
    0.914796603E-07
    0.897502578E-07
    0.884837506E-07
    0.876744741E-07
    0.873193678E-07
    0.874097107E-07
    0.879370449E-07
    0.888927107E-07
    0.902624775E-07
    0.920347467E-07
    0.941938756E-07
    0.967231180E-07
    0.996064604E-07
    0.102824407E-06
    0.106356868E-06
    0.110186374E-06
    0.114286787E-06
    0.118641164E-06
    0.123224301E-06
    0.128013990E-06
    0.132986373E-06
    0.138119014E-06
    0.143388119E-06
    0.148769179E-06
    0.154239019E-06
    0.159774405E-06
    0.165351673E-06
    0.170948022E-06
    0.176541423E-06
    0.182108673E-06
    0.187629557E-06
    0.193081697E-06
    0.198446072E-06
    0.203703678E-06
    0.208833956E-06
    0.213822121E-06
    0.218648233E-06
    0.223300062E-06
    0.227758608E-06
    0.232012564E-06
    0.236048232E-06
    0.239853767E-06
    0.243419746E-06
    0.246736214E-06
    0.249791367E-06
    0.252582915E-06
    0.255100505E-06
    0.257340635E-06
    0.259297902E-06
    0.260970362E-06
    0.262356976E-06
    0.263453830E-06
    0.264262856E-06
    0.264783755E-06
    0.265018886E-06
    0.264970203E-06
    0.264642306E-06
    0.264039230E-06
    0.263165602E-06
    0.262026474E-06
    0.260629519E-06
    0.258982097E-06
    0.257089589E-06
    0.254962741E-06
    0.252608827E-06
    0.250038028E-06
    0.247257914E-06
    0.244280904E-06
    0.241114394E-06
    0.237770314E-06
    0.234259487E-06
    0.230591440E-06
    0.226776718E-06
    0.222829415E-06
    0.218756159E-06
    0.214571661E-06
    0.210283892E-06
    0.205905722E-06
    0.201447200E-06
    0.196917784E-06
    0.192329199E-06
    0.187690794E-06
    0.183012763E-06
    0.178304883E-06
    0.173576021E-06
    0.168836463E-06
    0.164093125E-06
    0.159355464E-06
    0.154631339E-06
    0.149929398E-06
    0.145255034E-06
    0.140617102E-06
    0.136021382E-06
    0.131473778E-06
    0.126980481E-06
    0.122547445E-06
    0.118178293E-06
    0.113879133E-06
    0.109653914E-06
    0.105505571E-06
    0.101438699E-06
    0.974565839E-07
    0.935606468E-07
    0.897553481E-07
    0.860409711E-07
    0.824203157E-07
    0.788948327E-07
    0.754648912E-07
    0.721324954E-07
    0.688972057E-07
    0.657603924E-07
    0.627214558E-07
    0.597801558E-07
    0.569370458E-07
    0.541902812E-07
    0.515399370E-07
    0.489849438E-07
    0.465243408E-07
    0.441561727E-07
    0.418799485E-07
    0.396933443E-07
    0.375948434E-07
    0.355829648E-07
    0.336556707E-07
    0.318105807E-07
    0.300466781E-07
    0.283611378E-07
    0.267518819E-07
    0.252170224E-07
    0.237541936E-07
    0.223607404E-07
    0.210354618E-07
    0.197749186E-07
    0.185777371E-07
    0.174413323E-07
    0.163634320E-07
    0.153420241E-07
    0.143746692E-07
    0.134594653E-07
    0.125940817E-07
    0.117763838E-07
    0.110048541E-07
    0.102766939E-07
    0.959058815E-08
    0.894424442E-08
    0.833606483E-08
    0.776391134E-08
    0.722641550E-08
    0.672152680E-08
    0.624780709E-08
    0.580369543E-08
    0.538749960E-08
    0.499777743E-08
    0.463331792E-08
    0.429244784E-08
    0.397399586E-08
    0.367676891E-08
    0.339947014E-08
    0.314090488E-08
    0.290022129E-08
    0.267597216E-08
    0.246749109E-08
    0.227369050E-08
    0.209363998E-08
    0.192659115E-08
    0.177158431E-08
    0.162799625E-08
    0.149493373E-08
    0.137181659E-08
    0.125803484E-08
    0.115277068E-08
    0.105562880E-08
    0.965971008E-09
    0.883294379E-09
    0.807104688E-09
    0.736974348E-09
    0.672416712E-09
    0.613085696E-09
    0.558592443E-09
    0.508537081E-09
    0.462633856E-09
    0.420581967E-09
    0.382028785E-09
    0.346752673E-09
    0.314511077E-09
    0.285029583E-09
    0.258106973E-09
    0.233577126E-09
    0.211165945E-09
    0.190786848E-09
    0.172228370E-09
    0.155341387E-09
    0.140010681E-09
    0.126074182E-09
    0.113443791E-09
    0.101982774E-09
    0.916131982E-10
    0.822377980E-10
    0.737302737E-10
    0.660702513E-10
    0.591408176E-10
    0.528999313E-10
    0.472711032E-10
    0.422113678E-10
    0.376502053E-10
    0.335607200E-10
    0.298837023E-10
    0.265839425E-10
    0.236301408E-10
    0.209877634E-10
    0.186174918E-10
    0.165041965E-10
    0.146171946E-10
    0.129319281E-10
    0.114282207E-10
    0.100956325E-10
    0.890129954E-11
    0.784919943E-11
    0.691063514E-11
    0.607924385E-11
    0.534476972E-11
    0.469131126E-11
    0.411663240E-11
    0.360665014E-11
    0.315924003E-11
    0.276381980E-11
    0.241293020E-11
    0.210859337E-11
    0.183924468E-11
    0.160345244E-11
    0.139684889E-11
    0.121526326E-11
    0.105612601E-11
    0.917596613E-12
    0.796382572E-12
    0.690605593E-12
    0.599038716E-12
    0.519028225E-12
    0.449136404E-12
    0.388664251E-12
    0.336321445E-12
    0.290430332E-12
    0.250867913E-12
    0.217101218E-12
    0.187256819E-12
    0.162145442E-12
    0.139993015E-12
    0.120900186E-12
    0.104667323E-12
    0.902246690E-13
    0.782904934E-13
    0.676360320E-13
    0.587497758E-13
    0.508268935E-13
    0.439549893E-13
    0.384049357E-13
    0.332900947E-13
    0.290284804E-13
    0.252870452E-13
    0.220836558E-13
    0.192874900E-13
    0.169864730E-13
    0.148984916E-13
    0.131530729E-13
    0.116427159E-13
    0.102554969E-13
    0.904888906E-14
    0.805567043E-14
    0.715481972E-14
    0.637988147E-14
    0.566255839E-14
    0.509884105E-14
    0.452925175E-14
    0.409176740E-14
    0.362212571E-14
    0.327351271E-14
    0.290989886E-14
    0.262928400E-14
    0.237957278E-14
    0.211976310E-14
    0.192077434E-14
    0.170485887E-14
    0.153268201E-14
    0.139874440E-14
    0.124454173E-14
    0.113172214E-14
    0.100205745E-14
    0.921420540E-15
    0.823254515E-15
    0.761670595E-15
    0.680374974E-15
    0.615721057E-15
    0.553659475E-15
    0.479504427E-15
    0.432707140E-15
    0.398638494E-15
    0.355178057E-15
    0.317922645E-15
    0.275984166E-15
    0.256571079E-15
    0.223775438E-15
    0.202433903E-15
    0.182245134E-15
    0.177785496E-15
    0.151437757E-15
    0.145417297E-15
    0.123216631E-15
    0.103590260E-15
    0.108523862E-15
    0.889093846E-16
    0.847627982E-16
    0.872992270E-16
    0.814003410E-16
    0.694668688E-16
    0.585185457E-16
    0.599738918E-16
    0.476412596E-16
    0.460913560E-16
    0.380795074E-16
    0.366832512E-16
    0.367334251E-16
    0.356484493E-16
    0.322561145E-16
    0.358013999E-16
    0.337508527E-16
    0.310992908E-16
    0.288422811E-16
    0.254689244E-16
    0.267092919E-16
    0.290113803E-16
    0.310387942E-16
    0.286740007E-16
    0.284435809E-16
    0.296265016E-16
    0.200862211E-16
    0.210559030E-16
    0.325692177E-16
    0.265521874E-16
    0.241811261E-16
    0.334600769E-16
    0.256467973E-16
    0.270687865E-16
    0.295564077E-16
    0.297772860E-16
    0.256633756E-16
    0.202436314E-16
    0.178916731E-16
    0.201469579E-16
    0.205317820E-16
    0.203032594E-16
    0.247991484E-16
    0.273550484E-16
    0.183590693E-16
    0.235168071E-16
    0.202643289E-16
    0.224333146E-16
    0.227636322E-16
    0.254667653E-16
    0.258098910E-16
    0.240657981E-16
    0.239034660E-16
    0.220128873E-16
    0.195987833E-16
    0.152413887E-16
    0.291824321E-16
    0.274792895E-16
    0.241678216E-16
    0.267391236E-16
    0.222323862E-16
    0.340591686E-16
    0.384554257E-16
    0.259600761E-16
    0.268801845E-16
    0.192478295E-16
    0.205964589E-16
    0.200450646E-16
    0.270269671E-16
    0.147855984E-16
    0.215522475E-16
    0.220673627E-16
    0.233371158E-16
    0.233061108E-16
    0.225723361E-16
    0.232129725E-16
    0.243932892E-16
    0.192528725E-16
    0.288485222E-16
    0.245088686E-16
    0.298619296E-16
    0.231564017E-16
    0.210267856E-16
    0.180505234E-16
    0.194765738E-16
    0.262784683E-16
    0.302260798E-16
    0.240356195E-16
    0.299547622E-16
    0.329170441E-16
    0.277319952E-16
    0.201848093E-16
    0.280433857E-16
    0.234130497E-16
    0.215784460E-16
    0.198548378E-16
    0.181933646E-16
    0.155386838E-16
    0.195634861E-16
    0.235697974E-16
    0.229356208E-16
    0.245711040E-16
    0.251563567E-16
    0.272491979E-16
    0.216259450E-16
    0.194740037E-16
    0.361809978E-16
    0.280660547E-16
    0.247820956E-16
    0.204203358E-16
    0.279340696E-16
    0.175494646E-16
    0.228706749E-16
    0.261412769E-16
    0.289475507E-16
    0.247126833E-16
    0.306240725E-16
    0.281689075E-16
    0.285631472E-16
    0.270816615E-16
    0.272707456E-16
    0.250373961E-16
    0.196330825E-16
    0.212796740E-16
    0.188305760E-16
    0.153968460E-16
    0.170721853E-16
    0.251629895E-16
    0.270667270E-16
    0.206310126E-16
    0.224169925E-16
    0.220437680E-16
    0.233830833E-16
    0.219653813E-16
    0.328309178E-16
    0.273203676E-16
    0.306633843E-16
    0.189556394E-16
    0.253518311E-16
    0.218993694E-16
    0.226499694E-16
    0.252947958E-16
    0.294999896E-16
    0.304939088E-16
    0.328848102E-16
    0.206880633E-16
    0.307421849E-16
    0.322741749E-16
    0.229892494E-16
    0.316271255E-16
    0.181883670E-16
    0.239763126E-16
    0.202369618E-16
    0.198024800E-16
    0.167228472E-16
    0.276166545E-16
    0.252143236E-16
    0.207388841E-16
    0.262091463E-16
    0.239532899E-16
    0.269896041E-16
    0.227035820E-16
    0.258614137E-16
    0.261924639E-16
    0.324862606E-16
    0.265379083E-16
    0.278975323E-16
    0.222894636E-16
    0.181642838E-16
    0.243898059E-16
    0.274450864E-16
    0.307559503E-16
    0.238825210E-16
    0.296982064E-16
    0.303268498E-16
    0.288848844E-16
    0.243900176E-16
    0.287619329E-16
    0.221391741E-16
    0.213014850E-16
    0.219476636E-16
    0.205857255E-16
    0.160932886E-16
    0.264070580E-16
    0.219442611E-16
    0.258386173E-16
    0.269188780E-16
    0.263841839E-16
    0.275386496E-16
    0.204460148E-16
    0.274601793E-16
    0.331735848E-16
    0.337404013E-16
    0.302843256E-16
    0.232656144E-16
    0.272844980E-16
    0.215930491E-16
    0.248645008E-16
    0.232618687E-16
    0.291824953E-16
    0.287524237E-16
    0.327419058E-16
    0.316726154E-16
    0.259283195E-16
    0.227456429E-16
    0.271284156E-16
    0.262454360E-16
    0.238500075E-16
    0.255418132E-16
    0.181084108E-16
    0.176764821E-16
    0.281525586E-16
    0.254033898E-16
    0.245082841E-16
    0.265649826E-16
    0.296516540E-16
    0.300582509E-16
    0.241464393E-16
    0.274213705E-16
    0.311676137E-16
    0.285816501E-16
    0.277602993E-16
    0.222600895E-16
    0.313324325E-16
    0.175327855E-16
    0.290517290E-16
    0.261220790E-16
    0.342619040E-16
    0.276195069E-16
    0.268502592E-16
    0.284791677E-16
    0.281719267E-16
    0.277469806E-16
    0.324669153E-16
    0.279378759E-16
    0.213063121E-16
    0.235014113E-16
    0.205876390E-16
    0.151495748E-16
    0.244875512E-16
    0.229956291E-16
    0.278486981E-16
    0.283031562E-16
    0.248868684E-16
    0.284034944E-16
    0.248477115E-16
    0.234149694E-16
    0.295507667E-16
    0.273138399E-16
    0.323602422E-16
    0.252388782E-16
    0.265667663E-16
    0.201088966E-16
    0.275958003E-16
    0.281816394E-16
    0.372198942E-16
    0.259286761E-16
    0.335107555E-16
    0.293692262E-16
    0.338533471E-16
    0.275724444E-16
    0.330677456E-16
    0.248260781E-16
    0.220537529E-16
    0.274257623E-16
    0.259250555E-16
    0.182789859E-16
    0.256532679E-16
    0.237200195E-16
    0.271431806E-16
    0.283604317E-16
    0.255279016E-16
    0.291973422E-16
    0.244084856E-16
    0.247774819E-16
    0.298464780E-16
    0.259068783E-16
    0.355778086E-16
    0.302645976E-16
    0.235768425E-16
    0.207163167E-16
    0.274590737E-16
    0.267922523E-16
    0.371708573E-16
    0.266852760E-16
    0.346719499E-16
    0.281337954E-16
    0.270255297E-16
    0.231288549E-16
    0.299166639E-16
    0.266023706E-16
    0.323091112E-16
    0.289271959E-16
    0.218626694E-16
    0.212171696E-16
    0.285711977E-16
    0.244233261E-16
    0.272661652E-16
    0.234898909E-16
    0.309298859E-16
    0.282562267E-16
    0.232108319E-16
    0.278334004E-16
    0.302126076E-16
    0.287051806E-16
    0.333599361E-16
    0.297106574E-16
    0.229380478E-16
    0.227487894E-16
    0.347355963E-16
    0.244926548E-16
    0.373591059E-16
    0.254655071E-16
    0.367152672E-16
    0.311157348E-16
    0.311504247E-16
    0.267459542E-16
    0.279142422E-16
    0.303894218E-16
    0.310949447E-16
    0.287347144E-16
    0.223449995E-16
    0.236945619E-16
    0.303679814E-16
    0.231790763E-16
    0.277786943E-16
    0.232885426E-16
    0.297521489E-16
    0.262898422E-16
    0.288175922E-16
    0.290376650E-16
    0.263879817E-16
    0.312891556E-16
    0.342070838E-16
    0.328979428E-16
    0.286533346E-16
    0.237283656E-16
    0.363426382E-16
    0.287815872E-16
    0.350188460E-16
    0.230711071E-16
    0.340968912E-16
    0.313793867E-16
    0.285452900E-16
    0.263421293E-16
    0.271724774E-16
    0.266675404E-16
    0.328149347E-16
    0.310923162E-16
    0.247134102E-16
    0.208525199E-16
    0.309047060E-16
    0.255033413E-16
    0.240205416E-16
    0.261936814E-16
    0.282682102E-16
    0.292467485E-16
    0.274046791E-16
    0.298378026E-16
    0.190176976E-16
    0.307262515E-16
    0.390515181E-16
    0.356379810E-16
    0.304687318E-16
    0.227420869E-16
    0.343653220E-16
    0.309774037E-16
    0.318662369E-16
    0.222426748E-16
    0.378768110E-16
    0.357119449E-16
    0.299333417E-16
    0.271479967E-16
    0.264010317E-16
    0.338393345E-16
    0.297228391E-16
    0.336231403E-16
    0.268229032E-16
    0.271666760E-16
    0.307094319E-16
    0.231639467E-16
    0.264207797E-16
    0.247807955E-16
    0.252663491E-16
    0.280483177E-16
    0.302884758E-16
    0.295379569E-16
    0.264240985E-16
    0.336786316E-16
    0.348580240E-16
    0.346788678E-16
    0.282540121E-16
    0.242950327E-16
    0.342263932E-16
    0.260583134E-16
    0.322358849E-16
    0.257661511E-16
    0.290305824E-16
    0.336091328E-16
    0.323757756E-16
    0.273926399E-16
    0.276281091E-16
    0.316514173E-16
    0.387726365E-16
    0.244929221E-16
    0.231888589E-16
    0.287333304E-16
    0.293455214E-16
    0.258796341E-16
    0.271495169E-16
    0.317015811E-16
    0.299131814E-16
    0.282502705E-16
    0.278473991E-16
    0.288433978E-16
    0.285508596E-16
    0.297637079E-16
    0.285049831E-16
    0.366654765E-16
    0.289574962E-16
    0.317419597E-16
    0.334648674E-16
    0.322706535E-16
    0.281954389E-16
    0.256977658E-16
    0.342977469E-16
    0.310198553E-16
    0.257767505E-16
    0.277328091E-16
    0.316456342E-16
    0.380762282E-16
    0.362819605E-16
    0.263356105E-16
    0.317606300E-16
    0.343638598E-16
    0.290279244E-16
    0.260359624E-16
    0.217703110E-16
    0.256399533E-16
    0.303576982E-16
    0.314646783E-16
    0.339405250E-16
    0.332262349E-16
    0.292735002E-16
    0.325252611E-16
    0.319600374E-16
    0.275036600E-16
    0.293417165E-16
    0.322310561E-16
    0.238351326E-16
    0.326853516E-16
    0.195915064E-16
    0.286321526E-16
    0.318971215E-16
    0.296759583E-16
    0.331234468E-16
    0.333129699E-16
    0.340242223E-16
    0.347111758E-16
    0.337848992E-16
    0.338929163E-16
    0.297168600E-16
    0.274610729E-16
    0.294691415E-16
    0.279865007E-16
    0.327580117E-16
    0.243437875E-16
    0.285429901E-16
    0.397722270E-16
    0.397147852E-16
    0.348121752E-16
    0.285569588E-16
    0.292726851E-16
    0.416047228E-16
    0.293611204E-16
    0.249085807E-16
    0.296214586E-16
    0.379653187E-16
    0.305762422E-16
    0.246083197E-16
    0.349437775E-16
    0.254117006E-16
    0.296936472E-16
    0.256978009E-16
    0.296169928E-16
    0.355935164E-16
    0.427674945E-16
    0.396752167E-16
    0.273935704E-16
    0.381375430E-16
    0.313015264E-16
    0.499636719E-16
    0.425441314E-16
    0.317906851E-16
    0.318190660E-16
    0.466720672E-16
    0.396886962E-16
    0.344941224E-16
    0.329474170E-16
    0.283591645E-16
    0.342037596E-16
    0.389355832E-16
    0.371255994E-16
    0.322880360E-16
    0.315568255E-16
    0.295717551E-16
    0.269357558E-16
    0.382003144E-16
    0.292042341E-16
    0.356287848E-16
    0.244653834E-16
    0.249068098E-16
    0.318729441E-16
    0.323960570E-16
    0.240433896E-16
    0.234835533E-16
    0.279063725E-16
    0.193577138E-16
    0.340334488E-16
    0.365845832E-16
    0.266519328E-16
    0.211244871E-16
    0.301227505E-16
    0.277824152E-16
    0.272049318E-16
    0.276079197E-16
    0.287195083E-16
    0.271372721E-16
    0.349522755E-16
    0.326122362E-16
    0.288202882E-16
    0.288706526E-16
    0.322882823E-16
    0.225596113E-16
    0.311774415E-16
    0.240427214E-16
    0.274078850E-16
    0.244865389E-16
    0.394963635E-16
    0.329595257E-16
    0.368801940E-16
    0.324507046E-16
    0.308762160E-16
    0.289236899E-16
    0.184958488E-16
    0.286685416E-16
    0.265519249E-16
    0.286489167E-16
    0.276767660E-16
    0.250768529E-16
    0.330985476E-16
    0.330347659E-16
    0.348559401E-16
    0.326804403E-16
    0.373846461E-16
    0.438984327E-16
    0.448364125E-16
    0.372492701E-16
    0.330476325E-16
    0.448651030E-16
    0.264714315E-16
    0.298189645E-16
    0.227995673E-16
    0.254925673E-16
    0.285038069E-16
    0.224274154E-16
    0.293496074E-16
    0.286398807E-16
    0.307215757E-16
    0.286841111E-16
    0.188664849E-16
    0.285286090E-16
    0.255347041E-16
    0.293781474E-16
    0.226093343E-16
    0.249137331E-16
    0.240662344E-16
    0.209018497E-16
    0.309627265E-16
    0.292043873E-16
    0.250215305E-16
    0.275982944E-16
    0.328379152E-16
    0.290329504E-16
    0.299088996E-16
    0.270840279E-16
    0.272085255E-16
    0.290483275E-16
    0.273397017E-16
    0.302169892E-16
    0.272176538E-16
    0.297875260E-16
    0.310923442E-16
    0.300573537E-16
