 #tdnd tdcion
    0.311583277E-16
    0.278012011E-16
    0.308222900E-16
    0.289210032E-16
    0.308350658E-16
    0.268260359E-16
    0.235023343E-16
    0.255942458E-16
    0.308289016E-16
    0.285606522E-16
    0.286795677E-16
    0.313758736E-16
    0.430025284E-16
    0.375600508E-16
    0.417000738E-16
    0.398696034E-16
    0.400832746E-16
    0.444233504E-16
    0.361717184E-16
    0.363195284E-16
    0.434313624E-16
    0.317603243E-16
    0.242093987E-16
    0.263566324E-16
    0.197621137E-16
    0.258844350E-16
    0.247785987E-16
    0.317120850E-16
    0.333466284E-16
    0.379593474E-16
    0.301530270E-16
    0.301469432E-16
    0.240466665E-16
    0.327486104E-16
    0.316721500E-16
    0.223370201E-16
    0.246136282E-16
    0.348858076E-16
    0.287838205E-16
    0.323924888E-16
    0.425292695E-16
    0.387677436E-16
    0.200840089E-16
    0.277175981E-16
    0.290202573E-16
    0.315992742E-16
    0.417033957E-16
    0.310412889E-16
    0.245162245E-16
    0.306672735E-16
    0.209067064E-16
    0.217868663E-16
    0.227475868E-16
    0.264439771E-16
    0.281130091E-16
    0.332459910E-16
    0.350188093E-16
    0.328232738E-16
    0.257063103E-16
    0.223643771E-16
    0.332448607E-16
    0.246593844E-16
    0.276650344E-16
    0.280449133E-16
    0.249985663E-16
    0.352524066E-16
    0.297066490E-16
    0.304657289E-16
    0.291293183E-16
    0.246289171E-16
    0.276254396E-16
    0.252675111E-16
    0.317724203E-16
    0.225202593E-16
    0.306458167E-16
    0.292206052E-16
    0.331243449E-16
    0.221170331E-16
    0.185833384E-16
    0.205910317E-16
    0.306796701E-16
    0.316727429E-16
    0.299783150E-16
    0.305595409E-16
    0.281968364E-16
    0.307454634E-16
    0.265782526E-16
    0.278504925E-16
    0.264941788E-16
    0.328680448E-16
    0.226957994E-16
    0.236842334E-16
    0.302850380E-16
    0.373385174E-16
    0.293505695E-16
    0.259312819E-16
    0.246043472E-16
    0.205500934E-16
    0.258754356E-16
    0.348989065E-16
    0.251136114E-16
    0.289268061E-16
    0.221071741E-16
    0.346524170E-16
    0.263006842E-16
    0.271539820E-16
    0.224217084E-16
    0.251543510E-16
    0.282740697E-16
    0.202444836E-16
    0.273676480E-16
    0.351641969E-16
    0.357496352E-16
    0.302451854E-16
    0.238237437E-16
    0.280993592E-16
    0.227072183E-16
    0.238340796E-16
    0.296772634E-16
    0.300780251E-16
    0.286457946E-16
    0.233876462E-16
    0.284868085E-16
    0.395259372E-16
    0.276560173E-16
    0.176728415E-16
    0.244759899E-16
    0.304362474E-16
    0.281200701E-16
    0.265571387E-16
    0.319574585E-16
    0.267258421E-16
    0.340583109E-16
    0.213453427E-16
    0.232445405E-16
    0.252938372E-16
    0.291552950E-16
    0.298175116E-16
    0.316437607E-16
    0.233703066E-16
    0.419982561E-16
    0.450956722E-16
    0.381092480E-16
    0.520461490E-16
    0.612859555E-16
    0.106312272E-15
    0.135762183E-15
    0.204502341E-15
    0.298457170E-15
    0.487106719E-15
    0.671559169E-15
    0.107297465E-14
    0.166092163E-14
    0.256305838E-14
    0.394406425E-14
    0.605885921E-14
    0.936465322E-14
    0.140424851E-13
    0.215038117E-13
    0.331969667E-13
    0.492638860E-13
    0.747258469E-13
    0.112897078E-12
    0.168484774E-12
    0.252900382E-12
    0.376173998E-12
    0.556513131E-12
    0.826479189E-12
    0.122334514E-11
    0.179645733E-11
    0.263896055E-11
    0.385732777E-11
    0.562511965E-11
    0.817847873E-11
    0.118596893E-10
    0.171406184E-10
    0.247022145E-10
    0.354888293E-10
    0.508499437E-10
    0.726119382E-10
    0.103414084E-09
    0.146805868E-09
    0.207832334E-09
    0.293371908E-09
    0.412807652E-09
    0.579338607E-09
    0.810723419E-09
    0.113093043E-08
    0.157335044E-08
    0.218232711E-08
    0.301833757E-08
    0.416267343E-08
    0.572434777E-08
    0.784940803E-08
    0.107331487E-07
    0.146345205E-07
    0.198966735E-07
    0.269746005E-07
    0.364676727E-07
    0.491621643E-07
    0.660897909E-07
    0.885958901E-07
    0.118434533E-06
    0.157879538E-06
    0.209876777E-06
    0.278221453E-06
    0.367797404E-06
    0.484867567E-06
    0.637429101E-06
    0.835680949E-06
    0.109257392E-05
    0.142450164E-05
    0.185217973E-05
    0.240165102E-05
    0.310559488E-05
    0.400491345E-05
    0.515055625E-05
    0.660588372E-05
    0.844937209E-05
    0.107779761E-04
    0.137110538E-04
    0.173951104E-04
    0.220093638E-04
    0.277724116E-04
    0.349500025E-04
    0.438642036E-04
    0.549039179E-04
    0.685375401E-04
    0.853270951E-04
    0.105944959E-03
    0.131192687E-03
    0.162022913E-03
    0.199563827E-03
    0.245147272E-03
    0.300340154E-03
    0.366979443E-03
    0.447211962E-03
    0.543537294E-03
    0.658856041E-03
    0.796522511E-03
    0.960401249E-03
    0.115492948E-02
    0.138518345E-02
    0.165694792E-02
    0.197679237E-02
    0.235214785E-02
    0.279138887E-02
    0.330391549E-02
    0.390023758E-02
    0.459205887E-02
    0.539235824E-02
    0.631546891E-02
    0.737715093E-02
    0.859465696E-02
    0.998678997E-02
    0.115739450E-01
    0.133781381E-01
    0.154230182E-01
    0.177338565E-01
    0.203375135E-01
    0.232623781E-01
    0.265382802E-01
    0.301963656E-01
    0.342689471E-01
    0.387893053E-01
    0.437914659E-01
    0.493099304E-01
    0.553793688E-01
    0.620342788E-01
    0.693086055E-01
    0.772353222E-01
    0.858459973E-01
    0.951703135E-01
    0.105235582E+00
    0.116066236E+00
    0.127683320E+00
    0.140103982E+00
    0.153340971E+00
    0.167402165E+00
    0.182290119E+00
    0.198001668E+00
    0.214527572E+00
    0.231852224E+00
    0.249953439E+00
    0.268802326E+00
    0.288363228E+00
    0.308593793E+00
    0.329445107E+00
    0.350861970E+00
    0.372783239E+00
    0.395142313E+00
    0.417867669E+00
    0.440883538E+00
    0.464110634E+00
    0.487466956E+00
    0.510868668E+00
    0.534230994E+00
    0.557469158E+00
    0.580499337E+00
    0.603239565E+00
    0.625610650E+00
    0.647537026E+00
    0.668947515E+00
    0.689776043E+00
    0.709962223E+00
    0.729451849E+00
    0.748197257E+00
    0.766157568E+00
    0.783298785E+00
    0.799593776E+00
    0.815022141E+00
    0.829569913E+00
    0.843229212E+00
    0.855997768E+00
    0.867878368E+00
    0.878878267E+00
    0.889008523E+00
    0.898283339E+00
    0.906719393E+00
    0.914335176E+00
    0.921150395E+00
    0.927185386E+00
    0.932460625E+00
    0.936996303E+00
    0.940811979E+00
    0.943926332E+00
    0.946356983E+00
    0.948120422E+00
    0.949232003E+00
    0.949706005E+00
    0.949555781E+00
    0.948793928E+00
    0.947432485E+00
    0.945483211E+00
    0.942957797E+00
    0.939868122E+00
    0.936226480E+00
    0.932045767E+00
    0.927339654E+00
    0.922122716E+00
    0.916410474E+00
    0.910219464E+00
    0.903567195E+00
    0.896472109E+00
    0.888953463E+00
    0.881031221E+00
    0.872725888E+00
    0.864058350E+00
    0.855049706E+00
    0.845721074E+00
    0.836093446E+00
    0.826187526E+00
    0.816023590E+00
    0.805621398E+00
    0.795000080E+00
    0.784178102E+00
    0.773173234E+00
    0.762002513E+00
    0.750682293E+00
    0.739228253E+00
    0.727655435E+00
    0.715978314E+00
    0.704210839E+00
    0.692366494E+00
    0.680458343E+00
    0.668499093E+00
    0.656501100E+00
    0.644476434E+00
    0.632436856E+00
    0.620393847E+00
    0.608358595E+00
    0.596341985E+00
    0.584354577E+00
    0.572406581E+00
    0.560507834E+00
    0.548667773E+00
    0.536895422E+00
    0.525199345E+00
    0.513587665E+00
    0.502068030E+00
    0.490647621E+00
    0.479333153E+00
    0.468130882E+00
    0.457046614E+00
    0.446085739E+00
    0.435253224E+00
    0.424553658E+00
    0.413991261E+00
    0.403569910E+00
    0.393293154E+00
    0.383164244E+00
    0.373186132E+00
    0.363361496E+00
    0.353692750E+00
    0.344182047E+00
    0.334831289E+00
    0.325642137E+00
    0.316616001E+00
    0.307754065E+00
    0.299057268E+00
    0.290526333E+00
    0.282161746E+00
    0.273963786E+00
    0.265932515E+00
    0.258067803E+00
    0.250369318E+00
    0.242836555E+00
    0.235468832E+00
    0.228265311E+00
    0.221225002E+00
    0.214346782E+00
    0.207629392E+00
    0.201071465E+00
    0.194671517E+00
    0.188427966E+00
    0.182339139E+00
    0.176403272E+00
    0.170618524E+00
    0.164982979E+00
    0.159494652E+00
    0.154151493E+00
    0.148951393E+00
    0.143892188E+00
    0.138971667E+00
    0.134187570E+00
    0.129537598E+00
    0.125019421E+00
    0.120630675E+00
    0.116368971E+00
    0.112231900E+00
    0.108217038E+00
    0.104321946E+00
    0.100544186E+00
    0.968813075E-01
    0.933308648E-01
    0.898904173E-01
    0.865575278E-01
    0.833297717E-01
    0.802047349E-01
    0.771800176E-01
    0.742532385E-01
    0.714220328E-01
    0.686840570E-01
    0.660369918E-01
    0.634785383E-01
    0.610064253E-01
    0.586184092E-01
    0.563122735E-01
    0.540858328E-01
    0.519369325E-01
    0.498634498E-01
    0.478632971E-01
    0.459344203E-01
    0.440747993E-01
    0.422824550E-01
    0.405554407E-01
    0.388918504E-01
    0.372898142E-01
    0.357475040E-01
    0.342631275E-01
    0.328349343E-01
    0.314612140E-01
    0.301402937E-01
    0.288705428E-01
    0.276503707E-01
    0.264782260E-01
    0.253525994E-01
    0.242720196E-01
    0.232350581E-01
    0.222403246E-01
    0.212864704E-01
    0.203721859E-01
    0.194962014E-01
    0.186572861E-01
    0.178542506E-01
    0.170859411E-01
    0.163512458E-01
    0.156490887E-01
    0.149784325E-01
    0.143382780E-01
    0.137276619E-01
    0.131456570E-01
    0.125913741E-01
    0.120639576E-01
    0.115625873E-01
    0.110864778E-01
    0.106348774E-01
    0.102070674E-01
    0.980236080E-02
    0.942010511E-02
    0.905967653E-02
    0.872048330E-02
    0.840196350E-02
    0.810358446E-02
    0.782484222E-02
    0.756526125E-02
    0.732439285E-02
    0.710181553E-02
    0.689713406E-02
    0.670997829E-02
    0.654000317E-02
    0.638688782E-02
    0.625033519E-02
    0.613007076E-02
    0.602584303E-02
    0.593742219E-02
    0.586459942E-02
    0.580718725E-02
    0.576501796E-02
    0.573794350E-02
    0.572583537E-02
    0.572858312E-02
    0.574609537E-02
    0.577829722E-02
    0.582513207E-02
    0.588655889E-02
    0.596255384E-02
    0.605310820E-02
    0.615822914E-02
    0.627793794E-02
    0.641227072E-02
    0.656127724E-02
    0.672502123E-02
    0.690357858E-02
    0.709703853E-02
    0.730550129E-02
    0.752907971E-02
    0.776789666E-02
    0.802208628E-02
    0.829179181E-02
    0.857716628E-02
    0.887837121E-02
    0.919557674E-02
    0.952895995E-02
    0.987870515E-02
    0.102450025E-01
    0.106280481E-01
    0.110280425E-01
    0.114451906E-01
    0.118797000E-01
    0.123317821E-01
    0.128016487E-01
    0.132895136E-01
    0.137955902E-01
    0.143200916E-01
    0.148632294E-01
    0.154252125E-01
    0.160062473E-01
    0.166065355E-01
    0.172262745E-01
    0.178656556E-01
    0.185248633E-01
    0.192040751E-01
    0.199034599E-01
    0.206231771E-01
    0.213633768E-01
    0.221241976E-01
    0.229057664E-01
    0.237081979E-01
    0.245315932E-01
    0.253760401E-01
    0.262416104E-01
    0.271283613E-01
    0.280363334E-01
    0.289655504E-01
    0.299160185E-01
    0.308877258E-01
    0.318806413E-01
    0.328947152E-01
    0.339298769E-01
    0.349860365E-01
    0.360630826E-01
    0.371608820E-01
    0.382792809E-01
    0.394181026E-01
    0.405771480E-01
    0.417561952E-01
    0.429549996E-01
    0.441732923E-01
    0.454107820E-01
    0.466671524E-01
    0.479420650E-01
    0.492351552E-01
    0.505460357E-01
    0.518742944E-01
    0.532194951E-01
    0.545811774E-01
    0.559588570E-01
    0.573520249E-01
    0.587601484E-01
    0.601826712E-01
    0.616190126E-01
    0.630685692E-01
    0.645307140E-01
    0.660047968E-01
    0.674901453E-01
    0.689860648E-01
    0.704918374E-01
    0.720067261E-01
    0.735299709E-01
    0.750607916E-01
    0.765983884E-01
    0.781419423E-01
    0.796906144E-01
    0.812435480E-01
    0.827998700E-01
    0.843586879E-01
    0.859190959E-01
    0.874801711E-01
    0.890409767E-01
    0.906005622E-01
    0.921579639E-01
    0.937122073E-01
    0.952623063E-01
    0.968072644E-01
    0.983460776E-01
    0.998777324E-01
    0.101401210E+00
    0.102915485E+00
    0.104419528E+00
    0.105912306E+00
    0.107392783E+00
    0.108859923E+00
    0.110312691E+00
    0.111750051E+00
    0.113170971E+00
    0.114574424E+00
    0.115959385E+00
    0.117324837E+00
    0.118669772E+00
    0.119993189E+00
    0.121294098E+00
    0.122571520E+00
    0.123824488E+00
    0.125052051E+00
    0.126253270E+00
    0.127427226E+00
    0.128573014E+00
    0.129689749E+00
    0.130776567E+00
    0.131832623E+00
    0.132857097E+00
    0.133849187E+00
    0.134808121E+00
    0.135733148E+00
    0.136623545E+00
    0.137478619E+00
    0.138297698E+00
    0.139080145E+00
    0.139825352E+00
    0.140532738E+00
    0.141201758E+00
    0.141831896E+00
    0.142422670E+00
    0.142973630E+00
    0.143484361E+00
    0.143954484E+00
    0.144383650E+00
    0.144771551E+00
    0.145117911E+00
    0.145422489E+00
    0.145685085E+00
    0.145905531E+00
    0.146083698E+00
    0.146219491E+00
    0.146312854E+00
    0.146363768E+00
    0.146372249E+00
    0.146338350E+00
    0.146262161E+00
    0.146143807E+00
    0.145983451E+00
    0.145781290E+00
    0.145537555E+00
    0.145252516E+00
    0.144926472E+00
    0.144559761E+00
    0.144152751E+00
    0.143705844E+00
    0.143219474E+00
    0.142694106E+00
    0.142130236E+00
    0.141528392E+00
    0.140889126E+00
    0.140213025E+00
    0.139500698E+00
    0.138752785E+00
    0.137969948E+00
    0.137152877E+00
    0.136302283E+00
    0.135418902E+00
    0.134503490E+00
    0.133556825E+00
    0.132579705E+00
    0.131572946E+00
    0.130537381E+00
    0.129473859E+00
    0.128383248E+00
    0.127266425E+00
    0.126124283E+00
    0.124957727E+00
    0.123767671E+00
    0.122555040E+00
    0.121320768E+00
    0.120065794E+00
    0.118791066E+00
    0.117497535E+00
    0.116186156E+00
    0.114857888E+00
    0.113513691E+00
    0.112154525E+00
    0.110781351E+00
    0.109395128E+00
    0.107996811E+00
    0.106587352E+00
    0.105167700E+00
    0.103738796E+00
    0.102301577E+00
    0.100856969E+00
    0.994058946E-01
    0.979492614E-01
    0.964879721E-01
    0.950229140E-01
    0.935549657E-01
    0.920849916E-01
    0.906138438E-01
    0.891423602E-01
    0.876713631E-01
    0.862016605E-01
    0.847340449E-01
    0.832692900E-01
    0.818081562E-01
    0.803513829E-01
    0.788996931E-01
    0.774537921E-01
    0.760143640E-01
    0.745820762E-01
    0.731575751E-01
    0.717414874E-01
    0.703344202E-01
    0.689369598E-01
    0.675496725E-01
    0.661731027E-01
    0.648077750E-01
    0.634541929E-01
    0.621128386E-01
    0.607841726E-01
    0.594686362E-01
    0.581666469E-01
    0.568786039E-01
    0.556048832E-01
    0.543458407E-01
    0.531018121E-01
    0.518731119E-01
    0.506600340E-01
    0.494628521E-01
    0.482818202E-01
    0.471171727E-01
    0.459691233E-01
    0.448378681E-01
    0.437235827E-01
    0.426264245E-01
    0.415465339E-01
    0.404840310E-01
    0.394390200E-01
    0.384115878E-01
    0.374018034E-01
    0.364097204E-01
    0.354353759E-01
    0.344787918E-01
    0.335399741E-01
    0.326189146E-01
    0.317155911E-01
    0.308299670E-01
    0.299619924E-01
    0.291116049E-01
    0.282787292E-01
    0.274632782E-01
    0.266651534E-01
    0.258842451E-01
    0.251204331E-01
    0.243735873E-01
    0.236435675E-01
    0.229302248E-01
    0.222334015E-01
    0.215529314E-01
    0.208886408E-01
    0.202403487E-01
    0.196078669E-01
    0.189910010E-01
    0.183895508E-01
    0.178033101E-01
    0.172320678E-01
    0.166756079E-01
    0.161337102E-01
    0.156061503E-01
    0.150927007E-01
    0.145931303E-01
    0.141072053E-01
    0.136346893E-01
    0.131753444E-01
    0.127289299E-01
    0.122952048E-01
    0.118739261E-01
    0.114648503E-01
    0.110677334E-01
    0.106823313E-01
    0.103083998E-01
    0.994569468E-02
    0.959397298E-02
    0.925299194E-02
    0.892251018E-02
    0.860228757E-02
    0.829208501E-02
    0.799166572E-02
    0.770079435E-02
    0.741923781E-02
    0.714676508E-02
    0.688314747E-02
    0.662815906E-02
    0.638157633E-02
    0.614317848E-02
    0.591274810E-02
    0.569007019E-02
    0.547493340E-02
    0.526712912E-02
    0.506645243E-02
    0.487270146E-02
    0.468567810E-02
    0.450518745E-02
    0.433103854E-02
    0.416304348E-02
    0.400101846E-02
    0.384478323E-02
    0.369416112E-02
    0.354897931E-02
    0.340906849E-02
    0.327426343E-02
    0.314440237E-02
    0.301932742E-02
    0.289888429E-02
    0.278292244E-02
    0.267129508E-02
    0.256385905E-02
    0.246047482E-02
    0.236100650E-02
    0.226532161E-02
    0.217329155E-02
    0.208479092E-02
    0.199969776E-02
    0.191789381E-02
    0.183926384E-02
    0.176369610E-02
    0.169108206E-02
    0.162131641E-02
    0.155429699E-02
    0.148992465E-02
    0.142810338E-02
    0.136874009E-02
    0.131174450E-02
    0.125702939E-02
    0.120451018E-02
    0.115410501E-02
    0.110573479E-02
    0.105932292E-02
    0.101479540E-02
    0.972080666E-03
    0.931109647E-03
    0.891815448E-03
    0.854133704E-03
    0.818002073E-03
    0.783360463E-03
    0.750150936E-03
    0.718317536E-03
    0.687806262E-03
    0.658565156E-03
    0.630544033E-03
    0.603694555E-03
    0.577970162E-03
    0.553326014E-03
    0.529718856E-03
    0.507107119E-03
    0.485450718E-03
    0.464711114E-03
    0.444851163E-03
    0.425835189E-03
    0.407628831E-03
    0.390199029E-03
    0.373514074E-03
    0.357543317E-03
    0.342257443E-03
    0.327628179E-03
    0.313628404E-03
    0.300231999E-03
    0.287413930E-03
    0.275150105E-03
    0.263417355E-03
    0.252193503E-03
    0.241457155E-03
    0.231187803E-03
    0.221365792E-03
    0.211972203E-03
    0.202988880E-03
    0.194398393E-03
    0.186183987E-03
    0.178329632E-03
    0.170819870E-03
    0.163639949E-03
    0.156775635E-03
    0.150213293E-03
    0.143939857E-03
    0.137942766E-03
    0.132209981E-03
    0.126729949E-03
    0.121491576E-03
    0.116484232E-03
    0.111697713E-03
    0.107122235E-03
    0.102748431E-03
    0.985672798E-04
    0.945701744E-04
    0.907488271E-04
    0.870953310E-04
    0.836020541E-04
    0.802617469E-04
    0.770674203E-04
    0.740123736E-04
    0.710902287E-04
    0.682948347E-04
    0.656203340E-04
    0.630611155E-04
    0.606117832E-04
    0.582671938E-04
    0.560224442E-04
    0.538728142E-04
    0.518138175E-04
    0.498411635E-04
    0.479507319E-04
    0.461386204E-04
    0.444010815E-04
    0.427345459E-04
    0.411356208E-04
    0.396010498E-04
    0.381277561E-04
    0.367127810E-04
    0.353533489E-04
    0.340467811E-04
    0.327905376E-04
    0.315822221E-04
    0.304195397E-04
    0.293003236E-04
    0.282225113E-04
    0.271841639E-04
    0.261834081E-04
    0.252185036E-04
    0.242877982E-04
    0.233897108E-04
    0.225227678E-04
    0.216855741E-04
    0.208767983E-04
    0.200952053E-04
    0.193396119E-04
    0.186089136E-04
    0.179020744E-04
    0.172181162E-04
    0.165561232E-04
    0.159152187E-04
    0.152946048E-04
    0.146935144E-04
    0.141112391E-04
    0.135471110E-04
    0.130005079E-04
    0.124708391E-04
    0.119575646E-04
    0.114601668E-04
    0.109781773E-04
    0.105111389E-04
    0.100586403E-04
    0.962028478E-05
    0.919571570E-05
    0.878458249E-05
    0.838656040E-05
    0.800136184E-05
    0.762869028E-05
    0.726828257E-05
    0.691988755E-05
    0.658325908E-05
    0.625817707E-05
    0.594442108E-05
    0.564177831E-05
    0.535005058E-05
    0.506904802E-05
    0.479857423E-05
    0.453845352E-05
    0.428849552E-05
    0.404852568E-05
    0.381836801E-05
    0.359784147E-05
    0.338677464E-05
    0.318498785E-05
    0.299230166E-05
    0.280853583E-05
    0.263350832E-05
    0.246703651E-05
    0.230892564E-05
    0.215898710E-05
    0.201702478E-05
    0.188283886E-05
    0.175622588E-05
    0.163698125E-05
    0.152489279E-05
    0.141974216E-05
    0.132131612E-05
    0.122939158E-05
    0.114374240E-05
    0.106414362E-05
    0.990364021E-06
    0.922169866E-06
    0.859331421E-06
    0.801609421E-06
    0.748770932E-06
    0.700578167E-06
    0.656797782E-06
    0.617190438E-06
    0.581524868E-06
    0.549567201E-06
    0.521089172E-06
    0.495861737E-06
    0.473663471E-06
    0.454271635E-06
    0.437473181E-06
    0.423055683E-06
    0.410814542E-06
    0.400550894E-06
    0.392070775E-06
    0.385185889E-06
    0.379719257E-06
    0.375497652E-06
    0.372353428E-06
    0.370133053E-06
    0.368685717E-06
    0.367870225E-06
    0.367557236E-06
    0.367617628E-06
    0.367940588E-06
    0.368417368E-06
    0.368950132E-06
    0.369448088E-06
    0.369831790E-06
    0.370026021E-06
    0.369967726E-06
    0.369600411E-06
    0.368873077E-06
    0.367746786E-06
    0.366185990E-06
    0.364164739E-06
    0.361662479E-06
    0.358665641E-06
    0.355165834E-06
    0.351161637E-06
    0.346656398E-06
    0.341659390E-06
    0.336182857E-06
    0.330244821E-06
    0.323866848E-06
    0.317072468E-06
    0.309891663E-06
    0.302354422E-06
    0.294492189E-06
    0.286341818E-06
    0.277940118E-06
    0.269324560E-06
    0.260534496E-06
    0.251610910E-06
    0.242591941E-06
    0.233519609E-06
    0.224433596E-06
    0.215374144E-06
    0.206379315E-06
    0.197488486E-06
    0.188737980E-06
    0.180163289E-06
    0.171799002E-06
    0.163677963E-06
    0.155831079E-06
    0.148287103E-06
    0.141073102E-06
    0.134212905E-06
    0.127731891E-06
    0.121647872E-06
    0.115979950E-06
    0.110745403E-06
    0.105956195E-06
    0.101623415E-06
    0.977583170E-07
    0.943657903E-07
    0.914509027E-07
    0.890162943E-07
    0.870610385E-07
    0.855861794E-07
    0.845843674E-07
    0.840517101E-07
    0.839798526E-07
    0.843585941E-07
    0.851782162E-07
    0.864248672E-07
    0.880842607E-07
    0.901408163E-07
    0.925775964E-07
    0.953760845E-07
    0.985167463E-07
    0.101979960E-06
    0.105744259E-06
    0.109787989E-06
    0.114088920E-06
    0.118623519E-06
    0.123369106E-06
    0.128301078E-06
    0.133394859E-06
    0.138629671E-06
    0.143977699E-06
    0.149417389E-06
    0.154923559E-06
    0.160474011E-06
    0.166045032E-06
    0.171613325E-06
    0.177157652E-06
    0.182656914E-06
    0.188089167E-06
    0.193434878E-06
    0.198674261E-06
    0.203788317E-06
    0.208760227E-06
    0.213572271E-06
    0.218209313E-06
    0.222657302E-06
    0.226900276E-06
    0.230928947E-06
    0.234728304E-06
    0.238289569E-06
    0.241603025E-06
    0.244659804E-06
    0.247453054E-06
    0.249976552E-06
    0.252224649E-06
    0.254193286E-06
    0.255879399E-06
    0.257282356E-06
    0.258398883E-06
    0.259230755E-06
    0.259778009E-06
    0.260041718E-06
    0.260026919E-06
    0.259733303E-06
    0.259169655E-06
    0.258336515E-06
    0.257243128E-06
    0.255894332E-06
    0.254296591E-06
    0.252458444E-06
    0.250387654E-06
    0.248093021E-06
    0.245583200E-06
    0.242868931E-06
    0.239957005E-06
    0.236861405E-06
    0.233588538E-06
    0.230150583E-06
    0.226558302E-06
    0.222822089E-06
    0.218952256E-06
    0.214960668E-06
    0.210857069E-06
    0.206652274E-06
    0.202357281E-06
    0.197982791E-06
    0.193537805E-06
    0.189034824E-06
    0.184482307E-06
    0.179889708E-06
    0.175268363E-06
    0.170624777E-06
    0.165971073E-06
    0.161312774E-06
    0.156660035E-06
    0.152020968E-06
    0.147401617E-06
    0.142810736E-06
    0.138254753E-06
    0.133740157E-06
    0.129272719E-06
    0.124858935E-06
    0.120502803E-06
    0.116210744E-06
    0.111986473E-06
    0.107833886E-06
    0.103758374E-06
    0.997618667E-07
    0.958479896E-07
    0.920197681E-07
    0.882796653E-07
    0.846286753E-07
    0.810702030E-07
    0.776047975E-07
    0.742336667E-07
    0.709581007E-07
    0.677786065E-07
    0.646944724E-07
    0.617076137E-07
    0.588159519E-07
    0.560212000E-07
    0.533209547E-07
    0.507153353E-07
    0.482038501E-07
    0.457841586E-07
    0.434560052E-07
    0.412175764E-07
    0.390675346E-07
    0.370039330E-07
    0.350254858E-07
    0.331300060E-07
    0.313156814E-07
    0.295806745E-07
    0.279225967E-07
    0.263398726E-07
    0.248299604E-07
    0.233906351E-07
    0.220201248E-07
    0.207161006E-07
    0.194758606E-07
    0.182979228E-07
    0.171797125E-07
    0.161189392E-07
    0.151136942E-07
    0.141617619E-07
    0.132606663E-07
    0.124089432E-07
    0.116039609E-07
    0.108442793E-07
    0.101274785E-07
    0.945159830E-08
    0.881531261E-08
    0.821614353E-08
    0.765269734E-08
    0.712318422E-08
    0.662591584E-08
    0.615920432E-08
    0.572160459E-08
    0.531158625E-08
    0.492754123E-08
    0.456834326E-08
    0.423240778E-08
    0.391860073E-08
    0.362561157E-08
    0.335222393E-08
    0.309742177E-08
    0.286009424E-08
    0.263900563E-08
    0.243345210E-08
    0.224238406E-08
    0.206485395E-08
    0.190007940E-08
    0.174728828E-08
    0.160558867E-08
    0.147443197E-08
    0.135299219E-08
    0.124075519E-08
    0.113698262E-08
    0.104109835E-08
    0.952730455E-09
    0.871159569E-09
    0.796012931E-09
    0.726841873E-09
    0.663201311E-09
    0.604678944E-09
    0.550921215E-09
    0.501594719E-09
    0.456291734E-09
    0.414815883E-09
    0.376815456E-09
    0.342023827E-09
    0.310234172E-09
    0.281164745E-09
    0.254636393E-09
    0.230447008E-09
    0.208349160E-09
    0.188250616E-09
    0.169958381E-09
    0.153311883E-09
    0.138186165E-09
    0.124467209E-09
    0.112002657E-09
    0.100716299E-09
    0.904903492E-10
    0.812388609E-10
    0.728728329E-10
    0.652977697E-10
    0.584902309E-10
    0.523304024E-10
    0.467803945E-10
    0.417921453E-10
    0.372979392E-10
    0.332582245E-10
    0.296304813E-10
    0.263821179E-10
    0.234599964E-10
    0.208521844E-10
    0.185185616E-10
    0.164242082E-10
    0.145619867E-10
    0.128951142E-10
    0.114099049E-10
    0.100903627E-10
    0.890824303E-11
    0.786355599E-11
    0.693599973E-11
    0.611110655E-11
    0.537889419E-11
    0.473322792E-11
    0.415907041E-11
    0.365297781E-11
    0.320589233E-11
    0.281127043E-11
    0.246300207E-11
    0.215492229E-11
    0.188726230E-11
    0.164933128E-11
    0.143995684E-11
    0.125828077E-11
    0.109706017E-11
    0.956369101E-12
    0.833034097E-12
    0.726666573E-12
    0.631864702E-12
    0.550520516E-12
    0.479545071E-12
    0.416197210E-12
    0.362422951E-12
    0.315026875E-12
    0.273186978E-12
    0.238068910E-12
    0.206102270E-12
    0.179576888E-12
    0.156288643E-12
    0.135900881E-12
    0.118071018E-12
    0.102899153E-12
    0.895482294E-13
    0.779359858E-13
    0.680780641E-13
    0.593482787E-13
    0.518506208E-13
    0.452732559E-13
    0.397351262E-13
    0.347533004E-13
    0.303036638E-13
    0.267826357E-13
    0.234211587E-13
    0.206378425E-13
    0.182562260E-13
    0.162524591E-13
    0.142609847E-13
    0.126217204E-13
    0.112555950E-13
    0.979417893E-14
    0.874349459E-14
    0.780299650E-14
    0.681257171E-14
    0.624607248E-14
    0.542467462E-14
    0.492307923E-14
    0.436983399E-14
    0.390995832E-14
    0.347786696E-14
    0.312639101E-14
    0.280675840E-14
    0.250868930E-14
    0.226230040E-14
    0.203260079E-14
    0.178615283E-14
    0.162258497E-14
    0.142395554E-14
    0.128358270E-14
    0.112779127E-14
    0.104523645E-14
    0.916403207E-15
    0.833168294E-15
    0.755844755E-15
    0.689562174E-15
    0.571224751E-15
    0.519389063E-15
    0.478967149E-15
    0.405640940E-15
    0.366355925E-15
    0.347354920E-15
    0.283250325E-15
    0.292052435E-15
    0.237564097E-15
    0.229172349E-15
    0.201847193E-15
    0.182822381E-15
    0.164623813E-15
    0.147146480E-15
    0.142094992E-15
    0.110956597E-15
    0.103052568E-15
    0.936922328E-16
    0.780017027E-16
    0.721519106E-16
    0.712351497E-16
    0.641968473E-16
    0.596246280E-16
    0.656536780E-16
    0.517735663E-16
    0.517561886E-16
    0.475658568E-16
    0.473690196E-16
    0.365053510E-16
    0.354202571E-16
    0.462340669E-16
    0.396025740E-16
    0.307963324E-16
    0.357254789E-16
    0.269638674E-16
    0.370901753E-16
    0.265144960E-16
    0.370085635E-16
    0.282382483E-16
    0.341753138E-16
    0.282278047E-16
    0.304744971E-16
    0.285070410E-16
    0.210523751E-16
    0.214015116E-16
    0.383951332E-16
    0.269324699E-16
    0.281910986E-16
    0.262582145E-16
    0.229370876E-16
    0.285045748E-16
    0.372282745E-16
    0.223810482E-16
    0.269902499E-16
    0.249547299E-16
    0.297671093E-16
    0.233267921E-16
    0.246819947E-16
    0.263800572E-16
    0.265461632E-16
    0.224130726E-16
    0.245874336E-16
    0.236273666E-16
    0.276182460E-16
    0.232616934E-16
    0.299880234E-16
    0.267339925E-16
    0.271799205E-16
    0.235950412E-16
    0.295750764E-16
    0.292882457E-16
    0.249037765E-16
    0.204344751E-16
    0.283444660E-16
    0.256761438E-16
    0.321174243E-16
    0.247872049E-16
    0.202338959E-16
    0.233002718E-16
    0.311584199E-16
    0.270714211E-16
    0.208447207E-16
    0.228822990E-16
    0.301059803E-16
    0.257580818E-16
    0.279698297E-16
    0.237122401E-16
    0.228715347E-16
    0.269885736E-16
    0.291067290E-16
    0.206273482E-16
    0.233468789E-16
    0.233780978E-16
    0.290586138E-16
    0.283505029E-16
    0.320423147E-16
    0.233514172E-16
    0.259131119E-16
    0.219238442E-16
    0.254512935E-16
    0.273973969E-16
    0.232576779E-16
    0.231528244E-16
    0.301568265E-16
    0.243303519E-16
    0.222494174E-16
    0.258914033E-16
    0.302514718E-16
    0.255833981E-16
    0.263431071E-16
    0.199587416E-16
    0.288653403E-16
    0.282821209E-16
    0.274919011E-16
    0.242526224E-16
    0.233606261E-16
    0.305942093E-16
    0.314321514E-16
    0.217231604E-16
    0.235931831E-16
    0.193856336E-16
    0.282232620E-16
    0.265205880E-16
    0.374478094E-16
    0.206824808E-16
    0.224104301E-16
    0.223207713E-16
    0.259770841E-16
    0.226607559E-16
    0.236434690E-16
    0.224762232E-16
    0.324942614E-16
    0.249452945E-16
    0.284437530E-16
    0.222559059E-16
    0.254004467E-16
    0.211061938E-16
    0.353826370E-16
    0.217150934E-16
    0.239540721E-16
    0.257132683E-16
    0.260367445E-16
    0.233312255E-16
    0.259490193E-16
    0.329569650E-16
    0.246042012E-16
    0.246079442E-16
    0.236928298E-16
    0.230104641E-16
    0.266761124E-16
    0.230532496E-16
    0.322816643E-16
    0.242030459E-16
    0.269917888E-16
    0.188164494E-16
    0.269798973E-16
    0.241322196E-16
    0.246358001E-16
    0.206369212E-16
    0.287951422E-16
    0.241371905E-16
    0.351496051E-16
    0.254506012E-16
    0.232860123E-16
    0.242621949E-16
    0.342829133E-16
    0.229882627E-16
    0.241272163E-16
    0.225893911E-16
    0.271262536E-16
    0.266620569E-16
    0.300940750E-16
    0.292398179E-16
    0.259432341E-16
    0.262188241E-16
    0.260154431E-16
    0.257458619E-16
    0.220592495E-16
    0.281243066E-16
    0.288728454E-16
    0.254578198E-16
    0.305237889E-16
    0.230808924E-16
    0.257112657E-16
    0.260937682E-16
    0.306062866E-16
    0.217938409E-16
    0.276038580E-16
    0.250146775E-16
    0.301687320E-16
    0.293088455E-16
    0.256654545E-16
    0.250149931E-16
    0.306495028E-16
    0.257325242E-16
    0.265630457E-16
    0.188857697E-16
    0.300511501E-16
    0.266793042E-16
    0.293108272E-16
    0.254052185E-16
    0.197914460E-16
    0.324134232E-16
    0.288142633E-16
    0.237330193E-16
    0.200122381E-16
    0.220099657E-16
    0.249359079E-16
    0.238690018E-16
    0.322096399E-16
    0.222765169E-16
    0.227681865E-16
    0.252427275E-16
    0.301389247E-16
    0.252753605E-16
    0.229471546E-16
    0.270554409E-16
    0.309888577E-16
    0.262676530E-16
    0.262668670E-16
    0.281025335E-16
    0.310912259E-16
    0.235225165E-16
    0.316949943E-16
    0.217465048E-16
    0.322533545E-16
    0.218096814E-16
    0.311855983E-16
    0.286250411E-16
    0.236558060E-16
    0.307529734E-16
    0.280414149E-16
    0.299408627E-16
    0.223237017E-16
    0.243008645E-16
    0.259783419E-16
    0.249374912E-16
    0.309299156E-16
    0.287188720E-16
    0.275644539E-16
    0.243594960E-16
    0.265301127E-16
    0.245472825E-16
    0.252644023E-16
    0.258435144E-16
    0.300554259E-16
    0.283485595E-16
    0.310519373E-16
    0.234438001E-16
    0.244750778E-16
    0.205224242E-16
    0.294491631E-16
    0.250177680E-16
    0.300062360E-16
    0.214902109E-16
    0.334743059E-16
    0.266374698E-16
    0.307019010E-16
    0.276224159E-16
    0.239673254E-16
    0.315512407E-16
    0.231744400E-16
    0.277475116E-16
    0.279933675E-16
    0.240067821E-16
    0.244020923E-16
    0.311508826E-16
    0.243863663E-16
    0.243231601E-16
    0.237337206E-16
    0.290254197E-16
    0.259264324E-16
    0.245958694E-16
    0.229478795E-16
    0.283120496E-16
    0.328763913E-16
    0.198876151E-16
    0.249224570E-16
    0.242052304E-16
    0.283279147E-16
    0.233118752E-16
    0.301746148E-16
    0.245220593E-16
    0.294370128E-16
    0.239365982E-16
    0.360348361E-16
    0.311359519E-16
    0.298258657E-16
    0.290751428E-16
    0.265289137E-16
    0.251762254E-16
    0.272507196E-16
    0.242468907E-16
    0.235924712E-16
    0.347469320E-16
    0.240479655E-16
    0.254032279E-16
    0.266936254E-16
    0.302631720E-16
    0.260403430E-16
    0.265175787E-16
    0.233237058E-16
    0.293168734E-16
    0.304977708E-16
    0.212593799E-16
    0.298747312E-16
    0.223912690E-16
    0.324592247E-16
    0.215619186E-16
    0.271921481E-16
    0.280549707E-16
    0.251261639E-16
    0.256341999E-16
    0.370657530E-16
    0.335818925E-16
    0.301298168E-16
    0.248769851E-16
    0.299010545E-16
    0.232284082E-16
    0.195420776E-16
    0.222316110E-16
    0.242271448E-16
    0.407203879E-16
    0.292064581E-16
    0.222960475E-16
    0.252865029E-16
    0.284548940E-16
    0.226742032E-16
    0.246462122E-16
    0.227748112E-16
    0.279375398E-16
    0.239843579E-16
    0.235935158E-16
    0.336554602E-16
    0.217618720E-16
    0.264465814E-16
    0.270444663E-16
    0.277784825E-16
    0.293140012E-16
    0.241162093E-16
    0.311419238E-16
    0.313142558E-16
    0.352723268E-16
    0.288331347E-16
    0.207284749E-16
    0.390319306E-16
    0.290521158E-16
    0.240093393E-16
    0.242354623E-16
    0.234091170E-16
    0.377931428E-16
    0.354509269E-16
    0.231776173E-16
    0.283044734E-16
    0.252213449E-16
    0.202233681E-16
    0.249878957E-16
    0.248261069E-16
    0.242116893E-16
    0.249358366E-16
    0.268392860E-16
    0.277166151E-16
    0.252845449E-16
    0.262237342E-16
    0.266331193E-16
    0.282941621E-16
    0.283667182E-16
    0.260229614E-16
    0.266325492E-16
    0.256528208E-16
    0.400913906E-16
    0.277054290E-16
    0.265461497E-16
    0.368072645E-16
    0.289136992E-16
    0.279722125E-16
    0.261451558E-16
    0.237188032E-16
    0.240524049E-16
    0.336829522E-16
    0.236072811E-16
    0.350689684E-16
    0.226025446E-16
    0.261117820E-16
    0.316172797E-16
    0.273113774E-16
    0.189527765E-16
    0.196463230E-16
    0.307541931E-16
    0.248608019E-16
    0.327587667E-16
    0.261436269E-16
    0.273846789E-16
    0.265929141E-16
    0.232098919E-16
    0.288747992E-16
    0.234716724E-16
    0.325175389E-16
    0.349554876E-16
    0.382149837E-16
    0.306029942E-16
    0.290554346E-16
    0.267836275E-16
    0.300443209E-16
    0.253831921E-16
    0.255217664E-16
    0.214363565E-16
    0.382601679E-16
    0.282678435E-16
    0.341549008E-16
    0.266044135E-16
    0.235328983E-16
    0.329849976E-16
    0.277811440E-16
    0.301118784E-16
    0.218166176E-16
    0.290158868E-16
    0.225616641E-16
    0.302239431E-16
    0.252616788E-16
    0.266700237E-16
    0.293293594E-16
    0.274005893E-16
    0.251791817E-16
    0.280802734E-16
    0.307437185E-16
    0.291833139E-16
    0.412016694E-16
    0.262206439E-16
    0.264929487E-16
    0.290127390E-16
    0.243898739E-16
    0.281935215E-16
    0.237536285E-16
    0.311373310E-16
    0.316415734E-16
    0.329348850E-16
    0.263949430E-16
    0.358884212E-16
    0.295194102E-16
    0.238909966E-16
    0.244600051E-16
    0.299496192E-16
    0.249863535E-16
    0.257336359E-16
    0.311631046E-16
    0.252984246E-16
    0.341662957E-16
    0.261784691E-16
    0.267951603E-16
    0.316102411E-16
    0.222848756E-16
    0.263670338E-16
    0.311899986E-16
    0.356945465E-16
    0.310740907E-16
    0.291392518E-16
    0.302867512E-16
    0.333158437E-16
    0.335582177E-16
    0.260442680E-16
    0.233782966E-16
    0.293057998E-16
    0.212113011E-16
    0.412227977E-16
    0.315085046E-16
    0.277150386E-16
    0.327012608E-16
    0.267621491E-16
    0.316589356E-16
    0.243803276E-16
    0.251475590E-16
    0.299986019E-16
    0.310713785E-16
    0.391097384E-16
    0.299793969E-16
    0.252331328E-16
    0.362845742E-16
    0.227431187E-16
    0.233670515E-16
    0.301788481E-16
    0.223364722E-16
    0.349411412E-16
    0.331631143E-16
    0.412768193E-16
    0.316257552E-16
    0.302231693E-16
    0.335951905E-16
    0.276059463E-16
    0.328423232E-16
    0.262449198E-16
    0.432206824E-16
    0.302286853E-16
    0.349965461E-16
    0.330644589E-16
    0.298692942E-16
    0.187968904E-16
    0.243153653E-16
    0.240057020E-16
    0.273545011E-16
    0.308605693E-16
    0.334031075E-16
    0.393707349E-16
    0.359762151E-16
    0.404224569E-16
    0.277006264E-16
    0.409333044E-16
    0.405491172E-16
    0.352896747E-16
    0.414416273E-16
    0.370654900E-16
    0.425293423E-16
    0.344653397E-16
    0.381319847E-16
    0.262051142E-16
    0.385099313E-16
    0.346506955E-16
    0.352938067E-16
    0.399585736E-16
    0.324028205E-16
    0.358787967E-16
    0.272569155E-16
    0.312766479E-16
    0.260935084E-16
    0.225393931E-16
    0.283926261E-16
    0.231652645E-16
    0.213114615E-16
    0.252872044E-16
    0.279791140E-16
    0.271390485E-16
    0.324519489E-16
    0.291107640E-16
    0.329206652E-16
    0.269431752E-16
    0.250817485E-16
    0.220628981E-16
    0.272359593E-16
    0.311880162E-16
    0.267654155E-16
    0.303209039E-16
    0.287746097E-16
    0.311767336E-16
    0.310843666E-16
    0.295216662E-16
    0.279566262E-16
    0.280681260E-16
    0.411289212E-16
    0.232916265E-16
    0.302650608E-16
    0.244513120E-16
    0.301492452E-16
    0.286771773E-16
    0.212407607E-16
    0.246517106E-16
    0.249076083E-16
    0.291429521E-16
    0.376099152E-16
    0.277916786E-16
    0.266933575E-16
    0.269347277E-16
    0.238728742E-16
    0.255665985E-16
    0.331244719E-16
    0.247789441E-16
    0.340650598E-16
    0.370791177E-16
    0.342822337E-16
    0.427045060E-16
    0.377230515E-16
    0.391151394E-16
    0.391378817E-16
    0.421663925E-16
    0.349790726E-16
    0.347874315E-16
    0.302046556E-16
    0.272352715E-16
    0.364539248E-16
    0.289726079E-16
    0.198419668E-16
    0.220838807E-16
    0.279468186E-16
    0.186777760E-16
    0.208021986E-16
    0.279695235E-16
    0.285342678E-16
    0.314751034E-16
    0.251481980E-16
    0.257384471E-16
    0.251131409E-16
    0.201821146E-16
    0.272208805E-16
    0.238246091E-16
    0.266972103E-16
    0.278333006E-16
    0.314950023E-16
    0.255221180E-16
    0.287418792E-16
    0.313276998E-16
    0.391341236E-16
    0.248552263E-16
    0.322462607E-16
    0.234258847E-16
    0.262330300E-16
    0.262317979E-16
    0.258227893E-16
    0.258902713E-16
    0.265707278E-16
    0.288537795E-16
    0.294167029E-16
    0.275653135E-16
