 #tdnd tdcion
    0.274788509E-16
    0.278089736E-16
    0.253445533E-16
    0.289664297E-16
    0.247639033E-16
    0.235936162E-16
    0.256501669E-16
    0.304200301E-16
    0.289395751E-16
    0.382526976E-16
    0.281408049E-16
    0.221723963E-16
    0.245902991E-16
    0.321624372E-16
    0.331140987E-16
    0.279711370E-16
    0.278172294E-16
    0.373797138E-16
    0.328136747E-16
    0.391150349E-16
    0.360566921E-16
    0.409219479E-16
    0.338783087E-16
    0.467768644E-16
    0.456955443E-16
    0.266673980E-16
    0.265771502E-16
    0.237487947E-16
    0.189464434E-16
    0.339650283E-16
    0.311233868E-16
    0.354155688E-16
    0.295137272E-16
    0.357845679E-16
    0.263775744E-16
    0.326019744E-16
    0.282397387E-16
    0.273534597E-16
    0.284502153E-16
    0.236586809E-16
    0.283875770E-16
    0.311490072E-16
    0.235435372E-16
    0.209682581E-16
    0.352030244E-16
    0.371137251E-16
    0.248162643E-16
    0.249945340E-16
    0.295666130E-16
    0.227564731E-16
    0.264366899E-16
    0.315498783E-16
    0.307708935E-16
    0.273718832E-16
    0.243111116E-16
    0.201597490E-16
    0.239636126E-16
    0.307961897E-16
    0.319359563E-16
    0.392922330E-16
    0.319911492E-16
    0.254707015E-16
    0.277443295E-16
    0.256578009E-16
    0.307505806E-16
    0.267231907E-16
    0.375123299E-16
    0.318038643E-16
    0.306370055E-16
    0.310505055E-16
    0.252709088E-16
    0.207606102E-16
    0.247438945E-16
    0.300619277E-16
    0.267386257E-16
    0.290186628E-16
    0.270415592E-16
    0.228879405E-16
    0.265643964E-16
    0.291510652E-16
    0.328191125E-16
    0.285448475E-16
    0.201889432E-16
    0.184822156E-16
    0.302126260E-16
    0.218568925E-16
    0.284912845E-16
    0.239111508E-16
    0.305630209E-16
    0.274622792E-16
    0.254794827E-16
    0.224580582E-16
    0.257004606E-16
    0.274959734E-16
    0.317559159E-16
    0.245904122E-16
    0.296582958E-16
    0.266736031E-16
    0.326591112E-16
    0.228975362E-16
    0.253154822E-16
    0.263474315E-16
    0.220841924E-16
    0.267470720E-16
    0.300422612E-16
    0.191871166E-16
    0.284829379E-16
    0.303988981E-16
    0.227225447E-16
    0.327648117E-16
    0.275589219E-16
    0.231457052E-16
    0.279826446E-16
    0.261052780E-16
    0.313887694E-16
    0.256321491E-16
    0.253254683E-16
    0.265464976E-16
    0.269339812E-16
    0.273821975E-16
    0.276448002E-16
    0.212785340E-16
    0.310621605E-16
    0.281788908E-16
    0.301219136E-16
    0.245699836E-16
    0.289607497E-16
    0.222359987E-16
    0.233564592E-16
    0.254513065E-16
    0.217611663E-16
    0.279472999E-16
    0.256513656E-16
    0.269481190E-16
    0.273047292E-16
    0.221438271E-16
    0.294471619E-16
    0.309194606E-16
    0.286338504E-16
    0.250533525E-16
    0.228560050E-16
    0.379672591E-16
    0.385614543E-16
    0.537100030E-16
    0.491504376E-16
    0.736303431E-16
    0.954217328E-16
    0.143142056E-15
    0.202959951E-15
    0.368426746E-15
    0.518976810E-15
    0.715062262E-15
    0.127926678E-14
    0.185150969E-14
    0.282145526E-14
    0.470222513E-14
    0.705588744E-14
    0.105353339E-13
    0.167130492E-13
    0.256487048E-13
    0.391351932E-13
    0.590193605E-13
    0.898488873E-13
    0.136163897E-12
    0.206728387E-12
    0.310087353E-12
    0.463824565E-12
    0.698414574E-12
    0.103976652E-11
    0.154849692E-11
    0.229365738E-11
    0.338698781E-11
    0.499133901E-11
    0.734067485E-11
    0.107494712E-10
    0.157083828E-10
    0.228876029E-10
    0.332213324E-10
    0.480949771E-10
    0.694232681E-10
    0.999337989E-10
    0.143379984E-09
    0.205164805E-09
    0.292674528E-09
    0.416297618E-09
    0.590443847E-09
    0.835144710E-09
    0.117757932E-08
    0.165568263E-08
    0.232122171E-08
    0.324508275E-08
    0.452343756E-08
    0.628722975E-08
    0.871386144E-08
    0.120427078E-07
    0.165962648E-07
    0.228053694E-07
    0.312496712E-07
    0.426984525E-07
    0.581774342E-07
    0.790436718E-07
    0.107091239E-06
    0.144681230E-06
    0.194917390E-06
    0.261857555E-06
    0.350799982E-06
    0.468640567E-06
    0.624311348E-06
    0.829368866E-06
    0.109870773E-05
    0.145145253E-05
    0.191210906E-05
    0.251196626E-05
    0.329082577E-05
    0.429921513E-05
    0.560101545E-05
    0.727678061E-05
    0.942773662E-05
    0.121806926E-04
    0.156939940E-04
    0.201647561E-04
    0.258375295E-04
    0.330147611E-04
    0.420692746E-04
    0.534591547E-04
    0.677454034E-04
    0.856127600E-04
    0.107894312E-03
    0.135600113E-03
    0.169950801E-03
    0.212416430E-03
    0.264761467E-03
    0.329096442E-03
    0.407937151E-03
    0.504271929E-03
    0.621637904E-03
    0.764207268E-03
    0.936883051E-03
    0.114540642E-02
    0.139647608E-02
    0.169787754E-02
    0.205862627E-02
    0.248912284E-02
    0.300131739E-02
    0.360888838E-02
    0.432742933E-02
    0.517464445E-02
    0.617055088E-02
    0.733768591E-02
    0.870131347E-02
    0.102896296E-01
    0.121339589E-01
    0.142689399E-01
    0.167326911E-01
    0.195669536E-01
    0.228171975E-01
    0.265326934E-01
    0.307665319E-01
    0.355755866E-01
    0.410204106E-01
    0.471650580E-01
    0.540768200E-01
    0.618258691E-01
    0.704848041E-01
    0.801280840E-01
    0.908313519E-01
    0.102670645E+00
    0.115721487E+00
    0.130057853E+00
    0.145751048E+00
    0.162868452E+00
    0.181472185E+00
    0.201617700E+00
    0.223352293E+00
    0.246713584E+00
    0.271727988E+00
    0.298409192E+00
    0.326756675E+00
    0.356754314E+00
    0.388369105E+00
    0.421550042E+00
    0.456227185E+00
    0.492310958E+00
    0.529691722E+00
    0.568239652E+00
    0.607804938E+00
    0.648218339E+00
    0.689292132E+00
    0.730821422E+00
    0.772585861E+00
    0.814351733E+00
    0.855874412E+00
    0.896901147E+00
    0.937174165E+00
    0.976434012E+00
    0.101442309E+01
    0.105088931E+01
    0.108558987E+01
    0.111829490E+01
    0.114879106E+01
    0.117688503E+01
    0.120240653E+01
    0.122521121E+01
    0.124518294E+01
    0.126223569E+01
    0.127631485E+01
    0.128739794E+01
    0.129549469E+01
    0.130064653E+01
    0.130292539E+01
    0.130243189E+01
    0.129929305E+01
    0.129365935E+01
    0.128570143E+01
    0.127560640E+01
    0.126357391E+01
    0.124981201E+01
    0.123453296E+01
    0.121794916E+01
    0.120026915E+01
    0.118169395E+01
    0.116241370E+01
    0.114260477E+01
    0.112242741E+01
    0.110202386E+01
    0.108151717E+01
    0.106101049E+01
    0.104058708E+01
    0.102031076E+01
    0.100022696E+01
    0.980364211E+00
    0.960735983E+00
    0.941342865E+00
    0.922174918E+00
    0.903214140E+00
    0.884436984E+00
    0.865816761E+00
    0.847325907E+00
    0.828938003E+00
    0.810629561E+00
    0.792381417E+00
    0.774179809E+00
    0.756017047E+00
    0.737891863E+00
    0.719809378E+00
    0.701780762E+00
    0.683822626E+00
    0.665956183E+00
    0.648206264E+00
    0.630600217E+00
    0.613166772E+00
    0.595934906E+00
    0.578932802E+00
    0.562186899E+00
    0.545721106E+00
    0.529556161E+00
    0.513709225E+00
    0.498193623E+00
    0.483018794E+00
    0.468190419E+00
    0.453710680E+00
    0.439578656E+00
    0.425790804E+00
    0.412341497E+00
    0.399223590E+00
    0.386428977E+00
    0.373949102E+00
    0.361775426E+00
    0.349899816E+00
    0.338314835E+00
    0.327013949E+00
    0.315991623E+00
    0.305243362E+00
    0.294765640E+00
    0.284555782E+00
    0.274611798E+00
    0.264932168E+00
    0.255515644E+00
    0.246361024E+00
    0.237466959E+00
    0.228831772E+00
    0.220453337E+00
    0.212328972E+00
    0.204455392E+00
    0.196828692E+00
    0.189444386E+00
    0.182297459E+00
    0.175382452E+00
    0.168693569E+00
    0.162224786E+00
    0.155969961E+00
    0.149922940E+00
    0.144077653E+00
    0.138428184E+00
    0.132968834E+00
    0.127694154E+00
    0.122598956E+00
    0.117678325E+00
    0.112927587E+00
    0.108342291E+00
    0.103918158E+00
    0.996510574E-01
    0.955369541E-01
    0.915718733E-01
    0.877518707E-01
    0.840730027E-01
    0.805313179E-01
    0.771228445E-01
    0.738435955E-01
    0.706895701E-01
    0.676567766E-01
    0.647412449E-01
    0.619390487E-01
    0.592463222E-01
    0.566592849E-01
    0.541742526E-01
    0.517876518E-01
    0.494960289E-01
    0.472960531E-01
    0.451845172E-01
    0.431583343E-01
    0.412145320E-01
    0.393502442E-01
    0.375627025E-01
    0.358492240E-01
    0.342072051E-01
    0.326341150E-01
    0.311274867E-01
    0.296849137E-01
    0.283040454E-01
    0.269825906E-01
    0.257183140E-01
    0.245090384E-01
    0.233526477E-01
    0.222470881E-01
    0.211903730E-01
    0.201805820E-01
    0.192158646E-01
    0.182944381E-01
    0.174145905E-01
    0.165746770E-01
    0.157731197E-01
    0.150084036E-01
    0.142790757E-01
    0.135837409E-01
    0.129210591E-01
    0.122897426E-01
    0.116885532E-01
    0.111162995E-01
    0.105718363E-01
    0.100540611E-01
    0.956191565E-02
    0.909438256E-02
    0.865048514E-02
    0.822928703E-02
    0.782989391E-02
    0.745144939E-02
    0.709313665E-02
    0.675417706E-02
    0.643383020E-02
    0.613139231E-02
    0.584619477E-02
    0.557760373E-02
    0.532501894E-02
    0.508787254E-02
    0.486562690E-02
    0.465777486E-02
    0.446383789E-02
    0.428336524E-02
    0.411593306E-02
    0.396114422E-02
    0.381862643E-02
    0.368803285E-02
    0.356904119E-02
    0.346135299E-02
    0.336469381E-02
    0.327881202E-02
    0.320347874E-02
    0.313848777E-02
    0.308365431E-02
    0.303881575E-02
    0.300382995E-02
    0.297857508E-02
    0.296294939E-02
    0.295687100E-02
    0.296027647E-02
    0.297312115E-02
    0.299537830E-02
    0.302703854E-02
    0.306810992E-02
    0.311861677E-02
    0.317859967E-02
    0.324811536E-02
    0.332723529E-02
    0.341604581E-02
    0.351464795E-02
    0.362315674E-02
    0.374170013E-02
    0.387041944E-02
    0.400946819E-02
    0.415901168E-02
    0.431922667E-02
    0.449030065E-02
    0.467243133E-02
    0.486582599E-02
    0.507070087E-02
    0.528728070E-02
    0.551579810E-02
    0.575649278E-02
    0.600961124E-02
    0.627540600E-02
    0.655413511E-02
    0.684606117E-02
    0.715145101E-02
    0.747057547E-02
    0.780370809E-02
    0.815112486E-02
    0.851310333E-02
    0.888992249E-02
    0.928186176E-02
    0.968920016E-02
    0.101122167E-01
    0.105511881E-01
    0.110063901E-01
    0.114780951E-01
    0.119665730E-01
    0.124720891E-01
    0.129949052E-01
    0.135352775E-01
    0.140934565E-01
    0.146696868E-01
    0.152642057E-01
    0.158772436E-01
    0.165090221E-01
    0.171597544E-01
    0.178296444E-01
    0.185188858E-01
    0.192276617E-01
    0.199561440E-01
    0.207044929E-01
    0.214728556E-01
    0.222613668E-01
    0.230701467E-01
    0.238993019E-01
    0.247489231E-01
    0.256190866E-01
    0.265098511E-01
    0.274212593E-01
    0.283533367E-01
    0.293060899E-01
    0.302795078E-01
    0.312735599E-01
    0.322881961E-01
    0.333233457E-01
    0.343789178E-01
    0.354548002E-01
    0.365508591E-01
    0.376669389E-01
    0.388028609E-01
    0.399584238E-01
    0.411334033E-01
    0.423275517E-01
    0.435405971E-01
    0.447722440E-01
    0.460221719E-01
    0.472900364E-01
    0.485754687E-01
    0.498780749E-01
    0.511974364E-01
    0.525331099E-01
    0.538846277E-01
    0.552514969E-01
    0.566331997E-01
    0.580291953E-01
    0.594389179E-01
    0.608617771E-01
    0.622971599E-01
    0.637444296E-01
    0.652029265E-01
    0.666719681E-01
    0.681508510E-01
    0.696388483E-01
    0.711352141E-01
    0.726391804E-01
    0.741499616E-01
    0.756667504E-01
    0.771887233E-01
    0.787150377E-01
    0.802448348E-01
    0.817772398E-01
    0.833113629E-01
    0.848462994E-01
    0.863811319E-01
    0.879149293E-01
    0.894467504E-01
    0.909756430E-01
    0.925006456E-01
    0.940207873E-01
    0.955350911E-01
    0.970425728E-01
    0.985422436E-01
    0.100033109E+00
    0.101514175E+00
    0.102984442E+00
    0.104442911E+00
    0.105888584E+00
    0.107320464E+00
    0.108737557E+00
    0.110138872E+00
    0.111523425E+00
    0.112890236E+00
    0.114238334E+00
    0.115566756E+00
    0.116874548E+00
    0.118160768E+00
    0.119424485E+00
    0.120664783E+00
    0.121880756E+00
    0.123071518E+00
    0.124236196E+00
    0.125373937E+00
    0.126483905E+00
    0.127565283E+00
    0.128617275E+00
    0.129639108E+00
    0.130630028E+00
    0.131589308E+00
    0.132516243E+00
    0.133410153E+00
    0.134270385E+00
    0.135096311E+00
    0.135887332E+00
    0.136642877E+00
    0.137362403E+00
    0.138045395E+00
    0.138691372E+00
    0.139299881E+00
    0.139870500E+00
    0.140402839E+00
    0.140896541E+00
    0.141351279E+00
    0.141766761E+00
    0.142142727E+00
    0.142478952E+00
    0.142775241E+00
    0.143031437E+00
    0.143247412E+00
    0.143423077E+00
    0.143558372E+00
    0.143653275E+00
    0.143707795E+00
    0.143721976E+00
    0.143695895E+00
    0.143629662E+00
    0.143523421E+00
    0.143377348E+00
    0.143191652E+00
    0.142966573E+00
    0.142702383E+00
    0.142399387E+00
    0.142057916E+00
    0.141678338E+00
    0.141261043E+00
    0.140806456E+00
    0.140315027E+00
    0.139787235E+00
    0.139223584E+00
    0.138624606E+00
    0.137990857E+00
    0.137322919E+00
    0.136621397E+00
    0.135886918E+00
    0.135120132E+00
    0.134321709E+00
    0.133492340E+00
    0.132632735E+00
    0.131743621E+00
    0.130825745E+00
    0.129879868E+00
    0.128906767E+00
    0.127907231E+00
    0.126882067E+00
    0.125832089E+00
    0.124758125E+00
    0.123661014E+00
    0.122541602E+00
    0.121400743E+00
    0.120239299E+00
    0.119058139E+00
    0.117858134E+00
    0.116640162E+00
    0.115405102E+00
    0.114153837E+00
    0.112887248E+00
    0.111606219E+00
    0.110311631E+00
    0.109004364E+00
    0.107685296E+00
    0.106355300E+00
    0.105015246E+00
    0.103665995E+00
    0.102308406E+00
    0.100943329E+00
    0.995716063E-01
    0.981940718E-01
    0.968115489E-01
    0.954248528E-01
    0.940347857E-01
    0.926421406E-01
    0.912476966E-01
    0.898522214E-01
    0.884564679E-01
    0.870611772E-01
    0.856670746E-01
    0.842748709E-01
    0.828852611E-01
    0.814989257E-01
    0.801165285E-01
    0.787387165E-01
    0.773661202E-01
    0.759993530E-01
    0.746390104E-01
    0.732856713E-01
    0.719398957E-01
    0.706022263E-01
    0.692731866E-01
    0.679532832E-01
    0.666430028E-01
    0.653428144E-01
    0.640531680E-01
    0.627744958E-01
    0.615072099E-01
    0.602517051E-01
    0.590083571E-01
    0.577775229E-01
    0.565595416E-01
    0.553547338E-01
    0.541634020E-01
    0.529858309E-01
    0.518222866E-01
    0.506730182E-01
    0.495382574E-01
    0.484182189E-01
    0.473130995E-01
    0.462230802E-01
    0.451483253E-01
    0.440889833E-01
    0.430451862E-01
    0.420170507E-01
    0.410046789E-01
    0.400081569E-01
    0.390275575E-01
    0.380629384E-01
    0.371143441E-01
    0.361818049E-01
    0.352653389E-01
    0.343649506E-01
    0.334806329E-01
    0.326123666E-01
    0.317601203E-01
    0.309238521E-01
    0.301035095E-01
    0.292990286E-01
    0.285103364E-01
    0.277373500E-01
    0.269799773E-01
    0.262381174E-01
    0.255116610E-01
    0.248004902E-01
    0.241044805E-01
    0.234234991E-01
    0.227574071E-01
    0.221060583E-01
    0.214693008E-01
    0.208469768E-01
    0.202389231E-01
    0.196449712E-01
    0.190649481E-01
    0.184986764E-01
    0.179459741E-01
    0.174066561E-01
    0.168805336E-01
    0.163674146E-01
    0.158671043E-01
    0.153794054E-01
    0.149041185E-01
    0.144410420E-01
    0.139899730E-01
    0.135507063E-01
    0.131230368E-01
    0.127067575E-01
    0.123016609E-01
    0.119075392E-01
    0.115241846E-01
    0.111513888E-01
    0.107889438E-01
    0.104366423E-01
    0.100942771E-01
    0.976164223E-02
    0.943853225E-02
    0.912474304E-02
    0.882007165E-02
    0.852431642E-02
    0.823727728E-02
    0.795875601E-02
    0.768855603E-02
    0.742648244E-02
    0.717234281E-02
    0.692594647E-02
    0.668710513E-02
    0.645563284E-02
    0.623134584E-02
    0.601406312E-02
    0.580360592E-02
    0.559979841E-02
    0.540246701E-02
    0.521144126E-02
    0.502655323E-02
    0.484763779E-02
    0.467453273E-02
    0.450707863E-02
    0.434511906E-02
    0.418850049E-02
    0.403707221E-02
    0.389068653E-02
    0.374919886E-02
    0.361246736E-02
    0.348035310E-02
    0.335272043E-02
    0.322943633E-02
    0.311037095E-02
    0.299539711E-02
    0.288439077E-02
    0.277723080E-02
    0.267379876E-02
    0.257397917E-02
    0.247765940E-02
    0.238472962E-02
    0.229508255E-02
    0.220861399E-02
    0.212522218E-02
    0.204480811E-02
    0.196727539E-02
    0.189253022E-02
    0.182048136E-02
    0.175104005E-02
    0.168412004E-02
    0.161963732E-02
    0.155751055E-02
    0.149766053E-02
    0.144001031E-02
    0.138448534E-02
    0.133101320E-02
    0.127952357E-02
    0.122994828E-02
    0.118222123E-02
    0.113627825E-02
    0.109205728E-02
    0.104949808E-02
    0.100854234E-02
    0.969133465E-03
    0.931216806E-03
    0.894739345E-03
    0.859649804E-03
    0.825898557E-03
    0.793437535E-03
    0.762220336E-03
    0.732201950E-03
    0.703338971E-03
    0.675589372E-03
    0.648912503E-03
    0.623269181E-03
    0.598621396E-03
    0.574932569E-03
    0.552167251E-03
    0.530291259E-03
    0.509271569E-03
    0.489076300E-03
    0.469674682E-03
    0.451036964E-03
    0.433134513E-03
    0.415939662E-03
    0.399425677E-03
    0.383566790E-03
    0.368338204E-03
    0.353715932E-03
    0.339676819E-03
    0.326198648E-03
    0.313259857E-03
    0.300839763E-03
    0.288918390E-03
    0.277476458E-03
    0.266495445E-03
    0.255957439E-03
    0.245845204E-03
    0.236142124E-03
    0.226832223E-03
    0.217900016E-03
    0.209330700E-03
    0.201109933E-03
    0.193223924E-03
    0.185659396E-03
    0.178403550E-03
    0.171444047E-03
    0.164769018E-03
    0.158367040E-03
    0.152227074E-03
    0.146338537E-03
    0.140691209E-03
    0.135275247E-03
    0.130081199E-03
    0.125099937E-03
    0.120322690E-03
    0.115741004E-03
    0.111346764E-03
    0.107132114E-03
    0.103089555E-03
    0.992118315E-04
    0.954919926E-04
    0.919233009E-04
    0.884993403E-04
    0.852139091E-04
    0.820610450E-04
    0.790350280E-04
    0.761303535E-04
    0.733417548E-04
    0.706641433E-04
    0.680926623E-04
    0.656226379E-04
    0.632495778E-04
    0.609692201E-04
    0.587774076E-04
    0.566702133E-04
    0.546438674E-04
    0.526947325E-04
    0.508193627E-04
    0.490144471E-04
    0.472768200E-04
    0.456034582E-04
    0.439914834E-04
    0.424381440E-04
    0.409408106E-04
    0.394969787E-04
    0.381042697E-04
    0.367604248E-04
    0.354632651E-04
    0.342107665E-04
    0.330009570E-04
    0.318319948E-04
    0.307021331E-04
    0.296096932E-04
    0.285531096E-04
    0.275308842E-04
    0.265416069E-04
    0.255839350E-04
    0.246566181E-04
    0.237584491E-04
    0.228883135E-04
    0.220451480E-04
    0.212279464E-04
    0.204357710E-04
    0.196677345E-04
    0.189229932E-04
    0.182007616E-04
    0.175003045E-04
    0.168209197E-04
    0.161619602E-04
    0.155228016E-04
    0.149028661E-04
    0.143016132E-04
    0.137185261E-04
    0.131531241E-04
    0.126049482E-04
    0.120735786E-04
    0.115586023E-04
    0.110596414E-04
    0.105763359E-04
    0.101083462E-04
    0.965533856E-05
    0.921700882E-05
    0.879306595E-05
    0.838322002E-05
    0.798720437E-05
    0.760475643E-05
    0.723562730E-05
    0.687956928E-05
    0.653634805E-05
    0.620572902E-05
    0.588748073E-05
    0.558138973E-05
    0.528722586E-05
    0.500476720E-05
    0.473380899E-05
    0.447411743E-05
    0.422548200E-05
    0.398768391E-05
    0.376049849E-05
    0.354370517E-05
    0.333708124E-05
    0.314039668E-05
    0.295342143E-05
    0.277592416E-05
    0.260766554E-05
    0.244840934E-05
    0.229790775E-05
    0.215591764E-05
    0.202218610E-05
    0.189645817E-05
    0.177848094E-05
    0.166799026E-05
    0.156472604E-05
    0.146842307E-05
    0.137881399E-05
    0.129562744E-05
    0.121859781E-05
    0.114745058E-05
    0.108191643E-05
    0.102172481E-05
    0.966603190E-06
    0.916282460E-06
    0.870497939E-06
    0.828979244E-06
    0.791468173E-06
    0.757704523E-06
    0.727431348E-06
    0.700403199E-06
    0.676370565E-06
    0.655093235E-06
    0.636341543E-06
    0.619884995E-06
    0.605505904E-06
    0.592989626E-06
    0.582134070E-06
    0.572742402E-06
    0.564626917E-06
    0.557609357E-06
    0.551521149E-06
    0.546200602E-06
    0.541498716E-06
    0.537274629E-06
    0.533397076E-06
    0.529744887E-06
    0.526208126E-06
    0.522683710E-06
    0.519080149E-06
    0.515315198E-06
    0.511316743E-06
    0.507019047E-06
    0.502369777E-06
    0.497322035E-06
    0.491836658E-06
    0.485888612E-06
    0.479451416E-06
    0.472511537E-06
    0.465063964E-06
    0.457105311E-06
    0.448642755E-06
    0.439685552E-06
    0.430252109E-06
    0.420360046E-06
    0.410038968E-06
    0.399315883E-06
    0.388224795E-06
    0.376801119E-06
    0.365083031E-06
    0.353111866E-06
    0.340930010E-06
    0.328581589E-06
    0.316110523E-06
    0.303562535E-06
    0.290984320E-06
    0.278420715E-06
    0.265915328E-06
    0.253515532E-06
    0.241262949E-06
    0.229200063E-06
    0.217368385E-06
    0.205806958E-06
    0.194551159E-06
    0.183638913E-06
    0.173100730E-06
    0.162969063E-06
    0.153272286E-06
    0.144033814E-06
    0.135279775E-06
    0.127029870E-06
    0.119299636E-06
    0.112108225E-06
    0.105465044E-06
    0.993826936E-07
    0.938660660E-07
    0.889212306E-07
    0.845500395E-07
    0.807527407E-07
    0.775261224E-07
    0.748659231E-07
    0.727640691E-07
    0.712126880E-07
    0.701997931E-07
    0.697127674E-07
    0.697370838E-07
    0.702556205E-07
    0.712514613E-07
    0.727055210E-07
    0.745955028E-07
    0.769018473E-07
    0.796010658E-07
    0.826689843E-07
    0.860819429E-07
    0.898152884E-07
    0.938426864E-07
    0.981399690E-07
    0.102678664E-06
    0.107434818E-06
    0.112381237E-06
    0.117492177E-06
    0.122739871E-06
    0.128101734E-06
    0.133549515E-06
    0.139058986E-06
    0.144606119E-06
    0.150166972E-06
    0.155718034E-06
    0.161236370E-06
    0.166700516E-06
    0.172089694E-06
    0.177384349E-06
    0.182564958E-06
    0.187612898E-06
    0.192511874E-06
    0.197245400E-06
    0.201797926E-06
    0.206157127E-06
    0.210308332E-06
    0.214240663E-06
    0.217943095E-06
    0.221406940E-06
    0.224622124E-06
    0.227584034E-06
    0.230282791E-06
    0.232716419E-06
    0.234879343E-06
    0.236768234E-06
    0.238381863E-06
    0.239719166E-06
    0.240777657E-06
    0.241561963E-06
    0.242070617E-06
    0.242306841E-06
    0.242275064E-06
    0.241977697E-06
    0.241420498E-06
    0.240608012E-06
    0.239547438E-06
    0.238244340E-06
    0.236706896E-06
    0.234942193E-06
    0.232958297E-06
    0.230763695E-06
    0.228368392E-06
    0.225780213E-06
    0.223010076E-06
    0.220067008E-06
    0.216960482E-06
    0.213700937E-06
    0.210299437E-06
    0.206764789E-06
    0.203108925E-06
    0.199340039E-06
    0.195470218E-06
    0.191509568E-06
    0.187467003E-06
    0.183353332E-06
    0.179178597E-06
    0.174950521E-06
    0.170681231E-06
    0.166377279E-06
    0.162049433E-06
    0.157705310E-06
    0.153353422E-06
    0.149001828E-06
    0.144658196E-06
    0.140329915E-06
    0.136023671E-06
    0.131746384E-06
    0.127504419E-06
    0.123303502E-06
    0.119149038E-06
    0.115047557E-06
    0.111001883E-06
    0.107017957E-06
    0.103099507E-06
    0.992497081E-07
    0.954726403E-07
    0.917717658E-07
    0.881490102E-07
    0.846073784E-07
    0.811485119E-07
    0.777744328E-07
    0.744872993E-07
    0.712869756E-07
    0.681756867E-07
    0.651535191E-07
    0.622208130E-07
    0.593781446E-07
    0.566253567E-07
    0.539622795E-07
    0.513882652E-07
    0.489026361E-07
    0.465050807E-07
    0.441942012E-07
    0.419692378E-07
    0.398286204E-07
    0.377713511E-07
    0.357956439E-07
    0.339002106E-07
    0.320829143E-07
    0.303428596E-07
    0.286771423E-07
    0.270847421E-07
    0.255634709E-07
    0.241111453E-07
    0.227261295E-07
    0.214063729E-07
    0.201495852E-07
    0.189539209E-07
    0.178171166E-07
    0.167373135E-07
    0.157125690E-07
    0.147404947E-07
    0.138194356E-07
    0.129473176E-07
    0.121219704E-07
    0.113418223E-07
    0.106047421E-07
    0.990908345E-08
    0.925261295E-08
    0.863402556E-08
    0.805138984E-08
    0.750312064E-08
    0.698744669E-08
    0.650297112E-08
    0.604792829E-08
    0.562106524E-08
    0.522076523E-08
    0.484569046E-08
    0.449466834E-08
    0.416612079E-08
    0.385908030E-08
    0.357230266E-08
    0.330450268E-08
    0.305481506E-08
    0.282202520E-08
    0.260524212E-08
    0.240341157E-08
    0.221576092E-08
    0.204131442E-08
    0.187942880E-08
    0.172907297E-08
    0.158976795E-08
    0.146060214E-08
    0.134104125E-08
    0.123041478E-08
    0.112816891E-08
    0.103368835E-08
    0.946428207E-09
    0.865975377E-09
    0.791821502E-09
    0.723497355E-09
    0.660615009E-09
    0.602768406E-09
    0.549599664E-09
    0.500774399E-09
    0.455976651E-09
    0.414869577E-09
    0.377250420E-09
    0.342745562E-09
    0.311221398E-09
    0.282380522E-09
    0.256025619E-09
    0.231982968E-09
    0.210040921E-09
    0.190044176E-09
    0.171825524E-09
    0.155246905E-09
    0.140175386E-09
    0.126482960E-09
    0.114035227E-09
    0.102755461E-09
    0.925150494E-10
    0.832465294E-10
    0.748584730E-10
    0.672656956E-10
    0.604032967E-10
    0.541895544E-10
    0.486008317E-10
    0.435480591E-10
    0.390016097E-10
    0.348984589E-10
    0.312137505E-10
    0.278915799E-10
    0.249174440E-10
    0.222397506E-10
    0.198400472E-10
    0.176912143E-10
    0.157591992E-10
    0.140351559E-10
    0.124910720E-10
    0.111069571E-10
    0.987733259E-11
    0.877227130E-11
    0.779216063E-11
    0.691325477E-11
    0.613498380E-11
    0.543903885E-11
    0.482156469E-11
    0.426855868E-11
    0.378141079E-11
    0.334423484E-11
    0.296103549E-11
    0.261772747E-11
    0.231460085E-11
    0.204453430E-11
    0.180516175E-11
    0.159494645E-11
    0.140780873E-11
    0.124307145E-11
    0.109651388E-11
    0.967549673E-12
    0.853540242E-12
    0.753488019E-12
    0.664617685E-12
    0.585972060E-12
    0.517524252E-12
    0.455190518E-12
    0.402200171E-12
    0.353981417E-12
    0.312174864E-12
    0.275518167E-12
    0.242593565E-12
    0.214132152E-12
    0.188706653E-12
    0.166727445E-12
    0.147082741E-12
    0.129643488E-12
    0.114400073E-12
    0.101046996E-12
    0.890134582E-13
    0.788385625E-13
    0.693604602E-13
    0.612319595E-13
    0.540342204E-13
    0.476364269E-13
    0.423377433E-13
    0.372732380E-13
    0.332284700E-13
    0.290414551E-13
    0.258656091E-13
    0.227791403E-13
    0.202602580E-13
    0.178249770E-13
    0.158398483E-13
    0.139872497E-13
    0.122769662E-13
    0.109296639E-13
    0.961291517E-14
    0.849134315E-14
    0.759789081E-14
    0.661588741E-14
    0.594406441E-14
    0.520866167E-14
    0.465767831E-14
    0.406288427E-14
    0.359587470E-14
    0.318564997E-14
    0.281684569E-14
    0.245581041E-14
    0.223456460E-14
    0.187039497E-14
    0.169848789E-14
    0.148091761E-14
    0.132457758E-14
    0.119147144E-14
    0.103502125E-14
    0.953813353E-15
    0.792427976E-15
    0.739977719E-15
    0.636595512E-15
    0.551670114E-15
    0.490243205E-15
    0.427998867E-15
    0.377857879E-15
    0.316211635E-15
    0.306304475E-15
    0.252844695E-15
    0.242855918E-15
    0.208836781E-15
    0.182347346E-15
    0.158027511E-15
    0.152475186E-15
    0.138799128E-15
    0.111567759E-15
    0.105386165E-15
    0.928550304E-16
    0.855606911E-16
    0.878894459E-16
    0.792271371E-16
    0.593439567E-16
    0.648803639E-16
    0.581830510E-16
    0.528817016E-16
    0.494809975E-16
    0.410841511E-16
    0.538332574E-16
    0.490097279E-16
    0.496328847E-16
    0.416720162E-16
    0.346362988E-16
    0.288572275E-16
    0.348363954E-16
    0.283150841E-16
    0.297743294E-16
    0.355593972E-16
    0.311250689E-16
    0.424826785E-16
    0.274690835E-16
    0.343684963E-16
    0.357503534E-16
    0.307384089E-16
    0.317498747E-16
    0.267874834E-16
    0.287919448E-16
    0.271832696E-16
    0.309705117E-16
    0.321764462E-16
    0.340965665E-16
    0.279113799E-16
    0.310277869E-16
    0.367213538E-16
    0.242114441E-16
    0.275426739E-16
    0.340353690E-16
    0.270894394E-16
    0.371228194E-16
    0.299241637E-16
    0.309335116E-16
    0.305489397E-16
    0.266623296E-16
    0.332765656E-16
    0.232629869E-16
    0.273929823E-16
    0.248921342E-16
    0.289639455E-16
    0.311642530E-16
    0.293663754E-16
    0.301183342E-16
    0.291209585E-16
    0.301719777E-16
    0.345176782E-16
    0.267140322E-16
    0.320357131E-16
    0.265934389E-16
    0.337597363E-16
    0.261038445E-16
    0.289446799E-16
    0.304832560E-16
    0.330647521E-16
    0.316350279E-16
    0.279765982E-16
    0.320119115E-16
    0.301693561E-16
    0.279058943E-16
    0.366346346E-16
    0.316707929E-16
    0.369119204E-16
    0.278909901E-16
    0.208202456E-16
    0.231274867E-16
    0.251017021E-16
    0.257334360E-16
    0.240104865E-16
    0.331294588E-16
    0.277086766E-16
    0.292617412E-16
    0.273251822E-16
    0.269382614E-16
    0.224313087E-16
    0.322140409E-16
    0.266207099E-16
    0.327776335E-16
    0.287852550E-16
    0.335047818E-16
    0.232683642E-16
    0.304081775E-16
    0.332904971E-16
    0.284462491E-16
    0.312457608E-16
    0.346045632E-16
    0.327743742E-16
    0.293595476E-16
    0.275467515E-16
    0.386479088E-16
    0.341483506E-16
    0.374574549E-16
    0.282317615E-16
    0.289968741E-16
    0.248449753E-16
    0.240495444E-16
    0.231007263E-16
    0.253685436E-16
    0.328219502E-16
    0.275896126E-16
    0.281291183E-16
    0.281883812E-16
    0.304434464E-16
    0.248042835E-16
    0.381659485E-16
    0.237515742E-16
    0.317199998E-16
    0.249432774E-16
    0.278340226E-16
    0.279448391E-16
    0.328335926E-16
    0.309253911E-16
    0.283552922E-16
    0.360628375E-16
    0.263719043E-16
    0.223222054E-16
    0.280969790E-16
    0.268685209E-16
    0.339680057E-16
    0.343872207E-16
    0.263166708E-16
    0.341336171E-16
    0.293364045E-16
    0.256422793E-16
    0.238046912E-16
    0.245939141E-16
    0.236682780E-16
    0.314603856E-16
    0.298621449E-16
    0.233697064E-16
    0.257454585E-16
    0.293169098E-16
    0.248751000E-16
    0.343496943E-16
    0.327523178E-16
    0.317615424E-16
    0.264861993E-16
    0.223886404E-16
    0.289835838E-16
    0.324944625E-16
    0.298993532E-16
    0.344453930E-16
    0.304318613E-16
    0.236915726E-16
    0.242094751E-16
    0.359030572E-16
    0.273060417E-16
    0.277527928E-16
    0.316754942E-16
    0.272539854E-16
    0.389649756E-16
    0.270806576E-16
    0.248537306E-16
    0.325459688E-16
    0.268877416E-16
    0.247816291E-16
    0.279456498E-16
    0.323458425E-16
    0.215155521E-16
    0.270735798E-16
    0.290397232E-16
    0.240901274E-16
    0.291906679E-16
    0.350420929E-16
    0.300259648E-16
    0.312920617E-16
    0.229827196E-16
    0.270785158E-16
    0.271019030E-16
    0.240763337E-16
    0.317551754E-16
    0.309820494E-16
    0.241027108E-16
    0.262561838E-16
    0.309613128E-16
    0.253801183E-16
    0.296629650E-16
    0.268108262E-16
    0.312829578E-16
    0.344183609E-16
    0.288498815E-16
    0.219549913E-16
    0.314955285E-16
    0.232722575E-16
    0.275147353E-16
    0.243791988E-16
    0.316027257E-16
    0.267878071E-16
    0.285770037E-16
    0.255161554E-16
    0.252765105E-16
    0.330169970E-16
    0.318801348E-16
    0.326812857E-16
    0.295323677E-16
    0.233370830E-16
    0.229249195E-16
    0.312929902E-16
    0.280673848E-16
    0.304611049E-16
    0.311597733E-16
    0.245830250E-16
    0.319904619E-16
    0.286422376E-16
    0.260697443E-16
    0.248141669E-16
    0.278461981E-16
    0.344337068E-16
    0.374675563E-16
    0.280678079E-16
    0.251704431E-16
    0.287076717E-16
    0.233970948E-16
    0.305303962E-16
    0.252977167E-16
    0.283090731E-16
    0.285713321E-16
    0.286059846E-16
    0.211338736E-16
    0.315152343E-16
    0.303921288E-16
    0.329935276E-16
    0.270253607E-16
    0.275980037E-16
    0.242152677E-16
    0.218224048E-16
    0.278188541E-16
    0.286190859E-16
    0.327976076E-16
    0.290367042E-16
    0.289932019E-16
    0.248815750E-16
    0.300853356E-16
    0.307945468E-16
    0.232462721E-16
    0.302816745E-16
    0.294894089E-16
    0.349381269E-16
    0.253678391E-16
    0.251433705E-16
    0.275325008E-16
    0.306470051E-16
    0.288660266E-16
    0.262032912E-16
    0.321855695E-16
    0.236281104E-16
    0.288203214E-16
    0.272655403E-16
    0.259292950E-16
    0.331120884E-16
    0.327105315E-16
    0.247344584E-16
    0.286929929E-16
    0.245709127E-16
    0.256832788E-16
    0.272353563E-16
    0.327898080E-16
    0.302447085E-16
    0.283881344E-16
    0.290680930E-16
    0.258671924E-16
    0.330532965E-16
    0.253552082E-16
    0.270170332E-16
    0.259297390E-16
    0.313125572E-16
    0.352235948E-16
    0.256597930E-16
    0.300000265E-16
    0.327861004E-16
    0.204571986E-16
    0.291154816E-16
    0.301926969E-16
    0.293355818E-16
    0.279819869E-16
    0.295155451E-16
    0.217759349E-16
    0.265048561E-16
    0.333614943E-16
    0.297757145E-16
    0.289623001E-16
    0.268977168E-16
    0.268659184E-16
    0.275030819E-16
    0.232014667E-16
    0.296787515E-16
    0.314665176E-16
    0.311316043E-16
    0.306498458E-16
    0.277173360E-16
    0.257468043E-16
    0.297915659E-16
    0.333288307E-16
    0.244941377E-16
    0.317219415E-16
    0.328730531E-16
    0.286226883E-16
    0.236578310E-16
    0.321186831E-16
    0.242151520E-16
    0.308247812E-16
    0.296821822E-16
    0.275991289E-16
    0.289393837E-16
    0.260648069E-16
    0.275121941E-16
    0.286527329E-16
    0.257044502E-16
    0.329070360E-16
    0.332702767E-16
    0.258635820E-16
    0.234584234E-16
    0.276544530E-16
    0.245652152E-16
    0.305286799E-16
    0.260166543E-16
    0.337922098E-16
    0.319221094E-16
    0.304871514E-16
    0.320697055E-16
    0.270991627E-16
    0.226588675E-16
    0.314864315E-16
    0.316621215E-16
    0.281082900E-16
    0.253314555E-16
    0.296695592E-16
    0.273271385E-16
    0.251118277E-16
    0.294453771E-16
    0.318753792E-16
    0.270182859E-16
    0.260129886E-16
    0.314615187E-16
    0.214696073E-16
    0.271035982E-16
    0.302207241E-16
    0.283814012E-16
    0.265091129E-16
    0.302451757E-16
    0.319562856E-16
    0.280821126E-16
    0.265486034E-16
    0.278920107E-16
    0.310750155E-16
    0.300673221E-16
    0.294173555E-16
    0.321316725E-16
    0.296778650E-16
    0.306679155E-16
    0.298745799E-16
    0.297226229E-16
    0.277877869E-16
    0.262954312E-16
    0.304522967E-16
    0.284026037E-16
    0.335882445E-16
    0.347724685E-16
    0.263159782E-16
    0.224522573E-16
    0.253588165E-16
    0.291757701E-16
    0.246922199E-16
    0.284950531E-16
    0.281708239E-16
    0.259041194E-16
    0.295027002E-16
    0.237376492E-16
    0.264156910E-16
    0.304922028E-16
    0.309045824E-16
    0.282749993E-16
    0.291968894E-16
    0.258445735E-16
    0.310059214E-16
    0.284659760E-16
    0.363406936E-16
    0.273383387E-16
    0.242785625E-16
    0.281157360E-16
    0.354738621E-16
    0.279682005E-16
    0.243184877E-16
    0.304846448E-16
    0.290973564E-16
    0.247260356E-16
    0.312128974E-16
    0.285818925E-16
    0.291614926E-16
    0.306369999E-16
    0.334581994E-16
    0.249904109E-16
    0.211427461E-16
    0.332070126E-16
    0.210561451E-16
    0.321590234E-16
    0.277601345E-16
    0.305933377E-16
    0.286138065E-16
    0.268814316E-16
    0.293349179E-16
    0.209328784E-16
    0.424829930E-16
    0.302313674E-16
    0.265733906E-16
    0.313988031E-16
    0.339088428E-16
    0.230035238E-16
    0.311885312E-16
    0.233317705E-16
    0.282589133E-16
    0.290764533E-16
    0.282946768E-16
    0.451803124E-16
    0.246734733E-16
    0.290093393E-16
    0.321365779E-16
    0.264714185E-16
    0.252888184E-16
    0.288743195E-16
    0.262047538E-16
    0.281806177E-16
    0.304135029E-16
    0.302387845E-16
    0.308409548E-16
    0.323422996E-16
    0.293488394E-16
    0.331899538E-16
    0.259836747E-16
    0.286772047E-16
    0.243951181E-16
    0.277888479E-16
    0.256014983E-16
    0.402990498E-16
    0.302963925E-16
    0.216557757E-16
    0.286560329E-16
    0.246305250E-16
    0.283809760E-16
    0.323088991E-16
    0.343997967E-16
    0.353908241E-16
    0.354804287E-16
    0.309007424E-16
    0.264625844E-16
    0.259295798E-16
    0.242882061E-16
    0.282717733E-16
    0.219575485E-16
    0.316818150E-16
    0.362704710E-16
    0.232333488E-16
    0.317692903E-16
    0.354811243E-16
    0.256658565E-16
    0.315768223E-16
    0.355487567E-16
    0.317821152E-16
    0.264168884E-16
    0.322912677E-16
    0.300086972E-16
    0.335685441E-16
    0.284872729E-16
    0.301945984E-16
    0.362938029E-16
    0.282630284E-16
    0.256727558E-16
    0.293466866E-16
    0.285291212E-16
    0.305347340E-16
    0.446165153E-16
    0.294161510E-16
    0.347495196E-16
    0.409171353E-16
    0.464848808E-16
    0.425275237E-16
    0.364182035E-16
    0.390806799E-16
    0.415308016E-16
    0.299779794E-16
    0.304628573E-16
    0.396611197E-16
    0.284190377E-16
    0.319475725E-16
    0.313897906E-16
    0.379438068E-16
    0.380008773E-16
    0.273209130E-16
    0.402643133E-16
    0.340822150E-16
    0.337815229E-16
    0.244150133E-16
    0.295175255E-16
    0.319622081E-16
    0.214931586E-16
    0.255451696E-16
    0.316265155E-16
    0.281481674E-16
    0.265056632E-16
    0.316173818E-16
    0.273241498E-16
    0.270565473E-16
    0.331094686E-16
    0.241411620E-16
    0.286198565E-16
    0.366508416E-16
    0.298462917E-16
    0.257875578E-16
    0.233332544E-16
    0.271720850E-16
    0.216171186E-16
    0.247822665E-16
    0.273048411E-16
    0.310175106E-16
    0.333315684E-16
    0.238098854E-16
    0.285121546E-16
    0.293826660E-16
    0.276318962E-16
    0.290260689E-16
    0.282906881E-16
    0.280725409E-16
    0.177170953E-16
    0.227011352E-16
    0.252764050E-16
    0.267693735E-16
    0.352316198E-16
    0.340362946E-16
    0.268181975E-16
    0.263021233E-16
    0.226564401E-16
    0.245502941E-16
    0.324068951E-16
    0.308373828E-16
    0.280262306E-16
    0.247602080E-16
    0.309425878E-16
    0.315358973E-16
    0.304669923E-16
    0.425106904E-16
    0.303210783E-16
    0.458580081E-16
    0.477162370E-16
    0.354958812E-16
    0.250444419E-16
    0.481349421E-16
    0.346122478E-16
    0.358118488E-16
    0.272860895E-16
    0.333812195E-16
    0.252265393E-16
    0.250120009E-16
    0.245588224E-16
    0.190970731E-16
    0.369282258E-16
    0.264797569E-16
    0.283727002E-16
    0.173578910E-16
    0.238609800E-16
    0.318511887E-16
    0.241020659E-16
    0.280472584E-16
    0.272853009E-16
    0.285550190E-16
    0.248423462E-16
    0.205253802E-16
    0.261175802E-16
    0.248290876E-16
    0.238006011E-16
    0.246979435E-16
    0.230485085E-16
    0.233798169E-16
    0.286481410E-16
    0.296128712E-16
    0.304797206E-16
    0.218092812E-16
    0.222566471E-16
    0.279865871E-16
    0.214992893E-16
    0.207001364E-16
    0.214880361E-16
    0.257332827E-16
    0.307308199E-16
    0.366872704E-16
    0.326743104E-16
    0.296161433E-16
    0.266476104E-16
    0.312995282E-16
