 #tdnd tdcion
    0.513620948E-16
    0.418791364E-16
    0.517298570E-16
    0.467808714E-16
    0.429950071E-16
    0.428025709E-16
    0.463568022E-16
    0.473333210E-16
    0.348035661E-16
    0.472153224E-16
    0.476604217E-16
    0.353844653E-16
    0.442778925E-16
    0.460122470E-16
    0.425714271E-16
    0.365804575E-16
    0.457677332E-16
    0.493222819E-16
    0.300962111E-16
    0.461536936E-16
    0.506523640E-16
    0.315716232E-16
    0.434834587E-16
    0.478804166E-16
    0.406763190E-16
    0.375726415E-16
    0.442960654E-16
    0.498680108E-16
    0.343030039E-16
    0.414696533E-16
    0.514084690E-16
    0.373227120E-16
    0.409247992E-16
    0.435563478E-16
    0.442664873E-16
    0.421408704E-16
    0.326391148E-16
    0.490956722E-16
    0.432194723E-16
    0.263103433E-16
    0.479780783E-16
    0.431604592E-16
    0.264959550E-16
    0.418039823E-16
    0.415450193E-16
    0.306705979E-16
    0.339951059E-16
    0.388590814E-16
    0.343010523E-16
    0.292279616E-16
    0.357513178E-16
    0.345870993E-16
    0.296976726E-16
    0.328190292E-16
    0.316587902E-16
    0.335762638E-16
    0.309870420E-16
    0.274101258E-16
    0.366019499E-16
    0.312082331E-16
    0.250281635E-16
    0.356404937E-16
    0.331298406E-16
    0.262538992E-16
    0.315060981E-16
    0.348498157E-16
    0.300522031E-16
    0.277355593E-16
    0.344350631E-16
    0.330267788E-16
    0.279970256E-16
    0.321647480E-16
    0.318909586E-16
    0.328950654E-16
    0.303141451E-16
    0.266230835E-16
    0.388454961E-16
    0.309477595E-16
    0.209684412E-16
    0.406969026E-16
    0.330424729E-16
    0.204981288E-16
    0.369953115E-16
    0.321790974E-16
    0.271094590E-16
    0.320261429E-16
    0.262683098E-16
    0.356249031E-16
    0.308096067E-16
    0.192214073E-16
    0.387911807E-16
    0.332865724E-16
    0.175080165E-16
    0.347520657E-16
    0.341107412E-16
    0.237622667E-16
    0.290516550E-16
    0.291700082E-16
    0.328482577E-16
    0.281799020E-16
    0.215620486E-16
    0.370730331E-16
    0.318907423E-16
    0.184123423E-16
    0.344709633E-16
    0.343542808E-16
    0.227748205E-16
    0.300091034E-16
    0.313788455E-16
    0.308771010E-16
    0.288947692E-16
    0.252372059E-16
    0.368457829E-16
    0.307418264E-16
    0.214842446E-16
    0.384730088E-16
    0.318822966E-16
    0.229542790E-16
    0.373915064E-16
    0.305903365E-16
    0.279587330E-16
    0.356526624E-16
    0.280829730E-16
    0.338951734E-16
    0.334962761E-16
    0.261461568E-16
    0.393244094E-16
    0.307499094E-16
    0.255119300E-16
    0.429306734E-16
    0.285866731E-16
    0.265552821E-16
    0.431827592E-16
    0.278766168E-16
    0.296179623E-16
    0.400372354E-16
    0.278543849E-16
    0.346896768E-16
    0.349400512E-16
    0.274013314E-16
    0.402148559E-16
    0.301152765E-16
    0.267552459E-16
    0.433209423E-16
    0.271368292E-16
    0.274620640E-16
    0.423519724E-16
    0.257589387E-16
    0.301953213E-16
    0.381317500E-16
    0.253429978E-16
    0.340607723E-16
    0.324629760E-16
    0.256950221E-16
    0.370048958E-16
    0.272227019E-16
    0.272514608E-16
    0.375115688E-16
    0.236277752E-16
    0.295375200E-16
    0.356838585E-16
    0.225035104E-16
    0.314228710E-16
    0.325459058E-16
    0.237118731E-16
    0.322924634E-16
    0.288807373E-16
    0.264807985E-16
    0.322637289E-16
    0.254483429E-16
    0.290390143E-16
    0.321711702E-16
    0.234120012E-16
    0.298184263E-16
    0.317092387E-16
    0.236261320E-16
    0.291815597E-16
    0.303575297E-16
    0.251967749E-16
    0.283749373E-16
    0.279052978E-16
    0.267189041E-16
    0.285590100E-16
    0.251657085E-16
    0.267014094E-16
    0.291247635E-16
    0.240351016E-16
    0.250644608E-16
    0.287912553E-16
    0.245885536E-16
    0.233333610E-16
    0.270176761E-16
    0.255964989E-16
    0.226551138E-16
    0.246438895E-16
    0.254666593E-16
    0.233159457E-16
    0.229580573E-16
    0.237856812E-16
    0.240452561E-16
    0.228436396E-16
    0.215099265E-16
    0.239119358E-16
    0.236641262E-16
    0.197972297E-16
    0.229869005E-16
    0.243535522E-16
    0.191647410E-16
    0.221735761E-16
    0.241015116E-16
    0.191028092E-16
    0.223752391E-16
    0.229197633E-16
    0.191837431E-16
    0.232578783E-16
    0.212736644E-16
    0.197309248E-16
    0.240968169E-16
    0.194621395E-16
    0.211298241E-16
    0.240339595E-16
    0.180660225E-16
    0.233541676E-16
    0.230101026E-16
    0.173302265E-16
    0.252712021E-16
    0.217919804E-16
    0.178272851E-16
    0.256398183E-16
    0.209009502E-16
    0.196158362E-16
    0.244087421E-16
    0.204107904E-16
    0.220813806E-16
    0.223408731E-16
    0.201392302E-16
    0.243807052E-16
    0.205907478E-16
    0.199928678E-16
    0.253353566E-16
    0.198974448E-16
    0.204627119E-16
    0.244235757E-16
    0.201633856E-16
    0.216792724E-16
    0.220174386E-16
    0.211243768E-16
    0.231067896E-16
    0.191287945E-16
    0.225249567E-16
    0.237577249E-16
    0.172939057E-16
    0.238993410E-16
    0.226779304E-16
    0.176936157E-16
    0.246101658E-16
    0.203730010E-16
    0.202343422E-16
    0.238445252E-16
    0.182724671E-16
    0.236164601E-16
    0.217840921E-16
    0.178282404E-16
    0.257870398E-16
    0.195158225E-16
    0.194196919E-16
    0.254278468E-16
    0.185281257E-16
    0.219499406E-16
    0.227550589E-16
    0.197277438E-16
    0.236598417E-16
    0.194820417E-16
    0.224470044E-16
    0.233462681E-16
    0.179031777E-16
    0.249697980E-16
    0.212694545E-16
    0.190440206E-16
    0.254273324E-16
    0.189862936E-16
    0.222326180E-16
    0.235695739E-16
    0.178843172E-16
    0.253382769E-16
    0.203951364E-16
    0.186207067E-16
    0.268014102E-16
    0.175369198E-16
    0.205487287E-16
    0.258230089E-16
    0.163956467E-16
    0.225817052E-16
    0.230468875E-16
    0.171818042E-16
    0.235185358E-16
    0.200606304E-16
    0.191624239E-16
    0.228989942E-16
    0.181977687E-16
    0.209001572E-16
    0.216381932E-16
    0.179379355E-16
    0.213760541E-16
    0.205350421E-16
    0.187504955E-16
    0.206309522E-16
    0.204538878E-16
    0.196881262E-16
    0.191186428E-16
    0.214337922E-16
    0.199831143E-16
    0.181412403E-16
    0.228072683E-16
    0.192031532E-16
    0.185477936E-16
    0.236555871E-16
    0.179594942E-16
    0.203893551E-16
    0.230803026E-16
    0.171384275E-16
    0.229067770E-16
    0.213792959E-16
    0.173552671E-16
    0.247709800E-16
    0.191888593E-16
    0.188596883E-16
    0.251600409E-16
    0.175309883E-16
    0.209305896E-16
    0.237323920E-16
    0.172436584E-16
    0.226971145E-16
    0.212561289E-16
    0.181783836E-16
    0.231649554E-16
    0.191108354E-16
    0.195197560E-16
    0.224267918E-16
    0.178966024E-16
    0.201492278E-16
    0.212554117E-16
    0.175903417E-16
    0.197844591E-16
    0.201374704E-16
    0.172971581E-16
    0.190642255E-16
    0.193754187E-16
    0.164525154E-16
    0.186316809E-16
    0.182344004E-16
    0.153994494E-16
    0.189980534E-16
    0.162230200E-16
    0.147696009E-16
    0.194329121E-16
    0.136543438E-16
    0.154854127E-16
    0.188773075E-16
    0.115339151E-16
    0.171240315E-16
    0.170052928E-16
    0.111820587E-16
    0.185962800E-16
    0.143207828E-16
    0.129193333E-16
    0.188828359E-16
    0.123508530E-16
    0.158418721E-16
    0.176804292E-16
    0.123175972E-16
    0.184221321E-16
    0.159499679E-16
    0.142352205E-16
    0.193911346E-16
    0.151141253E-16
    0.171306922E-16
    0.186491930E-16
    0.159881070E-16
    0.193737177E-16
    0.172873555E-16
    0.184423005E-16
    0.198754270E-16
    0.166672050E-16
    0.210383077E-16
    0.188024211E-16
    0.177731160E-16
    0.222286707E-16
    0.173015127E-16
    0.201167207E-16
    0.211725385E-16
    0.169234060E-16
    0.222685826E-16
    0.184515306E-16
    0.182108670E-16
    0.227999901E-16
    0.155688203E-16
    0.206477923E-16
    0.209646766E-16
    0.141987044E-16
    0.227349062E-16
    0.175247429E-16
    0.150377987E-16
    0.228482156E-16
    0.141985258E-16
    0.173678876E-16
    0.206187313E-16
    0.125909166E-16
    0.195258128E-16
    0.169588607E-16
    0.131749769E-16
    0.201027435E-16
    0.135460965E-16
    0.151333617E-16
    0.188735951E-16
    0.116139986E-16
    0.171690163E-16
    0.164995646E-16
    0.115394999E-16
    0.182561196E-16
    0.141262728E-16
    0.128126459E-16
    0.181318237E-16
    0.126520767E-16
    0.146511167E-16
    0.170297577E-16
    0.124417618E-16
    0.163446753E-16
    0.155277524E-16
    0.135337945E-16
    0.173178490E-16
    0.143506689E-16
    0.154257290E-16
    0.174366608E-16
    0.139951548E-16
    0.174586599E-16
    0.169682543E-16
    0.147699476E-16
    0.188974695E-16
    0.163918420E-16
    0.163650940E-16
    0.193395260E-16
    0.164506395E-16
    0.181525934E-16
    0.189036963E-16
    0.173663692E-16
    0.193383716E-16
    0.182247436E-16
    0.188938560E-16
    0.195610649E-16
    0.180413320E-16
    0.203347125E-16
    0.190884312E-16
    0.185368507E-16
    0.210058260E-16
    0.185116430E-16
    0.196511831E-16
    0.207215701E-16
    0.183843692E-16
    0.207351437E-16
    0.196182144E-16
    0.191636781E-16
    0.211971041E-16
    0.184570750E-16
    0.205281579E-16
    0.206417790E-16
    0.180716133E-16
    0.217810821E-16
    0.193585045E-16
    0.189001354E-16
    0.220901091E-16
    0.181893945E-16
    0.204924420E-16
    0.211022332E-16
    0.180281208E-16
    0.219854384E-16
    0.193410180E-16
    0.189697432E-16
    0.223253047E-16
    0.178447538E-16
    0.206317235E-16
    0.212354956E-16
    0.173597180E-16
    0.217517217E-16
    0.194060760E-16
    0.180354386E-16
    0.217577531E-16
    0.175562089E-16
    0.191309176E-16
    0.206506199E-16
    0.165270505E-16
    0.197780207E-16
    0.189968955E-16
    0.161904546E-16
    0.197185912E-16
    0.175364976E-16
    0.162215722E-16
    0.189743806E-16
    0.164924733E-16
    0.164483350E-16
    0.181001656E-16
    0.157851344E-16
    0.166546614E-16
    0.173864176E-16
    0.153864866E-16
    0.170884808E-16
    0.168875117E-16
    0.151588988E-16
    0.176692116E-16
    0.166749654E-16
    0.152909746E-16
    0.183623313E-16
    0.165137546E-16
    0.159024521E-16
    0.190122184E-16
    0.163475334E-16
    0.171019998E-16
    0.193507871E-16
    0.162564645E-16
    0.188703661E-16
    0.191629788E-16
    0.163894867E-16
    0.208763333E-16
    0.184667155E-16
    0.172341256E-16
    0.224758569E-16
    0.175254862E-16
    0.188695437E-16
    0.231239024E-16
    0.170946565E-16
    0.210882658E-16
    0.225929074E-16
    0.176299180E-16
    0.232121702E-16
    0.214810165E-16
    0.192704041E-16
    0.246809912E-16
    0.205597995E-16
    0.214123559E-16
    0.253974963E-16
    0.205118396E-16
    0.234466620E-16
    0.256350082E-16
    0.212894836E-16
    0.250553409E-16
    0.257651194E-16
    0.224735311E-16
    0.263820009E-16
    0.257593107E-16
    0.237481446E-16
    0.276915321E-16
    0.254386557E-16
    0.250539596E-16
    0.286877397E-16
    0.249602866E-16
    0.265127331E-16
    0.289879613E-16
    0.247081695E-16
    0.277775174E-16
    0.284480652E-16
    0.250413587E-16
    0.285489877E-16
    0.273480716E-16
    0.257824108E-16
    0.286703384E-16
    0.262035397E-16
    0.264304836E-16
    0.283048148E-16
    0.252030229E-16
    0.267477762E-16
    0.276311796E-16
    0.243780752E-16
    0.266515966E-16
    0.266932902E-16
    0.235869878E-16
    0.265384551E-16
    0.251622956E-16
    0.229305526E-16
    0.264457429E-16
    0.230169716E-16
    0.227040143E-16
    0.260268912E-16
    0.205921993E-16
    0.229298142E-16
    0.247675148E-16
    0.187902428E-16
    0.233595677E-16
    0.224997542E-16
    0.183053303E-16
    0.232961119E-16
    0.197775458E-16
    0.190674710E-16
    0.225162206E-16
    0.177146040E-16
    0.202451968E-16
    0.211299269E-16
    0.169837347E-16
    0.208256469E-16
    0.199200992E-16
    0.177088934E-16
    0.205270162E-16
    0.193072719E-16
    0.189870801E-16
    0.199275570E-16
    0.194154437E-16
    0.199540132E-16
    0.200312728E-16
    0.197335278E-16
    0.201332835E-16
    0.211350280E-16
    0.197680348E-16
    0.201021744E-16
    0.226608330E-16
    0.193038379E-16
    0.206608485E-16
    0.232414650E-16
    0.187952490E-16
    0.222231355E-16
    0.221666983E-16
    0.188252514E-16
    0.240684491E-16
    0.197528833E-16
    0.199247609E-16
    0.248841130E-16
    0.173082885E-16
    0.219210914E-16
    0.236929948E-16
    0.163992868E-16
    0.237271778E-16
    0.208642460E-16
    0.176810254E-16
    0.240864100E-16
    0.180147926E-16
    0.203136376E-16
    0.226958826E-16
    0.166735393E-16
    0.226697552E-16
    0.204383843E-16
    0.173711862E-16
    0.231923737E-16
    0.189610304E-16
    0.194984050E-16
    0.216193237E-16
    0.190838990E-16
    0.216246084E-16
    0.194295009E-16
    0.203857598E-16
    0.225064722E-16
    0.186649949E-16
    0.216857354E-16
    0.216728508E-16
    0.203112626E-16
    0.221661381E-16
    0.201706433E-16
    0.230570450E-16
    0.219994053E-16
    0.193544767E-16
    0.249736079E-16
    0.216869488E-16
    0.204798535E-16
    0.249272824E-16
    0.212788805E-16
    0.229676063E-16
    0.236865765E-16
    0.210756261E-16
    0.252288785E-16
    0.226467736E-16
    0.212842725E-16
    0.259250712E-16
    0.221452370E-16
    0.221902156E-16
    0.252382140E-16
    0.219394523E-16
    0.231505110E-16
    0.241839817E-16
    0.217771214E-16
    0.232849743E-16
    0.236747887E-16
    0.218623779E-16
    0.223745914E-16
    0.233743541E-16
    0.218252422E-16
    0.218360527E-16
    0.229137089E-16
    0.208808609E-16
    0.228386128E-16
    0.221766441E-16
    0.188701873E-16
    0.246982900E-16
    0.217838236E-16
    0.174932616E-16
    0.257336928E-16
    0.211938452E-16
    0.187599024E-16
    0.250646929E-16
    0.198011233E-16
    0.228337957E-16
    0.238663776E-16
    0.178830727E-16
    0.269211659E-16
    0.235127119E-16
    0.176008456E-16
    0.282846603E-16
    0.237957750E-16
    0.203835642E-16
    0.271794400E-16
    0.234089622E-16
    0.248831210E-16
    0.264299418E-16
    0.222033917E-16
    0.280616822E-16
    0.275068736E-16
    0.218487577E-16
    0.285799418E-16
    0.290764559E-16
    0.234136589E-16
    0.284049935E-16
    0.287573418E-16
    0.259389489E-16
    0.299904259E-16
    0.268785787E-16
    0.278071409E-16
    0.327834056E-16
    0.254272517E-16
    0.293332298E-16
    0.340586049E-16
    0.258507016E-16
    0.321010314E-16
    0.324428602E-16
    0.276052325E-16
    0.360095264E-16
    0.297509410E-16
    0.302372472E-16
    0.384641254E-16
    0.284712096E-16
    0.342341408E-16
    0.375620201E-16
    0.292424951E-16
    0.389263762E-16
    0.348874633E-16
    0.318058278E-16
    0.419963797E-16
    0.327080348E-16
    0.363338971E-16
    0.416756993E-16
    0.318582528E-16
    0.420915220E-16
    0.395390725E-16
    0.328200439E-16
    0.455195197E-16
    0.376009275E-16
    0.370296926E-16
    0.447916402E-16
    0.357692955E-16
    0.441720736E-16
    0.422869657E-16
    0.339287798E-16
    0.491613334E-16
    0.410467330E-16
    0.353234048E-16
    0.484260771E-16
    0.397419163E-16
    0.415539426E-16
    0.449153755E-16
    0.362005224E-16
    0.476991744E-16
    0.434237537E-16
    0.340181824E-16
    0.481441031E-16
    0.422043669E-16
    0.367101189E-16
    0.456503708E-16
    0.381905631E-16
    0.406511697E-16
    0.451159432E-16
    0.342784618E-16
    0.401897954E-16
    0.443999976E-16
    0.353376877E-16
    0.386029667E-16
    0.392740854E-16
    0.370007172E-16
    0.411907113E-16
    0.343999437E-16
    0.333480465E-16
    0.438830129E-16
    0.360785622E-16
    0.287665173E-16
    0.398611078E-16
    0.391362293E-16
    0.314199700E-16
    0.341131242E-16
    0.348598403E-16
    0.376048164E-16
    0.347909721E-16
    0.268989051E-16
    0.383489844E-16
    0.388200385E-16
    0.254546430E-16
    0.344897380E-16
    0.368767561E-16
    0.304054419E-16
    0.334139207E-16
    0.303196673E-16
    0.344685987E-16
    0.345073115E-16
    0.270242420E-16
    0.349688570E-16
    0.330993898E-16
    0.291098351E-16
    0.343998811E-16
    0.301089514E-16
    0.327733210E-16
    0.328554364E-16
    0.295477493E-16
    0.356889050E-16
    0.302969470E-16
    0.320140633E-16
    0.364702009E-16
    0.288688204E-16
    0.357739394E-16
    0.350089851E-16
    0.303801122E-16
    0.390228597E-16
    0.325028552E-16
    0.344711136E-16
    0.399384203E-16
    0.310228415E-16
    0.397201791E-16
    0.384690082E-16
    0.319908322E-16
    0.436429584E-16
    0.356484890E-16
    0.362514031E-16
    0.447814431E-16
    0.324765168E-16
    0.419293859E-16
    0.430553318E-16
    0.321442619E-16
    0.453723653E-16
    0.384143598E-16
    0.369958888E-16
    0.459826885E-16
    0.315529755E-16
    0.429593942E-16
    0.449184260E-16
    0.284859683E-16
    0.440981257E-16
    0.408262560E-16
    0.332960635E-16
    0.411889474E-16
    0.330652727E-16
    0.406742971E-16
    0.390998763E-16
    0.267134308E-16
    0.420456487E-16
    0.384547937E-16
    0.272592410E-16
    0.367796697E-16
    0.364875541E-16
    0.333659840E-16
    0.311572530E-16
    0.316288454E-16
    0.386971663E-16
    0.310114004E-16
    0.262519900E-16
    0.376966004E-16
    0.357433901E-16
    0.263292313E-16
    0.307276327E-16
    0.372005096E-16
    0.335621826E-16
    0.265801273E-16
    0.310886055E-16
    0.393394877E-16
    0.309034066E-16
    0.253361633E-16
    0.363340256E-16
    0.364480166E-16
    0.282996914E-16
    0.301469200E-16
    0.346087694E-16
    0.352396610E-16
    0.294362389E-16
    0.282631855E-16
    0.381506799E-16
    0.325289583E-16
    0.254336071E-16
    0.366840830E-16
    0.334336698E-16
    0.279464006E-16
    0.342808106E-16
    0.312136379E-16
    0.330850223E-16
    0.325666259E-16
    0.279902433E-16
    0.373651958E-16
    0.324173689E-16
    0.263286925E-16
    0.383925813E-16
    0.333718473E-16
    0.276809375E-16
    0.369374377E-16
    0.331185856E-16
    0.313371864E-16
    0.356019474E-16
    0.310363957E-16
    0.354324830E-16
    0.351322899E-16
    0.286910479E-16
    0.385142445E-16
    0.347915136E-16
    0.282522338E-16
    0.386174432E-16
    0.339527356E-16
    0.313332388E-16
    0.363356282E-16
    0.319009537E-16
    0.354913864E-16
    0.345938420E-16
    0.311053151E-16
    0.367169444E-16
    0.327725331E-16
    0.340394073E-16
    0.371020649E-16
    0.302447303E-16
    0.355987932E-16
    0.381085947E-16
    0.332210298E-16
    0.338082090E-16
    0.344584189E-16
    0.408002511E-16
    0.350220300E-16
    0.292480744E-16
    0.417967813E-16
    0.389228085E-16
    0.328895248E-16
    0.354923686E-16
    0.375114552E-16
    0.421967383E-16
    0.328328570E-16
    0.336154268E-16
    0.444956979E-16
    0.366057127E-16
    0.338821483E-16
    0.390286147E-16
    0.409527642E-16
    0.371580940E-16
    0.347497253E-16
    0.403411505E-16
    0.390704443E-16
    0.375528120E-16
    0.350246223E-16
    0.368568868E-16
    0.432743235E-16
    0.311728914E-16
    0.339231105E-16
    0.429638662E-16
    0.304464482E-16
    0.364028382E-16
    0.372931253E-16
    0.287254063E-16
    0.419351323E-16
    0.321058221E-16
    0.276847428E-16
    0.450586717E-16
    0.277670592E-16
    0.302317811E-16
    0.442153461E-16
    0.245509588E-16
    0.361859435E-16
    0.379124994E-16
    0.232157865E-16
    0.428747256E-16
    0.300407932E-16
    0.242332937E-16
    0.440250445E-16
    0.252535937E-16
    0.296562384E-16
    0.389076256E-16
    0.226112697E-16
    0.362123340E-16
    0.330757556E-16
    0.236096188E-16
    0.378038226E-16
    0.288074447E-16
    0.286163756E-16
    0.358536331E-16
    0.269809807E-16
    0.318574550E-16
    0.330320754E-16
    0.282949334E-16
    0.319087940E-16
    0.300978253E-16
    0.309268050E-16
    0.314404921E-16
    0.287199286E-16
    0.327033806E-16
    0.313179913E-16
    0.291428201E-16
    0.335800495E-16
    0.314909185E-16
    0.321446541E-16
    0.340265218E-16
    0.304292210E-16
    0.373774219E-16
    0.361461900E-16
    0.303987750E-16
    0.366197913E-16
    0.398421642E-16
    0.345436096E-16
    0.319564846E-16
    0.415067107E-16
    0.378626669E-16
    0.332512838E-16
    0.412506070E-16
    0.385038667E-16
    0.400092009E-16
    0.410024301E-16
    0.417651332E-16
    0.475683034E-16
    0.453394898E-16
    0.485707590E-16
    0.510206147E-16
    0.596005636E-16
    0.557204056E-16
    0.510650083E-16
    0.730964504E-16
    0.640452712E-16
    0.544368033E-16
    0.724967336E-16
    0.747471932E-16
    0.582704641E-16
    0.671178233E-16
    0.802274766E-16
    0.611348832E-16
    0.728862732E-16
    0.760312541E-16
    0.679596896E-16
    0.901836984E-16
    0.776412874E-16
    0.863438485E-16
    0.100997444E-15
    0.104168192E-15
    0.113881628E-15
    0.105227927E-15
    0.148050148E-15
    0.132173779E-15
    0.127226427E-15
    0.178879161E-15
    0.138519937E-15
    0.164486931E-15
    0.186130531E-15
    0.147175214E-15
    0.189033443E-15
    0.186014920E-15
    0.174202423E-15
    0.190175747E-15
    0.202532080E-15
    0.215720582E-15
    0.201120832E-15
    0.248124382E-15
    0.256308713E-15
    0.260236152E-15
    0.314416943E-15
    0.305475885E-15
    0.356307393E-15
    0.390553135E-15
    0.381555678E-15
    0.450606490E-15
    0.468104317E-15
    0.487828527E-15
    0.518093287E-15
    0.557351971E-15
    0.595053897E-15
    0.584630425E-15
    0.672242179E-15
    0.682393344E-15
    0.699327049E-15
    0.806370322E-15
    0.790625646E-15
    0.868197659E-15
    0.968472450E-15
    0.964599628E-15
    0.107687061E-14
    0.117211822E-14
    0.122370858E-14
    0.130996274E-14
    0.144917633E-14
    0.152537425E-14
    0.160823470E-14
    0.178479466E-14
    0.187400796E-14
    0.197951185E-14
    0.218383993E-14
    0.229007585E-14
    0.242515634E-14
    0.266830104E-14
    0.279235506E-14
    0.297683612E-14
    0.324419084E-14
    0.341954879E-14
    0.366654732E-14
    0.393589889E-14
    0.421893861E-14
    0.451465318E-14
    0.480295245E-14
    0.524315813E-14
    0.551391153E-14
    0.598301421E-14
    0.643654801E-14
    0.681670409E-14
    0.744015105E-14
    0.787759695E-14
    0.850251576E-14
    0.913506378E-14
    0.970806966E-14
    0.105537687E-13
    0.111287508E-13
    0.120639588E-13
    0.128934708E-13
    0.137121962E-13
    0.148684580E-13
    0.157545310E-13
    0.170305277E-13
    0.181820875E-13
    0.195104890E-13
    0.210599362E-13
    0.223836929E-13
    0.243146846E-13
    0.259452871E-13
    0.278826959E-13
    0.301481170E-13
    0.321292851E-13
    0.347901280E-13
    0.372152600E-13
    0.400956450E-13
    0.430869565E-13
    0.462330523E-13
    0.499687889E-13
    0.534606719E-13
    0.578348661E-13
    0.623156909E-13
    0.670934746E-13
    0.728146557E-13
    0.785421491E-13
    0.855110966E-13
    0.926818438E-13
    0.101095464E-12
    0.110611579E-12
    0.120742711E-12
    0.132999310E-12
    0.146494001E-12
    0.161891146E-12
    0.179773451E-12
    0.200447514E-12
    0.224427916E-12
    0.251859957E-12
    0.285358461E-12
    0.323591467E-12
    0.368750147E-12
    0.424097265E-12
    0.488272369E-12
    0.565180510E-12
    0.659140839E-12
    0.770662192E-12
    0.904386071E-12
    0.106785121E-11
    0.126500318E-11
    0.150108151E-11
    0.179005224E-11
    0.214179600E-11
    0.256177743E-11
    0.307888892E-11
    0.370644288E-11
    0.446009071E-11
    0.538678159E-11
    0.650784256E-11
    0.786471550E-11
    0.952061056E-11
    0.115273344E-10
    0.139634798E-10
    0.169138057E-10
    0.205089701E-10
    0.248490059E-10
    0.301107990E-10
    0.365109841E-10
    0.442141299E-10
    0.535701841E-10
    0.648850999E-10
    0.785221201E-10
    0.950484708E-10
    0.114952242E-09
    0.138988406E-09
    0.167957413E-09
    0.202851714E-09
    0.244893636E-09
    0.295412850E-09
    0.356238198E-09
    0.429256732E-09
    0.516920453E-09
    0.622200335E-09
    0.748272927E-09
    0.899477993E-09
    0.108043102E-08
    0.129691836E-08
    0.155585387E-08
    0.186503109E-08
    0.223434639E-08
    0.267478191E-08
    0.319982289E-08
    0.382546887E-08
    0.456984680E-08
    0.545556802E-08
    0.650815864E-08
    0.775818357E-08
    0.924185128E-08
    0.110011094E-07
    0.130858542E-07
    0.155540602E-07
    0.184746370E-07
    0.219271160E-07
    0.260052830E-07
    0.308200656E-07
    0.364976360E-07
    0.431895963E-07
    0.510707293E-07
    0.603427613E-07
    0.712459752E-07
    0.840550793E-07
    0.990906205E-07
    0.116727912E-06
    0.137398909E-06
    0.161605627E-06
    0.189931157E-06
    0.223050517E-06
    0.261739624E-06
    0.306902832E-06
    0.359581062E-06
    0.420967099E-06
    0.492452731E-06
    0.575625628E-06
    0.672311848E-06
    0.784628411E-06
    0.914981589E-06
    0.106614497E-05
    0.124130522E-05
    0.144409060E-05
    0.167866774E-05
    0.194979970E-05
    0.226291441E-05
    0.262420821E-05
    0.304075612E-05
    0.352059689E-05
    0.407287377E-05
    0.470801230E-05
    0.543780319E-05
    0.627564237E-05
    0.723674609E-05
    0.833826827E-05
    0.959967411E-05
    0.110429630E-04
    0.126929030E-04
    0.145775142E-04
    0.167283343E-04
    0.191808308E-04
    0.219749576E-04
    0.251555681E-04
    0.287729867E-04
    0.328836836E-04
    0.375509156E-04
    0.428454248E-04
    0.488463491E-04
    0.556421053E-04
    0.633312345E-04
    0.720236940E-04
    0.818419226E-04
    0.929219852E-04
    0.105415281E-03
    0.119489821E-03
    0.135331809E-03
    0.153147795E-03
    0.173166219E-03
    0.195639609E-03
    0.220847112E-03
    0.249096535E-03
    0.280727141E-03
    0.316112711E-03
    0.355664126E-03
    0.399832916E-03
    0.449114843E-03
    0.504053257E-03
    0.565243340E-03
    0.633336429E-03
    0.709044144E-03
    0.793143489E-03
    0.886481879E-03
    0.989982329E-03
    0.110464917E-02
    0.123157421E-02
    0.137194273E-02
    0.152703997E-02
    0.169825859E-02
    0.188710525E-02
    0.209520796E-02
    0.232432514E-02
    0.257635197E-02
    0.285332960E-02
    0.315745487E-02
    0.349108651E-02
    0.385675674E-02
    0.425718045E-02
    0.469526174E-02
    0.517410806E-02
    0.569703693E-02
    0.626758497E-02
    0.688952221E-02
    0.756685659E-02
    0.830384619E-02
    0.910501103E-02
    0.997513681E-02
    0.109192896E-01
    0.119428223E-01
    0.130513809E-01
    0.142509171E-01
    0.155476911E-01
    0.169482794E-01
    0.184595824E-01
    0.200888254E-01
    0.218435666E-01
    0.237316958E-01
    0.257614383E-01
    0.279413546E-01
    0.302803361E-01
    0.327876077E-01
    0.354727169E-01
    0.383455288E-01
    0.414162234E-01
    0.446952729E-01
    0.481934400E-01
    0.519217599E-01
    0.558915131E-01
    0.601142231E-01
    0.646016175E-01
    0.693656061E-01
    0.744182654E-01
    0.797717851E-01
    0.854384524E-01
    0.914306132E-01
    0.977606159E-01
    0.104440794E+00
    0.111483401E+00
    0.118900566E+00
    0.126704254E+00
    0.134906193E+00
    0.143517831E+00
    0.152550280E+00
    0.162014233E+00
    0.171919929E+00
    0.182277071E+00
    0.193094749E+00
    0.204381403E+00
    0.216144718E+00
    0.228391570E+00
    0.241127964E+00
    0.254358933E+00
    0.268088495E+00
    0.282319572E+00
    0.297053903E+00
    0.312292005E+00
    0.328033082E+00
    0.344274961E+00
    0.361014050E+00
    0.378245249E+00
    0.395961912E+00
    0.414155799E+00
    0.432817007E+00
    0.451933947E+00
    0.471493308E+00
    0.491479998E+00
    0.511877161E+00
    0.532666126E+00
    0.553826399E+00
    0.575335686E+00
    0.597169862E+00
    0.619303002E+00
    0.641707411E+00
    0.664353624E+00
    0.687210472E+00
    0.710245125E+00
    0.733423122E+00
    0.756708476E+00
    0.780063723E+00
    0.803449997E+00
    0.826827159E+00
    0.850153855E+00
    0.873387648E+00
    0.896485141E+00
    0.919402075E+00
    0.942093489E+00
    0.964513847E+00
    0.986617170E+00
    0.100835722E+01
    0.102968761E+01
    0.105056200E+01
    0.107093426E+01
    0.109075860E+01
    0.110998977E+01
    0.112858324E+01
    0.114649532E+01
    0.116368337E+01
    0.118010596E+01
    0.119572302E+01
    0.121049603E+01
    0.122438813E+01
    0.123736431E+01
    0.124939158E+01
    0.126043900E+01
    0.127047796E+01
    0.127948220E+01
    0.128742793E+01
    0.129429399E+01
    0.130006189E+01
    0.130471593E+01
    0.130824323E+01
    0.131063383E+01
    0.131188072E+01
    0.131197986E+01
    0.131093021E+01
    0.130873376E+01
    0.130539550E+01
    0.130092338E+01
    0.129532835E+01
    0.128862423E+01
    0.128082773E+01
    0.127195833E+01
    0.126203820E+01
    0.125109214E+01
    0.123914747E+01
    0.122623387E+01
    0.121238333E+01
    0.119762995E+01
    0.118200984E+01
    0.116556099E+01
    0.114832304E+01
    0.113033720E+01
    0.111164605E+01
    0.109229339E+01
    0.107232402E+01
    0.105178365E+01
    0.103071863E+01
    0.100917588E+01
    0.987202614E+00
    0.964846252E+00
    0.942154200E+00
    0.919173709E+00
    0.895951704E+00
    0.872534630E+00
    0.848968306E+00
    0.825297777E+00
    0.801567170E+00
    0.777819583E+00
    0.754096944E+00
    0.730439903E+00
    0.706887741E+00
    0.683478249E+00
    0.660247662E+00
    0.637230584E+00
    0.614459893E+00
    0.591966720E+00
    0.569780380E+00
    0.547928322E+00
    0.526436138E+00
    0.505327503E+00
    0.484624179E+00
    0.464346031E+00
    0.444510995E+00
    0.425135126E+00
    0.406232610E+00
    0.387815773E+00
    0.369895154E+00
    0.352479516E+00
    0.335575903E+00
    0.319189706E+00
    0.303324700E+00
    0.287983122E+00
    0.273165731E+00
    0.258871879E+00
    0.245099582E+00
    0.231845593E+00
    0.219105487E+00
    0.206873721E+00
    0.195143731E+00
    0.183908002E+00
    0.173158137E+00
    0.162884957E+00
    0.153078557E+00
    0.143728385E+00
    0.134823338E+00
    0.126351800E+00
    0.118301734E+00
    0.110660755E+00
    0.103416169E+00
    0.965550658E-01
    0.900643603E-01
    0.839308469E-01
    0.781412708E-01
    0.726823594E-01
    0.675408764E-01
    0.627036711E-01
    0.581577071E-01
    0.538901091E-01
    0.498881920E-01
    0.461394921E-01
    0.426317959E-01
    0.393531610E-01
    0.362919438E-01
    0.334368100E-01
    0.307767558E-01
    0.283011230E-01
    0.259995998E-01
    0.238622413E-01
    0.218794689E-01
    0.200420709E-01
    0.183412159E-01
    0.167684411E-01
    0.153156562E-01
    0.139751444E-01
    0.127395484E-01
    0.116018743E-01
    0.105554810E-01
    0.959407033E-02
    0.871168447E-02
    0.790269119E-02
    0.716177739E-02
    0.648393822E-02
    0.586446498E-02
    0.529893671E-02
    0.478320605E-02
    0.431339014E-02
    0.388585842E-02
    0.349721990E-02
    0.314431449E-02
    0.282419867E-02
    0.253413616E-02
    0.227158702E-02
    0.203419519E-02
    0.181978030E-02
    0.162632584E-02
    0.145196960E-02
    0.129499517E-02
    0.115382106E-02
    0.102699345E-02
    0.913176977E-03
    0.811146559E-03
    0.719780431E-03
    0.638052068E-03
    0.565023702E-03
    0.499839803E-03
    0.441720585E-03
    0.389956533E-03
    0.343902652E-03
    0.302973572E-03
    0.266638480E-03
    0.234416835E-03
    0.205874147E-03
    0.180617851E-03
    0.158294018E-03
    0.138583774E-03
    0.121200107E-03
    0.105885290E-03
    0.924079033E-04
    0.805605223E-04
    0.701575173E-04
    0.610328774E-04
    0.530383391E-04
    0.460417090E-04
    0.399252298E-04
    0.345840997E-04
    0.299252297E-04
    0.258660293E-04
    0.223332248E-04
    0.192620132E-04
    0.165950920E-04
    0.142818151E-04
    0.122775608E-04
    0.105430186E-04
    0.904356800E-05
    0.774882585E-05
    0.663211961E-05
    0.567005285E-05
    0.484215815E-05
    0.413054625E-05
    0.351957726E-05
    0.299561619E-05
    0.254680006E-05
    0.216278868E-05
    0.183459842E-05
    0.155445421E-05
    0.131558955E-05
    0.111215752E-05
    0.939114507E-06
    0.792083685E-06
    0.667303649E-06
    0.561535282E-06
    0.471983592E-06
    0.396252876E-06
    0.332286440E-06
    0.278322181E-06
    0.232846991E-06
    0.194573940E-06
    0.162401916E-06
    0.135386441E-06
    0.112733073E-06
    0.937586457E-07
    0.778832572E-07
    0.646200054E-07
    0.535504724E-07
    0.443234482E-07
    0.366422804E-07
    0.302554260E-07
    0.249513787E-07
    0.205517857E-07
    0.169077418E-07
    0.138922520E-07
    0.114004763E-07
    0.934447589E-08
    0.764924461E-08
    0.625389949E-08
    0.510688273E-08
    0.416467402E-08
    0.339216136E-08
    0.275951644E-08
    0.224186450E-08
    0.181902945E-08
    0.147413425E-08
    0.119300911E-08
    0.964249498E-09
    0.778406926E-09
    0.627542922E-09
    0.505190020E-09
    0.406265175E-09
    0.326237791E-09
    0.261572416E-09
    0.209550325E-09
    0.167589336E-09
    0.133835028E-09
    0.106796176E-09
    0.850597001E-10
    0.676632908E-10
    0.537593775E-10
    0.426604239E-10
    0.337857727E-10
    0.267319735E-10
    0.211363217E-10
    0.166578151E-10
    0.131314884E-10
    0.103401623E-10
    0.811126014E-11
    0.637112850E-11
    0.499297276E-11
    0.390278859E-11
    0.304965228E-11
    0.238140138E-11
    0.185395828E-11
    0.144019029E-11
    0.112176664E-11
    0.868800687E-12
    0.670900983E-12
    0.521596276E-12
    0.401112986E-12
    0.308641270E-12
    0.238909079E-12
    0.182645167E-12
    0.140200374E-12
    0.107587799E-12
    0.823399237E-13
    0.627024988E-13
    0.477911274E-13
    0.369001886E-13
    0.274417392E-13
    0.212539868E-13
    0.162050992E-13
    0.119570300E-13
    0.941593327E-14
    0.693439926E-14
    0.532279113E-14
    0.398789869E-14
    0.303952904E-14
    0.230483551E-14
    0.164469133E-14
    0.139059385E-14
    0.899621024E-15
    0.737571166E-15
    0.588558982E-15
    0.368113550E-15
    0.337364806E-15
    0.225383413E-15
    0.201399990E-15
    0.126279829E-15
    0.115564079E-15
    0.110757019E-15
    0.622144393E-16
    0.731422572E-16
    0.585923550E-16
    0.570037068E-16
    0.459247890E-16
    0.477638036E-16
    0.448880950E-16
    0.417404140E-16
    0.461086635E-16
    0.304933552E-16
    0.454272432E-16
    0.396213223E-16
    0.292495995E-16
    0.392426187E-16
    0.331294001E-16
    0.365952042E-16
    0.305818210E-16
    0.276699194E-16
    0.433127315E-16
    0.263738595E-16
    0.242188522E-16
    0.442225553E-16
    0.259318919E-16
    0.246103951E-16
    0.377734957E-16
    0.254623391E-16
    0.312198446E-16
    0.275576649E-16
    0.249541622E-16
    0.395773819E-16
    0.206778401E-16
    0.234631709E-16
    0.432472228E-16
    0.203268723E-16
    0.234184639E-16
    0.384673703E-16
    0.237731755E-16
    0.295249225E-16
    0.278057984E-16
    0.267641447E-16
    0.382820239E-16
    0.212207833E-16
    0.274154288E-16
    0.422560224E-16
    0.216632193E-16
    0.276748670E-16
    0.381363862E-16
    0.274569635E-16
    0.317758004E-16
    0.289097161E-16
    0.327898476E-16
    0.363002722E-16
    0.250806475E-16
    0.343687970E-16
    0.371292737E-16
    0.276932180E-16
    0.311357248E-16
    0.352851926E-16
    0.337727377E-16
    0.276785954E-16
    0.316844079E-16
    0.378770412E-16
    0.269793111E-16
    0.316777376E-16
    0.357166449E-16
    0.299950739E-16
    0.328170444E-16
    0.284473412E-16
    0.363695223E-16
    0.325354770E-16
    0.233661251E-16
    0.370423562E-16
    0.322937820E-16
    0.250801457E-16
    0.330138485E-16
    0.312725251E-16
    0.311259594E-16
    0.269449684E-16
    0.307100770E-16
    0.367553265E-16
    0.220362741E-16
    0.314467109E-16
    0.336743558E-16
    0.251865090E-16
    0.321125766E-16
    0.254146997E-16
    0.310280967E-16
    0.309259750E-16
    0.205436069E-16
    0.373718398E-16
    0.282278854E-16
    0.192863573E-16
    0.397326452E-16
    0.242700186E-16
    0.250543234E-16
    0.362729287E-16
    0.218774873E-16
    0.312285661E-16
    0.307461834E-16
    0.228059606E-16
    0.361843245E-16
    0.261347430E-16
    0.241657669E-16
    0.399354113E-16
    0.255894435E-16
    0.248427306E-16
    0.381039705E-16
    0.293311812E-16
    0.254355414E-16
    0.364439266E-16
    0.318432211E-16
    0.276442177E-16
    0.350380303E-16
    0.298429173E-16
    0.342798512E-16
    0.355194074E-16
    0.253158757E-16
    0.385263141E-16
    0.374555193E-16
    0.220838132E-16
    0.407683466E-16
    0.367198973E-16
    0.249095777E-16
    0.417096319E-16
    0.318901352E-16
    0.323538473E-16
    0.401511778E-16
    0.277162244E-16
    0.391820705E-16
    0.380447575E-16
    0.250623004E-16
    0.418286783E-16
    0.358156645E-16
    0.260119778E-16
    0.416478276E-16
    0.338472622E-16
    0.306064173E-16
    0.385133805E-16
    0.332480139E-16
    0.344274284E-16
    0.345894331E-16
    0.332975053E-16
    0.356291706E-16
    0.340441369E-16
    0.308388469E-16
    0.329986183E-16
    0.361597811E-16
    0.313683843E-16
    0.322179837E-16
    0.369495513E-16
    0.308089947E-16
    0.320622930E-16
    0.389088848E-16
    0.314463968E-16
    0.319029990E-16
    0.349086733E-16
    0.332389175E-16
    0.349669223E-16
    0.296757051E-16
    0.367227095E-16
    0.341020260E-16
    0.273684474E-16
    0.420530228E-16
    0.354787458E-16
    0.275539484E-16
    0.381017431E-16
    0.366715855E-16
    0.339801788E-16
    0.360352316E-16
    0.302159137E-16
    0.379903439E-16
    0.388396966E-16
    0.247877355E-16
    0.398981962E-16
    0.399541347E-16
    0.250405036E-16
    0.376528082E-16
    0.408689208E-16
    0.284920930E-16
    0.315527351E-16
    0.390553870E-16
    0.339075854E-16
    0.318948970E-16
    0.316733399E-16
    0.349008212E-16
    0.345917379E-16
    0.313503325E-16
    0.339441926E-16
    0.339248733E-16
    0.337064258E-16
    0.313523241E-16
    0.350066252E-16
    0.351905920E-16
    0.294102198E-16
    0.334725635E-16
    0.397823465E-16
    0.276616058E-16
    0.296876855E-16
    0.478418002E-16
    0.252338160E-16
    0.287819645E-16
    0.507529473E-16
    0.263103186E-16
    0.340587193E-16
    0.444215304E-16
    0.296705499E-16
    0.410288254E-16
    0.354536572E-16
    0.352395283E-16
    0.468308682E-16
    0.288563124E-16
    0.377671188E-16
    0.488779430E-16
    0.307512373E-16
    0.382191116E-16
    0.438527771E-16
    0.393201289E-16
    0.364516735E-16
    0.372467908E-16
    0.471525833E-16
    0.345932499E-16
    0.357674406E-16
    0.473373818E-16
    0.342282867E-16
    0.406213414E-16
    0.425781554E-16
    0.346136707E-16
    0.456590580E-16
    0.352869932E-16
    0.370689179E-16
    0.501923814E-16
    0.305768743E-16
    0.400420797E-16
    0.477548552E-16
    0.311092819E-16
    0.421293275E-16
    0.414191510E-16
    0.436856573E-16
    0.360762838E-16
    0.328986226E-16
    0.538754541E-16
    0.288892431E-16
    0.349808680E-16
    0.564795918E-16
    0.260541574E-16
    0.386041540E-16
    0.462118479E-16
    0.327040400E-16
    0.431674902E-16
    0.361332732E-16
    0.435625287E-16
    0.366724314E-16
    0.326374119E-16
    0.461713862E-16
    0.352743623E-16
    0.394310117E-16
    0.401776443E-16
    0.387190323E-16
    0.435192534E-16
    0.293856577E-16
    0.467957655E-16
    0.459081542E-16
    0.284085507E-16
    0.456879496E-16
    0.482234947E-16
    0.312146989E-16
    0.371027806E-16
    0.514260145E-16
    0.338231623E-16
    0.357844349E-16
    0.485874487E-16
    0.467052927E-16
    0.272081086E-16
    0.434521845E-16
    0.481037940E-16
    0.276776123E-16
    0.379787835E-16
    0.449264080E-16
    0.367344363E-16
    0.357060133E-16
    0.384354094E-16
    0.496282068E-16
    0.282395009E-16
    0.356338987E-16
    0.442420134E-16
    0.356338536E-16
    0.321813705E-16
    0.351408525E-16
    0.534966166E-16
    0.468769927E-16
    0.455297235E-16
    0.616181813E-16
    0.614767446E-16
    0.637135461E-16
    0.553646375E-16
    0.592946414E-16
    0.554500553E-16
    0.532537853E-16
