 #tdnd tdcion
    0.301067228E-16
    0.253917839E-16
    0.353410386E-16
    0.224257829E-16
    0.305731196E-16
    0.297403626E-16
    0.328413190E-16
    0.267473849E-16
    0.284397562E-16
    0.327683306E-16
    0.326481690E-16
    0.241516112E-16
    0.298922284E-16
    0.215454929E-16
    0.241741953E-16
    0.266633707E-16
    0.281086527E-16
    0.356096516E-16
    0.339117179E-16
    0.346738709E-16
    0.257556887E-16
    0.339445183E-16
    0.392753123E-16
    0.492443143E-16
    0.317500437E-16
    0.497734452E-16
    0.363265655E-16
    0.279060342E-16
    0.407931839E-16
    0.222287228E-16
    0.272978360E-16
    0.295216924E-16
    0.292930171E-16
    0.329360052E-16
    0.330704563E-16
    0.287043541E-16
    0.285834392E-16
    0.401152691E-16
    0.357307770E-16
    0.313135904E-16
    0.269554731E-16
    0.227551943E-16
    0.231113509E-16
    0.254148915E-16
    0.357316774E-16
    0.307570525E-16
    0.350632904E-16
    0.302008445E-16
    0.243322641E-16
    0.281062700E-16
    0.265944003E-16
    0.244382872E-16
    0.347676310E-16
    0.272822980E-16
    0.292205012E-16
    0.381770345E-16
    0.225779776E-16
    0.310310983E-16
    0.235454038E-16
    0.318890794E-16
    0.316269122E-16
    0.262430472E-16
    0.297816521E-16
    0.282102877E-16
    0.339717080E-16
    0.267905097E-16
    0.314486041E-16
    0.288260116E-16
    0.318126946E-16
    0.281097990E-16
    0.302129639E-16
    0.268225570E-16
    0.230338868E-16
    0.274453112E-16
    0.234258838E-16
    0.263171187E-16
    0.221816081E-16
    0.232856505E-16
    0.240286204E-16
    0.266655015E-16
    0.220830769E-16
    0.271635772E-16
    0.192317093E-16
    0.283730946E-16
    0.291614792E-16
    0.285593842E-16
    0.257506537E-16
    0.285285690E-16
    0.233129864E-16
    0.319858589E-16
    0.319250727E-16
    0.318158813E-16
    0.258519997E-16
    0.223742495E-16
    0.222563765E-16
    0.306431713E-16
    0.418060354E-16
    0.308487639E-16
    0.213190236E-16
    0.211722694E-16
    0.297723187E-16
    0.355352064E-16
    0.251813159E-16
    0.254184588E-16
    0.302259137E-16
    0.275497562E-16
    0.287082541E-16
    0.244086283E-16
    0.197949465E-16
    0.265655408E-16
    0.280471533E-16
    0.260075104E-16
    0.272423775E-16
    0.203016678E-16
    0.294579081E-16
    0.235189016E-16
    0.268994346E-16
    0.351548664E-16
    0.230451218E-16
    0.293064523E-16
    0.259009933E-16
    0.300437308E-16
    0.272261848E-16
    0.261143741E-16
    0.307524569E-16
    0.248720298E-16
    0.285177022E-16
    0.273846225E-16
    0.238552572E-16
    0.225441466E-16
    0.285500537E-16
    0.219510351E-16
    0.230457579E-16
    0.261020355E-16
    0.261182385E-16
    0.289288230E-16
    0.208074377E-16
    0.265399492E-16
    0.287046209E-16
    0.279461366E-16
    0.301507439E-16
    0.230205831E-16
    0.347624325E-16
    0.431583723E-16
    0.459694264E-16
    0.611702096E-16
    0.894632547E-16
    0.125828291E-15
    0.132051432E-15
    0.238170705E-15
    0.376741085E-15
    0.565267152E-15
    0.867868130E-15
    0.131499652E-14
    0.197161612E-14
    0.329369177E-14
    0.509768546E-14
    0.771941661E-14
    0.117947442E-13
    0.183679065E-13
    0.283012822E-13
    0.434508342E-13
    0.653563618E-13
    0.100068189E-12
    0.152416065E-12
    0.229522052E-12
    0.346315581E-12
    0.519948044E-12
    0.780399560E-12
    0.116554906E-11
    0.173761424E-11
    0.258170919E-11
    0.382365045E-11
    0.564086114E-11
    0.830654133E-11
    0.121838386E-10
    0.178303749E-10
    0.260175328E-10
    0.378537625E-10
    0.548958947E-10
    0.794008925E-10
    0.114497475E-09
    0.164635818E-09
    0.236014400E-09
    0.337357452E-09
    0.480796617E-09
    0.683316434E-09
    0.968476228E-09
    0.136840786E-08
    0.192799938E-08
    0.270886213E-08
    0.379497335E-08
    0.530151815E-08
    0.738467640E-08
    0.102574528E-07
    0.142076435E-07
    0.196227811E-07
    0.270250091E-07
    0.371152766E-07
    0.508287270E-07
    0.694134145E-07
    0.945269192E-07
    0.128363971E-06
    0.173826188E-06
    0.234730386E-06
    0.316085952E-06
    0.424449318E-06
    0.568375314E-06
    0.758980136E-06
    0.101068170E-05
    0.134211299E-05
    0.177727657E-05
    0.234700142E-05
    0.309076111E-05
    0.405891838E-05
    0.531558123E-05
    0.694202311E-05
    0.904102440E-05
    0.117421273E-04
    0.152080112E-04
    0.196424648E-04
    0.252998546E-04
    0.324966299E-04
    0.416252978E-04
    0.531710449E-04
    0.677316915E-04
    0.860414661E-04
    0.108998972E-03
    0.137700549E-03
    0.173479257E-03
    0.217950305E-03
    0.273064607E-03
    0.341169901E-03
    0.425082047E-03
    0.528166773E-03
    0.654432644E-03
    0.808636702E-03
    0.996404793E-03
    0.122436553E-02
    0.150030031E-02
    0.183331030E-02
    0.223400036E-02
    0.271467996E-02
    0.328958262E-02
    0.397510143E-02
    0.479004095E-02
    0.575588614E-02
    0.689708023E-02
    0.824131697E-02
    0.981983555E-02
    0.116677185E-01
    0.138241873E-01
    0.163328858E-01
    0.192421436E-01
    0.226052162E-01
    0.264804851E-01
    0.309316088E-01
    0.360276177E-01
    0.418429266E-01
    0.484572712E-01
    0.559555337E-01
    0.644274563E-01
    0.739672303E-01
    0.846729319E-01
    0.966458081E-01
    0.109989402E+00
    0.124808495E+00
    0.141207866E+00
    0.159290886E+00
    0.179157912E+00
    0.200904520E+00
    0.224619559E+00
    0.250383083E+00
    0.278264134E+00
    0.308318457E+00
    0.340586125E+00
    0.375089173E+00
    0.411829250E+00
    0.450785357E+00
    0.491911729E+00
    0.535135906E+00
    0.580357075E+00
    0.627444752E+00
    0.676237847E+00
    0.726544167E+00
    0.778140466E+00
    0.830773009E+00
    0.884158785E+00
    0.937987306E+00
    0.991923076E+00
    0.104560871E+01
    0.109866867E+01
    0.115071362E+01
    0.120134535E+01
    0.125016212E+01
    0.129676449E+01
    0.134076140E+01
    0.138177645E+01
    0.141945417E+01
    0.145346632E+01
    0.148351785E+01
    0.150935249E+01
    0.153075784E+01
    0.154756976E+01
    0.155967593E+01
    0.156701854E+01
    0.156959588E+01
    0.156746288E+01
    0.156073053E+01
    0.154956403E+01
    0.153417995E+01
    0.151484216E+01
    0.149185678E+01
    0.146556626E+01
    0.143634264E+01
    0.140458022E+01
    0.137068783E+01
    0.133508083E+01
    0.129817315E+01
    0.126036947E+01
    0.122205786E+01
    0.118360299E+01
    0.114534013E+01
    0.110756999E+01
    0.107055481E+01
    0.103451536E+01
    0.999629282E+00
    0.966030609E+00
    0.933810425E+00
    0.903018688E+00
    0.873667048E+00
    0.845732577E+00
    0.819162192E+00
    0.793877706E+00
    0.769781160E+00
    0.746760410E+00
    0.724694633E+00
    0.703459647E+00
    0.682932883E+00
    0.662997781E+00
    0.643547578E+00
    0.624488344E+00
    0.605741226E+00
    0.587243893E+00
    0.568951135E+00
    0.550834731E+00
    0.532882597E+00
    0.515097343E+00
    0.497494331E+00
    0.480099364E+00
    0.462946143E+00
    0.446073627E+00
    0.429523394E+00
    0.413337169E+00
    0.397554580E+00
    0.382211219E+00
    0.367337123E+00
    0.352955638E+00
    0.339082727E+00
    0.325726710E+00
    0.312888396E+00
    0.300561567E+00
    0.288733754E+00
    0.277387241E+00
    0.266500213E+00
    0.256048007E+00
    0.246004323E+00
    0.236342427E+00
    0.227036204E+00
    0.218061061E+00
    0.209394648E+00
    0.201017363E+00
    0.192912645E+00
    0.185067066E+00
    0.177470235E+00
    0.170114537E+00
    0.162994763E+00
    0.156107627E+00
    0.149451258E+00
    0.143024664E+00
    0.136827217E+00
    0.130858200E+00
    0.125116408E+00
    0.119599856E+00
    0.114305568E+00
    0.109229475E+00
    0.104366403E+00
    0.997101341E-01
    0.952535521E-01
    0.909888253E-01
    0.869076327E-01
    0.830013913E-01
    0.792614941E-01
    0.756795129E-01
    0.722473918E-01
    0.689575812E-01
    0.658031374E-01
    0.627777807E-01
    0.598758988E-01
    0.570925219E-01
    0.544232616E-01
    0.518642266E-01
    0.494119246E-01
    0.470631578E-01
    0.448149199E-01
    0.426643062E-01
    0.406084317E-01
    0.386443746E-01
    0.367691351E-01
    0.349796159E-01
    0.332726225E-01
    0.316448767E-01
    0.300930468E-01
    0.286137832E-01
    0.272037576E-01
    0.258597085E-01
    0.245784745E-01
    0.233570292E-01
    0.221925063E-01
    0.210822148E-01
    0.200236454E-01
    0.190144691E-01
    0.180525269E-01
    0.171358150E-01
    0.162624683E-01
    0.154307326E-01
    0.146389509E-01
    0.138855380E-01
    0.131689646E-01
    0.124877436E-01
    0.118404197E-01
    0.112255651E-01
    0.106417760E-01
    0.100876746E-01
    0.956191314E-02
    0.906317980E-02
    0.859020507E-02
    0.814176776E-02
    0.771670087E-02
    0.731389670E-02
    0.693230862E-02
    0.657095240E-02
    0.622890713E-02
    0.590530994E-02
    0.559935541E-02
    0.531029017E-02
    0.503740648E-02
    0.478004022E-02
    0.453756413E-02
    0.430938429E-02
    0.409493598E-02
    0.389368290E-02
    0.370511246E-02
    0.352873825E-02
    0.336409628E-02
    0.321074759E-02
    0.306827812E-02
    0.293629849E-02
    0.281444544E-02
    0.270238198E-02
    0.259979779E-02
    0.250640948E-02
    0.242195857E-02
    0.234621260E-02
    0.227896288E-02
    0.222002415E-02
    0.216923296E-02
    0.212644574E-02
    0.209153877E-02
    0.206440627E-02
    0.204495899E-02
    0.203312483E-02
    0.202884672E-02
    0.203208276E-02
    0.204280642E-02
    0.206100542E-02
    0.208668218E-02
    0.211985384E-02
    0.216055167E-02
    0.220882138E-02
    0.226472303E-02
    0.232833058E-02
    0.239973163E-02
    0.247902731E-02
    0.256633187E-02
    0.266177209E-02
    0.276548724E-02
    0.287762793E-02
    0.299835667E-02
    0.312784674E-02
    0.326628200E-02
    0.341385660E-02
    0.357077450E-02
    0.373724929E-02
    0.391350370E-02
    0.409976932E-02
    0.429628643E-02
    0.450330322E-02
    0.472107606E-02
    0.494986835E-02
    0.518995064E-02
    0.544159998E-02
    0.570509930E-02
    0.598073693E-02
    0.626880635E-02
    0.656960534E-02
    0.688343499E-02
    0.721059995E-02
    0.755140710E-02
    0.790616543E-02
    0.827518507E-02
    0.865877651E-02
    0.905725023E-02
    0.947091633E-02
    0.990008307E-02
    0.103450568E-01
    0.108061411E-01
    0.112836361E-01
    0.117778376E-01
    0.122890371E-01
    0.128175198E-01
    0.133635654E-01
    0.139274462E-01
    0.145094270E-01
    0.151097640E-01
    0.157287048E-01
    0.163664872E-01
    0.170233381E-01
    0.176994737E-01
    0.183950985E-01
    0.191104041E-01
    0.198455695E-01
    0.206007597E-01
    0.213761256E-01
    0.221718029E-01
    0.229879117E-01
    0.238245560E-01
    0.246818228E-01
    0.255597820E-01
    0.264584860E-01
    0.273779678E-01
    0.283182423E-01
    0.292793042E-01
    0.302611288E-01
    0.312636707E-01
    0.322868636E-01
    0.333306202E-01
    0.343948307E-01
    0.354793640E-01
    0.365840665E-01
    0.377087604E-01
    0.388532466E-01
    0.400173015E-01
    0.412006781E-01
    0.424031053E-01
    0.436242881E-01
    0.448639069E-01
    0.461216180E-01
    0.473970531E-01
    0.486898191E-01
    0.499994983E-01
    0.513256490E-01
    0.526678038E-01
    0.540254721E-01
    0.553981374E-01
    0.567852611E-01
    0.581862782E-01
    0.596006015E-01
    0.610276201E-01
    0.624667000E-01
    0.639171839E-01
    0.653783931E-01
    0.668496254E-01
    0.683301592E-01
    0.698192508E-01
    0.713161369E-01
    0.728200333E-01
    0.743301387E-01
    0.758456319E-01
    0.773656750E-01
    0.788894128E-01
    0.804159755E-01
    0.819444761E-01
    0.834740151E-01
    0.850036782E-01
    0.865325405E-01
    0.880596644E-01
    0.895841026E-01
    0.911048976E-01
    0.926210846E-01
    0.941316907E-01
    0.956357374E-01
    0.971322409E-01
    0.986202138E-01
    0.100098666E+00
    0.101566604E+00
    0.103023037E+00
    0.104466972E+00
    0.105897419E+00
    0.107313393E+00
    0.108713909E+00
    0.110097991E+00
    0.111464668E+00
    0.112812976E+00
    0.114141963E+00
    0.115450684E+00
    0.116738207E+00
    0.118003610E+00
    0.119245987E+00
    0.120464445E+00
    0.121658108E+00
    0.122826116E+00
    0.123967626E+00
    0.125081814E+00
    0.126167878E+00
    0.127225032E+00
    0.128252517E+00
    0.129249592E+00
    0.130215543E+00
    0.131149677E+00
    0.132051329E+00
    0.132919858E+00
    0.133754650E+00
    0.134555119E+00
    0.135320705E+00
    0.136050879E+00
    0.136745140E+00
    0.137403015E+00
    0.138024066E+00
    0.138607880E+00
    0.139154080E+00
    0.139662316E+00
    0.140132272E+00
    0.140563665E+00
    0.140956244E+00
    0.141309789E+00
    0.141624114E+00
    0.141899064E+00
    0.142134521E+00
    0.142330395E+00
    0.142486632E+00
    0.142603211E+00
    0.142680141E+00
    0.142717466E+00
    0.142715262E+00
    0.142673636E+00
    0.142592728E+00
    0.142472711E+00
    0.142313786E+00
    0.142116185E+00
    0.141880175E+00
    0.141606048E+00
    0.141294127E+00
    0.140944764E+00
    0.140558340E+00
    0.140135263E+00
    0.139675967E+00
    0.139180914E+00
    0.138650593E+00
    0.138085513E+00
    0.137486214E+00
    0.136853253E+00
    0.136187213E+00
    0.135488700E+00
    0.134758338E+00
    0.133996772E+00
    0.133204668E+00
    0.132382708E+00
    0.131531592E+00
    0.130652038E+00
    0.129744780E+00
    0.128810561E+00
    0.127850146E+00
    0.126864305E+00
    0.125853826E+00
    0.124819504E+00
    0.123762145E+00
    0.122682562E+00
    0.121581580E+00
    0.120460027E+00
    0.119318738E+00
    0.118158554E+00
    0.116980318E+00
    0.115784878E+00
    0.114573084E+00
    0.113345785E+00
    0.112103832E+00
    0.110848077E+00
    0.109579366E+00
    0.108298547E+00
    0.107006462E+00
    0.105703950E+00
    0.104391845E+00
    0.103070976E+00
    0.101742164E+00
    0.100406223E+00
    0.990639605E-01
    0.977161740E-01
    0.963636526E-01
    0.950071751E-01
    0.936475088E-01
    0.922854108E-01
    0.909216261E-01
    0.895568870E-01
    0.881919136E-01
    0.868274119E-01
    0.854640746E-01
    0.841025791E-01
    0.827435902E-01
    0.813877547E-01
    0.800357069E-01
    0.786880629E-01
    0.773454237E-01
    0.760083740E-01
    0.746774819E-01
    0.733532984E-01
    0.720363576E-01
    0.707271763E-01
    0.694262541E-01
    0.681340729E-01
    0.668510975E-01
    0.655777743E-01
    0.643145334E-01
    0.630617855E-01
    0.618199249E-01
    0.605893281E-01
    0.593703535E-01
    0.581633426E-01
    0.569686193E-01
    0.557864896E-01
    0.546172438E-01
    0.534611533E-01
    0.523184744E-01
    0.511894459E-01
    0.500742903E-01
    0.489732137E-01
    0.478864064E-01
    0.468140431E-01
    0.457562827E-01
    0.447132694E-01
    0.436851321E-01
    0.426719844E-01
    0.416739270E-01
    0.406910453E-01
    0.397234122E-01
    0.387710863E-01
    0.378341131E-01
    0.369125262E-01
    0.360063463E-01
    0.351155824E-01
    0.342402316E-01
    0.333802796E-01
    0.325357019E-01
    0.317064626E-01
    0.308925160E-01
    0.300938067E-01
    0.293102699E-01
    0.285418314E-01
    0.277884083E-01
    0.270499100E-01
    0.263262369E-01
    0.256172824E-01
    0.249229331E-01
    0.242430673E-01
    0.235775580E-01
    0.229262715E-01
    0.222890683E-01
    0.216658031E-01
    0.210563262E-01
    0.204604820E-01
    0.198781107E-01
    0.193090488E-01
    0.187531280E-01
    0.182101771E-01
    0.176800214E-01
    0.171624825E-01
    0.166573801E-01
    0.161645312E-01
    0.156837502E-01
    0.152148502E-01
    0.147576415E-01
    0.143119341E-01
    0.138775364E-01
    0.134542552E-01
    0.130418974E-01
    0.126402690E-01
    0.122491754E-01
    0.118684220E-01
    0.114978146E-01
    0.111371586E-01
    0.107862600E-01
    0.104449259E-01
    0.101129631E-01
    0.979018009E-02
    0.947638617E-02
    0.917139171E-02
    0.887500820E-02
    0.858704904E-02
    0.830732860E-02
    0.803566321E-02
    0.777187106E-02
    0.751577160E-02
    0.726718685E-02
    0.702594052E-02
    0.679185843E-02
    0.656476868E-02
    0.634450145E-02
    0.613088934E-02
    0.592376732E-02
    0.572297255E-02
    0.552834484E-02
    0.533972658E-02
    0.515696225E-02
    0.497989937E-02
    0.480838786E-02
    0.464228018E-02
    0.448143141E-02
    0.432569960E-02
    0.417494494E-02
    0.402903071E-02
    0.388782261E-02
    0.375118919E-02
    0.361900162E-02
    0.349113363E-02
    0.336746169E-02
    0.324786494E-02
    0.313222517E-02
    0.302042678E-02
    0.291235670E-02
    0.280790461E-02
    0.270696246E-02
    0.260942511E-02
    0.251518967E-02
    0.242415582E-02
    0.233622585E-02
    0.225130423E-02
    0.216929788E-02
    0.209011637E-02
    0.201367116E-02
    0.193987640E-02
    0.186864821E-02
    0.179990523E-02
    0.173356801E-02
    0.166955940E-02
    0.160780441E-02
    0.154823003E-02
    0.149076532E-02
    0.143534131E-02
    0.138189109E-02
    0.133034958E-02
    0.128065354E-02
    0.123274177E-02
    0.118655457E-02
    0.114203428E-02
    0.109912477E-02
    0.105777173E-02
    0.101792237E-02
    0.979525595E-03
    0.942531781E-03
    0.906892916E-03
    0.872562484E-03
    0.839495279E-03
    0.807647638E-03
    0.776977277E-03
    0.747443178E-03
    0.719005617E-03
    0.691626245E-03
    0.665267843E-03
    0.639894459E-03
    0.615471224E-03
    0.591964502E-03
    0.569341749E-03
    0.547571313E-03
    0.526622864E-03
    0.506466886E-03
    0.487074893E-03
    0.468419332E-03
    0.450473660E-03
    0.433212085E-03
    0.416609781E-03
    0.400642741E-03
    0.385287780E-03
    0.370522487E-03
    0.356325222E-03
    0.342675070E-03
    0.329551862E-03
    0.316936105E-03
    0.304809013E-03
    0.293152373E-03
    0.281948690E-03
    0.271180981E-03
    0.260832953E-03
    0.250888835E-03
    0.241333388E-03
    0.232151965E-03
    0.223330368E-03
    0.214854883E-03
    0.206712402E-03
    0.198890120E-03
    0.191375788E-03
    0.184157556E-03
    0.177224004E-03
    0.170564078E-03
    0.164167160E-03
    0.158022998E-03
    0.152121684E-03
    0.146453692E-03
    0.141009792E-03
    0.135781148E-03
    0.130759186E-03
    0.125935647E-03
    0.121302605E-03
    0.116852354E-03
    0.112577551E-03
    0.108471033E-03
    0.104525964E-03
    0.100735732E-03
    0.970939595E-04
    0.935945083E-04
    0.902314898E-04
    0.869992117E-04
    0.838921923E-04
    0.809051715E-04
    0.780330949E-04
    0.752710911E-04
    0.726144486E-04
    0.700587053E-04
    0.675995233E-04
    0.652327593E-04
    0.629544170E-04
    0.607606911E-04
    0.586479218E-04
    0.566125627E-04
    0.546512940E-04
    0.527608686E-04
    0.509382151E-04
    0.491803783E-04
    0.474845539E-04
    0.458480355E-04
    0.442682655E-04
    0.427427906E-04
    0.412692787E-04
    0.398455035E-04
    0.384693466E-04
    0.371387935E-04
    0.358519309E-04
    0.346069340E-04
    0.334020887E-04
    0.322357376E-04
    0.311063394E-04
    0.300124151E-04
    0.289525736E-04
    0.279255069E-04
    0.269299521E-04
    0.259647501E-04
    0.250287748E-04
    0.241209660E-04
    0.232403668E-04
    0.223860126E-04
    0.215570346E-04
    0.207526041E-04
    0.199719413E-04
    0.192143008E-04
    0.184789961E-04
    0.177653725E-04
    0.170728128E-04
    0.164007433E-04
    0.157486074E-04
    0.151159002E-04
    0.145021270E-04
    0.139068292E-04
    0.133295769E-04
    0.127699459E-04
    0.122275634E-04
    0.117020394E-04
    0.111930308E-04
    0.107002006E-04
    0.102232179E-04
    0.976177729E-05
    0.931558463E-05
    0.888434655E-05
    0.846778814E-05
    0.806563702E-05
    0.767763325E-05
    0.730352264E-05
    0.694303901E-05
    0.659595034E-05
    0.626200522E-05
    0.594096234E-05
    0.563257738E-05
    0.533661554E-05
    0.505283686E-05
    0.478099455E-05
    0.452085762E-05
    0.427217542E-05
    0.403470895E-05
    0.380821009E-05
    0.359243003E-05
    0.338711660E-05
    0.319201747E-05
    0.300687394E-05
    0.283142557E-05
    0.266540889E-05
    0.250855592E-05
    0.236059832E-05
    0.222126097E-05
    0.209026757E-05
    0.196734238E-05
    0.185219828E-05
    0.174455666E-05
    0.164413013E-05
    0.155063031E-05
    0.146377420E-05
    0.138326502E-05
    0.130882302E-05
    0.124015313E-05
    0.117696685E-05
    0.111898522E-05
    0.106591587E-05
    0.101748150E-05
    0.973400001E-06
    0.933399863E-06
    0.897205881E-06
    0.864554471E-06
    0.835182974E-06
    0.808836751E-06
    0.785266755E-06
    0.764233078E-06
    0.745497919E-06
    0.728835684E-06
    0.714029095E-06
    0.700868050E-06
    0.689148852E-06
    0.678684745E-06
    0.669288756E-06
    0.660792346E-06
    0.653031975E-06
    0.645854699E-06
    0.639121467E-06
    0.632699099E-06
    0.626466756E-06
    0.620314993E-06
    0.614142282E-06
    0.607858258E-06
    0.601385310E-06
    0.594650070E-06
    0.587592413E-06
    0.580163567E-06
    0.572319588E-06
    0.564024754E-06
    0.555257666E-06
    0.545998122E-06
    0.536236891E-06
    0.525972499E-06
    0.515206852E-06
    0.503951478E-06
    0.492223424E-06
    0.480041221E-06
    0.467432898E-06
    0.454427911E-06
    0.441060340E-06
    0.427368476E-06
    0.413392439E-06
    0.399174543E-06
    0.384761545E-06
    0.370197118E-06
    0.355531035E-06
    0.340811120E-06
    0.326083575E-06
    0.311400161E-06
    0.296807297E-06
    0.282351377E-06
    0.268082328E-06
    0.254039554E-06
    0.240271907E-06
    0.226817566E-06
    0.213716665E-06
    0.201008638E-06
    0.188725716E-06
    0.176903290E-06
    0.165568297E-06
    0.154750345E-06
    0.144472513E-06
    0.134756615E-06
    0.125621077E-06
    0.117082842E-06
    0.109152622E-06
    0.101844050E-06
    0.951613819E-07
    0.891097271E-07
    0.836912481E-07
    0.789057684E-07
    0.747479995E-07
    0.712137554E-07
    0.682943101E-07
    0.659791758E-07
    0.642562207E-07
    0.631093538E-07
    0.625242962E-07
    0.624825016E-07
    0.629629384E-07
    0.639464656E-07
    0.654103571E-07
    0.673287297E-07
    0.696812967E-07
    0.724392502E-07
    0.755768598E-07
    0.790693565E-07
    0.828877955E-07
    0.870048862E-07
    0.913939769E-07
    0.960253174E-07
    0.100872671E-06
    0.105907190E-06
    0.111101920E-06
    0.116429261E-06
    0.121863357E-06
    0.127375955E-06
    0.132943368E-06
    0.138538608E-06
    0.144138562E-06
    0.149719460E-06
    0.155258137E-06
    0.160733139E-06
    0.166124543E-06
    0.171409988E-06
    0.176573403E-06
    0.181594912E-06
    0.186459057E-06
    0.191149348E-06
    0.195651461E-06
    0.199952453E-06
    0.204040275E-06
    0.207902935E-06
    0.211531633E-06
    0.214916764E-06
    0.218050868E-06
    0.220927492E-06
    0.223540949E-06
    0.225887773E-06
    0.227962364E-06
    0.229764197E-06
    0.231291190E-06
    0.232542629E-06
    0.233519195E-06
    0.234223315E-06
    0.234654633E-06
    0.234819759E-06
    0.234720441E-06
    0.234360514E-06
    0.233746526E-06
    0.232884037E-06
    0.231778309E-06
    0.230438416E-06
    0.228870552E-06
    0.227082672E-06
    0.225084255E-06
    0.222881757E-06
    0.220486003E-06
    0.217905514E-06
    0.215150201E-06
    0.212229890E-06
    0.209155047E-06
    0.205933870E-06
    0.202579248E-06
    0.199099033E-06
    0.195503464E-06
    0.191803998E-06
    0.188009800E-06
    0.184130160E-06
    0.180176084E-06
    0.176156715E-06
    0.172081696E-06
    0.167959981E-06
    0.163801376E-06
    0.159613296E-06
    0.155405629E-06
    0.151186759E-06
    0.146963064E-06
    0.142743746E-06
    0.138535255E-06
    0.134345124E-06
    0.130178546E-06
    0.126044606E-06
    0.121945725E-06
    0.117890690E-06
    0.113882401E-06
    0.109927040E-06
    0.106028748E-06
    0.102192623E-06
    0.984207358E-07
    0.947185417E-07
    0.910872049E-07
    0.875309210E-07
    0.840522046E-07
    0.806521118E-07
    0.773339423E-07
    0.740987261E-07
    0.709472895E-07
    0.678816720E-07
    0.649017491E-07
    0.620088146E-07
    0.592027732E-07
    0.564839344E-07
    0.538520205E-07
    0.513067490E-07
    0.488478660E-07
    0.464741000E-07
    0.441852692E-07
    0.419797741E-07
    0.398572061E-07
    0.378154522E-07
    0.358540976E-07
    0.339710374E-07
    0.321646743E-07
    0.304339184E-07
    0.287762987E-07
    0.271908128E-07
    0.256754897E-07
    0.242280264E-07
    0.228466353E-07
    0.215297275E-07
    0.202745980E-07
    0.190803481E-07
    0.179440056E-07
    0.168641070E-07
    0.158386865E-07
    0.148655375E-07
    0.139429711E-07
    0.130688800E-07
    0.122413164E-07
    0.114587122E-07
    0.107187637E-07
    0.100200670E-07
    0.936056017E-08
    0.873873851E-08
    0.815261592E-08
    0.760093403E-08
    0.708168342E-08
    0.659357967E-08
    0.613503560E-08
    0.570449093E-08
    0.530078475E-08
    0.492219064E-08
    0.456772282E-08
    0.423586344E-08
    0.392550444E-08
    0.363554890E-08
    0.336472382E-08
    0.311184998E-08
    0.287620500E-08
    0.265648986E-08
    0.245202116E-08
    0.226177150E-08
    0.208480938E-08
    0.192045814E-08
    0.176786201E-08
    0.162630824E-08
    0.149509357E-08
    0.137347633E-08
    0.126099978E-08
    0.115689346E-08
    0.106068165E-08
    0.971828082E-09
    0.889809437E-09
    0.814135221E-09
    0.744437725E-09
    0.680248649E-09
    0.621137601E-09
    0.566845756E-09
    0.516894589E-09
    0.471071666E-09
    0.429004249E-09
    0.390427852E-09
    0.355093960E-09
    0.322732195E-09
    0.293144058E-09
    0.266090317E-09
    0.241335377E-09
    0.218770483E-09
    0.198183285E-09
    0.179413325E-09
    0.162335740E-09
    0.146757804E-09
    0.132601621E-09
    0.119740355E-09
    0.108054565E-09
    0.974485928E-10
    0.878192926E-10
    0.791012204E-10
    0.712067484E-10
    0.640484183E-10
    0.575884483E-10
    0.517378575E-10
    0.464550734E-10
    0.416866915E-10
    0.373977727E-10
    0.335126303E-10
    0.300288685E-10
    0.268850242E-10
    0.240564770E-10
    0.215190724E-10
    0.192339703E-10
    0.171829929E-10
    0.153449287E-10
    0.136951288E-10
    0.122202548E-10
    0.108926245E-10
    0.970823488E-11
    0.865114345E-11
    0.770319010E-11
    0.685898471E-11
    0.610063388E-11
    0.542366363E-11
    0.482361349E-11
    0.428609700E-11
    0.380732530E-11
    0.337991999E-11
    0.299946087E-11
    0.266314017E-11
    0.236123131E-11
    0.209441548E-11
    0.185718273E-11
    0.164526939E-11
    0.145806728E-11
    0.129303898E-11
    0.114502394E-11
    0.101371694E-11
    0.898444482E-12
    0.794416649E-12
    0.704039982E-12
    0.623215839E-12
    0.551324651E-12
    0.488039792E-12
    0.431997145E-12
    0.382045478E-12
    0.338041492E-12
    0.298571552E-12
    0.264642363E-12
    0.233587511E-12
    0.206917053E-12
    0.182508539E-12
    0.161223539E-12
    0.142823045E-12
    0.126300476E-12
    0.111433649E-12
    0.985536647E-13
    0.868143014E-13
    0.770767349E-13
    0.680641848E-13
    0.601795090E-13
    0.532711361E-13
    0.470159381E-13
    0.415525090E-13
    0.368964872E-13
    0.325828968E-13
    0.286635858E-13
    0.253267572E-13
    0.223239583E-13
    0.197220629E-13
    0.175394964E-13
    0.153878109E-13
    0.135547234E-13
    0.119832569E-13
    0.105092054E-13
    0.931355480E-14
    0.817273872E-14
    0.723976102E-14
    0.632540526E-14
    0.559045778E-14
    0.493598234E-14
    0.429377161E-14
    0.385276404E-14
    0.338732819E-14
    0.294732819E-14
    0.261654414E-14
    0.228172685E-14
    0.204042484E-14
    0.181278592E-14
    0.155615122E-14
    0.137193761E-14
    0.119399989E-14
    0.104671388E-14
    0.934558544E-15
    0.834570233E-15
    0.707404436E-15
    0.623467977E-15
    0.559982032E-15
    0.486143481E-15
    0.442002507E-15
    0.372039066E-15
    0.320544809E-15
    0.289550145E-15
    0.248500808E-15
    0.231830639E-15
    0.218012595E-15
    0.178248352E-15
    0.156225302E-15
    0.141848600E-15
    0.129104081E-15
    0.108597525E-15
    0.100448946E-15
    0.999782111E-16
    0.805505277E-16
    0.762040061E-16
    0.679031739E-16
    0.639758200E-16
    0.636281728E-16
    0.525909502E-16
    0.462777088E-16
    0.484261954E-16
    0.428571106E-16
    0.366080502E-16
    0.373870697E-16
    0.301567029E-16
    0.378591224E-16
    0.404941308E-16
    0.314774765E-16
    0.341653826E-16
    0.369789478E-16
    0.341666151E-16
    0.326068868E-16
    0.305606879E-16
    0.247412242E-16
    0.295787299E-16
    0.272495100E-16
    0.345118624E-16
    0.309957834E-16
    0.296911923E-16
    0.331856138E-16
    0.270586445E-16
    0.293011206E-16
    0.267084412E-16
    0.306734597E-16
    0.241854896E-16
    0.324905550E-16
    0.281064005E-16
    0.325144832E-16
    0.278855642E-16
    0.280485517E-16
    0.221433614E-16
    0.265514050E-16
    0.309106004E-16
    0.244609346E-16
    0.311916368E-16
    0.237488003E-16
    0.354507657E-16
    0.333371089E-16
    0.275270305E-16
    0.267276710E-16
    0.272883438E-16
    0.301534374E-16
    0.284972294E-16
    0.275572851E-16
    0.280237091E-16
    0.337144131E-16
    0.253680882E-16
    0.256694418E-16
    0.291017900E-16
    0.243357289E-16
    0.293852621E-16
    0.250942112E-16
    0.222367725E-16
    0.357796801E-16
    0.328854223E-16
    0.271474915E-16
    0.252373323E-16
    0.335244647E-16
    0.289683863E-16
    0.215626429E-16
    0.295291387E-16
    0.290437401E-16
    0.239992945E-16
    0.251435430E-16
    0.281103782E-16
    0.325336417E-16
    0.270505397E-16
    0.344569696E-16
    0.315930497E-16
    0.287791509E-16
    0.309639911E-16
    0.264599278E-16
    0.264458384E-16
    0.268005374E-16
    0.289314104E-16
    0.317493635E-16
    0.316642072E-16
    0.265537509E-16
    0.304847819E-16
    0.256343748E-16
    0.240097756E-16
    0.245627961E-16
    0.298314195E-16
    0.228109252E-16
    0.330229107E-16
    0.308185659E-16
    0.334449392E-16
    0.306496128E-16
    0.260956419E-16
    0.262806229E-16
    0.223591064E-16
    0.289252565E-16
    0.268400948E-16
    0.278127866E-16
    0.266810069E-16
    0.321126895E-16
    0.319659712E-16
    0.299447922E-16
    0.350635094E-16
    0.230094724E-16
    0.260916363E-16
    0.250860009E-16
    0.236314537E-16
    0.339911533E-16
    0.331053579E-16
    0.270495186E-16
    0.251247384E-16
    0.338816094E-16
    0.305818037E-16
    0.316148905E-16
    0.215125947E-16
    0.244634018E-16
    0.246361714E-16
    0.336429272E-16
    0.289538623E-16
    0.287589606E-16
    0.266483545E-16
    0.321239683E-16
    0.232720619E-16
    0.267368579E-16
    0.293106493E-16
    0.265018295E-16
    0.282991492E-16
    0.214261877E-16
    0.288759776E-16
    0.264755659E-16
    0.255014650E-16
    0.350007573E-16
    0.294319587E-16
    0.274455802E-16
    0.272539460E-16
    0.268811107E-16
    0.283076864E-16
    0.248933297E-16
    0.286167019E-16
    0.372723289E-16
    0.341615869E-16
    0.265590418E-16
    0.321236727E-16
    0.242896643E-16
    0.283914223E-16
    0.216908190E-16
    0.227472400E-16
    0.270057359E-16
    0.378285710E-16
    0.321959879E-16
    0.251506489E-16
    0.373752869E-16
    0.254635882E-16
    0.239113341E-16
    0.280406110E-16
    0.278033996E-16
    0.337649995E-16
    0.288754727E-16
    0.219436512E-16
    0.309988538E-16
    0.289132406E-16
    0.271708632E-16
    0.304793846E-16
    0.238821726E-16
    0.275776532E-16
    0.335429391E-16
    0.282498293E-16
    0.292038124E-16
    0.304871032E-16
    0.273216411E-16
    0.298237582E-16
    0.291208098E-16
    0.271394407E-16
    0.320362240E-16
    0.213974423E-16
    0.238696136E-16
    0.286379187E-16
    0.388648910E-16
    0.283522216E-16
    0.213995479E-16
    0.353779613E-16
    0.253921121E-16
    0.233883728E-16
    0.312198249E-16
    0.257767183E-16
    0.258972809E-16
    0.273284050E-16
    0.265366085E-16
    0.311586486E-16
    0.247584022E-16
    0.331458914E-16
    0.283367829E-16
    0.289882365E-16
    0.250540985E-16
    0.253172126E-16
    0.266337040E-16
    0.247959952E-16
    0.321747620E-16
    0.271223599E-16
    0.354984781E-16
    0.279273413E-16
    0.289386210E-16
    0.262161996E-16
    0.239343076E-16
    0.237271321E-16
    0.221985935E-16
    0.251166713E-16
    0.317634404E-16
    0.302165104E-16
    0.280945378E-16
    0.291388967E-16
    0.265993222E-16
    0.277144260E-16
    0.246381125E-16
    0.318155512E-16
    0.298501152E-16
    0.313098665E-16
    0.233528232E-16
    0.318840942E-16
    0.308500641E-16
    0.217498722E-16
    0.294771148E-16
    0.252611085E-16
    0.283576004E-16
    0.259515326E-16
    0.306845291E-16
    0.319524401E-16
    0.265435328E-16
    0.280691655E-16
    0.264719238E-16
    0.355203242E-16
    0.296957411E-16
    0.300109749E-16
    0.212968462E-16
    0.239624137E-16
    0.225470397E-16
    0.310293431E-16
    0.295690092E-16
    0.313085092E-16
    0.296210286E-16
    0.236807571E-16
    0.276964187E-16
    0.334338171E-16
    0.289016100E-16
    0.315702229E-16
    0.244166500E-16
    0.253487506E-16
    0.276948068E-16
    0.272089672E-16
    0.310114652E-16
    0.289867396E-16
    0.284160141E-16
    0.327570425E-16
    0.290531953E-16
    0.238568941E-16
    0.240361140E-16
    0.316961733E-16
    0.300068571E-16
    0.280677741E-16
    0.335542246E-16
    0.242322497E-16
    0.260722827E-16
    0.258070562E-16
    0.262689643E-16
    0.187719699E-16
    0.260028783E-16
    0.346147326E-16
    0.286246147E-16
    0.296217353E-16
    0.207926675E-16
    0.271658575E-16
    0.281324745E-16
    0.189728457E-16
    0.400592706E-16
    0.266466693E-16
    0.295145284E-16
    0.239852951E-16
    0.265217549E-16
    0.249922675E-16
    0.230799470E-16
    0.258353748E-16
    0.285053849E-16
    0.336645322E-16
    0.261336405E-16
    0.269176297E-16
    0.330647849E-16
    0.262364923E-16
    0.310618182E-16
    0.327766625E-16
    0.292159167E-16
    0.307616118E-16
    0.317566972E-16
    0.266312252E-16
    0.205448462E-16
    0.242878036E-16
    0.284039711E-16
    0.253481149E-16
    0.340218619E-16
    0.230342035E-16
    0.225987373E-16
    0.352907375E-16
    0.311451151E-16
    0.296201252E-16
    0.269996268E-16
    0.349111685E-16
    0.244539991E-16
    0.270119471E-16
    0.275892323E-16
    0.302232052E-16
    0.307838616E-16
    0.292095423E-16
    0.304649219E-16
    0.284195274E-16
    0.273698940E-16
    0.286235061E-16
    0.337041067E-16
    0.290898348E-16
    0.241781064E-16
    0.318361938E-16
    0.281645554E-16
    0.270548710E-16
    0.291430481E-16
    0.301101122E-16
    0.207856151E-16
    0.236679963E-16
    0.285028099E-16
    0.372286917E-16
    0.325525353E-16
    0.198384483E-16
    0.269929235E-16
    0.330030130E-16
    0.225950603E-16
    0.338782994E-16
    0.257288971E-16
    0.240267031E-16
    0.265090046E-16
    0.328817584E-16
    0.290913976E-16
    0.227276816E-16
    0.272221078E-16
    0.291632127E-16
    0.336315815E-16
    0.275145826E-16
    0.293029087E-16
    0.347170559E-16
    0.238596216E-16
    0.305663578E-16
    0.325120293E-16
    0.330376814E-16
    0.331038917E-16
    0.212465227E-16
    0.304055262E-16
    0.250121377E-16
    0.281600097E-16
    0.279442576E-16
    0.243309273E-16
    0.323594120E-16
    0.223929990E-16
    0.247084089E-16
    0.296832949E-16
    0.367850985E-16
    0.265729363E-16
    0.244264378E-16
    0.319871910E-16
    0.247185210E-16
    0.267214185E-16
    0.280414966E-16
    0.333607392E-16
    0.364908563E-16
    0.343854936E-16
    0.314903726E-16
    0.294434483E-16
    0.252455151E-16
    0.332534370E-16
    0.314679391E-16
    0.247652086E-16
    0.272725211E-16
    0.316572608E-16
    0.311732994E-16
    0.267074633E-16
    0.248918616E-16
    0.274284785E-16
    0.300764770E-16
    0.267744351E-16
    0.291213371E-16
    0.339174714E-16
    0.313862874E-16
    0.207358203E-16
    0.224238530E-16
    0.334852240E-16
    0.269280529E-16
    0.311600382E-16
    0.273264963E-16
    0.268754137E-16
    0.307717722E-16
    0.404268857E-16
    0.261399224E-16
    0.273695730E-16
    0.309786713E-16
    0.341668512E-16
    0.352774311E-16
    0.281626680E-16
    0.322171395E-16
    0.331025294E-16
    0.267395532E-16
    0.319322403E-16
    0.302871138E-16
    0.353403723E-16
    0.308770315E-16
    0.193134475E-16
    0.290125253E-16
    0.306331103E-16
    0.240696328E-16
    0.284838554E-16
    0.281954249E-16
    0.358888889E-16
    0.227253084E-16
    0.245190297E-16
    0.270671749E-16
    0.343684033E-16
    0.231360178E-16
    0.273677835E-16
    0.334138176E-16
    0.264725400E-16
    0.306469299E-16
    0.324349121E-16
    0.261274186E-16
    0.304549730E-16
    0.430182488E-16
    0.337299609E-16
    0.317973763E-16
    0.297548515E-16
    0.316777739E-16
    0.272029441E-16
    0.223072840E-16
    0.299668415E-16
    0.321704994E-16
    0.316136821E-16
    0.353714172E-16
    0.302805505E-16
    0.287056051E-16
    0.294456430E-16
    0.278224690E-16
    0.335595393E-16
    0.282884382E-16
    0.279516389E-16
    0.266564919E-16
    0.267526630E-16
    0.301171115E-16
    0.253839724E-16
    0.249178569E-16
    0.288741152E-16
    0.325975015E-16
    0.259298307E-16
    0.363867344E-16
    0.384075858E-16
    0.457131964E-16
    0.339251172E-16
    0.384833346E-16
    0.364056148E-16
    0.392255476E-16
    0.286039790E-16
    0.297199103E-16
    0.317768370E-16
    0.300243096E-16
    0.355692555E-16
    0.315062146E-16
    0.184674598E-16
    0.297067170E-16
    0.266862420E-16
    0.260471166E-16
    0.264224269E-16
    0.339572059E-16
    0.356411930E-16
    0.366371040E-16
    0.310517775E-16
    0.311859161E-16
    0.352063023E-16
    0.362402868E-16
    0.619814563E-16
    0.393227785E-16
    0.482110511E-16
    0.372703283E-16
    0.407280132E-16
    0.411363615E-16
    0.406123228E-16
    0.399919305E-16
    0.306692014E-16
    0.334357851E-16
    0.302419029E-16
    0.335810870E-16
    0.327014104E-16
    0.218866899E-16
    0.337735530E-16
    0.272990462E-16
    0.297197240E-16
    0.270502786E-16
    0.277949311E-16
    0.351265576E-16
    0.291129246E-16
    0.258734615E-16
    0.335660223E-16
    0.260808194E-16
    0.250701556E-16
    0.218443886E-16
    0.233747561E-16
    0.207844900E-16
    0.342514332E-16
    0.201981285E-16
    0.360831866E-16
    0.316874618E-16
    0.270101466E-16
    0.288246672E-16
    0.349602678E-16
    0.228463636E-16
    0.272150381E-16
    0.316785394E-16
    0.293252666E-16
    0.297285693E-16
    0.323817474E-16
    0.383813294E-16
    0.219617769E-16
    0.281348461E-16
    0.230965331E-16
    0.247205835E-16
    0.255029137E-16
    0.294024912E-16
    0.237582231E-16
    0.301116067E-16
    0.305582653E-16
    0.265840975E-16
    0.411221198E-16
    0.338232155E-16
    0.249003117E-16
    0.205789462E-16
    0.289148783E-16
    0.295975779E-16
    0.278519428E-16
    0.213234825E-16
    0.346240225E-16
    0.292143082E-16
    0.396293783E-16
    0.352481345E-16
    0.464144214E-16
    0.350231365E-16
    0.396087363E-16
    0.354887079E-16
    0.344753169E-16
    0.484538597E-16
    0.368663161E-16
    0.257439853E-16
    0.307528417E-16
    0.341934864E-16
    0.335162419E-16
    0.285816840E-16
    0.341141748E-16
    0.221627896E-16
    0.220690706E-16
    0.333670245E-16
    0.263073189E-16
    0.289808499E-16
    0.191478081E-16
    0.233299907E-16
    0.290827065E-16
    0.225387730E-16
    0.226845128E-16
    0.279405553E-16
    0.189476933E-16
    0.271904140E-16
    0.240187398E-16
    0.273965105E-16
    0.255492318E-16
    0.293035021E-16
    0.237323123E-16
    0.237494790E-16
    0.287796706E-16
    0.271338059E-16
    0.293946655E-16
    0.350912531E-16
    0.249774589E-16
    0.254856536E-16
    0.273330950E-16
    0.229684150E-16
    0.285588407E-16
    0.215199441E-16
    0.248403875E-16
    0.304264990E-16
    0.321056704E-16
    0.249197393E-16
    0.334067149E-16
    0.298429842E-16
    0.303963707E-16
    0.320405425E-16
    0.222369582E-16
