 #tdnd tdcion
    0.359505876E-16
    0.315827297E-16
    0.219711643E-16
    0.287973118E-16
    0.197050282E-16
    0.266301944E-16
    0.303819696E-16
    0.229172217E-16
    0.281890565E-16
    0.327986912E-16
    0.304830128E-16
    0.291822437E-16
    0.258651242E-16
    0.245452569E-16
    0.295066303E-16
    0.269648915E-16
    0.314045114E-16
    0.451476412E-16
    0.324615320E-16
    0.377774643E-16
    0.439802369E-16
    0.401004332E-16
    0.435081227E-16
    0.584419215E-16
    0.388466487E-16
    0.374921175E-16
    0.395948560E-16
    0.361035952E-16
    0.343752907E-16
    0.332542325E-16
    0.177770732E-16
    0.373110450E-16
    0.246107020E-16
    0.265151207E-16
    0.333802893E-16
    0.290652063E-16
    0.336725175E-16
    0.398519644E-16
    0.267444376E-16
    0.338387342E-16
    0.296702082E-16
    0.192107510E-16
    0.268548510E-16
    0.303567897E-16
    0.226985168E-16
    0.363943084E-16
    0.282924417E-16
    0.330280176E-16
    0.403729574E-16
    0.268447798E-16
    0.344345861E-16
    0.320549267E-16
    0.317051293E-16
    0.279649918E-16
    0.274204714E-16
    0.278250821E-16
    0.340769746E-16
    0.298535136E-16
    0.247519354E-16
    0.265033727E-16
    0.315954975E-16
    0.366231418E-16
    0.352057152E-16
    0.294332315E-16
    0.239873464E-16
    0.300859131E-16
    0.262351052E-16
    0.302560196E-16
    0.238370500E-16
    0.254440177E-16
    0.289665529E-16
    0.409262044E-16
    0.344806150E-16
    0.242588906E-16
    0.249633312E-16
    0.289126384E-16
    0.302381549E-16
    0.377257711E-16
    0.283788689E-16
    0.330771373E-16
    0.306609015E-16
    0.307877146E-16
    0.325610924E-16
    0.224179663E-16
    0.306956985E-16
    0.260067185E-16
    0.259413816E-16
    0.303272961E-16
    0.223893997E-16
    0.295582893E-16
    0.264381782E-16
    0.288301228E-16
    0.334156471E-16
    0.237019661E-16
    0.264424957E-16
    0.237689758E-16
    0.294330726E-16
    0.246668479E-16
    0.297495346E-16
    0.329496004E-16
    0.242402043E-16
    0.308412801E-16
    0.241769428E-16
    0.232058528E-16
    0.312179343E-16
    0.251572033E-16
    0.266572998E-16
    0.279360053E-16
    0.265889903E-16
    0.279345228E-16
    0.321375363E-16
    0.391917318E-16
    0.248641871E-16
    0.235041354E-16
    0.184641311E-16
    0.211641996E-16
    0.285399301E-16
    0.283473089E-16
    0.280704141E-16
    0.299882790E-16
    0.232943207E-16
    0.245603206E-16
    0.318109735E-16
    0.179196084E-16
    0.257357607E-16
    0.288497363E-16
    0.273245644E-16
    0.280755665E-16
    0.221152831E-16
    0.319973139E-16
    0.296881681E-16
    0.353308844E-16
    0.251020958E-16
    0.306078851E-16
    0.255624048E-16
    0.289259641E-16
    0.280418778E-16
    0.313572513E-16
    0.242664479E-16
    0.248155039E-16
    0.407164776E-16
    0.435373366E-16
    0.245285394E-16
    0.355480891E-16
    0.382816578E-16
    0.409925058E-16
    0.679028474E-16
    0.837755817E-16
    0.149726116E-15
    0.197648772E-15
    0.265907652E-15
    0.436285146E-15
    0.693755794E-15
    0.106093904E-14
    0.162709951E-14
    0.245895007E-14
    0.415245967E-14
    0.627637064E-14
    0.953235380E-14
    0.145706150E-13
    0.228814971E-13
    0.351515449E-13
    0.538883850E-13
    0.821873939E-13
    0.124347540E-12
    0.188242112E-12
    0.284549642E-12
    0.430516676E-12
    0.644084585E-12
    0.965308896E-12
    0.144245288E-11
    0.214748135E-11
    0.318752468E-11
    0.471781466E-11
    0.695809827E-11
    0.102432091E-10
    0.150133211E-10
    0.219564807E-10
    0.320210441E-10
    0.465538688E-10
    0.674769468E-10
    0.975332960E-10
    0.140563414E-09
    0.201998794E-09
    0.289510456E-09
    0.413583267E-09
    0.589131910E-09
    0.836920018E-09
    0.118554439E-08
    0.167430574E-08
    0.235802602E-08
    0.331147522E-08
    0.463732904E-08
    0.647561397E-08
    0.901667051E-08
    0.125194020E-07
    0.173337353E-07
    0.239314932E-07
    0.329485348E-07
    0.452341217E-07
    0.619263747E-07
    0.845425241E-07
    0.115092499E-06
    0.156245540E-06
    0.211521022E-06
    0.285551447E-06
    0.384419277E-06
    0.516075414E-06
    0.690893960E-06
    0.922365250E-06
    0.122796846E-05
    0.163028535E-05
    0.215842120E-05
    0.284972631E-05
    0.375203586E-05
    0.492638643E-05
    0.645041034E-05
    0.842256572E-05
    0.109673184E-04
    0.142415120E-04
    0.184421126E-04
    0.238158262E-04
    0.306704544E-04
    0.393890477E-04
    0.504465111E-04
    0.644298367E-04
    0.820621709E-04
    0.104231528E-03
    0.132024572E-03
    0.166766985E-03
    0.210070053E-03
    0.263886186E-03
    0.330572825E-03
    0.412966387E-03
    0.514468365E-03
    0.639143207E-03
    0.791830552E-03
    0.978272543E-03
    0.120525750E-02
    0.148078134E-02
    0.181422799E-02
    0.221656865E-02
    0.270058177E-02
    0.328109441E-02
    0.397524202E-02
    0.480275127E-02
    0.578623800E-02
    0.695152571E-02
    0.832797513E-02
    0.994882777E-02
    0.118515509E-01
    0.140781866E-01
    0.166756929E-01
    0.196962665E-01
    0.231976462E-01
    0.272433747E-01
    0.319030140E-01
    0.372522979E-01
    0.433732095E-01
    0.503539605E-01
    0.582888674E-01
    0.672780901E-01
    0.774272397E-01
    0.888468132E-01
    0.101651458E+00
    0.115959041E+00
    0.131889515E+00
    0.149563576E+00
    0.169101094E+00
    0.190619327E+00
    0.214230920E+00
    0.240041696E+00
    0.268148252E+00
    0.298635392E+00
    0.331573422E+00
    0.367015338E+00
    0.404993979E+00
    0.445519158E+00
    0.488574867E+00
    0.534116610E+00
    0.582068948E+00
    0.632323292E+00
    0.684736085E+00
    0.739127411E+00
    0.795280112E+00
    0.852939513E+00
    0.911813791E+00
    0.971575069E+00
    0.103186126E+01
    0.109227873E+01
    0.115240573E+01
    0.121179670E+01
    0.126998727E+01
    0.132650004E+01
    0.138085103E+01
    0.143255666E+01
    0.148114119E+01
    0.152614446E+01
    0.156712984E+01
    0.160369209E+01
    0.163546505E+01
    0.166212891E+01
    0.168341699E+01
    0.169912160E+01
    0.170909909E+01
    0.171327370E+01
    0.171164015E+01
    0.170426495E+01
    0.169128618E+01
    0.167291178E+01
    0.164941639E+01
    0.162113671E+01
    0.158846542E+01
    0.155184396E+01
    0.151175409E+01
    0.146870863E+01
    0.142324149E+01
    0.137589728E+01
    0.132722079E+01
    0.127774659E+01
    0.122798897E+01
    0.117843268E+01
    0.112952447E+01
    0.108166582E+01
    0.103520701E+01
    0.990442666E+00
    0.947608833E+00
    0.906881736E+00
    0.868378102E+00
    0.832157073E+00
    0.798223568E+00
    0.766532936E+00
    0.736996718E+00
    0.709489318E+00
    0.683855262E+00
    0.659916876E+00
    0.637482045E+00
    0.616351821E+00
    0.596327616E+00
    0.577217799E+00
    0.558843461E+00
    0.541043204E+00
    0.523676910E+00
    0.506628308E+00
    0.489806461E+00
    0.473146111E+00
    0.456606967E+00
    0.440172101E+00
    0.423845520E+00
    0.407649119E+00
    0.391619212E+00
    0.375802761E+00
    0.360253560E+00
    0.345028502E+00
    0.330184082E+00
    0.315773316E+00
    0.301843126E+00
    0.288432288E+00
    0.275569999E+00
    0.263275054E+00
    0.251555612E+00
    0.240409516E+00
    0.229825101E+00
    0.219782377E+00
    0.210254514E+00
    0.201209523E+00
    0.192612004E+00
    0.184424895E+00
    0.176611100E+00
    0.169134960E+00
    0.161963455E+00
    0.155067161E+00
    0.148420883E+00
    0.142003997E+00
    0.135800511E+00
    0.129798862E+00
    0.123991483E+00
    0.118374239E+00
    0.112945701E+00
    0.107706400E+00
    0.102658050E+00
    0.978028117E-01
    0.931426456E-01
    0.886787607E-01
    0.844111930E-01
    0.803385387E-01
    0.764578055E-01
    0.727644083E-01
    0.692522813E-01
    0.659140748E-01
    0.627414320E-01
    0.597253020E-01
    0.568562755E-01
    0.541249055E-01
    0.515220069E-01
    0.490389075E-01
    0.466676427E-01
    0.444010876E-01
    0.422330261E-01
    0.401581584E-01
    0.381720492E-01
    0.362710448E-01
    0.344521419E-01
    0.327128480E-01
    0.310510330E-01
    0.294647793E-01
    0.279522505E-01
    0.265115856E-01
    0.251408062E-01
    0.238377698E-01
    0.226001376E-01
    0.214253753E-01
    0.203107794E-01
    0.192535129E-01
    0.182506608E-01
    0.172992915E-01
    0.163965101E-01
    0.155395189E-01
    0.147256614E-01
    0.139524591E-01
    0.132176335E-01
    0.125191181E-01
    0.118550556E-01
    0.112237848E-01
    0.106238213E-01
    0.100538304E-01
    0.951259752E-02
    0.899899833E-02
    0.851197255E-02
    0.805049771E-02
    0.761357139E-02
    0.720019861E-02
    0.680938211E-02
    0.644012285E-02
    0.609142213E-02
    0.576228602E-02
    0.545173730E-02
    0.515882375E-02
    0.488262767E-02
    0.462227719E-02
    0.437695095E-02
    0.414588554E-02
    0.392837657E-02
    0.372377889E-02
    0.353150569E-02
    0.335102364E-02
    0.318184729E-02
    0.302353412E-02
    0.287567739E-02
    0.273790096E-02
    0.260985346E-02
    0.249120439E-02
    0.238164074E-02
    0.228086518E-02
    0.218859546E-02
    0.210456409E-02
    0.202851918E-02
    0.196022559E-02
    0.189946740E-02
    0.184604772E-02
    0.179979125E-02
    0.176054469E-02
    0.172817687E-02
    0.170257960E-02
    0.168366613E-02
    0.167137072E-02
    0.166564796E-02
    0.166647030E-02
    0.167382763E-02
    0.168772535E-02
    0.170818338E-02
    0.173523476E-02
    0.176892495E-02
    0.180931134E-02
    0.185646261E-02
    0.191045850E-02
    0.197139014E-02
    0.203935967E-02
    0.211448072E-02
    0.219687816E-02
    0.228668837E-02
    0.238405907E-02
    0.248914962E-02
    0.260213042E-02
    0.272318281E-02
    0.285249866E-02
    0.299028015E-02
    0.313673898E-02
    0.329209615E-02
    0.345658170E-02
    0.363043366E-02
    0.381389815E-02
    0.400722893E-02
    0.421068663E-02
    0.442453897E-02
    0.464906004E-02
    0.488453004E-02
    0.513123499E-02
    0.538946645E-02
    0.565952124E-02
    0.594170050E-02
    0.623630994E-02
    0.654365897E-02
    0.686406013E-02
    0.719782870E-02
    0.754528237E-02
    0.790673964E-02
    0.828252082E-02
    0.867294553E-02
    0.907833361E-02
    0.949900342E-02
    0.993527149E-02
    0.103874523E-01
    0.108558566E-01
    0.113407917E-01
    0.118425601E-01
    0.123614592E-01
    0.128977803E-01
    0.134518083E-01
    0.140238204E-01
    0.146140854E-01
    0.152228640E-01
    0.158504068E-01
    0.164969541E-01
    0.171627356E-01
    0.178479685E-01
    0.185528584E-01
    0.192775971E-01
    0.200223626E-01
    0.207873188E-01
    0.215726142E-01
    0.223783811E-01
    0.232047356E-01
    0.240517771E-01
    0.249195864E-01
    0.258082271E-01
    0.267177426E-01
    0.276481585E-01
    0.285994793E-01
    0.295716897E-01
    0.305647532E-01
    0.315786119E-01
    0.326131864E-01
    0.336683753E-01
    0.347440539E-01
    0.358400753E-01
    0.369562688E-01
    0.380924409E-01
    0.392483729E-01
    0.404238235E-01
    0.416185265E-01
    0.428321909E-01
    0.440645018E-01
    0.453151192E-01
    0.465836781E-01
    0.478697891E-01
    0.491730380E-01
    0.504929851E-01
    0.518291662E-01
    0.531810937E-01
    0.545482537E-01
    0.559301086E-01
    0.573260975E-01
    0.587356344E-01
    0.601581103E-01
    0.615928942E-01
    0.630393297E-01
    0.644967403E-01
    0.659644269E-01
    0.674416679E-01
    0.689277230E-01
    0.704218289E-01
    0.719232051E-01
    0.734310509E-01
    0.749445470E-01
    0.764628574E-01
    0.779851285E-01
    0.795104915E-01
    0.810380613E-01
    0.825669403E-01
    0.840962156E-01
    0.856249626E-01
    0.871522465E-01
    0.886771197E-01
    0.901986273E-01
    0.917158049E-01
    0.932276806E-01
    0.947332774E-01
    0.962316120E-01
    0.977216979E-01
    0.992025453E-01
    0.100673163E+00
    0.102132559E+00
    0.103579742E+00
    0.105013722E+00
    0.106433514E+00
    0.107838135E+00
    0.109226607E+00
    0.110597962E+00
    0.111951236E+00
    0.113285475E+00
    0.114599735E+00
    0.115893084E+00
    0.117164603E+00
    0.118413384E+00
    0.119638535E+00
    0.120839179E+00
    0.122014457E+00
    0.123163526E+00
    0.124285564E+00
    0.125379766E+00
    0.126445350E+00
    0.127481554E+00
    0.128487640E+00
    0.129462892E+00
    0.130406620E+00
    0.131318157E+00
    0.132196864E+00
    0.133042125E+00
    0.133853357E+00
    0.134630000E+00
    0.135371524E+00
    0.136077427E+00
    0.136747241E+00
    0.137380522E+00
    0.137976861E+00
    0.138535878E+00
    0.139057224E+00
    0.139540584E+00
    0.139985672E+00
    0.140392237E+00
    0.140760058E+00
    0.141088947E+00
    0.141378750E+00
    0.141629342E+00
    0.141840637E+00
    0.142012574E+00
    0.142145131E+00
    0.142238315E+00
    0.142292166E+00
    0.142306756E+00
    0.142282189E+00
    0.142218599E+00
    0.142116155E+00
    0.141975052E+00
    0.141795520E+00
    0.141577815E+00
    0.141322225E+00
    0.141029066E+00
    0.140698684E+00
    0.140331450E+00
    0.139927765E+00
    0.139488055E+00
    0.139012773E+00
    0.138502397E+00
    0.137957429E+00
    0.137378395E+00
    0.136765845E+00
    0.136120351E+00
    0.135442503E+00
    0.134732919E+00
    0.133992228E+00
    0.133221085E+00
    0.132420160E+00
    0.131590138E+00
    0.130731726E+00
    0.129845640E+00
    0.128932616E+00
    0.127993398E+00
    0.127028746E+00
    0.126039432E+00
    0.125026236E+00
    0.123989949E+00
    0.122931372E+00
    0.121851311E+00
    0.120750582E+00
    0.119630004E+00
    0.118490402E+00
    0.117332606E+00
    0.116157449E+00
    0.114965764E+00
    0.113758387E+00
    0.112536155E+00
    0.111299904E+00
    0.110050468E+00
    0.108788680E+00
    0.107515368E+00
    0.106231358E+00
    0.104937472E+00
    0.103634524E+00
    0.102323324E+00
    0.101004675E+00
    0.996793724E-01
    0.983482013E-01
    0.970119404E-01
    0.956713580E-01
    0.943272119E-01
    0.929802495E-01
    0.916312069E-01
    0.902808077E-01
    0.889297636E-01
    0.875787733E-01
    0.862285227E-01
    0.848796826E-01
    0.835329110E-01
    0.821888504E-01
    0.808481288E-01
    0.795113588E-01
    0.781791370E-01
    0.768520451E-01
    0.755306483E-01
    0.742154944E-01
    0.729071163E-01
    0.716060298E-01
    0.703127333E-01
    0.690277088E-01
    0.677514208E-01
    0.664843166E-01
    0.652268272E-01
    0.639793656E-01
    0.627423278E-01
    0.615160929E-01
    0.603010220E-01
    0.590974602E-01
    0.579057351E-01
    0.567261574E-01
    0.555590210E-01
    0.544046036E-01
    0.532631656E-01
    0.521349515E-01
    0.510201902E-01
    0.499190939E-01
    0.488318598E-01
    0.477586689E-01
    0.466996875E-01
    0.456550669E-01
    0.446249435E-01
    0.436094394E-01
    0.426086628E-01
    0.416227077E-01
    0.406516545E-01
    0.396955711E-01
    0.387545119E-01
    0.378285189E-01
    0.369176220E-01
    0.360218392E-01
    0.351411763E-01
    0.342756289E-01
    0.334251817E-01
    0.325898079E-01
    0.317694718E-01
    0.309641264E-01
    0.301737171E-01
    0.293981789E-01
    0.286374385E-01
    0.278914144E-01
    0.271600167E-01
    0.264431481E-01
    0.257407037E-01
    0.250525721E-01
    0.243786351E-01
    0.237187678E-01
    0.230728399E-01
    0.224407150E-01
    0.218222518E-01
    0.212173040E-01
    0.206257201E-01
    0.200473450E-01
    0.194820188E-01
    0.189295784E-01
    0.183898569E-01
    0.178626846E-01
    0.173478882E-01
    0.168452927E-01
    0.163547199E-01
    0.158759899E-01
    0.154089207E-01
    0.149533292E-01
    0.145090300E-01
    0.140758374E-01
    0.136535643E-01
    0.132420229E-01
    0.128410252E-01
    0.124503822E-01
    0.120699056E-01
    0.116994064E-01
    0.113386961E-01
    0.109875868E-01
    0.106458908E-01
    0.103134213E-01
    0.998999217E-02
    0.967541845E-02
    0.936951626E-02
    0.907210264E-02
    0.878299648E-02
    0.850201794E-02
    0.822898836E-02
    0.796373129E-02
    0.770607185E-02
    0.745583690E-02
    0.721285540E-02
    0.697695810E-02
    0.674797801E-02
    0.652575035E-02
    0.631011213E-02
    0.610090299E-02
    0.589796475E-02
    0.570114150E-02
    0.551027983E-02
    0.532522870E-02
    0.514583938E-02
    0.497196582E-02
    0.480346414E-02
    0.464019352E-02
    0.448201517E-02
    0.432879294E-02
    0.418039341E-02
    0.403668554E-02
    0.389754083E-02
    0.376283345E-02
    0.363244008E-02
    0.350623992E-02
    0.338411465E-02
    0.326594850E-02
    0.315162837E-02
    0.304104343E-02
    0.293408535E-02
    0.283064850E-02
    0.273062933E-02
    0.263392689E-02
    0.254044271E-02
    0.245008050E-02
    0.236274635E-02
    0.227834874E-02
    0.219679833E-02
    0.211800810E-02
    0.204189313E-02
    0.196837081E-02
    0.189736063E-02
    0.182878407E-02
    0.176256500E-02
    0.169862887E-02
    0.163690364E-02
    0.157731888E-02
    0.151980616E-02
    0.146429910E-02
    0.141073293E-02
    0.135904495E-02
    0.130917414E-02
    0.126106114E-02
    0.121464847E-02
    0.116988015E-02
    0.112670197E-02
    0.108506124E-02
    0.104490684E-02
    0.100618925E-02
    0.968860307E-03
    0.932873373E-03
    0.898183262E-03
    0.864746074E-03
    0.832519364E-03
    0.801461871E-03
    0.771533715E-03
    0.742696278E-03
    0.714912028E-03
    0.688144698E-03
    0.662359177E-03
    0.637521450E-03
    0.613598536E-03
    0.590558621E-03
    0.568370805E-03
    0.547005243E-03
    0.526433024E-03
    0.506626186E-03
    0.487557787E-03
    0.469201524E-03
    0.451532212E-03
    0.434525363E-03
    0.418157304E-03
    0.402405170E-03
    0.387246884E-03
    0.372661053E-03
    0.358627053E-03
    0.345124874E-03
    0.332135290E-03
    0.319639636E-03
    0.307619889E-03
    0.296058690E-03
    0.284939237E-03
    0.274245236E-03
    0.263961089E-03
    0.254071610E-03
    0.244562187E-03
    0.235418712E-03
    0.226627529E-03
    0.218175473E-03
    0.210049845E-03
    0.202238342E-03
    0.194729160E-03
    0.187510791E-03
    0.180572278E-03
    0.173902892E-03
    0.167492354E-03
    0.161330774E-03
    0.155408505E-03
    0.149716331E-03
    0.144245319E-03
    0.138986835E-03
    0.133932603E-03
    0.129074558E-03
    0.124404994E-03
    0.119916430E-03
    0.115601671E-03
    0.111453772E-03
    0.107466034E-03
    0.103632007E-03
    0.999454753E-04
    0.964004167E-04
    0.929910818E-04
    0.897118706E-04
    0.865574498E-04
    0.835226268E-04
    0.806024502E-04
    0.777921456E-04
    0.750870945E-04
    0.724828647E-04
    0.699752215E-04
    0.675600756E-04
    0.652334909E-04
    0.629917039E-04
    0.608311072E-04
    0.587482160E-04
    0.567397235E-04
    0.548024123E-04
    0.529332905E-04
    0.511293879E-04
    0.493879313E-04
    0.477062654E-04
    0.460818308E-04
    0.445121927E-04
    0.429950504E-04
    0.415281829E-04
    0.401094924E-04
    0.387369656E-04
    0.374087133E-04
    0.361229126E-04
    0.348778504E-04
    0.336718962E-04
    0.325035091E-04
    0.313712081E-04
    0.302736247E-04
    0.292094359E-04
    0.281773977E-04
    0.271763474E-04
    0.262051706E-04
    0.252628114E-04
    0.243482979E-04
    0.234606822E-04
    0.225991087E-04
    0.217627224E-04
    0.209507651E-04
    0.201624942E-04
    0.193972049E-04
    0.186542601E-04
    0.179330369E-04
    0.172329507E-04
    0.165534641E-04
    0.158940449E-04
    0.152542165E-04
    0.146335069E-04
    0.140314794E-04
    0.134477197E-04
    0.128818339E-04
    0.123334392E-04
    0.118021812E-04
    0.112877134E-04
    0.107897132E-04
    0.103078519E-04
    0.984183408E-05
    0.939135747E-05
    0.895614304E-05
    0.853590690E-05
    0.813037518E-05
    0.773929111E-05
    0.736238514E-05
    0.699939728E-05
    0.665007647E-05
    0.631417175E-05
    0.599143071E-05
    0.568160090E-05
    0.538443408E-05
    0.509967742E-05
    0.482708185E-05
    0.456638685E-05
    0.431734811E-05
    0.407970417E-05
    0.385318983E-05
    0.363755195E-05
    0.343252136E-05
    0.323782894E-05
    0.305320579E-05
    0.287837777E-05
    0.271306792E-05
    0.255699169E-05
    0.240987208E-05
    0.227141926E-05
    0.214134426E-05
    0.201935906E-05
    0.190516911E-05
    0.179847711E-05
    0.169899205E-05
    0.160641458E-05
    0.152044503E-05
    0.144078866E-05
    0.136714867E-05
    0.129922461E-05
    0.123672737E-05
    0.117935752E-05
    0.112683008E-05
    0.107885505E-05
    0.103514835E-05
    0.995432851E-06
    0.959431595E-06
    0.926875963E-06
    0.897503760E-06
    0.871057660E-06
    0.847287798E-06
    0.825950527E-06
    0.806812762E-06
    0.789649037E-06
    0.774240292E-06
    0.760378365E-06
    0.747867551E-06
    0.736516696E-06
    0.726145696E-06
    0.716587447E-06
    0.707684282E-06
    0.699287171E-06
    0.691259407E-06
    0.683474427E-06
    0.675816407E-06
    0.668181457E-06
    0.660471030E-06
    0.652602539E-06
    0.644502672E-06
    0.636104056E-06
    0.627353152E-06
    0.618205290E-06
    0.608622482E-06
    0.598579456E-06
    0.588052089E-06
    0.577032110E-06
    0.565514825E-06
    0.553500286E-06
    0.541000953E-06
    0.528030881E-06
    0.514609737E-06
    0.500764931E-06
    0.486525550E-06
    0.471926017E-06
    0.457006172E-06
    0.441803728E-06
    0.426366195E-06
    0.410736434E-06
    0.394963389E-06
    0.379095974E-06
    0.363182680E-06
    0.347273679E-06
    0.331420330E-06
    0.315669845E-06
    0.300072670E-06
    0.284677788E-06
    0.269529505E-06
    0.254673588E-06
    0.240154445E-06
    0.226010150E-06
    0.212283040E-06
    0.199007446E-06
    0.186216182E-06
    0.173942869E-06
    0.162213597E-06
    0.151054065E-06
    0.140487434E-06
    0.130531715E-06
    0.121204316E-06
    0.112518874E-06
    0.104484771E-06
    0.971104144E-07
    0.903999156E-07
    0.843551692E-07
    0.789753886E-07
    0.742563196E-07
    0.701920403E-07
    0.667744557E-07
    0.639925996E-07
    0.618320189E-07
    0.602786635E-07
    0.593163139E-07
    0.589247474E-07
    0.590837422E-07
    0.597724569E-07
    0.609667738E-07
    0.626419803E-07
    0.647729890E-07
    0.673335458E-07
    0.702958249E-07
    0.736330059E-07
    0.773165797E-07
    0.813169827E-07
    0.856077710E-07
    0.901581668E-07
    0.949391866E-07
    0.999236787E-07
    0.105081419E-06
    0.110386389E-06
    0.115808809E-06
    0.121322078E-06
    0.126901691E-06
    0.132518674E-06
    0.138149515E-06
    0.143770838E-06
    0.149357251E-06
    0.154887477E-06
    0.160340990E-06
    0.165694697E-06
    0.170931343E-06
    0.176032644E-06
    0.180980804E-06
    0.185758027E-06
    0.190353322E-06
    0.194749263E-06
    0.198935258E-06
    0.202900356E-06
    0.206632578E-06
    0.210123975E-06
    0.213366211E-06
    0.216352720E-06
    0.219077268E-06
    0.221535746E-06
    0.223723752E-06
    0.225640213E-06
    0.227280902E-06
    0.228648415E-06
    0.229740545E-06
    0.230560061E-06
    0.231106891E-06
    0.231387523E-06
    0.231402510E-06
    0.231157251E-06
    0.230657126E-06
    0.229907670E-06
    0.228913556E-06
    0.227684988E-06
    0.226225375E-06
    0.224545419E-06
    0.222652981E-06
    0.220556739E-06
    0.218263819E-06
    0.215785886E-06
    0.213131853E-06
    0.210308850E-06
    0.207330973E-06
    0.204204912E-06
    0.200941895E-06
    0.197552026E-06
    0.194046018E-06
    0.190431533E-06
    0.186721910E-06
    0.182923500E-06
    0.179048535E-06
    0.175105942E-06
    0.171104406E-06
    0.167054862E-06
    0.162965045E-06
    0.158843940E-06
    0.154700423E-06
    0.150542869E-06
    0.146378144E-06
    0.142215183E-06
    0.138060372E-06
    0.133920923E-06
    0.129804143E-06
    0.125715865E-06
    0.121661353E-06
    0.117647947E-06
    0.113679605E-06
    0.109761599E-06
    0.105898148E-06
    0.102094965E-06
    0.983536994E-07
    0.946794237E-07
    0.910755595E-07
    0.875434742E-07
    0.840870581E-07
    0.807082172E-07
    0.774087782E-07
    0.741903097E-07
    0.710554448E-07
    0.680028449E-07
    0.650361917E-07
    0.621539625E-07
    0.593575541E-07
    0.566472120E-07
    0.540224513E-07
    0.514831824E-07
    0.490292553E-07
    0.466595421E-07
    0.443735982E-07
    0.421705100E-07
    0.400489610E-07
    0.380080131E-07
    0.360465987E-07
    0.341626658E-07
    0.323551741E-07
    0.306225630E-07
    0.289628963E-07
    0.273744968E-07
    0.258557046E-07
    0.244048985E-07
    0.230193597E-07
    0.216985397E-07
    0.204393541E-07
    0.192403797E-07
    0.180994341E-07
    0.170149156E-07
    0.159843688E-07
    0.150065687E-07
    0.140789646E-07
    0.131997733E-07
    0.123675643E-07
    0.115797066E-07
    0.108350952E-07
    0.101315761E-07
    0.946729460E-08
    0.884074074E-08
    0.825016357E-08
    0.769387558E-08
    0.717039457E-08
    0.667803922E-08
    0.621534069E-08
    0.578092706E-08
    0.537326366E-08
    0.499093504E-08
    0.463281156E-08
    0.429751046E-08
    0.398384733E-08
    0.369054687E-08
    0.341669542E-08
    0.316095511E-08
    0.292242327E-08
    0.270019609E-08
    0.249306365E-08
    0.230035803E-08
    0.212111277E-08
    0.195460064E-08
    0.179988530E-08
    0.165642459E-08
    0.152324036E-08
    0.139993302E-08
    0.128571952E-08
    0.118003173E-08
    0.108238356E-08
    0.992092274E-09
    0.908729300E-09
    0.831853221E-09
    0.760949681E-09
    0.695659680E-09
    0.635529575E-09
    0.580223478E-09
    0.529378949E-09
    0.482697636E-09
    0.439815863E-09
    0.400488080E-09
    0.364443466E-09
    0.331438419E-09
    0.301213730E-09
    0.273575086E-09
    0.248337709E-09
    0.225242073E-09
    0.204200320E-09
    0.184987219E-09
    0.167477151E-09
    0.151527993E-09
    0.137029585E-09
    0.123827471E-09
    0.111831974E-09
    0.100941490E-09
    0.910390875E-10
    0.820813636E-10
    0.739465149E-10
    0.665908104E-10
    0.599284250E-10
    0.538889685E-10
    0.484453797E-10
    0.435222945E-10
    0.390794774E-10
    0.350688771E-10
    0.314505265E-10
    0.281924719E-10
    0.252615750E-10
    0.226228135E-10
    0.202461069E-10
    0.181123797E-10
    0.161956726E-10
    0.144756466E-10
    0.129290470E-10
    0.115468664E-10
    0.103054721E-10
    0.918945292E-11
    0.819733443E-11
    0.730495404E-11
    0.650969147E-11
    0.579777087E-11
    0.516366017E-11
    0.459239245E-11
    0.408796732E-11
    0.363432957E-11
    0.323182132E-11
    0.287365853E-11
    0.255380392E-11
    0.226908195E-11
    0.201405063E-11
    0.178771930E-11
    0.158805180E-11
    0.140815535E-11
    0.124985374E-11
    0.110740669E-11
    0.982219556E-12
    0.871027935E-12
    0.772148293E-12
    0.683933475E-12
    0.605725532E-12
    0.536738965E-12
    0.475663084E-12
    0.421412579E-12
    0.372801740E-12
    0.330590243E-12
    0.291912925E-12
    0.258489403E-12
    0.229135703E-12
    0.202935577E-12
    0.179414623E-12
    0.158984183E-12
    0.140423570E-12
    0.124252239E-12
    0.110155435E-12
    0.971477277E-13
    0.860380845E-13
    0.760625390E-13
    0.671024979E-13
    0.592464231E-13
    0.521916576E-13
    0.462815211E-13
    0.407791885E-13
    0.359530390E-13
    0.317553952E-13
    0.279441339E-13
    0.247901400E-13
    0.218421382E-13
    0.192714203E-13
    0.169622781E-13
    0.150020089E-13
    0.132771866E-13
    0.117279545E-13
    0.103051637E-13
    0.908187390E-14
    0.800724025E-14
    0.696527322E-14
    0.621065339E-14
    0.551067550E-14
    0.478255550E-14
    0.416431614E-14
    0.368247375E-14
    0.320132228E-14
    0.287873210E-14
    0.250457793E-14
    0.216974781E-14
    0.192333482E-14
    0.166196772E-14
    0.144983404E-14
    0.128128295E-14
    0.113298448E-14
    0.100118567E-14
    0.861110051E-15
    0.781282395E-15
    0.688593304E-15
    0.592753870E-15
    0.532506492E-15
    0.453366802E-15
    0.392814083E-15
    0.360156275E-15
    0.318927093E-15
    0.270257296E-15
    0.237042995E-15
    0.197913002E-15
    0.190640611E-15
    0.164419056E-15
    0.145511942E-15
    0.128926686E-15
    0.113432928E-15
    0.946218857E-16
    0.867169248E-16
    0.795669309E-16
    0.712937463E-16
    0.718951667E-16
    0.688305325E-16
    0.709889210E-16
    0.573789028E-16
    0.495217896E-16
    0.482249548E-16
    0.456766287E-16
    0.383933476E-16
    0.446012313E-16
    0.397784911E-16
    0.352852236E-16
    0.404378663E-16
    0.369260922E-16
    0.316928283E-16
    0.321246123E-16
    0.345320730E-16
    0.332186717E-16
    0.271728325E-16
    0.307556955E-16
    0.228241280E-16
    0.243685189E-16
    0.358860716E-16
    0.360828575E-16
    0.261713770E-16
    0.265343836E-16
    0.196167564E-16
    0.253188709E-16
    0.303817551E-16
    0.215059514E-16
    0.246896612E-16
    0.295180305E-16
    0.282414156E-16
    0.335703913E-16
    0.314610964E-16
    0.255830626E-16
    0.331326252E-16
    0.265351822E-16
    0.271803477E-16
    0.257661168E-16
    0.324646694E-16
    0.273242167E-16
    0.216398603E-16
    0.282213685E-16
    0.246200793E-16
    0.279024947E-16
    0.291046238E-16
    0.288196446E-16
    0.321125951E-16
    0.295056163E-16
    0.229284149E-16
    0.216183621E-16
    0.265613680E-16
    0.381119697E-16
    0.240945893E-16
    0.263606682E-16
    0.260929695E-16
    0.296944020E-16
    0.250339778E-16
    0.301505443E-16
    0.231187489E-16
    0.286822159E-16
    0.312036164E-16
    0.324741189E-16
    0.285350613E-16
    0.320218413E-16
    0.229540596E-16
    0.244514478E-16
    0.313506198E-16
    0.260298831E-16
    0.340182568E-16
    0.328670674E-16
    0.169451481E-16
    0.286559290E-16
    0.235219187E-16
    0.170236400E-16
    0.225914623E-16
    0.284905333E-16
    0.237847114E-16
    0.263463454E-16
    0.278005179E-16
    0.207199764E-16
    0.237459371E-16
    0.275385045E-16
    0.266680698E-16
    0.260688246E-16
    0.320136229E-16
    0.218357329E-16
    0.267661255E-16
    0.256537191E-16
    0.281671775E-16
    0.261488845E-16
    0.298342598E-16
    0.364734728E-16
    0.304421680E-16
    0.295520096E-16
    0.260335546E-16
    0.317955811E-16
    0.293690410E-16
    0.302470853E-16
    0.277781235E-16
    0.342969963E-16
    0.289146770E-16
    0.252057281E-16
    0.274161738E-16
    0.223537075E-16
    0.243450650E-16
    0.272851686E-16
    0.226034066E-16
    0.251330198E-16
    0.234374910E-16
    0.296780195E-16
    0.310190716E-16
    0.256138739E-16
    0.273730396E-16
    0.182468684E-16
    0.234669835E-16
    0.260941071E-16
    0.292296886E-16
    0.197309837E-16
    0.251752174E-16
    0.293312522E-16
    0.221934775E-16
    0.348769188E-16
    0.322609561E-16
    0.220951154E-16
    0.311626327E-16
    0.267009732E-16
    0.242356518E-16
    0.319621067E-16
    0.324538631E-16
    0.271996589E-16
    0.254225012E-16
    0.277726750E-16
    0.259624308E-16
    0.297802547E-16
    0.297151957E-16
    0.260280458E-16
    0.240754838E-16
    0.237092452E-16
    0.192933498E-16
    0.241191523E-16
    0.268415163E-16
    0.314497748E-16
    0.248753934E-16
    0.241507498E-16
    0.203285977E-16
    0.246479250E-16
    0.255978875E-16
    0.249411916E-16
    0.309028254E-16
    0.280518780E-16
    0.238573428E-16
    0.287047805E-16
    0.283591651E-16
    0.289938698E-16
    0.291099326E-16
    0.264687002E-16
    0.306538540E-16
    0.290986073E-16
    0.311003071E-16
    0.300355796E-16
    0.220669970E-16
    0.311104172E-16
    0.219396865E-16
    0.300502666E-16
    0.234287304E-16
    0.260770310E-16
    0.213853217E-16
    0.210818548E-16
    0.297393087E-16
    0.189976084E-16
    0.288255679E-16
    0.305521905E-16
    0.271275368E-16
    0.241165151E-16
    0.292793095E-16
    0.215891901E-16
    0.268429545E-16
    0.307805715E-16
    0.225161246E-16
    0.287595562E-16
    0.274279150E-16
    0.237686106E-16
    0.270775691E-16
    0.383472388E-16
    0.210284551E-16
    0.416931314E-16
    0.307346925E-16
    0.248058733E-16
    0.321340525E-16
    0.276288547E-16
    0.230661495E-16
    0.268838253E-16
    0.244692934E-16
    0.217864592E-16
    0.275516102E-16
    0.289165848E-16
    0.208538192E-16
    0.249847586E-16
    0.342489229E-16
    0.216612483E-16
    0.215378461E-16
    0.282574434E-16
    0.274342047E-16
    0.258813310E-16
    0.315581888E-16
    0.257636862E-16
    0.239534381E-16
    0.289825735E-16
    0.256552195E-16
    0.292284742E-16
    0.276857117E-16
    0.263520206E-16
    0.331302376E-16
    0.307430565E-16
    0.255811607E-16
    0.347316494E-16
    0.292681680E-16
    0.237069129E-16
    0.274489340E-16
    0.308404507E-16
    0.279027262E-16
    0.200554539E-16
    0.269969184E-16
    0.204045897E-16
    0.299128351E-16
    0.227959809E-16
    0.298377902E-16
    0.218944483E-16
    0.272870971E-16
    0.309595513E-16
    0.244860989E-16
    0.298646254E-16
    0.203784614E-16
    0.236918674E-16
    0.284964291E-16
    0.286476752E-16
    0.241681762E-16
    0.284527309E-16
    0.267213045E-16
    0.255362392E-16
    0.268561035E-16
    0.278126081E-16
    0.356232351E-16
    0.221992350E-16
    0.295449718E-16
    0.322011811E-16
    0.291095779E-16
    0.251104622E-16
    0.289324038E-16
    0.299492583E-16
    0.244435879E-16
    0.229794100E-16
    0.272673444E-16
    0.246596142E-16
    0.270396625E-16
    0.277714753E-16
    0.249772515E-16
    0.270374823E-16
    0.223889012E-16
    0.331172836E-16
    0.243088744E-16
    0.289559506E-16
    0.222634093E-16
    0.260519783E-16
    0.281953335E-16
    0.240357868E-16
    0.261225075E-16
    0.237116732E-16
    0.409170312E-16
    0.264661815E-16
    0.255251766E-16
    0.280635813E-16
    0.294356728E-16
    0.205851896E-16
    0.360357434E-16
    0.325566809E-16
    0.306775209E-16
    0.250884290E-16
    0.276451206E-16
    0.272468870E-16
    0.273904640E-16
    0.281928455E-16
    0.241662403E-16
    0.286885052E-16
    0.244679713E-16
    0.318241775E-16
    0.209561163E-16
    0.322393671E-16
    0.253120216E-16
    0.258737608E-16
    0.304650616E-16
    0.227191709E-16
    0.248263293E-16
    0.266401825E-16
    0.231196254E-16
    0.280486027E-16
    0.284529748E-16
    0.245837704E-16
    0.312749379E-16
    0.296820075E-16
    0.283946413E-16
    0.310888482E-16
    0.283884372E-16
    0.252866162E-16
    0.332538654E-16
    0.304299160E-16
    0.249770417E-16
    0.244810848E-16
    0.279124870E-16
    0.255249280E-16
    0.281200984E-16
    0.308707781E-16
    0.206672678E-16
    0.360816555E-16
    0.229727877E-16
    0.308094444E-16
    0.263537194E-16
    0.261003377E-16
    0.272612591E-16
    0.262284458E-16
    0.316099397E-16
    0.176434149E-16
    0.253251433E-16
    0.293768095E-16
    0.246006453E-16
    0.268500814E-16
    0.254052661E-16
    0.259546434E-16
    0.254077228E-16
    0.369528421E-16
    0.255057791E-16
    0.340266353E-16
    0.217827565E-16
    0.294596416E-16
    0.240440927E-16
    0.338392953E-16
    0.222379989E-16
    0.279784962E-16
    0.309966808E-16
    0.245607951E-16
    0.248287339E-16
    0.297936669E-16
    0.252827616E-16
    0.310338480E-16
    0.276363045E-16
    0.268665845E-16
    0.278256613E-16
    0.240637058E-16
    0.354943550E-16
    0.287663554E-16
    0.263194998E-16
    0.215697146E-16
    0.227432405E-16
    0.276123742E-16
    0.242410363E-16
    0.321878606E-16
    0.262065177E-16
    0.332540778E-16
    0.300487681E-16
    0.350994010E-16
    0.284669030E-16
    0.313938669E-16
    0.222433014E-16
    0.360135868E-16
    0.255276946E-16
    0.304968424E-16
    0.211062372E-16
    0.253290160E-16
    0.344838199E-16
    0.252832703E-16
    0.262918434E-16
    0.299461516E-16
    0.326356095E-16
    0.242276913E-16
    0.280373164E-16
    0.233911082E-16
    0.295727924E-16
    0.224979770E-16
    0.344758907E-16
    0.323585247E-16
    0.282674250E-16
    0.288636910E-16
    0.256460162E-16
    0.342226140E-16
    0.283151417E-16
    0.255215151E-16
    0.255326500E-16
    0.291960042E-16
    0.313918078E-16
    0.297313043E-16
    0.328179063E-16
    0.296496285E-16
    0.206056475E-16
    0.342272351E-16
    0.297678863E-16
    0.209756801E-16
    0.219207628E-16
    0.259519249E-16
    0.373488884E-16
    0.270625002E-16
    0.240402207E-16
    0.201289963E-16
    0.432659898E-16
    0.282917605E-16
    0.288253162E-16
    0.269079928E-16
    0.280001178E-16
    0.209816805E-16
    0.265029988E-16
    0.274254442E-16
    0.298675680E-16
    0.287586498E-16
    0.294917681E-16
    0.334453656E-16
    0.380985283E-16
    0.282320946E-16
    0.259936607E-16
    0.361712166E-16
    0.336381035E-16
    0.358838572E-16
    0.274223254E-16
    0.271893647E-16
    0.236311045E-16
    0.270430540E-16
    0.308059769E-16
    0.354087753E-16
    0.265704005E-16
    0.273590479E-16
    0.326753468E-16
    0.229972999E-16
    0.321684475E-16
    0.251144948E-16
    0.307059594E-16
    0.297069497E-16
    0.288123711E-16
    0.212159531E-16
    0.322587802E-16
    0.232368325E-16
    0.305203584E-16
    0.341562719E-16
    0.324589577E-16
    0.419388309E-16
    0.369304683E-16
    0.348184922E-16
    0.285573440E-16
    0.329488391E-16
    0.254505806E-16
    0.302789694E-16
    0.304696123E-16
    0.291077801E-16
    0.231458211E-16
    0.279307757E-16
    0.297763200E-16
    0.367593106E-16
    0.286052655E-16
    0.260258215E-16
    0.435226232E-16
    0.285790875E-16
    0.268426359E-16
    0.279668176E-16
    0.362198321E-16
    0.284865435E-16
    0.290753458E-16
    0.293688344E-16
    0.266512517E-16
    0.254339036E-16
    0.305689000E-16
    0.236075817E-16
    0.335262237E-16
    0.311468829E-16
    0.375342765E-16
    0.311178225E-16
    0.391997600E-16
    0.331102813E-16
    0.410057041E-16
    0.450204239E-16
    0.381251899E-16
    0.301107317E-16
    0.477654053E-16
    0.522803700E-16
    0.420554534E-16
    0.365114740E-16
    0.261477596E-16
    0.395541314E-16
    0.275435562E-16
    0.306681792E-16
    0.462678034E-16
    0.312258169E-16
    0.350389136E-16
    0.386192400E-16
    0.395050279E-16
    0.288918745E-16
    0.210123993E-16
    0.307851388E-16
    0.319057666E-16
    0.291610768E-16
    0.299512504E-16
    0.246188015E-16
    0.327096966E-16
    0.228535289E-16
    0.397671261E-16
    0.292564307E-16
    0.209104309E-16
    0.255818472E-16
    0.334903792E-16
    0.308919228E-16
    0.274439294E-16
    0.356750532E-16
    0.401628844E-16
    0.305391549E-16
    0.246505137E-16
    0.268359182E-16
    0.250063476E-16
    0.254625250E-16
    0.217345803E-16
    0.309050002E-16
    0.286752422E-16
    0.271323043E-16
    0.290182058E-16
    0.315088343E-16
    0.316373629E-16
    0.257489296E-16
    0.210969492E-16
    0.222021381E-16
    0.244681871E-16
    0.299600630E-16
    0.246479119E-16
    0.342196679E-16
    0.353394074E-16
    0.447635460E-16
    0.442788820E-16
    0.263344124E-16
    0.251982493E-16
    0.237662152E-16
    0.311273827E-16
    0.251035965E-16
    0.209704062E-16
    0.287746935E-16
    0.313151963E-16
    0.289123254E-16
    0.377292515E-16
    0.321216179E-16
    0.346321994E-16
    0.304109930E-16
    0.392814734E-16
    0.503930458E-16
    0.392255164E-16
    0.389530108E-16
    0.371705926E-16
    0.399641914E-16
    0.406917064E-16
    0.311640833E-16
    0.272814603E-16
    0.290363291E-16
    0.330308396E-16
    0.306087987E-16
    0.254718109E-16
    0.295050793E-16
    0.375347163E-16
    0.373538149E-16
    0.220435964E-16
    0.241363669E-16
    0.303183997E-16
    0.308582598E-16
    0.249674878E-16
    0.278389381E-16
    0.323648912E-16
    0.290592112E-16
    0.264629182E-16
    0.245084031E-16
    0.304707967E-16
    0.215250920E-16
    0.255169388E-16
    0.295787649E-16
    0.179874328E-16
    0.203428855E-16
    0.257092135E-16
    0.289156298E-16
    0.237423827E-16
    0.314147206E-16
    0.218265927E-16
    0.344069833E-16
    0.312150258E-16
    0.254564982E-16
    0.239818679E-16
    0.370398905E-16
    0.402098060E-16
    0.380776720E-16
    0.262510773E-16
    0.281641863E-16
    0.303104537E-16
    0.347884031E-16
    0.286994647E-16
    0.329505476E-16
    0.302536474E-16
