 #tdnd tdcion
    0.229326392E-16
    0.274918794E-16
    0.324667224E-16
    0.251094149E-16
    0.286210576E-16
    0.222223558E-16
    0.261911053E-16
    0.262550988E-16
    0.320092257E-16
    0.312512920E-16
    0.230003503E-16
    0.274292206E-16
    0.220058995E-16
    0.305914150E-16
    0.291379946E-16
    0.333391305E-16
    0.350548666E-16
    0.295343938E-16
    0.301612114E-16
    0.265636497E-16
    0.428146194E-16
    0.443006468E-16
    0.370721599E-16
    0.443592494E-16
    0.365067601E-16
    0.434664594E-16
    0.364634577E-16
    0.438941963E-16
    0.372908926E-16
    0.320746477E-16
    0.275028037E-16
    0.335496565E-16
    0.263796547E-16
    0.259619562E-16
    0.195051757E-16
    0.329218837E-16
    0.369793851E-16
    0.341224671E-16
    0.339583760E-16
    0.433011891E-16
    0.300269932E-16
    0.260546796E-16
    0.342661619E-16
    0.285252061E-16
    0.317212834E-16
    0.264430232E-16
    0.261460432E-16
    0.324255690E-16
    0.399202981E-16
    0.361193389E-16
    0.358092590E-16
    0.249851508E-16
    0.241741866E-16
    0.225101050E-16
    0.230225965E-16
    0.399985202E-16
    0.275059708E-16
    0.296857173E-16
    0.260639029E-16
    0.272324126E-16
    0.274359851E-16
    0.281319111E-16
    0.242937314E-16
    0.240543544E-16
    0.314042212E-16
    0.323331200E-16
    0.310389565E-16
    0.234377239E-16
    0.258825984E-16
    0.245007419E-16
    0.227747073E-16
    0.375157044E-16
    0.318889014E-16
    0.288143355E-16
    0.224696740E-16
    0.276047907E-16
    0.240389578E-16
    0.317675142E-16
    0.313354115E-16
    0.284895081E-16
    0.279404505E-16
    0.253034788E-16
    0.235860168E-16
    0.234846198E-16
    0.318251507E-16
    0.249365891E-16
    0.294369412E-16
    0.277676855E-16
    0.293203256E-16
    0.263812556E-16
    0.273105590E-16
    0.268123223E-16
    0.291121843E-16
    0.393797557E-16
    0.344500687E-16
    0.231237136E-16
    0.227687064E-16
    0.319598395E-16
    0.325441739E-16
    0.308565279E-16
    0.329149162E-16
    0.337428185E-16
    0.266396765E-16
    0.314937646E-16
    0.301985321E-16
    0.264594686E-16
    0.305130142E-16
    0.347187004E-16
    0.286294814E-16
    0.233618542E-16
    0.219897977E-16
    0.221800955E-16
    0.236561235E-16
    0.325464887E-16
    0.271202042E-16
    0.166427039E-16
    0.245137599E-16
    0.207748488E-16
    0.311519868E-16
    0.244193352E-16
    0.332662832E-16
    0.292417715E-16
    0.241616312E-16
    0.361697098E-16
    0.252598027E-16
    0.283616344E-16
    0.234840998E-16
    0.304338820E-16
    0.257969519E-16
    0.246369235E-16
    0.333166211E-16
    0.342030393E-16
    0.312941664E-16
    0.294475478E-16
    0.255423658E-16
    0.266600960E-16
    0.319143168E-16
    0.282064055E-16
    0.292809255E-16
    0.224317019E-16
    0.324001696E-16
    0.303032258E-16
    0.402261523E-16
    0.361517995E-16
    0.362925301E-16
    0.410916666E-16
    0.604416254E-16
    0.707433148E-16
    0.123356455E-15
    0.151074570E-15
    0.237011328E-15
    0.366501853E-15
    0.534655190E-15
    0.850151752E-15
    0.137161262E-14
    0.202604561E-14
    0.312996418E-14
    0.478168892E-14
    0.755221929E-14
    0.118027225E-13
    0.182445717E-13
    0.275260492E-13
    0.423402913E-13
    0.649112800E-13
    0.987922975E-13
    0.150813607E-12
    0.227938675E-12
    0.342797583E-12
    0.520310148E-12
    0.778241402E-12
    0.116117066E-11
    0.173402496E-11
    0.258017291E-11
    0.382879397E-11
    0.566313963E-11
    0.835347540E-11
    0.122768721E-10
    0.180049200E-10
    0.262944836E-10
    0.383247181E-10
    0.556800831E-10
    0.806499892E-10
    0.116521308E-09
    0.167806346E-09
    0.241003309E-09
    0.345219696E-09
    0.492866619E-09
    0.701792704E-09
    0.996373598E-09
    0.141046164E-08
    0.199129789E-08
    0.280306334E-08
    0.393439347E-08
    0.550703317E-08
    0.768630569E-08
    0.106980671E-07
    0.148476191E-07
    0.205488716E-07
    0.283590017E-07
    0.390285431E-07
    0.535619274E-07
    0.733010902E-07
    0.100034219E-06
    0.136137783E-06
    0.184753996E-06
    0.250035451E-06
    0.337442957E-06
    0.454141873E-06
    0.609505274E-06
    0.815752902E-06
    0.108876573E-05
    0.144913501E-05
    0.192344465E-05
    0.254595574E-05
    0.336062443E-05
    0.442374494E-05
    0.580713322E-05
    0.760211553E-05
    0.992449941E-05
    0.129206846E-04
    0.167750593E-04
    0.217193257E-04
    0.280434263E-04
    0.361092746E-04
    0.463670385E-04
    0.593748642E-04
    0.758226129E-04
    0.965600211E-04
    0.122630283E-03
    0.155310194E-03
    0.196156702E-03
    0.247062520E-03
    0.310320393E-03
    0.388698371E-03
    0.485526848E-03
    0.604798770E-03
    0.751284753E-03
    0.930664517E-03
    0.114967568E-02
    0.141628200E-02
    0.173986246E-02
    0.213142113E-02
    0.260382094E-02
    0.317204001E-02
    0.385345256E-02
    0.466813190E-02
    0.563917889E-02
    0.679306875E-02
    0.816001898E-02
    0.977437132E-02
    0.116749865E-01
    0.139056420E-01
    0.165154331E-01
    0.195591554E-01
    0.230976760E-01
    0.271982664E-01
    0.319348918E-01
    0.373884419E-01
    0.436468835E-01
    0.508053119E-01
    0.589659046E-01
    0.682377230E-01
    0.787363714E-01
    0.905834781E-01
    0.103905982E+00
    0.118835210E+00
    0.135505716E+00
    0.154053887E+00
    0.174616290E+00
    0.197327761E+00
    0.222319225E+00
    0.249715278E+00
    0.279631520E+00
    0.312171653E+00
    0.347424421E+00
    0.385460365E+00
    0.426328489E+00
    0.470052889E+00
    0.516629380E+00
    0.566022233E+00
    0.618161103E+00
    0.672938183E+00
    0.730205767E+00
    0.789774254E+00
    0.851410692E+00
    0.914837991E+00
    0.979734879E+00
    0.104573665E+01
    0.111243681E+01
    0.117938970E+01
    0.124611403E+01
    0.131209743E+01
    0.137680196E+01
    0.143967058E+01
    0.150013446E+01
    0.155762107E+01
    0.161156291E+01
    0.166140676E+01
    0.170662321E+01
    0.174671634E+01
    0.178123332E+01
    0.180977360E+01
    0.183199761E+01
    0.184763467E+01
    0.185648974E+01
    0.185844906E+01
    0.185348427E+01
    0.184165486E+01
    0.182310898E+01
    0.179808232E+01
    0.176689511E+01
    0.172994738E+01
    0.168771221E+01
    0.164072740E+01
    0.158958570E+01
    0.153492353E+01
    0.147740887E+01
    0.141772828E+01
    0.135657359E+01
    0.129462844E+01
    0.123255529E+01
    0.117098287E+01
    0.111049476E+01
    0.105161924E+01
    0.994820750E+00
    0.940493024E+00
    0.888954352E+00
    0.840444809E+00
    0.795125654E+00
    0.753080779E+00
    0.714320173E+00
    0.678785218E+00
    0.646355584E+00
    0.616857484E+00
    0.590072965E+00
    0.565749916E+00
    0.543612404E+00
    0.523371054E+00
    0.504733069E+00
    0.487411596E+00
    0.471134173E+00
    0.455650004E+00
    0.440735867E+00
    0.426200587E+00
    0.411887917E+00
    0.397677937E+00
    0.383486937E+00
    0.369265947E+00
    0.354998075E+00
    0.340694823E+00
    0.326391643E+00
    0.312142953E+00
    0.298016868E+00
    0.284089922E+00
    0.270441947E+00
    0.257151387E+00
    0.244291152E+00
    0.231925198E+00
    0.220105882E+00
    0.208872166E+00
    0.198248654E+00
    0.188245455E+00
    0.178858750E+00
    0.170072022E+00
    0.161857779E+00
    0.154179658E+00
    0.146994754E+00
    0.140256043E+00
    0.133914748E+00
    0.127922557E+00
    0.122233559E+00
    0.116805856E+00
    0.111602776E+00
    0.106593691E+00
    0.101754389E+00
    0.970671045E-01
    0.925201568E-01
    0.881073316E-01
    0.838270323E-01
    0.796812813E-01
    0.756746528E-01
    0.718132055E-01
    0.681034665E-01
    0.645515488E-01
    0.611623992E-01
    0.579392449E-01
    0.548832243E-01
    0.519932116E-01
    0.492658232E-01
    0.466955780E-01
    0.442751844E-01
    0.419959282E-01
    0.398481047E-01
    0.378214807E-01
    0.359057427E-01
    0.340908980E-01
    0.323676227E-01
    0.307275230E-01
    0.291633124E-01
    0.276689029E-01
    0.262394090E-01
    0.248710787E-01
    0.235611687E-01
    0.223077707E-01
    0.211096118E-01
    0.199658518E-01
    0.188758786E-01
    0.178391277E-01
    0.168549340E-01
    0.159224128E-01
    0.150403878E-01
    0.142073539E-01
    0.134214788E-01
    0.126806383E-01
    0.119824696E-01
    0.113244485E-01
    0.107039705E-01
    0.101184339E-01
    0.956531847E-02
    0.904224985E-02
    0.854705066E-02
    0.807777618E-02
    0.763272706E-02
    0.721045106E-02
    0.680972639E-02
    0.642953481E-02
    0.606902725E-02
    0.572748427E-02
    0.540427565E-02
    0.509882411E-02
    0.481057205E-02
    0.453895640E-02
    0.428339123E-02
    0.404325742E-02
    0.381790035E-02
    0.360663542E-02
    0.340875596E-02
    0.322354711E-02
    0.305030053E-02
    0.288832861E-02
    0.273697853E-02
    0.259564284E-02
    0.246376837E-02
    0.234086100E-02
    0.222648587E-02
    0.212026701E-02
    0.202188205E-02
    0.193105614E-02
    0.184755492E-02
    0.177117585E-02
    0.170174166E-02
    0.163909302E-02
    0.158308359E-02
    0.153357544E-02
    0.149043773E-02
    0.145354491E-02
    0.142277795E-02
    0.139802547E-02
    0.137918590E-02
    0.136616985E-02
    0.135890310E-02
    0.135732820E-02
    0.136140648E-02
    0.137111920E-02
    0.138646775E-02
    0.140747386E-02
    0.143417849E-02
    0.146664068E-02
    0.150493623E-02
    0.154915589E-02
    0.159940360E-02
    0.165579539E-02
    0.171845764E-02
    0.178752622E-02
    0.186314592E-02
    0.194546995E-02
    0.203465957E-02
    0.213088451E-02
    0.223432296E-02
    0.234516181E-02
    0.246359728E-02
    0.258983443E-02
    0.272408805E-02
    0.286658228E-02
    0.301755044E-02
    0.317723507E-02
    0.334588714E-02
    0.352376614E-02
    0.371113900E-02
    0.390828000E-02
    0.411546984E-02
    0.433299550E-02
    0.456114927E-02
    0.480022866E-02
    0.505053582E-02
    0.531237713E-02
    0.558606276E-02
    0.587190675E-02
    0.617022592E-02
    0.648134011E-02
    0.680557164E-02
    0.714324467E-02
    0.749468505E-02
    0.786021965E-02
    0.824017574E-02
    0.863488038E-02
    0.904466046E-02
    0.946984063E-02
    0.991074401E-02
    0.103676908E-01
    0.108409977E-01
    0.113309772E-01
    0.118379369E-01
    0.123621787E-01
    0.129039981E-01
    0.134636837E-01
    0.140415160E-01
    0.146377670E-01
    0.152526999E-01
    0.158865674E-01
    0.165396114E-01
    0.172120630E-01
    0.179041405E-01
    0.186160496E-01
    0.193479824E-01
    0.201001162E-01
    0.208726139E-01
    0.216656221E-01
    0.224792711E-01
    0.233136747E-01
    0.241689276E-01
    0.250451072E-01
    0.259422720E-01
    0.268604599E-01
    0.277996897E-01
    0.287599588E-01
    0.297412440E-01
    0.307434999E-01
    0.317666592E-01
    0.328106322E-01
    0.338753059E-01
    0.349605446E-01
    0.360661882E-01
    0.371920528E-01
    0.383379307E-01
    0.395035890E-01
    0.406887710E-01
    0.418931939E-01
    0.431165511E-01
    0.443585097E-01
    0.456187130E-01
    0.468967774E-01
    0.481922953E-01
    0.495048334E-01
    0.508339334E-01
    0.521791118E-01
    0.535398607E-01
    0.549156469E-01
    0.563059138E-01
    0.577100796E-01
    0.591275390E-01
    0.605576635E-01
    0.619998018E-01
    0.634532791E-01
    0.649173994E-01
    0.663914439E-01
    0.678746737E-01
    0.693663296E-01
    0.708656314E-01
    0.723717809E-01
    0.738839604E-01
    0.754013351E-01
    0.769230533E-01
    0.784482467E-01
    0.799760318E-01
    0.815055110E-01
    0.830357730E-01
    0.845658935E-01
    0.860949371E-01
    0.876219579E-01
    0.891460002E-01
    0.906660990E-01
    0.921812834E-01
    0.936905750E-01
    0.951929903E-01
    0.966875416E-01
    0.981732385E-01
    0.996490885E-01
    0.101114098E+00
    0.102567275E+00
    0.104007628E+00
    0.105434169E+00
    0.106845913E+00
    0.108241883E+00
    0.109621105E+00
    0.110982613E+00
    0.112325453E+00
    0.113648677E+00
    0.114951350E+00
    0.116232549E+00
    0.117491364E+00
    0.118726900E+00
    0.119938277E+00
    0.121124632E+00
    0.122285120E+00
    0.123418912E+00
    0.124525203E+00
    0.125603205E+00
    0.126652154E+00
    0.127671307E+00
    0.128659945E+00
    0.129617374E+00
    0.130542922E+00
    0.131435946E+00
    0.132295829E+00
    0.133121980E+00
    0.133913837E+00
    0.134670865E+00
    0.135392559E+00
    0.136078445E+00
    0.136728077E+00
    0.137341039E+00
    0.137916948E+00
    0.138455453E+00
    0.138956231E+00
    0.139418993E+00
    0.139843482E+00
    0.140229473E+00
    0.140576775E+00
    0.140885225E+00
    0.141154699E+00
    0.141385099E+00
    0.141576363E+00
    0.141728463E+00
    0.141841399E+00
    0.141915204E+00
    0.141949948E+00
    0.141945725E+00
    0.141902665E+00
    0.141820929E+00
    0.141700705E+00
    0.141542217E+00
    0.141345712E+00
    0.141111472E+00
    0.140839804E+00
    0.140531046E+00
    0.140185561E+00
    0.139803741E+00
    0.139386004E+00
    0.138932792E+00
    0.138444574E+00
    0.137921843E+00
    0.137365115E+00
    0.136774929E+00
    0.136151845E+00
    0.135496445E+00
    0.134809333E+00
    0.134091129E+00
    0.133342476E+00
    0.132564030E+00
    0.131756467E+00
    0.130920478E+00
    0.130056771E+00
    0.129166065E+00
    0.128249093E+00
    0.127306603E+00
    0.126339352E+00
    0.125348107E+00
    0.124333647E+00
    0.123296758E+00
    0.122238234E+00
    0.121158875E+00
    0.120059489E+00
    0.118940887E+00
    0.117803885E+00
    0.116649302E+00
    0.115477959E+00
    0.114290678E+00
    0.113088283E+00
    0.111871597E+00
    0.110641442E+00
    0.109398637E+00
    0.108143999E+00
    0.106878342E+00
    0.105602475E+00
    0.104317202E+00
    0.103023322E+00
    0.101721626E+00
    0.100412899E+00
    0.990979177E-01
    0.977774495E-01
    0.964522547E-01
    0.951230815E-01
    0.937906697E-01
    0.924557466E-01
    0.911190297E-01
    0.897812224E-01
    0.884430183E-01
    0.871050961E-01
    0.857681223E-01
    0.844327492E-01
    0.830996153E-01
    0.817693445E-01
    0.804425460E-01
    0.791198138E-01
    0.778017272E-01
    0.764888490E-01
    0.751817268E-01
    0.738808923E-01
    0.725868606E-01
    0.713001307E-01
    0.700211851E-01
    0.687504894E-01
    0.674884943E-01
    0.662356308E-01
    0.649923153E-01
    0.637589476E-01
    0.625359090E-01
    0.613235665E-01
    0.601222682E-01
    0.589323470E-01
    0.577541188E-01
    0.565878830E-01
    0.554339234E-01
    0.542925071E-01
    0.531638847E-01
    0.520482918E-01
    0.509459491E-01
    0.498570594E-01
    0.487818135E-01
    0.477203846E-01
    0.466729326E-01
    0.456396024E-01
    0.446205246E-01
    0.436158164E-01
    0.426255811E-01
    0.416499080E-01
    0.406888746E-01
    0.397425443E-01
    0.388109690E-01
    0.378941881E-01
    0.369922293E-01
    0.361051089E-01
    0.352328317E-01
    0.343753918E-01
    0.335327731E-01
    0.327049494E-01
    0.318918842E-01
    0.310935323E-01
    0.303098388E-01
    0.295407399E-01
    0.287861639E-01
    0.280460309E-01
    0.273202533E-01
    0.266087358E-01
    0.259113758E-01
    0.252280653E-01
    0.245586882E-01
    0.239031232E-01
    0.232612437E-01
    0.226329166E-01
    0.220180042E-01
    0.214163642E-01
    0.208278493E-01
    0.202523085E-01
    0.196895866E-01
    0.191395247E-01
    0.186019606E-01
    0.180767289E-01
    0.175636622E-01
    0.170625893E-01
    0.165733376E-01
    0.160957321E-01
    0.156295957E-01
    0.151747509E-01
    0.147310172E-01
    0.142982143E-01
    0.138761604E-01
    0.134646727E-01
    0.130635689E-01
    0.126726650E-01
    0.122917781E-01
    0.119207246E-01
    0.115593214E-01
    0.112073856E-01
    0.108647348E-01
    0.105311874E-01
    0.102065625E-01
    0.989068041E-02
    0.958336190E-02
    0.928442949E-02
    0.899370669E-02
    0.871101851E-02
    0.843619137E-02
    0.816905351E-02
    0.790943465E-02
    0.765716633E-02
    0.741208184E-02
    0.717401659E-02
    0.694280788E-02
    0.671829499E-02
    0.650031938E-02
    0.628872458E-02
    0.608335640E-02
    0.588406290E-02
    0.569069421E-02
    0.550310323E-02
    0.532114468E-02
    0.514467587E-02
    0.497355671E-02
    0.480764904E-02
    0.464681755E-02
    0.449092917E-02
    0.433985330E-02
    0.419346177E-02
    0.405162886E-02
    0.391423119E-02
    0.378114823E-02
    0.365226132E-02
    0.352745453E-02
    0.340661451E-02
    0.328962991E-02
    0.317639206E-02
    0.306679465E-02
    0.296073360E-02
    0.285810731E-02
    0.275881637E-02
    0.266276369E-02
    0.256985451E-02
    0.247999627E-02
    0.239309882E-02
    0.230907376E-02
    0.222783530E-02
    0.214929949E-02
    0.207338465E-02
    0.200001121E-02
    0.192910141E-02
    0.186057970E-02
    0.179437240E-02
    0.173040788E-02
    0.166861628E-02
    0.160892969E-02
    0.155128213E-02
    0.149560920E-02
    0.144184843E-02
    0.138993904E-02
    0.133982199E-02
    0.129143984E-02
    0.124473678E-02
    0.119965870E-02
    0.115615287E-02
    0.111416820E-02
    0.107365509E-02
    0.103456534E-02
    0.996852175E-03
    0.960470297E-03
    0.925375630E-03
    0.891525495E-03
    0.858878443E-03
    0.827394370E-03
    0.797034330E-03
    0.767760533E-03
    0.739536439E-03
    0.712326529E-03
    0.686096507E-03
    0.660813065E-03
    0.636443896E-03
    0.612957851E-03
    0.590324565E-03
    0.568514809E-03
    0.547500216E-03
    0.527253264E-03
    0.507747410E-03
    0.488956898E-03
    0.470856819E-03
    0.453423057E-03
    0.436632299E-03
    0.420461939E-03
    0.404890215E-03
    0.389895928E-03
    0.375458669E-03
    0.361558716E-03
    0.348176923E-03
    0.335294813E-03
    0.322894557E-03
    0.310958829E-03
    0.299470964E-03
    0.288414801E-03
    0.277774759E-03
    0.267535711E-03
    0.257683142E-03
    0.248202947E-03
    0.239081472E-03
    0.230305632E-03
    0.221862652E-03
    0.213740291E-03
    0.205926702E-03
    0.198410386E-03
    0.191180288E-03
    0.184225721E-03
    0.177536365E-03
    0.171102205E-03
    0.164913632E-03
    0.158961347E-03
    0.153236324E-03
    0.147729912E-03
    0.142433730E-03
    0.137339678E-03
    0.132439936E-03
    0.127726978E-03
    0.123193518E-03
    0.118832515E-03
    0.114637195E-03
    0.110601025E-03
    0.106717670E-03
    0.102981050E-03
    0.993853019E-04
    0.959247391E-04
    0.925939193E-04
    0.893875588E-04
    0.863006079E-04
    0.833281685E-04
    0.804655417E-04
    0.777082019E-04
    0.750517764E-04
    0.724920933E-04
    0.700251103E-04
    0.676469403E-04
    0.653538976E-04
    0.631423665E-04
    0.610089475E-04
    0.589503410E-04
    0.569633887E-04
    0.550450744E-04
    0.531925131E-04
    0.514029192E-04
    0.496736653E-04
    0.480022065E-04
    0.463861314E-04
    0.448231474E-04
    0.433110435E-04
    0.418477273E-04
    0.404312172E-04
    0.390595972E-04
    0.377310842E-04
    0.364439565E-04
    0.351965820E-04
    0.339874266E-04
    0.328150266E-04
    0.316780046E-04
    0.305750317E-04
    0.295048923E-04
    0.284663958E-04
    0.274584397E-04
    0.264799900E-04
    0.255300352E-04
    0.246076683E-04
    0.237120057E-04
    0.228422104E-04
    0.219975127E-04
    0.211771750E-04
    0.203805004E-04
    0.196068269E-04
    0.188555509E-04
    0.181260895E-04
    0.174178772E-04
    0.167304094E-04
    0.160631914E-04
    0.154157481E-04
    0.147876428E-04
    0.141784604E-04
    0.135877928E-04
    0.130152633E-04
    0.124605037E-04
    0.119231692E-04
    0.114029168E-04
    0.108994336E-04
    0.104123987E-04
    0.994150947E-05
    0.948647518E-05
    0.904700666E-05
    0.862282503E-05
    0.821365413E-05
    0.781922312E-05
    0.743926634E-05
    0.707351335E-05
    0.672171038E-05
    0.638358630E-05
    0.605888459E-05
    0.574734878E-05
    0.544870861E-05
    0.516270742E-05
    0.488907927E-05
    0.462755703E-05
    0.437787609E-05
    0.413976601E-05
    0.391294889E-05
    0.369715762E-05
    0.349210482E-05
    0.329751420E-05
    0.311310140E-05
    0.293857734E-05
    0.277365175E-05
    0.261803100E-05
    0.247141850E-05
    0.233351976E-05
    0.220402895E-05
    0.208264789E-05
    0.196906984E-05
    0.186298967E-05
    0.176410456E-05
    0.167210242E-05
    0.158668164E-05
    0.150753267E-05
    0.143435229E-05
    0.136683679E-05
    0.130468171E-05
    0.124759400E-05
    0.119527309E-05
    0.114742746E-05
    0.110377264E-05
    0.106402360E-05
    0.102790190E-05
    0.995135684E-06
    0.965463284E-06
    0.938626393E-06
    0.914369922E-06
    0.892455239E-06
    0.872648699E-06
    0.854722014E-06
    0.838462660E-06
    0.823662177E-06
    0.810126456E-06
    0.797668472E-06
    0.786111067E-06
    0.775290309E-06
    0.765051594E-06
    0.755251747E-06
    0.745757808E-06
    0.736447275E-06
    0.727208911E-06
    0.717943665E-06
    0.708561040E-06
    0.698981684E-06
    0.689135367E-06
    0.678964577E-06
    0.668418537E-06
    0.657458320E-06
    0.646051744E-06
    0.634178209E-06
    0.621820419E-06
    0.608974546E-06
    0.595639583E-06
    0.581823995E-06
    0.567540257E-06
    0.552811467E-06
    0.537660237E-06
    0.522116730E-06
    0.506217048E-06
    0.489996942E-06
    0.473499496E-06
    0.456769097E-06
    0.439851471E-06
    0.422795829E-06
    0.405650835E-06
    0.388468988E-06
    0.371300509E-06
    0.354196343E-06
    0.337209703E-06
    0.320388490E-06
    0.303783271E-06
    0.287443979E-06
    0.271413892E-06
    0.255740421E-06
    0.240465497E-06
    0.225629206E-06
    0.211268811E-06
    0.197420352E-06
    0.184116848E-06
    0.171385784E-06
    0.159254877E-06
    0.147747553E-06
    0.136884135E-06
    0.126681279E-06
    0.117152493E-06
    0.108310147E-06
    0.100162427E-06
    0.927115722E-07
    0.859614937E-07
    0.799106657E-07
    0.745555714E-07
    0.698902414E-07
    0.659042115E-07
    0.625884932E-07
    0.599279665E-07
    0.579071415E-07
    0.565087768E-07
    0.557129009E-07
    0.554986547E-07
    0.558436945E-07
    0.567228405E-07
    0.581118006E-07
    0.599824625E-07
    0.623097933E-07
    0.650637951E-07
    0.682154143E-07
    0.717372417E-07
    0.755982720E-07
    0.797684019E-07
    0.842189597E-07
    0.889197196E-07
    0.938400809E-07
    0.989517412E-07
    0.104224522E-06
    0.109630183E-06
    0.115141533E-06
    0.120729571E-06
    0.126368330E-06
    0.132032156E-06
    0.137695795E-06
    0.143334893E-06
    0.148926671E-06
    0.154448015E-06
    0.159879394E-06
    0.165199349E-06
    0.170389440E-06
    0.175432785E-06
    0.180311042E-06
    0.185010039E-06
    0.189515532E-06
    0.193813873E-06
    0.197893690E-06
    0.201744446E-06
    0.205356683E-06
    0.208720869E-06
    0.211831076E-06
    0.214681516E-06
    0.217265667E-06
    0.219580544E-06
    0.221624018E-06
    0.223393481E-06
    0.224888807E-06
    0.226108754E-06
    0.227055799E-06
    0.227731153E-06
    0.228137463E-06
    0.228276990E-06
    0.228157275E-06
    0.227780206E-06
    0.227152588E-06
    0.226279757E-06
    0.225169568E-06
    0.223828175E-06
    0.222264485E-06
    0.220485183E-06
    0.218500689E-06
    0.216318187E-06
    0.213946875E-06
    0.211397199E-06
    0.208678140E-06
    0.205799682E-06
    0.202770924E-06
    0.199603481E-06
    0.196305131E-06
    0.192887878E-06
    0.189360830E-06
    0.185734578E-06
    0.182017970E-06
    0.178221711E-06
    0.174354658E-06
    0.170427337E-06
    0.166447594E-06
    0.162424976E-06
    0.158368497E-06
    0.154286813E-06
    0.150187068E-06
    0.146078608E-06
    0.141969402E-06
    0.137864710E-06
    0.133773224E-06
    0.129700783E-06
    0.125654639E-06
    0.121640123E-06
    0.117663336E-06
    0.113729189E-06
    0.109843707E-06
    0.106009662E-06
    0.102233066E-06
    0.985171763E-07
    0.948660459E-07
    0.912821513E-07
    0.877690366E-07
    0.843296749E-07
    0.809653652E-07
    0.776795783E-07
    0.744728997E-07
    0.713474658E-07
    0.683041378E-07
    0.653436355E-07
    0.624672868E-07
    0.596753317E-07
    0.569676701E-07
    0.543444895E-07
    0.518059185E-07
    0.493514030E-07
    0.469803738E-07
    0.446924118E-07
    0.424864085E-07
    0.403610989E-07
    0.383159119E-07
    0.363493547E-07
    0.344601752E-07
    0.326467825E-07
    0.309076810E-07
    0.292413717E-07
    0.276462610E-07
    0.261199908E-07
    0.246618193E-07
    0.232690905E-07
    0.219403850E-07
    0.206732687E-07
    0.194664874E-07
    0.183178515E-07
    0.172253315E-07
    0.161873427E-07
    0.152013975E-07
    0.142662473E-07
    0.133794328E-07
    0.125393829E-07
    0.117444066E-07
    0.109923969E-07
    0.102816952E-07
    0.961052676E-08
    0.897726761E-08
    0.838022094E-08
    0.781761083E-08
    0.728795923E-08
    0.678961220E-08
    0.632120598E-08
    0.588124373E-08
    0.546828891E-08
    0.508094052E-08
    0.471789117E-08
    0.437787126E-08
    0.405971312E-08
    0.376217568E-08
    0.348407315E-08
    0.322453706E-08
    0.298226835E-08
    0.275646352E-08
    0.254594362E-08
    0.235008016E-08
    0.216779916E-08
    0.199832889E-08
    0.184091535E-08
    0.169474485E-08
    0.155924188E-08
    0.143352908E-08
    0.131716117E-08
    0.120946284E-08
    0.110980187E-08
    0.101770441E-08
    0.932646772E-09
    0.854161825E-09
    0.781780226E-09
    0.715037992E-09
    0.653565868E-09
    0.597016800E-09
    0.545013611E-09
    0.497208865E-09
    0.453317463E-09
    0.413019128E-09
    0.376085713E-09
    0.342226526E-09
    0.311240323E-09
    0.282861479E-09
    0.256908867E-09
    0.233216299E-09
    0.211563675E-09
    0.191810205E-09
    0.173771269E-09
    0.157370983E-09
    0.142403145E-09
    0.128793258E-09
    0.116409006E-09
    0.105162362E-09
    0.949482321E-10
    0.856640769E-10
    0.772646047E-10
    0.696388619E-10
    0.627243191E-10
    0.564760832E-10
    0.508159765E-10
    0.457025791E-10
    0.410782753E-10
    0.368965096E-10
    0.331298187E-10
    0.297372301E-10
    0.266725778E-10
    0.239107584E-10
    0.214264816E-10
    0.191888929E-10
    0.171839771E-10
    0.153760877E-10
    0.137557227E-10
    0.122955098E-10
    0.109879731E-10
    0.981859339E-11
    0.876690274E-11
    0.782319630E-11
    0.697809427E-11
    0.622697733E-11
    0.554928715E-11
    0.494682046E-11
    0.440668111E-11
    0.392545148E-11
    0.349388989E-11
    0.310877148E-11
    0.276836267E-11
    0.246068583E-11
    0.218814921E-11
    0.194630156E-11
    0.172909883E-11
    0.153612577E-11
    0.136410691E-11
    0.121045193E-11
    0.107575891E-11
    0.955368544E-12
    0.847286198E-12
    0.751598191E-12
    0.667022832E-12
    0.591438782E-12
    0.525215522E-12
    0.464869537E-12
    0.412384529E-12
    0.364806423E-12
    0.323587321E-12
    0.286911726E-12
    0.253597809E-12
    0.224081796E-12
    0.198474292E-12
    0.175935382E-12
    0.155388763E-12
    0.137745251E-12
    0.121750616E-12
    0.107805744E-12
    0.950102402E-13
    0.842436889E-13
    0.745241004E-13
    0.656893252E-13
    0.581076592E-13
    0.515213001E-13
    0.452242580E-13
    0.400987543E-13
    0.353431540E-13
    0.311996607E-13
    0.276215416E-13
    0.243279311E-13
    0.212808117E-13
    0.188407380E-13
    0.165625546E-13
    0.146191778E-13
    0.128511335E-13
    0.112063657E-13
    0.993516725E-14
    0.868555179E-14
    0.772010696E-14
    0.674617701E-14
    0.584313275E-14
    0.514544238E-14
    0.459146087E-14
    0.405424418E-14
    0.354209694E-14
    0.311847224E-14
    0.271671815E-14
    0.239093442E-14
    0.209499157E-14
    0.187941118E-14
    0.162675723E-14
    0.139348639E-14
    0.123918931E-14
    0.107076664E-14
    0.916715034E-15
    0.833713209E-15
    0.704804670E-15
    0.623723604E-15
    0.555702241E-15
    0.466532450E-15
    0.405272890E-15
    0.372303088E-15
    0.318799459E-15
    0.287306913E-15
    0.254949322E-15
    0.214743753E-15
    0.203523297E-15
    0.163598006E-15
    0.169200757E-15
    0.135684168E-15
    0.122209474E-15
    0.110191744E-15
    0.107590624E-15
    0.910718343E-16
    0.788624112E-16
    0.657805725E-16
    0.646465588E-16
    0.560849657E-16
    0.586889860E-16
    0.561439245E-16
    0.404622909E-16
    0.437701494E-16
    0.360504195E-16
    0.362834163E-16
    0.394653250E-16
    0.337548146E-16
    0.318984418E-16
    0.385031132E-16
    0.292292276E-16
    0.261436698E-16
    0.307169232E-16
    0.291883922E-16
    0.325131449E-16
    0.260982948E-16
    0.337692859E-16
    0.259801529E-16
    0.214854423E-16
    0.292298956E-16
    0.300492013E-16
    0.310158266E-16
    0.226149717E-16
    0.281262206E-16
    0.225012413E-16
    0.248502578E-16
    0.297005424E-16
    0.252417098E-16
    0.271101978E-16
    0.285516050E-16
    0.215923067E-16
    0.299509887E-16
    0.203930219E-16
    0.223105058E-16
    0.258941547E-16
    0.213821688E-16
    0.311770526E-16
    0.310624681E-16
    0.295768452E-16
    0.235448742E-16
    0.273316348E-16
    0.290736816E-16
    0.266400093E-16
    0.204839891E-16
    0.339465879E-16
    0.272077698E-16
    0.302029756E-16
    0.266726092E-16
    0.239896926E-16
    0.266119977E-16
    0.310425275E-16
    0.334565257E-16
    0.248003185E-16
    0.288235368E-16
    0.217032101E-16
    0.211394622E-16
    0.272281295E-16
    0.229136885E-16
    0.218842059E-16
    0.311143888E-16
    0.237596777E-16
    0.285940284E-16
    0.218722590E-16
    0.250758775E-16
    0.242829768E-16
    0.239278747E-16
    0.237077655E-16
    0.288513289E-16
    0.282357942E-16
    0.228988794E-16
    0.236069334E-16
    0.294891405E-16
    0.267892842E-16
    0.281331810E-16
    0.271331485E-16
    0.304191836E-16
    0.233797421E-16
    0.313601540E-16
    0.227653593E-16
    0.254799318E-16
    0.240030460E-16
    0.344979711E-16
    0.287263521E-16
    0.286513416E-16
    0.219108532E-16
    0.245553120E-16
    0.268463689E-16
    0.255783007E-16
    0.226054617E-16
    0.296238930E-16
    0.254542586E-16
    0.280975827E-16
    0.226866552E-16
    0.232344335E-16
    0.212103518E-16
    0.237771091E-16
    0.275686344E-16
    0.268883340E-16
    0.227709250E-16
    0.234663438E-16
    0.236204206E-16
    0.247437614E-16
    0.256319150E-16
    0.302102858E-16
    0.280485581E-16
    0.299322805E-16
    0.265224611E-16
    0.255103210E-16
    0.235893749E-16
    0.178047304E-16
    0.261024282E-16
    0.294430694E-16
    0.350047103E-16
    0.242585140E-16
    0.302555122E-16
    0.279378080E-16
    0.248019595E-16
    0.325937194E-16
    0.241829688E-16
    0.242137357E-16
    0.279518709E-16
    0.250239833E-16
    0.279196680E-16
    0.257419067E-16
    0.233066397E-16
    0.256017486E-16
    0.264541262E-16
    0.268745306E-16
    0.237610699E-16
    0.283319741E-16
    0.199046786E-16
    0.219719516E-16
    0.268707672E-16
    0.259660320E-16
    0.254718504E-16
    0.304920227E-16
    0.262434545E-16
    0.247570396E-16
    0.279214747E-16
    0.199037987E-16
    0.281828596E-16
    0.219075427E-16
    0.287292549E-16
    0.255367337E-16
    0.349119211E-16
    0.247792357E-16
    0.265580843E-16
    0.270716927E-16
    0.255384685E-16
    0.277204712E-16
    0.278285818E-16
    0.200669807E-16
    0.277476275E-16
    0.221730846E-16
    0.280994548E-16
    0.230719627E-16
    0.289551323E-16
    0.328113135E-16
    0.298022084E-16
    0.236654214E-16
    0.215429836E-16
    0.250045054E-16
    0.288884276E-16
    0.253805736E-16
    0.291081698E-16
    0.312440278E-16
    0.296087682E-16
    0.242328616E-16
    0.305780732E-16
    0.203972828E-16
    0.259219455E-16
    0.248678996E-16
    0.288233173E-16
    0.261604321E-16
    0.249430552E-16
    0.237150175E-16
    0.260958070E-16
    0.243943066E-16
    0.239038740E-16
    0.194963388E-16
    0.310480405E-16
    0.301877548E-16
    0.251612606E-16
    0.225386391E-16
    0.271584605E-16
    0.229855591E-16
    0.292268771E-16
    0.274032350E-16
    0.280880959E-16
    0.214973923E-16
    0.258228666E-16
    0.222788234E-16
    0.267087183E-16
    0.267856778E-16
    0.305241465E-16
    0.271554832E-16
    0.304677423E-16
    0.230423398E-16
    0.294577165E-16
    0.278251033E-16
    0.224348282E-16
    0.257306063E-16
    0.275894163E-16
    0.243958152E-16
    0.288433813E-16
    0.263795791E-16
    0.308664318E-16
    0.267141061E-16
    0.226001156E-16
    0.211642801E-16
    0.352060722E-16
    0.253802686E-16
    0.294205090E-16
    0.245507669E-16
    0.245341275E-16
    0.242383304E-16
    0.262225937E-16
    0.295686430E-16
    0.252366107E-16
    0.233587905E-16
    0.279801755E-16
    0.254918317E-16
    0.238391746E-16
    0.253883362E-16
    0.306766348E-16
    0.320494561E-16
    0.324461854E-16
    0.301745296E-16
    0.232519593E-16
    0.264122017E-16
    0.198593131E-16
    0.282293807E-16
    0.255893636E-16
    0.315174865E-16
    0.245262122E-16
    0.235807811E-16
    0.250897584E-16
    0.254676894E-16
    0.235335032E-16
    0.197417195E-16
    0.253544163E-16
    0.273945456E-16
    0.341365610E-16
    0.249762647E-16
    0.264185625E-16
    0.258734910E-16
    0.284353561E-16
    0.329893631E-16
    0.190693271E-16
    0.256236677E-16
    0.291333755E-16
    0.260600644E-16
    0.252257695E-16
    0.249283287E-16
    0.255422717E-16
    0.363677175E-16
    0.297586798E-16
    0.273331881E-16
    0.207792507E-16
    0.256150224E-16
    0.232789280E-16
    0.303927273E-16
    0.224857043E-16
    0.276094747E-16
    0.264692059E-16
    0.322637571E-16
    0.266845822E-16
    0.252696185E-16
    0.234943522E-16
    0.189409472E-16
    0.323251099E-16
    0.295119145E-16
    0.293912722E-16
    0.251936134E-16
    0.238756433E-16
    0.325122181E-16
    0.283388564E-16
    0.261023204E-16
    0.231944010E-16
    0.245443331E-16
    0.307224522E-16
    0.234844408E-16
    0.271585198E-16
    0.260956719E-16
    0.291409835E-16
    0.338264668E-16
    0.252731501E-16
    0.304754091E-16
    0.253538098E-16
    0.235963331E-16
    0.263494104E-16
    0.269290785E-16
    0.290225281E-16
    0.225554168E-16
    0.301472624E-16
    0.312717943E-16
    0.251470530E-16
    0.218444077E-16
    0.243126692E-16
    0.211505368E-16
    0.301996549E-16
    0.309792538E-16
    0.290067883E-16
    0.253518397E-16
    0.241853570E-16
    0.298244673E-16
    0.238485460E-16
    0.261930285E-16
    0.210911015E-16
    0.226605457E-16
    0.316008494E-16
    0.242057648E-16
    0.369483704E-16
    0.242508904E-16
    0.334405724E-16
    0.290365466E-16
    0.314783174E-16
    0.274359938E-16
    0.249847456E-16
    0.243005041E-16
    0.303918454E-16
    0.250808301E-16
    0.251603081E-16
    0.256444712E-16
    0.256206251E-16
    0.294841953E-16
    0.266669923E-16
    0.262804655E-16
    0.217045782E-16
    0.201996774E-16
    0.252596013E-16
    0.320001315E-16
    0.339266159E-16
    0.266405809E-16
    0.217928262E-16
    0.282449003E-16
    0.253358030E-16
    0.285356451E-16
    0.245301946E-16
    0.275826922E-16
    0.260990826E-16
    0.240929390E-16
    0.381665684E-16
    0.305368342E-16
    0.386570793E-16
    0.273554670E-16
    0.264726408E-16
    0.256703011E-16
    0.237573984E-16
    0.255906108E-16
    0.277780657E-16
    0.293175300E-16
    0.339452615E-16
    0.256712212E-16
    0.228994775E-16
    0.263681840E-16
    0.252683128E-16
    0.291356497E-16
    0.227797784E-16
    0.279902437E-16
    0.288087746E-16
    0.286811473E-16
    0.289241131E-16
    0.251118461E-16
    0.217677977E-16
    0.265489087E-16
    0.263194444E-16
    0.310136635E-16
    0.288397494E-16
    0.239667320E-16
    0.304886002E-16
    0.273931273E-16
    0.339253576E-16
    0.297978876E-16
    0.424474071E-16
    0.245675557E-16
    0.334099219E-16
    0.334906111E-16
    0.296158582E-16
    0.256141435E-16
    0.290671669E-16
    0.205489343E-16
    0.322473801E-16
    0.354309083E-16
    0.220841951E-16
    0.251335972E-16
    0.345446197E-16
    0.318491982E-16
    0.229171830E-16
    0.221531979E-16
    0.260695299E-16
    0.311514212E-16
    0.276352021E-16
    0.222725865E-16
    0.193340468E-16
    0.272302635E-16
    0.265265699E-16
    0.335896797E-16
    0.278059401E-16
    0.300698567E-16
    0.276498693E-16
    0.266068437E-16
    0.379597928E-16
    0.280291462E-16
    0.321590075E-16
    0.276023229E-16
    0.308571952E-16
    0.268132534E-16
    0.273398597E-16
    0.279116962E-16
    0.291927638E-16
    0.403749400E-16
    0.307444169E-16
    0.262430287E-16
    0.250019599E-16
    0.308407445E-16
    0.288123763E-16
    0.336207787E-16
    0.243503462E-16
    0.216586088E-16
    0.297696470E-16
    0.351065969E-16
    0.300967400E-16
    0.230104979E-16
    0.244534512E-16
    0.293035410E-16
    0.327751843E-16
    0.268639877E-16
    0.329162018E-16
    0.233680584E-16
    0.328203803E-16
    0.276407571E-16
    0.355982804E-16
    0.307237687E-16
    0.365679889E-16
    0.238822556E-16
    0.262638067E-16
    0.401458990E-16
    0.319043955E-16
    0.446360774E-16
    0.321113929E-16
    0.229942293E-16
    0.313314061E-16
    0.348808666E-16
    0.256848847E-16
    0.295563883E-16
    0.260229521E-16
    0.318951803E-16
    0.255456201E-16
    0.277868616E-16
    0.402099633E-16
    0.338977202E-16
    0.291007994E-16
    0.248434988E-16
    0.330692209E-16
    0.322070134E-16
    0.371700292E-16
    0.377093587E-16
    0.238174687E-16
    0.295647837E-16
    0.274998564E-16
    0.298834698E-16
    0.323740085E-16
    0.310033448E-16
    0.227573044E-16
    0.267234868E-16
    0.343922737E-16
    0.278630985E-16
    0.401554807E-16
    0.322301873E-16
    0.431655321E-16
    0.428992618E-16
    0.434322630E-16
    0.503151002E-16
    0.348340859E-16
    0.315303524E-16
    0.404823179E-16
    0.372828587E-16
    0.368462390E-16
    0.338423259E-16
    0.507697693E-16
    0.368125303E-16
    0.324683255E-16
    0.263129905E-16
    0.294406081E-16
    0.373529192E-16
    0.321673243E-16
    0.405385793E-16
    0.350234902E-16
    0.292875520E-16
    0.245414357E-16
    0.317847193E-16
    0.312029989E-16
    0.315489015E-16
    0.271674505E-16
    0.294288315E-16
    0.358561760E-16
    0.272862874E-16
    0.245099945E-16
    0.229902154E-16
    0.248447099E-16
    0.279257121E-16
    0.343137637E-16
    0.235822480E-16
    0.261713084E-16
    0.319511013E-16
    0.384007573E-16
    0.264842857E-16
    0.195868655E-16
    0.257180367E-16
    0.345595272E-16
    0.237349765E-16
    0.217053703E-16
    0.243884518E-16
    0.292721907E-16
    0.424489189E-16
    0.340794420E-16
    0.242983786E-16
    0.309535032E-16
    0.272676562E-16
    0.331573463E-16
    0.256310855E-16
    0.284934744E-16
    0.269329342E-16
    0.303716261E-16
    0.311815970E-16
    0.314047351E-16
    0.381782089E-16
    0.347189728E-16
    0.292771509E-16
    0.293935057E-16
    0.311745207E-16
    0.264795960E-16
    0.278107924E-16
    0.268665686E-16
    0.295300824E-16
    0.181367418E-16
    0.242443155E-16
    0.423980505E-16
    0.446352511E-16
    0.417137907E-16
    0.352427239E-16
    0.293415316E-16
    0.327664275E-16
    0.403513751E-16
    0.497978341E-16
    0.298428175E-16
    0.297722279E-16
    0.349492066E-16
    0.390208681E-16
    0.347167503E-16
    0.328529567E-16
    0.288777140E-16
    0.265301713E-16
    0.290680241E-16
    0.256390615E-16
    0.264519192E-16
    0.301343996E-16
    0.318278517E-16
    0.213878142E-16
    0.283105460E-16
    0.229351396E-16
    0.338844769E-16
    0.236286802E-16
    0.275760455E-16
    0.214424018E-16
    0.249427810E-16
    0.297240036E-16
    0.257783602E-16
    0.274776316E-16
    0.230193584E-16
    0.212814340E-16
    0.266219393E-16
    0.299045494E-16
    0.240120219E-16
    0.237234407E-16
    0.275701161E-16
    0.313284130E-16
    0.280082814E-16
    0.272002940E-16
    0.360428751E-16
    0.279121123E-16
    0.340206730E-16
    0.254596045E-16
    0.306545513E-16
    0.302468228E-16
    0.267731693E-16
    0.344692292E-16
    0.384666185E-16
    0.324133179E-16
    0.354239854E-16
    0.278193607E-16
    0.292304285E-16
    0.285105942E-16
