 #tdnd tdcion
    0.358272673E-16
    0.337142952E-16
    0.341088779E-16
    0.333982365E-16
    0.307882607E-16
    0.292211120E-16
    0.298444338E-16
    0.347609122E-16
    0.280000023E-16
    0.265972551E-16
    0.316498591E-16
    0.268427057E-16
    0.279198922E-16
    0.194635794E-16
    0.292414581E-16
    0.288374761E-16
    0.331478396E-16
    0.309576869E-16
    0.253295446E-16
    0.295459352E-16
    0.364087194E-16
    0.374708486E-16
    0.315466544E-16
    0.380891745E-16
    0.345503110E-16
    0.323617617E-16
    0.424668461E-16
    0.402944947E-16
    0.349718902E-16
    0.348482991E-16
    0.376804451E-16
    0.225664574E-16
    0.338504117E-16
    0.302606853E-16
    0.284742792E-16
    0.262272875E-16
    0.348508369E-16
    0.352979976E-16
    0.377279547E-16
    0.341356642E-16
    0.329770036E-16
    0.266971283E-16
    0.306578571E-16
    0.229608434E-16
    0.248410265E-16
    0.358234133E-16
    0.346270730E-16
    0.229183271E-16
    0.328120449E-16
    0.346471122E-16
    0.372840420E-16
    0.215373221E-16
    0.363044250E-16
    0.251232983E-16
    0.273212615E-16
    0.254759126E-16
    0.244261768E-16
    0.312067754E-16
    0.318357357E-16
    0.260429535E-16
    0.304928051E-16
    0.291184280E-16
    0.320206763E-16
    0.311690640E-16
    0.270101494E-16
    0.385338544E-16
    0.299468214E-16
    0.326578303E-16
    0.270276106E-16
    0.269297179E-16
    0.253072023E-16
    0.238902508E-16
    0.248144437E-16
    0.290724621E-16
    0.343841846E-16
    0.348063809E-16
    0.274858990E-16
    0.221850060E-16
    0.238423286E-16
    0.321909254E-16
    0.233141126E-16
    0.332200303E-16
    0.230205130E-16
    0.313170664E-16
    0.222119689E-16
    0.237327282E-16
    0.303780950E-16
    0.235127761E-16
    0.261384841E-16
    0.280589753E-16
    0.259012642E-16
    0.275323841E-16
    0.288394970E-16
    0.302957123E-16
    0.275349740E-16
    0.279184198E-16
    0.311777827E-16
    0.218823433E-16
    0.316805382E-16
    0.244600525E-16
    0.233146975E-16
    0.273687866E-16
    0.257928144E-16
    0.216935558E-16
    0.332514252E-16
    0.326116723E-16
    0.275827137E-16
    0.237490663E-16
    0.317815466E-16
    0.248785114E-16
    0.287348606E-16
    0.273995032E-16
    0.364518850E-16
    0.307023647E-16
    0.277330006E-16
    0.271708335E-16
    0.251131572E-16
    0.267854477E-16
    0.225025478E-16
    0.257250017E-16
    0.286666437E-16
    0.347422012E-16
    0.253932605E-16
    0.259260657E-16
    0.255011029E-16
    0.228215150E-16
    0.286956260E-16
    0.259746243E-16
    0.293449018E-16
    0.254024542E-16
    0.256165211E-16
    0.245217634E-16
    0.253260385E-16
    0.297428451E-16
    0.262788954E-16
    0.318022009E-16
    0.259862446E-16
    0.232743463E-16
    0.284878930E-16
    0.281237929E-16
    0.277930732E-16
    0.354974667E-16
    0.342899074E-16
    0.331191570E-16
    0.336559163E-16
    0.480482818E-16
    0.467391613E-16
    0.674363478E-16
    0.865689161E-16
    0.111629323E-15
    0.183219573E-15
    0.281091386E-15
    0.408919411E-15
    0.669985069E-15
    0.946384461E-15
    0.156169800E-14
    0.240614740E-14
    0.386527883E-14
    0.591448125E-14
    0.897926201E-14
    0.139423325E-13
    0.214643944E-13
    0.326116620E-13
    0.501978759E-13
    0.765985540E-13
    0.116848719E-12
    0.177960078E-12
    0.270107802E-12
    0.404648688E-12
    0.608660367E-12
    0.915197032E-12
    0.136494339E-11
    0.203848441E-11
    0.302837033E-11
    0.448040171E-11
    0.662610697E-11
    0.975862813E-11
    0.143390033E-10
    0.210150317E-10
    0.306596897E-10
    0.446722127E-10
    0.648457414E-10
    0.938617940E-10
    0.135492195E-09
    0.195026780E-09
    0.279870408E-09
    0.400587541E-09
    0.571572931E-09
    0.813429391E-09
    0.115424504E-08
    0.163308474E-08
    0.230406998E-08
    0.324170668E-08
    0.454781031E-08
    0.636236551E-08
    0.887555935E-08
    0.123471984E-07
    0.171287051E-07
    0.236952800E-07
    0.326876849E-07
    0.449659430E-07
    0.616852924E-07
    0.843849623E-07
    0.115116642E-06
    0.156606638E-06
    0.212456347E-06
    0.287427449E-06
    0.387778971E-06
    0.521716531E-06
    0.699985528E-06
    0.936570051E-06
    0.124966073E-05
    0.166283322E-05
    0.220650805E-05
    0.291989234E-05
    0.385329555E-05
    0.507109388E-05
    0.665544342E-05
    0.871078516E-05
    0.113695654E-04
    0.147991543E-04
    0.192103920E-04
    0.248680679E-04
    0.321036483E-04
    0.413307399E-04
    0.530638146E-04
    0.679406627E-04
    0.867494492E-04
    0.110461104E-03
    0.140267442E-03
    0.177626898E-03
    0.224318055E-03
    0.282502732E-03
    0.354799639E-03
    0.444370061E-03
    0.555017254E-03
    0.691300871E-03
    0.858668102E-03
    0.106360391E-02
    0.131380027E-02
    0.161834854E-02
    0.198795441E-02
    0.243517707E-02
    0.297469629E-02
    0.362360297E-02
    0.440171927E-02
    0.533194416E-02
    0.644062403E-02
    0.775794889E-02
    0.931836709E-02
    0.111610202E-01
    0.133301863E-01
    0.158757310E-01
    0.188535539E-01
    0.223260218E-01
    0.263623769E-01
    0.310391074E-01
    0.364402622E-01
    0.426576923E-01
    0.497912068E-01
    0.579486119E-01
    0.672456146E-01
    0.778055760E-01
    0.897590798E-01
    0.103243294E+00
    0.118401115E+00
    0.135380051E+00
    0.154330848E+00
    0.175405830E+00
    0.198756936E+00
    0.224533479E+00
    0.252879574E+00
    0.283931301E+00
    0.317813573E+00
    0.354636765E+00
    0.394493123E+00
    0.437453007E+00
    0.483561025E+00
    0.532832126E+00
    0.585247734E+00
    0.640751996E+00
    0.699248292E+00
    0.760596042E+00
    0.824607979E+00
    0.891047977E+00
    0.959629562E+00
    0.103001518E+01
    0.110181641E+01
    0.117459507E+01
    0.124786551E+01
    0.132109785E+01
    0.139372261E+01
    0.146513624E+01
    0.153470801E+01
    0.160178787E+01
    0.166571539E+01
    0.172582955E+01
    0.178147926E+01
    0.183203448E+01
    0.187689761E+01
    0.191551499E+01
    0.194738820E+01
    0.197208500E+01
    0.198924932E+01
    0.199861044E+01
    0.199999067E+01
    0.199331158E+01
    0.197859831E+01
    0.195598198E+01
    0.192569984E+01
    0.188809327E+01
    0.184360338E+01
    0.179276442E+01
    0.173619498E+01
    0.167458715E+01
    0.160869391E+01
    0.153931499E+01
    0.146728154E+01
    0.139344001E+01
    0.131863562E+01
    0.124369588E+01
    0.116941462E+01
    0.109653694E+01
    0.102574547E+01
    0.957648400E+00
    0.892769499E+00
    0.831540508E+00
    0.774296015E+00
    0.721270961E+00
    0.672600810E+00
    0.628324326E+00
    0.588388809E+00
    0.552657603E+00
    0.520919525E+00
    0.492899948E+00
    0.468273066E+00
    0.446674945E+00
    0.427716917E+00
    0.410998846E+00
    0.396121860E+00
    0.382700140E+00
    0.370371422E+00
    0.358805916E+00
    0.347713442E+00
    0.336848615E+00
    0.326014034E+00
    0.315061478E+00
    0.303891224E+00
    0.292449616E+00
    0.280725119E+00
    0.268743139E+00
    0.256559893E+00
    0.244255648E+00
    0.231927688E+00
    0.219683267E+00
    0.207632919E+00
    0.195884310E+00
    0.184536896E+00
    0.173677543E+00
    0.163377192E+00
    0.153688654E+00
    0.144645519E+00
    0.136262097E+00
    0.128534350E+00
    0.121441604E+00
    0.114948943E+00
    0.109010045E+00
    0.103570317E+00
    0.985701011E-01
    0.939478223E-01
    0.896428725E-01
    0.855981530E-01
    0.817621451E-01
    0.780904658E-01
    0.745468710E-01
    0.711037156E-01
    0.677419008E-01
    0.644503728E-01
    0.612252451E-01
    0.580686347E-01
    0.549873178E-01
    0.519912984E-01
    0.490923750E-01
    0.463028053E-01
    0.436341193E-01
    0.410961493E-01
    0.386962943E-01
    0.364390445E-01
    0.343257684E-01
    0.323547248E-01
    0.305212922E-01
    0.288183660E-01
    0.272368670E-01
    0.257663373E-01
    0.243955510E-01
    0.231131119E-01
    0.219079953E-01
    0.207700044E-01
    0.196901208E-01
    0.186607436E-01
    0.176758049E-01
    0.167307789E-01
    0.158225913E-01
    0.149494489E-01
    0.141106124E-01
    0.133061329E-01
    0.125365766E-01
    0.118027589E-01
    0.111055036E-01
    0.104454402E-01
    0.982285249E-02
    0.923757934E-02
    0.868896574E-02
    0.817586684E-02
    0.769669102E-02
    0.724947818E-02
    0.683199840E-02
    0.644186264E-02
    0.607663834E-02
    0.573395146E-02
    0.541157838E-02
    0.510751742E-02
    0.482003413E-02
    0.454768735E-02
    0.428932972E-02
    0.404408993E-02
    0.381133854E-02
    0.359064373E-02
    0.338171940E-02
    0.318437462E-02
    0.299846304E-02
    0.282384099E-02
    0.266033317E-02
    0.250770939E-02
    0.236567117E-02
    0.223384914E-02
    0.211180848E-02
    0.199906248E-02
    0.189508956E-02
    0.179935362E-02
    0.171132431E-02
    0.163049688E-02
    0.155640701E-02
    0.148864425E-02
    0.142685838E-02
    0.137076361E-02
    0.132013599E-02
    0.127480979E-02
    0.123466935E-02
    0.119964025E-02
    0.116967911E-02
    0.114476450E-02
    0.112488805E-02
    0.111004757E-02
    0.110024203E-02
    0.109546878E-02
    0.109572209E-02
    0.110099443E-02
    0.111127841E-02
    0.112656972E-02
    0.114687123E-02
    0.117219595E-02
    0.120257083E-02
    0.123803939E-02
    0.127866355E-02
    0.132452456E-02
    0.137572356E-02
    0.143238058E-02
    0.149463344E-02
    0.156263606E-02
    0.163655641E-02
    0.171657468E-02
    0.180288129E-02
    0.189567522E-02
    0.199516293E-02
    0.210155728E-02
    0.221507699E-02
    0.233594692E-02
    0.246439756E-02
    0.260066569E-02
    0.274499474E-02
    0.289763541E-02
    0.305884573E-02
    0.322889156E-02
    0.340804646E-02
    0.359659219E-02
    0.379481753E-02
    0.400301884E-02
    0.422149888E-02
    0.445056661E-02
    0.469053608E-02
    0.494172613E-02
    0.520445950E-02
    0.547906243E-02
    0.576586351E-02
    0.606519405E-02
    0.637738640E-02
    0.670277503E-02
    0.704169433E-02
    0.739448009E-02
    0.776146767E-02
    0.814299217E-02
    0.853938783E-02
    0.895098807E-02
    0.937812379E-02
    0.982112385E-02
    0.102803143E-01
    0.107560170E-01
    0.112485496E-01
    0.117582248E-01
    0.122853486E-01
    0.128302215E-01
    0.133931353E-01
    0.139743746E-01
    0.145742146E-01
    0.151929207E-01
    0.158307482E-01
    0.164879411E-01
    0.171647312E-01
    0.178613382E-01
    0.185779682E-01
    0.193148133E-01
    0.200720508E-01
    0.208498423E-01
    0.216483336E-01
    0.224676538E-01
    0.233079137E-01
    0.241692064E-01
    0.250516061E-01
    0.259551675E-01
    0.268799246E-01
    0.278258914E-01
    0.287930602E-01
    0.297814019E-01
    0.307908643E-01
    0.318213734E-01
    0.328728313E-01
    0.339451164E-01
    0.350380840E-01
    0.361515641E-01
    0.372853628E-01
    0.384392599E-01
    0.396130122E-01
    0.408063499E-01
    0.420189775E-01
    0.432505744E-01
    0.445007946E-01
    0.457692655E-01
    0.470555896E-01
    0.483593428E-01
    0.496800766E-01
    0.510173160E-01
    0.523705608E-01
    0.537392858E-01
    0.551229415E-01
    0.565209525E-01
    0.579327207E-01
    0.593576222E-01
    0.607950115E-01
    0.622442181E-01
    0.637045508E-01
    0.651752954E-01
    0.666557162E-01
    0.681450564E-01
    0.696425396E-01
    0.711473697E-01
    0.726587308E-01
    0.741757907E-01
    0.756976982E-01
    0.772235861E-01
    0.787525727E-01
    0.802837589E-01
    0.818162355E-01
    0.833490768E-01
    0.848813473E-01
    0.864121003E-01
    0.879403787E-01
    0.894652166E-01
    0.909856415E-01
    0.925006724E-01
    0.940093239E-01
    0.955106059E-01
    0.970035252E-01
    0.984870860E-01
    0.999602921E-01
    0.101422147E+00
    0.102871656E+00
    0.104307826E+00
    0.105729670E+00
    0.107136202E+00
    0.108526447E+00
    0.109899434E+00
    0.111254201E+00
    0.112589795E+00
    0.113905277E+00
    0.115199716E+00
    0.116472197E+00
    0.117721818E+00
    0.118947691E+00
    0.120148949E+00
    0.121324736E+00
    0.122474220E+00
    0.123596585E+00
    0.124691038E+00
    0.125756806E+00
    0.126793139E+00
    0.127799308E+00
    0.128774612E+00
    0.129718373E+00
    0.130629937E+00
    0.131508679E+00
    0.132354000E+00
    0.133165329E+00
    0.133942123E+00
    0.134683869E+00
    0.135390083E+00
    0.136060311E+00
    0.136694130E+00
    0.137291145E+00
    0.137850998E+00
    0.138373356E+00
    0.138857923E+00
    0.139304432E+00
    0.139712651E+00
    0.140082377E+00
    0.140413441E+00
    0.140705708E+00
    0.140959074E+00
    0.141173467E+00
    0.141348848E+00
    0.141485210E+00
    0.141582579E+00
    0.141641011E+00
    0.141660596E+00
    0.141641453E+00
    0.141583732E+00
    0.141487616E+00
    0.141353316E+00
    0.141181072E+00
    0.140971156E+00
    0.140723867E+00
    0.140439530E+00
    0.140118502E+00
    0.139761164E+00
    0.139367924E+00
    0.138939214E+00
    0.138475494E+00
    0.137977247E+00
    0.137444977E+00
    0.136879214E+00
    0.136280508E+00
    0.135649430E+00
    0.134986573E+00
    0.134292548E+00
    0.133567984E+00
    0.132813528E+00
    0.132029846E+00
    0.131217617E+00
    0.130377536E+00
    0.129510312E+00
    0.128616668E+00
    0.127697338E+00
    0.126753069E+00
    0.125784617E+00
    0.124792747E+00
    0.123778235E+00
    0.122741864E+00
    0.121684422E+00
    0.120606703E+00
    0.119509510E+00
    0.118393645E+00
    0.117259915E+00
    0.116109131E+00
    0.114942105E+00
    0.113759648E+00
    0.112562571E+00
    0.111351687E+00
    0.110127803E+00
    0.108891728E+00
    0.107644263E+00
    0.106386208E+00
    0.105118357E+00
    0.103841500E+00
    0.102556418E+00
    0.101263888E+00
    0.999646778E-01
    0.986595472E-01
    0.973492474E-01
    0.960345212E-01
    0.947160988E-01
    0.933947035E-01
    0.920710449E-01
    0.907458219E-01
    0.894197217E-01
    0.880934192E-01
    0.867675757E-01
    0.854428408E-01
    0.841198482E-01
    0.827992201E-01
    0.814815628E-01
    0.801674687E-01
    0.788575152E-01
    0.775522647E-01
    0.762522645E-01
    0.749580458E-01
    0.736701246E-01
    0.723890009E-01
    0.711151589E-01
    0.698490669E-01
    0.685911760E-01
    0.673419222E-01
    0.661017247E-01
    0.648709864E-01
    0.636500948E-01
    0.624394193E-01
    0.612393147E-01
    0.600501187E-01
    0.588721538E-01
    0.577057252E-01
    0.565511228E-01
    0.554086218E-01
    0.542784798E-01
    0.531609399E-01
    0.520562305E-01
    0.509645636E-01
    0.498861368E-01
    0.488211336E-01
    0.477697222E-01
    0.467320569E-01
    0.457082777E-01
    0.446985112E-01
    0.437028703E-01
    0.427214546E-01
    0.417543509E-01
    0.408016338E-01
    0.398633644E-01
    0.389395926E-01
    0.380303567E-01
    0.371356832E-01
    0.362555872E-01
    0.353900737E-01
    0.345391367E-01
    0.337027601E-01
    0.328809188E-01
    0.320735768E-01
    0.312806899E-01
    0.305022052E-01
    0.297380609E-01
    0.289881866E-01
    0.282525052E-01
    0.275309314E-01
    0.268233725E-01
    0.261297298E-01
    0.254498971E-01
    0.247837625E-01
    0.241312082E-01
    0.234921108E-01
    0.228663417E-01
    0.222537667E-01
    0.216542478E-01
    0.210676419E-01
    0.204938022E-01
    0.199325782E-01
    0.193838153E-01
    0.188473564E-01
    0.183230404E-01
    0.178107043E-01
    0.173101822E-01
    0.168213062E-01
    0.163439063E-01
    0.158778103E-01
    0.154228451E-01
    0.149788358E-01
    0.145456067E-01
    0.141229810E-01
    0.137107811E-01
    0.133088291E-01
    0.129169466E-01
    0.125349550E-01
    0.121626760E-01
    0.117999309E-01
    0.114465420E-01
    0.111023317E-01
    0.107671228E-01
    0.104407391E-01
    0.101230057E-01
    0.981374779E-02
    0.951279257E-02
    0.921996777E-02
    0.893510289E-02
    0.865802872E-02
    0.838857748E-02
    0.812658327E-02
    0.787188153E-02
    0.762430971E-02
    0.738370705E-02
    0.714991456E-02
    0.692277536E-02
    0.670213460E-02
    0.648783942E-02
    0.627973895E-02
    0.607768462E-02
    0.588153010E-02
    0.569113110E-02
    0.550634591E-02
    0.532703460E-02
    0.515305981E-02
    0.498428661E-02
    0.482058221E-02
    0.466181614E-02
    0.450786033E-02
    0.435858932E-02
    0.421387942E-02
    0.407360979E-02
    0.393766182E-02
    0.380591913E-02
    0.367826774E-02
    0.355459610E-02
    0.343479490E-02
    0.331875690E-02
    0.320637763E-02
    0.309755451E-02
    0.299218734E-02
    0.289017826E-02
    0.279143134E-02
    0.269585316E-02
    0.260335222E-02
    0.251383931E-02
    0.242722731E-02
    0.234343122E-02
    0.226236799E-02
    0.218395666E-02
    0.210811832E-02
    0.203477600E-02
    0.196385472E-02
    0.189528132E-02
    0.182898457E-02
    0.176489512E-02
    0.170294546E-02
    0.164306971E-02
    0.158520405E-02
    0.152928605E-02
    0.147525511E-02
    0.142305238E-02
    0.137262047E-02
    0.132390357E-02
    0.127684772E-02
    0.123140007E-02
    0.118750957E-02
    0.114512640E-02
    0.110420236E-02
    0.106469055E-02
    0.102654537E-02
    0.989722687E-03
    0.954179502E-03
    0.919874189E-03
    0.886766394E-03
    0.854816801E-03
    0.823987400E-03
    0.794241295E-03
    0.765542677E-03
    0.737856814E-03
    0.711150054E-03
    0.685389774E-03
    0.660544339E-03
    0.636583131E-03
    0.613476372E-03
    0.591195262E-03
    0.569711951E-03
    0.548999373E-03
    0.529031384E-03
    0.509782552E-03
    0.491228411E-03
    0.473345082E-03
    0.456109557E-03
    0.439499548E-03
    0.423493462E-03
    0.408070389E-03
    0.393210085E-03
    0.378893003E-03
    0.365100128E-03
    0.351813194E-03
    0.339014422E-03
    0.326686625E-03
    0.314813223E-03
    0.303378114E-03
    0.292365773E-03
    0.281761163E-03
    0.271549752E-03
    0.261717442E-03
    0.252250680E-03
    0.243136296E-03
    0.234361560E-03
    0.225914190E-03
    0.217782301E-03
    0.209954419E-03
    0.202419409E-03
    0.195166546E-03
    0.188185443E-03
    0.181466100E-03
    0.174998777E-03
    0.168774152E-03
    0.162783145E-03
    0.157016986E-03
    0.151467261E-03
    0.146125800E-03
    0.140984659E-03
    0.136036298E-03
    0.131273284E-03
    0.126688541E-03
    0.122275173E-03
    0.118026552E-03
    0.113936297E-03
    0.109998192E-03
    0.106206291E-03
    0.102554815E-03
    0.990381989E-04
    0.956511217E-04
    0.923883723E-04
    0.892449716E-04
    0.862161179E-04
    0.832971734E-04
    0.804836845E-04
    0.777713447E-04
    0.751560234E-04
    0.726337268E-04
    0.702006554E-04
    0.678531034E-04
    0.655875356E-04
    0.634005682E-04
    0.612889307E-04
    0.592495144E-04
    0.572792972E-04
    0.553754322E-04
    0.535351501E-04
    0.517558262E-04
    0.500349543E-04
    0.483701114E-04
    0.467590284E-04
    0.451994908E-04
    0.436894357E-04
    0.422268539E-04
    0.408098693E-04
    0.394366800E-04
    0.381055658E-04
    0.368149140E-04
    0.355631768E-04
    0.343488916E-04
    0.331706813E-04
    0.320272377E-04
    0.309173039E-04
    0.298397229E-04
    0.287933858E-04
    0.277772374E-04
    0.267902951E-04
    0.258316263E-04
    0.249003538E-04
    0.239956445E-04
    0.231167224E-04
    0.222628391E-04
    0.214333156E-04
    0.206274759E-04
    0.198447154E-04
    0.190844463E-04
    0.183461071E-04
    0.176291833E-04
    0.169331896E-04
    0.162576310E-04
    0.156020871E-04
    0.149661207E-04
    0.143493301E-04
    0.137513333E-04
    0.131717515E-04
    0.126102382E-04
    0.120664492E-04
    0.115400548E-04
    0.110307399E-04
    0.105381822E-04
    0.100620971E-04
    0.960217921E-05
    0.915814295E-05
    0.872970512E-05
    0.831658117E-05
    0.791850398E-05
    0.753519112E-05
    0.716637579E-05
    0.681177796E-05
    0.647113697E-05
    0.614417559E-05
    0.583062103E-05
    0.553020219E-05
    0.524264282E-05
    0.496767166E-05
    0.470500225E-05
    0.445436103E-05
    0.421545847E-05
    0.398800966E-05
    0.377173208E-05
    0.356632081E-05
    0.337149250E-05
    0.318694270E-05
    0.301237483E-05
    0.284748379E-05
    0.269196253E-05
    0.254550510E-05
    0.240779926E-05
    0.227853396E-05
    0.215739764E-05
    0.204407103E-05
    0.193824277E-05
    0.183959569E-05
    0.174781251E-05
    0.166258139E-05
    0.158358552E-05
    0.151051384E-05
    0.144305471E-05
    0.138090380E-05
    0.132375400E-05
    0.127130540E-05
    0.122326335E-05
    0.117933355E-05
    0.113923368E-05
    0.110267941E-05
    0.106940111E-05
    0.103913164E-05
    0.101161217E-05
    0.986591057E-06
    0.963827993E-06
    0.943088029E-06
    0.924148280E-06
    0.906795415E-06
    0.890822992E-06
    0.876038488E-06
    0.862259999E-06
    0.849311651E-06
    0.837034426E-06
    0.825275705E-06
    0.813898472E-06
    0.802771649E-06
    0.791778701E-06
    0.780813865E-06
    0.769780661E-06
    0.758595195E-06
    0.747181542E-06
    0.735479072E-06
    0.723429889E-06
    0.710992308E-06
    0.698129418E-06
    0.684816930E-06
    0.671036219E-06
    0.656779563E-06
    0.642041729E-06
    0.626831610E-06
    0.611161682E-06
    0.595047182E-06
    0.578515617E-06
    0.561594628E-06
    0.544316418E-06
    0.526724824E-06
    0.508854691E-06
    0.490753656E-06
    0.472469712E-06
    0.454051159E-06
    0.435549335E-06
    0.417016165E-06
    0.398503179E-06
    0.380065661E-06
    0.361753114E-06
    0.343620925E-06
    0.325717656E-06
    0.308094567E-06
    0.290799752E-06
    0.273878045E-06
    0.257377352E-06
    0.241336546E-06
    0.225796677E-06
    0.210793336E-06
    0.196361992E-06
    0.182532725E-06
    0.169333126E-06
    0.156788290E-06
    0.144918999E-06
    0.133744553E-06
    0.123278932E-06
    0.113534668E-06
    0.104519521E-06
    0.962396085E-07
    0.886961447E-07
    0.818895490E-07
    0.758146474E-07
    0.704668046E-07
    0.658364340E-07
    0.619122815E-07
    0.586785287E-07
    0.561219079E-07
    0.542223379E-07
    0.529601431E-07
    0.523129725E-07
    0.522580375E-07
    0.527697471E-07
    0.538218670E-07
    0.553873231E-07
    0.574373677E-07
    0.599431923E-07
    0.628740882E-07
    0.662008199E-07
    0.698921278E-07
    0.739170762E-07
    0.782445212E-07
    0.828434664E-07
    0.876828194E-07
    0.927330336E-07
    0.979625480E-07
    0.103341988E-06
    0.108843003E-06
    0.114435923E-06
    0.120093665E-06
    0.125789397E-06
    0.131496344E-06
    0.137190032E-06
    0.142847253E-06
    0.148443517E-06
    0.153957581E-06
    0.159369034E-06
    0.164658039E-06
    0.169806393E-06
    0.174795518E-06
    0.179610564E-06
    0.184237174E-06
    0.188660228E-06
    0.192868777E-06
    0.196850279E-06
    0.200597343E-06
    0.204097878E-06
    0.207346423E-06
    0.210335485E-06
    0.213061308E-06
    0.215517863E-06
    0.217702988E-06
    0.219614048E-06
    0.221250628E-06
    0.222612150E-06
    0.223699151E-06
    0.224513421E-06
    0.225057490E-06
    0.225335272E-06
    0.225349588E-06
    0.225106457E-06
    0.224609822E-06
    0.223866685E-06
    0.222884439E-06
    0.221669048E-06
    0.220227387E-06
    0.218570537E-06
    0.216703716E-06
    0.214636849E-06
    0.212379040E-06
    0.209939031E-06
    0.207327397E-06
    0.204552499E-06
    0.201625104E-06
    0.198554757E-06
    0.195352931E-06
    0.192027105E-06
    0.188588492E-06
    0.185047002E-06
    0.181412899E-06
    0.177695136E-06
    0.173903229E-06
    0.170047523E-06
    0.166136691E-06
    0.162179786E-06
    0.158185424E-06
    0.154162375E-06
    0.150118919E-06
    0.146063551E-06
    0.142002871E-06
    0.137945721E-06
    0.133897660E-06
    0.129866686E-06
    0.125859119E-06
    0.121879947E-06
    0.117934972E-06
    0.114031643E-06
    0.110172646E-06
    0.106363253E-06
    0.102609405E-06
    0.989128142E-07
    0.952791933E-07
    0.917105670E-07
    0.882108492E-07
    0.847820623E-07
    0.814279746E-07
    0.781488191E-07
    0.749480194E-07
    0.718263171E-07
    0.687857185E-07
    0.658264649E-07
    0.629496130E-07
    0.601559913E-07
    0.574458899E-07
    0.548191228E-07
    0.522758026E-07
    0.498156882E-07
    0.474383445E-07
    0.451430830E-07
    0.429289683E-07
    0.407956043E-07
    0.387411684E-07
    0.367652139E-07
    0.348660796E-07
    0.330422018E-07
    0.312922079E-07
    0.296153258E-07
    0.280086240E-07
    0.264712274E-07
    0.250016496E-07
    0.235972688E-07
    0.222570903E-07
    0.209789481E-07
    0.197607868E-07
    0.186007784E-07
    0.174973143E-07
    0.164481510E-07
    0.154516388E-07
    0.145057987E-07
    0.136088375E-07
    0.127587856E-07
    0.119537724E-07
    0.111922955E-07
    0.104722567E-07
    0.979202081E-08
    0.914984552E-08
    0.854426702E-08
    0.797346606E-08
    0.743582832E-08
    0.692985624E-08
    0.645411849E-08
    0.600692445E-08
    0.558712071E-08
    0.519319657E-08
    0.482385992E-08
    0.447785172E-08
    0.415407505E-08
    0.385098444E-08
    0.356772064E-08
    0.330324185E-08
    0.305620840E-08
    0.282595152E-08
    0.261130264E-08
    0.241135277E-08
    0.222522087E-08
    0.205223506E-08
    0.189138321E-08
    0.174202723E-08
    0.160340340E-08
    0.147488936E-08
    0.135576780E-08
    0.124548110E-08
    0.114344921E-08
    0.104909971E-08
    0.961883649E-09
    0.881377542E-09
    0.807118215E-09
    0.738628866E-09
    0.675501180E-09
    0.617407175E-09
    0.563961185E-09
    0.514789142E-09
    0.469631285E-09
    0.428162677E-09
    0.390123298E-09
    0.355238461E-09
    0.323294418E-09
    0.294007777E-09
    0.267238551E-09
    0.242775136E-09
    0.220389642E-09
    0.199970538E-09
    0.181324310E-09
    0.164309740E-09
    0.148808276E-09
    0.134716874E-09
    0.121870064E-09
    0.110182011E-09
    0.995632048E-10
    0.899178668E-10
    0.811614698E-10
    0.732196442E-10
    0.660220529E-10
    0.594970263E-10
    0.535856743E-10
    0.482433962E-10
    0.434140338E-10
    0.390383374E-10
    0.350849485E-10
    0.315233850E-10
    0.283089327E-10
    0.254061619E-10
    0.227940401E-10
    0.204397912E-10
    0.183228885E-10
    0.164128182E-10
    0.146999408E-10
    0.131542084E-10
    0.117728292E-10
    0.105325664E-10
    0.941293423E-11
    0.841310596E-11
    0.751316123E-11
    0.670828121E-11
    0.598828649E-11
    0.534628847E-11
    0.476699370E-11
    0.424916316E-11
    0.378821815E-11
    0.337572107E-11
    0.300735839E-11
    0.267851142E-11
    0.238416402E-11
    0.212200434E-11
    0.188745355E-11
    0.167986964E-11
    0.149400954E-11
    0.132695919E-11
    0.117890809E-11
    0.104798698E-11
    0.930749267E-12
    0.826196648E-12
    0.733351069E-12
    0.650898184E-12
    0.577954806E-12
    0.512215960E-12
    0.454625584E-12
    0.402930400E-12
    0.357572684E-12
    0.317187348E-12
    0.280251837E-12
    0.248507199E-12
    0.219845129E-12
    0.195005610E-12
    0.172552165E-12
    0.152974509E-12
    0.134824793E-12
    0.119137181E-12
    0.105605367E-12
    0.934573210E-13
    0.826124119E-13
    0.729661328E-13
    0.642558049E-13
    0.568734829E-13
    0.500313486E-13
    0.443041891E-13
    0.389425914E-13
    0.342323469E-13
    0.303031555E-13
    0.267934920E-13
    0.235986880E-13
    0.207328060E-13
    0.182006446E-13
    0.160273403E-13
    0.142353834E-13
    0.124521840E-13
    0.110431880E-13
    0.966386711E-14
    0.852988098E-14
    0.749051162E-14
    0.646018881E-14
    0.574222043E-14
    0.500397677E-14
    0.440165225E-14
    0.383794291E-14
    0.333609522E-14
    0.288247940E-14
    0.253587145E-14
    0.227433536E-14
    0.198406423E-14
    0.174219432E-14
    0.150076277E-14
    0.131039716E-14
    0.116412296E-14
    0.100194971E-14
    0.891508524E-15
    0.771029094E-15
    0.665728703E-15
    0.610220670E-15
    0.541909651E-15
    0.464228633E-15
    0.406325616E-15
    0.340728423E-15
    0.301887378E-15
    0.283077143E-15
    0.227352761E-15
    0.207225706E-15
    0.179248898E-15
    0.152212781E-15
    0.139826782E-15
    0.114715513E-15
    0.119830003E-15
    0.905104376E-16
    0.857906077E-16
    0.715297079E-16
    0.706945575E-16
    0.609699450E-16
    0.660716964E-16
    0.666886602E-16
    0.549471505E-16
    0.446746615E-16
    0.469743633E-16
    0.464920325E-16
    0.448959413E-16
    0.375047582E-16
    0.342387883E-16
    0.308341338E-16
    0.264193071E-16
    0.344354165E-16
    0.268666563E-16
    0.318142594E-16
    0.336787531E-16
    0.263515429E-16
    0.290828913E-16
    0.277891292E-16
    0.232915467E-16
    0.278176676E-16
    0.245383425E-16
    0.214767402E-16
    0.272531741E-16
    0.321762184E-16
    0.318477056E-16
    0.290582632E-16
    0.265368532E-16
    0.227534084E-16
    0.262153871E-16
    0.230191065E-16
    0.318954676E-16
    0.347972596E-16
    0.236327088E-16
    0.216681424E-16
    0.272539962E-16
    0.286222699E-16
    0.281925071E-16
    0.298233372E-16
    0.210336844E-16
    0.228867231E-16
    0.203402100E-16
    0.239218603E-16
    0.239824178E-16
    0.297200941E-16
    0.239793021E-16
    0.214326090E-16
    0.263785968E-16
    0.224890083E-16
    0.235660005E-16
    0.274678987E-16
    0.270263127E-16
    0.219502334E-16
    0.242232514E-16
    0.213111178E-16
    0.241520322E-16
    0.298885765E-16
    0.248932501E-16
    0.251836433E-16
    0.252532204E-16
    0.232178384E-16
    0.323282015E-16
    0.270622342E-16
    0.291042980E-16
    0.292415883E-16
    0.261455864E-16
    0.264526215E-16
    0.276274868E-16
    0.340498990E-16
    0.254410513E-16
    0.212038719E-16
    0.191022713E-16
    0.273511831E-16
    0.267549829E-16
    0.313210396E-16
    0.238483715E-16
    0.213748433E-16
    0.247537548E-16
    0.247223428E-16
    0.267121561E-16
    0.228660902E-16
    0.258633482E-16
    0.244319950E-16
    0.252978339E-16
    0.247360286E-16
    0.229668855E-16
    0.267566073E-16
    0.238991936E-16
    0.288906136E-16
    0.248837804E-16
    0.241261140E-16
    0.302412063E-16
    0.287334163E-16
    0.292358167E-16
    0.243121136E-16
    0.205169858E-16
    0.278014073E-16
    0.268528949E-16
    0.294268781E-16
    0.290662145E-16
    0.205263791E-16
    0.259677814E-16
    0.252959946E-16
    0.325756690E-16
    0.250819833E-16
    0.303404531E-16
    0.243816240E-16
    0.244036878E-16
    0.243987185E-16
    0.261390544E-16
    0.189808897E-16
    0.276477370E-16
    0.234388357E-16
    0.271580434E-16
    0.223851831E-16
    0.275001840E-16
    0.279717842E-16
    0.205365323E-16
    0.292499282E-16
    0.262246764E-16
    0.245220955E-16
    0.291981156E-16
    0.224508685E-16
    0.283938940E-16
    0.328850530E-16
    0.211447841E-16
    0.249683358E-16
    0.242912230E-16
    0.297026346E-16
    0.292931882E-16
    0.220833007E-16
    0.215419970E-16
    0.180960350E-16
    0.366120868E-16
    0.245451403E-16
    0.264830692E-16
    0.228455825E-16
    0.214609551E-16
    0.254038814E-16
    0.254196300E-16
    0.221468235E-16
    0.280325685E-16
    0.223409455E-16
    0.253754736E-16
    0.241092359E-16
    0.297856491E-16
    0.279432973E-16
    0.269757095E-16
    0.317865216E-16
    0.276658944E-16
    0.227050075E-16
    0.289387967E-16
    0.209230264E-16
    0.281429537E-16
    0.291831021E-16
    0.302507636E-16
    0.276547878E-16
    0.229794434E-16
    0.250027853E-16
    0.279775999E-16
    0.289333480E-16
    0.203102945E-16
    0.232499149E-16
    0.323275188E-16
    0.229804659E-16
    0.278678488E-16
    0.248120152E-16
    0.245050416E-16
    0.280577491E-16
    0.215220545E-16
    0.261990896E-16
    0.279261543E-16
    0.253885905E-16
    0.221696771E-16
    0.254337904E-16
    0.210097176E-16
    0.244282435E-16
    0.282448537E-16
    0.336014906E-16
    0.291965345E-16
    0.258398252E-16
    0.234476453E-16
    0.240570301E-16
    0.270773423E-16
    0.256963317E-16
    0.321535197E-16
    0.259646994E-16
    0.234804491E-16
    0.273473302E-16
    0.271431417E-16
    0.250428221E-16
    0.339271246E-16
    0.232280776E-16
    0.290438692E-16
    0.182311873E-16
    0.287560151E-16
    0.237512118E-16
    0.235748127E-16
    0.223152569E-16
    0.229465844E-16
    0.285239903E-16
    0.280584691E-16
    0.217026685E-16
    0.252393936E-16
    0.275501789E-16
    0.245820287E-16
    0.265373669E-16
    0.253400959E-16
    0.261022581E-16
    0.353884215E-16
    0.298620980E-16
    0.313336283E-16
    0.216960662E-16
    0.272248469E-16
    0.235723991E-16
    0.311198679E-16
    0.308569105E-16
    0.217225506E-16
    0.261293691E-16
    0.292458586E-16
    0.247373928E-16
    0.361857263E-16
    0.208327203E-16
    0.290617768E-16
    0.226988417E-16
    0.258677436E-16
    0.216473283E-16
    0.280640635E-16
    0.215285165E-16
    0.257272349E-16
    0.281944460E-16
    0.289984067E-16
    0.236197478E-16
    0.239262641E-16
    0.305995090E-16
    0.283417779E-16
    0.256150306E-16
    0.248577813E-16
    0.234083230E-16
    0.361495403E-16
    0.258804902E-16
    0.263089982E-16
    0.222184799E-16
    0.315681728E-16
    0.234772868E-16
    0.339306152E-16
    0.304881466E-16
    0.228124712E-16
    0.219808862E-16
    0.305571329E-16
    0.308309924E-16
    0.284177847E-16
    0.222426340E-16
    0.249165966E-16
    0.236710980E-16
    0.270189456E-16
    0.249653831E-16
    0.251735826E-16
    0.228643128E-16
    0.233273242E-16
    0.292965260E-16
    0.286997016E-16
    0.240480452E-16
    0.293036759E-16
    0.277575682E-16
    0.259611948E-16
    0.269470374E-16
    0.246523543E-16
    0.235772926E-16
    0.302697591E-16
    0.269962353E-16
    0.244746388E-16
    0.240096623E-16
    0.293402200E-16
    0.233929577E-16
    0.359359714E-16
    0.266062476E-16
    0.279876930E-16
    0.284935570E-16
    0.245373775E-16
    0.316860952E-16
    0.273367590E-16
    0.210756968E-16
    0.248458916E-16
    0.246570672E-16
    0.304701973E-16
    0.309771693E-16
    0.206135882E-16
    0.232662577E-16
    0.247177922E-16
    0.292839515E-16
    0.300486914E-16
    0.213396392E-16
    0.267336810E-16
    0.293922981E-16
    0.242984417E-16
    0.266857448E-16
    0.268927659E-16
    0.255008373E-16
    0.280971272E-16
    0.282819011E-16
    0.298724651E-16
    0.225849375E-16
    0.268145376E-16
    0.288873822E-16
    0.340594624E-16
    0.287445586E-16
    0.291591740E-16
    0.334126661E-16
    0.274904016E-16
    0.229924028E-16
    0.302205223E-16
    0.255622145E-16
    0.245647540E-16
    0.225087520E-16
    0.337990205E-16
    0.325449530E-16
    0.187428032E-16
    0.249002056E-16
    0.214247819E-16
    0.296089972E-16
    0.305880925E-16
    0.234545747E-16
    0.282061570E-16
    0.311685017E-16
    0.254428366E-16
    0.222556158E-16
    0.249468515E-16
    0.235564759E-16
    0.307610161E-16
    0.341100250E-16
    0.354977797E-16
    0.238757645E-16
    0.246095952E-16
    0.319179171E-16
    0.341825638E-16
    0.277924098E-16
    0.337909241E-16
    0.317137024E-16
    0.241234818E-16
    0.267792652E-16
    0.248672145E-16
    0.246100045E-16
    0.229062160E-16
    0.259117784E-16
    0.256169756E-16
    0.299308907E-16
    0.251749888E-16
    0.223245251E-16
    0.210054151E-16
    0.234170369E-16
    0.269838526E-16
    0.258208873E-16
    0.315411869E-16
    0.261976619E-16
    0.264416340E-16
    0.272655857E-16
    0.293050463E-16
    0.273948137E-16
    0.235383884E-16
    0.330117606E-16
    0.293955126E-16
    0.321612570E-16
    0.251942024E-16
    0.385775231E-16
    0.304791553E-16
    0.290720010E-16
    0.339147820E-16
    0.280187602E-16
    0.227800368E-16
    0.243037246E-16
    0.295983000E-16
    0.277761639E-16
    0.295306732E-16
    0.251664642E-16
    0.329605428E-16
    0.202874408E-16
    0.298721124E-16
    0.221920409E-16
    0.203228013E-16
    0.274540555E-16
    0.218873278E-16
    0.268315670E-16
    0.343343882E-16
    0.229861002E-16
    0.296698610E-16
    0.256604164E-16
    0.307651023E-16
    0.293358846E-16
    0.273296952E-16
    0.427634928E-16
    0.319919597E-16
    0.297362129E-16
    0.222052601E-16
    0.384844034E-16
    0.322282307E-16
    0.209514904E-16
    0.435010223E-16
    0.297770538E-16
    0.303362577E-16
    0.303016919E-16
    0.249304087E-16
    0.364605877E-16
    0.241668108E-16
    0.240601624E-16
    0.288879339E-16
    0.257574040E-16
    0.281886241E-16
    0.220666135E-16
    0.219174004E-16
    0.256282299E-16
    0.322932548E-16
    0.289766330E-16
    0.266706245E-16
    0.227563776E-16
    0.355454337E-16
    0.281506965E-16
    0.288702619E-16
    0.280614273E-16
    0.221599739E-16
    0.317066503E-16
    0.321524415E-16
    0.316695524E-16
    0.307482170E-16
    0.302053584E-16
    0.280145603E-16
    0.379737917E-16
    0.285201760E-16
    0.359658324E-16
    0.275749745E-16
    0.235834884E-16
    0.251582028E-16
    0.272235850E-16
    0.206880100E-16
    0.311930850E-16
    0.299033014E-16
    0.372958496E-16
    0.279278330E-16
    0.241055475E-16
    0.249569519E-16
    0.276770815E-16
    0.278315693E-16
    0.264389632E-16
    0.254331800E-16
    0.346595456E-16
    0.299958427E-16
    0.283467333E-16
    0.260271115E-16
    0.205392232E-16
    0.304958135E-16
    0.253774845E-16
    0.414992060E-16
    0.313382676E-16
    0.287166401E-16
    0.411812846E-16
    0.334092978E-16
    0.489066919E-16
    0.369887846E-16
    0.361631902E-16
    0.298133311E-16
    0.303614998E-16
    0.330924024E-16
    0.217997690E-16
    0.263988826E-16
    0.282123394E-16
    0.272199601E-16
    0.284022115E-16
    0.264277578E-16
    0.238909288E-16
    0.319732675E-16
    0.345705361E-16
    0.321717236E-16
    0.399683739E-16
    0.368533797E-16
    0.435874238E-16
    0.340444662E-16
    0.412068070E-16
    0.438807599E-16
    0.503593919E-16
    0.443707646E-16
    0.339806818E-16
    0.469729782E-16
    0.446590258E-16
    0.370053411E-16
    0.420056712E-16
    0.306107800E-16
    0.251320144E-16
    0.420627720E-16
    0.300893849E-16
    0.317438637E-16
    0.276684236E-16
    0.274260576E-16
    0.264163058E-16
    0.238988905E-16
    0.204300658E-16
    0.306255055E-16
    0.306203903E-16
    0.290851659E-16
    0.294655314E-16
    0.242633425E-16
    0.252922897E-16
    0.246099852E-16
    0.257732794E-16
    0.321851740E-16
    0.193293331E-16
    0.303872973E-16
    0.267579854E-16
    0.287578978E-16
    0.337335222E-16
    0.321046371E-16
    0.312184251E-16
    0.269247329E-16
    0.238067301E-16
    0.306793808E-16
    0.293520473E-16
    0.264294738E-16
    0.324383379E-16
    0.371632249E-16
    0.297025114E-16
    0.304141082E-16
    0.293903586E-16
    0.268083619E-16
    0.204008225E-16
    0.199085227E-16
    0.325132717E-16
    0.236690737E-16
    0.353900406E-16
    0.221827399E-16
    0.233911465E-16
    0.406052917E-16
    0.315378626E-16
    0.292350373E-16
    0.284407559E-16
    0.273258347E-16
    0.335255904E-16
    0.263371752E-16
    0.230992559E-16
    0.223318313E-16
    0.346604108E-16
    0.296662979E-16
    0.377382052E-16
    0.380020833E-16
    0.429005761E-16
    0.413582821E-16
    0.443576469E-16
    0.341939498E-16
    0.493119235E-16
    0.446903007E-16
    0.370924762E-16
    0.379470109E-16
    0.406892486E-16
    0.256728206E-16
    0.323487205E-16
    0.303617683E-16
    0.241965188E-16
    0.218463867E-16
    0.234341912E-16
    0.333379677E-16
    0.218136753E-16
    0.255411950E-16
    0.270630957E-16
    0.291223193E-16
    0.265843527E-16
    0.218927020E-16
    0.207292127E-16
    0.233827389E-16
    0.301680962E-16
    0.363005416E-16
    0.278492016E-16
    0.231616447E-16
    0.227475075E-16
    0.256458188E-16
    0.304345044E-16
    0.281811704E-16
    0.268670151E-16
    0.280614888E-16
    0.296021006E-16
    0.289921107E-16
    0.218667401E-16
    0.238807039E-16
    0.227000574E-16
    0.270348553E-16
    0.243821876E-16
    0.232157378E-16
    0.228266811E-16
    0.314975561E-16
    0.295362333E-16
    0.258017372E-16
    0.246367370E-16
    0.271432875E-16
    0.313806713E-16
    0.289712803E-16
    0.295509533E-16
    0.282750341E-16
    0.326222577E-16
    0.216838015E-16
    0.350452815E-16
