 #tdnd tdcion
    0.355705938E-16
    0.340380107E-16
    0.359303005E-16
    0.322161250E-16
    0.344283336E-16
    0.318820905E-16
    0.278436711E-16
    0.244241080E-16
    0.191012259E-16
    0.315948559E-16
    0.302940918E-16
    0.219751631E-16
    0.259749359E-16
    0.312653059E-16
    0.258703518E-16
    0.233291188E-16
    0.270060476E-16
    0.248894509E-16
    0.283999921E-16
    0.290284637E-16
    0.255536273E-16
    0.285679100E-16
    0.278824679E-16
    0.286889224E-16
    0.389304335E-16
    0.387075730E-16
    0.337177521E-16
    0.349321868E-16
    0.376519175E-16
    0.408323685E-16
    0.377607940E-16
    0.359160962E-16
    0.301476869E-16
    0.308904461E-16
    0.306717507E-16
    0.237282953E-16
    0.306396359E-16
    0.200479815E-16
    0.277068096E-16
    0.352604985E-16
    0.272278711E-16
    0.289673491E-16
    0.394197951E-16
    0.281302039E-16
    0.234592859E-16
    0.272371296E-16
    0.283108151E-16
    0.242095304E-16
    0.350315461E-16
    0.333883886E-16
    0.333602824E-16
    0.259452087E-16
    0.258945787E-16
    0.329002084E-16
    0.318379238E-16
    0.286807844E-16
    0.200946816E-16
    0.259616817E-16
    0.269731362E-16
    0.302472632E-16
    0.288540764E-16
    0.281795256E-16
    0.268018260E-16
    0.215972147E-16
    0.266554502E-16
    0.204287679E-16
    0.316393330E-16
    0.255731093E-16
    0.271905439E-16
    0.331454421E-16
    0.306814931E-16
    0.200869068E-16
    0.297163735E-16
    0.216463720E-16
    0.260944605E-16
    0.254235646E-16
    0.299537076E-16
    0.294774809E-16
    0.304349704E-16
    0.215701618E-16
    0.284431324E-16
    0.206546475E-16
    0.312170980E-16
    0.296953518E-16
    0.206744456E-16
    0.292834045E-16
    0.208099219E-16
    0.259783541E-16
    0.276219502E-16
    0.294122445E-16
    0.248798145E-16
    0.293259635E-16
    0.258913797E-16
    0.236818379E-16
    0.225725644E-16
    0.251863281E-16
    0.288026844E-16
    0.243139689E-16
    0.293440180E-16
    0.249605613E-16
    0.235590464E-16
    0.315287898E-16
    0.242363720E-16
    0.183704862E-16
    0.279176627E-16
    0.271485398E-16
    0.286600504E-16
    0.265697973E-16
    0.245348439E-16
    0.277418117E-16
    0.261265274E-16
    0.336726471E-16
    0.217540874E-16
    0.243276128E-16
    0.354823574E-16
    0.220683005E-16
    0.274366695E-16
    0.282273361E-16
    0.293602225E-16
    0.244353067E-16
    0.287758399E-16
    0.251085905E-16
    0.229325359E-16
    0.275873429E-16
    0.245837533E-16
    0.288012768E-16
    0.242107985E-16
    0.213223872E-16
    0.311261861E-16
    0.231138306E-16
    0.248485597E-16
    0.265900764E-16
    0.236923833E-16
    0.213733075E-16
    0.206905566E-16
    0.240834342E-16
    0.290730769E-16
    0.378578551E-16
    0.293142084E-16
    0.293880638E-16
    0.243210472E-16
    0.227285214E-16
    0.239363627E-16
    0.297826387E-16
    0.333718065E-16
    0.289241637E-16
    0.353921635E-16
    0.528154766E-16
    0.537036980E-16
    0.814445048E-16
    0.110684195E-15
    0.173856734E-15
    0.261383458E-15
    0.366592718E-15
    0.527608187E-15
    0.885600794E-15
    0.126001663E-14
    0.208466671E-14
    0.316699062E-14
    0.496733701E-14
    0.758882617E-14
    0.118832190E-13
    0.182046550E-13
    0.280067842E-13
    0.429382541E-13
    0.655421155E-13
    0.991226458E-13
    0.150887022E-12
    0.229128192E-12
    0.344211311E-12
    0.520550928E-12
    0.781006520E-12
    0.116711662E-11
    0.174533780E-11
    0.259223701E-11
    0.384723934E-11
    0.569309265E-11
    0.838956152E-11
    0.123495024E-10
    0.181073746E-10
    0.264628492E-10
    0.385962012E-10
    0.560987881E-10
    0.813327965E-10
    0.117563439E-09
    0.169474222E-09
    0.243576823E-09
    0.349107101E-09
    0.498904804E-09
    0.711062916E-09
    0.101049123E-08
    0.143196231E-08
    0.202359762E-08
    0.285164683E-08
    0.400736892E-08
    0.561577221E-08
    0.784761484E-08
    0.109361479E-07
    0.151977405E-07
    0.210613780E-07
    0.291068584E-07
    0.401138190E-07
    0.551318159E-07
    0.755619572E-07
    0.103277587E-06
    0.140772301E-06
    0.191350101E-06
    0.259388337E-06
    0.350651953E-06
    0.472727743E-06
    0.635561333E-06
    0.852142529E-06
    0.113940445E-05
    0.151934485E-05
    0.202044620E-05
    0.267949228E-05
    0.354380931E-05
    0.467416416E-05
    0.614825587E-05
    0.806520501E-05
    0.105510161E-04
    0.137654152E-04
    0.179101758E-04
    0.232394784E-04
    0.300724458E-04
    0.388084713E-04
    0.499459138E-04
    0.641045152E-04
    0.820525015E-04
    0.104739180E-03
    0.133333807E-03
    0.169271624E-03
    0.214308886E-03
    0.270587322E-03
    0.340710089E-03
    0.427830423E-03
    0.535755135E-03
    0.669063979E-03
    0.833248015E-03
    0.103486739E-02
    0.128173204E-02
    0.158310692E-02
    0.194994250E-02
    0.239513481E-02
    0.293381423E-02
    0.358366597E-02
    0.436528252E-02
    0.530254852E-02
    0.642305642E-02
    0.775855621E-02
    0.934542850E-02
    0.112251885E-01
    0.134450048E-01
    0.160582356E-01
    0.191249670E-01
    0.227125503E-01
    0.268961161E-01
    0.317590621E-01
    0.373934873E-01
    0.439005619E-01
    0.513908000E-01
    0.599842253E-01
    0.698103972E-01
    0.810082561E-01
    0.937257941E-01
    0.108119481E+00
    0.124353441E+00
    0.142598354E+00
    0.163030032E+00
    0.185827670E+00
    0.211171752E+00
    0.239241556E+00
    0.270212334E+00
    0.304252067E+00
    0.341517889E+00
    0.382152155E+00
    0.426278202E+00
    0.473995836E+00
    0.525376637E+00
    0.580459110E+00
    0.639243815E+00
    0.701688547E+00
    0.767703691E+00
    0.837147904E+00
    0.909824212E+00
    0.985476704E+00
    0.106378797E+01
    0.114437741E+01
    0.122680056E+01
    0.131054960E+01
    0.139505512E+01
    0.147968929E+01
    0.156377046E+01
    0.164656928E+01
    0.172731634E+01
    0.180521123E+01
    0.187943317E+01
    0.194915272E+01
    0.201354485E+01
    0.207180278E+01
    0.212315256E+01
    0.216686809E+01
    0.220228608E+01
    0.222882081E+01
    0.224597821E+01
    0.225336883E+01
    0.225071938E+01
    0.223788250E+01
    0.221484425E+01
    0.218172922E+01
    0.213880285E+01
    0.208647080E+01
    0.202527523E+01
    0.195588805E+01
    0.187910098E+01
    0.179581272E+01
    0.170701347E+01
    0.161376687E+01
    0.151719016E+01
    0.141843259E+01
    0.131865301E+01
    0.121899689E+01
    0.112057363E+01
    0.102443470E+01
    0.931553034E+00
    0.842804681E+00
    0.758952779E+00
    0.680634588E+00
    0.608351920E+00
    0.542465107E+00
    0.483190803E+00
    0.430603562E+00
    0.384641113E+00
    0.345113166E+00
    0.311713339E+00
    0.284033849E+00
    0.261582414E+00
    0.243800772E+00
    0.230084205E+00
    0.219801403E+00
    0.212314007E+00
    0.206995216E+00
    0.203246883E+00
    0.200514578E+00
    0.198300222E+00
    0.196171982E+00
    0.193771201E+00
    0.190816326E+00
    0.187103844E+00
    0.182506382E+00
    0.176968232E+00
    0.170498650E+00
    0.163163318E+00
    0.155074455E+00
    0.146380065E+00
    0.137252815E+00
    0.127879023E+00
    0.118448210E+00
    0.109143608E+00
    0.100133938E+00
    0.915667114E-01
    0.835632172E-01
    0.762152513E-01
    0.695835959E-01
    0.636981348E-01
    0.585594534E-01
    0.541417061E-01
    0.503964823E-01
    0.472573848E-01
    0.446450292E-01
    0.424721633E-01
    0.406486408E-01
    0.390860058E-01
    0.377014916E-01
    0.364212857E-01
    0.351829672E-01
    0.339370634E-01
    0.326477502E-01
    0.312927399E-01
    0.298624477E-01
    0.283585723E-01
    0.267922233E-01
    0.251817591E-01
    0.235504823E-01
    0.219243466E-01
    0.203298113E-01
    0.187919336E-01
    0.173328057E-01
    0.159703733E-01
    0.147176690E-01
    0.135824523E-01
    0.125672380E-01
    0.116696519E-01
    0.108830653E-01
    0.101974226E-01
    0.960019379E-02
    0.907736960E-02
    0.861443575E-02
    0.819725706E-02
    0.781283341E-02
    0.744988554E-02
    0.709925896E-02
    0.675413541E-02
    0.641006824E-02
    0.606485367E-02
    0.571827597E-02
    0.537175043E-02
    0.502790868E-02
    0.469016051E-02
    0.436226257E-02
    0.404792721E-02
    0.375049216E-02
    0.347266494E-02
    0.321635371E-02
    0.298258011E-02
    0.277147639E-02
    0.258234874E-02
    0.241379688E-02
    0.226387365E-02
    0.213026538E-02
    0.201047775E-02
    0.190201180E-02
    0.180251905E-02
    0.170992446E-02
    0.162251474E-02
    0.153898768E-02
    0.145846470E-02
    0.138047124E-02
    0.130488973E-02
    0.123189291E-02
    0.116186602E-02
    0.109532457E-02
    0.103283509E-02
    0.974945354E-03
    0.922127006E-03
    0.874734694E-03
    0.832982204E-03
    0.796934105E-03
    0.766513321E-03
    0.741520308E-03
    0.721660062E-03
    0.706575619E-03
    0.695881963E-03
    0.689199158E-03
    0.686180694E-03
    0.686536364E-03
    0.690048112E-03
    0.696577783E-03
    0.706068813E-03
    0.718540552E-03
    0.734079519E-03
    0.752824941E-03
    0.774955167E-03
    0.800672017E-03
    0.830187127E-03
    0.863710568E-03
    0.901441926E-03
    0.943564772E-03
    0.990244722E-03
    0.104162957E-02
    0.109785288E-02
    0.115903847E-02
    0.122530650E-02
    0.129677956E-02
    0.137358878E-02
    0.145587903E-02
    0.154381246E-02
    0.163757181E-02
    0.173736103E-02
    0.184340524E-02
    0.195594967E-02
    0.207525723E-02
    0.220160594E-02
    0.233528594E-02
    0.247659646E-02
    0.262584381E-02
    0.278333809E-02
    0.294939273E-02
    0.312432314E-02
    0.330844584E-02
    0.350207932E-02
    0.370554384E-02
    0.391916230E-02
    0.414326119E-02
    0.437817068E-02
    0.462422626E-02
    0.488176787E-02
    0.515114090E-02
    0.543269541E-02
    0.572678623E-02
    0.603377143E-02
    0.635401247E-02
    0.668787234E-02
    0.703571489E-02
    0.739790400E-02
    0.777480185E-02
    0.816676926E-02
    0.857416343E-02
    0.899733797E-02
    0.943664236E-02
    0.989242102E-02
    0.103650131E-01
    0.108547512E-01
    0.113619624E-01
    0.118869667E-01
    0.124300758E-01
    0.129915942E-01
    0.135718178E-01
    0.141710322E-01
    0.147895137E-01
    0.154275275E-01
    0.160853263E-01
    0.167631515E-01
    0.174612300E-01
    0.181797754E-01
    0.189189853E-01
    0.196790423E-01
    0.204601123E-01
    0.212623440E-01
    0.220858677E-01
    0.229307958E-01
    0.237972209E-01
    0.246852155E-01
    0.255948327E-01
    0.265261033E-01
    0.274790372E-01
    0.284536211E-01
    0.294498205E-01
    0.304675760E-01
    0.315068051E-01
    0.325674014E-01
    0.336492327E-01
    0.347521428E-01
    0.358759496E-01
    0.370204447E-01
    0.381853948E-01
    0.393705391E-01
    0.405755916E-01
    0.418002378E-01
    0.430441385E-01
    0.443069265E-01
    0.455882080E-01
    0.468875629E-01
    0.482045440E-01
    0.495386775E-01
    0.508894636E-01
    0.522563757E-01
    0.536388623E-01
    0.550363450E-01
    0.564482214E-01
    0.578738629E-01
    0.593126180E-01
    0.607638099E-01
    0.622267389E-01
    0.637006827E-01
    0.651848959E-01
    0.666786123E-01
    0.681810441E-01
    0.696913845E-01
    0.712088062E-01
    0.727324633E-01
    0.742614925E-01
    0.757950138E-01
    0.773321310E-01
    0.788719322E-01
    0.804134924E-01
    0.819558739E-01
    0.834981252E-01
    0.850392849E-01
    0.865783827E-01
    0.881144373E-01
    0.896464609E-01
    0.911734603E-01
    0.926944335E-01
    0.942083780E-01
    0.957142854E-01
    0.972111477E-01
    0.986979539E-01
    0.100173695E+00
    0.101637364E+00
    0.103087956E+00
    0.104524469E+00
    0.105945909E+00
    0.107351287E+00
    0.108739621E+00
    0.110109940E+00
    0.111461281E+00
    0.112792694E+00
    0.114103240E+00
    0.115391996E+00
    0.116658049E+00
    0.117900506E+00
    0.119118491E+00
    0.120311142E+00
    0.121477619E+00
    0.122617103E+00
    0.123728793E+00
    0.124811911E+00
    0.125865703E+00
    0.126889437E+00
    0.127882407E+00
    0.128843930E+00
    0.129773353E+00
    0.130670046E+00
    0.131533409E+00
    0.132362868E+00
    0.133157881E+00
    0.133917932E+00
    0.134642538E+00
    0.135331244E+00
    0.135983626E+00
    0.136599294E+00
    0.137177885E+00
    0.137719072E+00
    0.138222559E+00
    0.138688081E+00
    0.139115406E+00
    0.139504336E+00
    0.139854704E+00
    0.140166376E+00
    0.140439253E+00
    0.140673264E+00
    0.140868376E+00
    0.141024583E+00
    0.141141914E+00
    0.141220431E+00
    0.141260225E+00
    0.141261419E+00
    0.141224169E+00
    0.141148658E+00
    0.141035100E+00
    0.140883742E+00
    0.140694856E+00
    0.140468743E+00
    0.140205736E+00
    0.139906187E+00
    0.139570484E+00
    0.139199034E+00
    0.138792273E+00
    0.138350661E+00
    0.137874681E+00
    0.137364838E+00
    0.136821661E+00
    0.136245700E+00
    0.135637526E+00
    0.134997727E+00
    0.134326914E+00
    0.133625713E+00
    0.132894769E+00
    0.132134740E+00
    0.131346304E+00
    0.130530149E+00
    0.129686980E+00
    0.128817510E+00
    0.127922470E+00
    0.127002595E+00
    0.126058636E+00
    0.125091348E+00
    0.124101497E+00
    0.123089854E+00
    0.122057197E+00
    0.121004311E+00
    0.119931982E+00
    0.118841002E+00
    0.117732166E+00
    0.116606268E+00
    0.115464107E+00
    0.114306478E+00
    0.113134179E+00
    0.111948005E+00
    0.110748747E+00
    0.109537197E+00
    0.108314139E+00
    0.107080358E+00
    0.105836627E+00
    0.104583721E+00
    0.103322401E+00
    0.102053427E+00
    0.100777549E+00
    0.994955076E-01
    0.982080361E-01
    0.969158586E-01
    0.956196891E-01
    0.943202302E-01
    0.930181756E-01
    0.917142063E-01
    0.904089914E-01
    0.891031899E-01
    0.877974457E-01
    0.864923918E-01
    0.851886472E-01
    0.838868182E-01
    0.825874953E-01
    0.812912581E-01
    0.799986695E-01
    0.787102782E-01
    0.774266198E-01
    0.761482126E-01
    0.748755624E-01
    0.736091582E-01
    0.723494742E-01
    0.710969691E-01
    0.698520866E-01
    0.686152546E-01
    0.673868852E-01
    0.661673757E-01
    0.649571073E-01
    0.637564456E-01
    0.625657416E-01
    0.613853299E-01
    0.602155304E-01
    0.590566469E-01
    0.579089696E-01
    0.567727720E-01
    0.556483137E-01
    0.545358393E-01
    0.534355787E-01
    0.523477478E-01
    0.512725480E-01
    0.502101657E-01
    0.491607754E-01
    0.481245367E-01
    0.471015956E-01
    0.460920856E-01
    0.450961279E-01
    0.441138286E-01
    0.431452846E-01
    0.421905781E-01
    0.412497805E-01
    0.403229518E-01
    0.394101402E-01
    0.385113827E-01
    0.376267064E-01
    0.367561273E-01
    0.358996510E-01
    0.350572741E-01
    0.342289830E-01
    0.334147550E-01
    0.326145586E-01
    0.318283534E-01
    0.310560911E-01
    0.302977146E-01
    0.295531599E-01
    0.288223555E-01
    0.281052223E-01
    0.274016744E-01
    0.267116201E-01
    0.260349608E-01
    0.253715919E-01
    0.247214038E-01
    0.240842810E-01
    0.234601035E-01
    0.228487457E-01
    0.222500784E-01
    0.216639674E-01
    0.210902752E-01
    0.205288600E-01
    0.199795770E-01
    0.194422780E-01
    0.189168119E-01
    0.184030251E-01
    0.179007611E-01
    0.174098615E-01
    0.169301659E-01
    0.164615117E-01
    0.160037355E-01
    0.155566716E-01
    0.151201538E-01
    0.146940147E-01
    0.142780861E-01
    0.138721991E-01
    0.134761846E-01
    0.130898729E-01
    0.127130945E-01
    0.123456799E-01
    0.119874595E-01
    0.116382644E-01
    0.112979261E-01
    0.109662765E-01
    0.106431484E-01
    0.103283757E-01
    0.100217927E-01
    0.972323522E-02
    0.943254015E-02
    0.914954542E-02
    0.887409062E-02
    0.860601697E-02
    0.834516633E-02
    0.809138336E-02
    0.784451337E-02
    0.760440393E-02
    0.737090432E-02
    0.714386561E-02
    0.692314063E-02
    0.670858450E-02
    0.650005412E-02
    0.629740817E-02
    0.610050781E-02
    0.590921610E-02
    0.572339794E-02
    0.554292091E-02
    0.536765414E-02
    0.519746943E-02
    0.503224035E-02
    0.487184296E-02
    0.471615541E-02
    0.456505789E-02
    0.441843297E-02
    0.427616534E-02
    0.413814191E-02
    0.400425183E-02
    0.387438622E-02
    0.374843860E-02
    0.362630464E-02
    0.350788186E-02
    0.339307034E-02
    0.328177198E-02
    0.317389088E-02
    0.306933319E-02
    0.296800726E-02
    0.286982311E-02
    0.277469327E-02
    0.268253197E-02
    0.259325546E-02
    0.250678192E-02
    0.242303158E-02
    0.234192631E-02
    0.226339021E-02
    0.218734892E-02
    0.211373004E-02
    0.204246287E-02
    0.197347864E-02
    0.190671011E-02
    0.184209188E-02
    0.177956016E-02
    0.171905283E-02
    0.166050939E-02
    0.160387090E-02
    0.154907996E-02
    0.149608079E-02
    0.144481896E-02
    0.139524164E-02
    0.134729738E-02
    0.130093607E-02
    0.125610910E-02
    0.121276912E-02
    0.117087008E-02
    0.113036730E-02
    0.109121736E-02
    0.105337789E-02
    0.101680796E-02
    0.981467590E-03
    0.947318145E-03
    0.914321966E-03
    0.882442544E-03
    0.851644363E-03
    0.821893022E-03
    0.793155119E-03
    0.765398145E-03
    0.738590643E-03
    0.712702056E-03
    0.687702673E-03
    0.663563814E-03
    0.640257421E-03
    0.617756540E-03
    0.596034826E-03
    0.575066813E-03
    0.554827813E-03
    0.535293813E-03
    0.516441597E-03
    0.498248620E-03
    0.480693029E-03
    0.463753684E-03
    0.447409986E-03
    0.431642080E-03
    0.416430668E-03
    0.401757013E-03
    0.387603061E-03
    0.373951218E-03
    0.360784476E-03
    0.348086343E-03
    0.335840899E-03
    0.324032595E-03
    0.312646532E-03
    0.301668168E-03
    0.291083472E-03
    0.280878798E-03
    0.271040998E-03
    0.261557286E-03
    0.252415356E-03
    0.243603216E-03
    0.235109306E-03
    0.226922391E-03
    0.219031669E-03
    0.211426611E-03
    0.204097072E-03
    0.197033226E-03
    0.190225545E-03
    0.183664841E-03
    0.177342203E-03
    0.171249002E-03
    0.165376927E-03
    0.159717892E-03
    0.154264117E-03
    0.149008056E-03
    0.143942379E-03
    0.139060082E-03
    0.134354311E-03
    0.129818470E-03
    0.125446198E-03
    0.121231335E-03
    0.117167894E-03
    0.113250151E-03
    0.109472499E-03
    0.105829608E-03
    0.102316267E-03
    0.989274695E-04
    0.956583675E-04
    0.925042926E-04
    0.894607476E-04
    0.865233787E-04
    0.836879963E-04
    0.809505632E-04
    0.783071723E-04
    0.757541053E-04
    0.732877070E-04
    0.709045506E-04
    0.686012770E-04
    0.663746782E-04
    0.642216695E-04
    0.621392841E-04
    0.601246888E-04
    0.581751594E-04
    0.562880849E-04
    0.544609792E-04
    0.526914342E-04
    0.509771835E-04
    0.493160289E-04
    0.477058923E-04
    0.461447961E-04
    0.446308358E-04
    0.431622114E-04
    0.417372072E-04
    0.403542053E-04
    0.390116391E-04
    0.377080561E-04
    0.364420592E-04
    0.352123347E-04
    0.340176201E-04
    0.328567394E-04
    0.317285788E-04
    0.306320902E-04
    0.295662651E-04
    0.285301734E-04
    0.275229063E-04
    0.265436483E-04
    0.255916024E-04
    0.246660199E-04
    0.237662080E-04
    0.228914903E-04
    0.220412522E-04
    0.212148973E-04
    0.204118612E-04
    0.196316267E-04
    0.188736808E-04
    0.181375564E-04
    0.174227986E-04
    0.167289622E-04
    0.160556596E-04
    0.154024791E-04
    0.147690468E-04
    0.141550025E-04
    0.135599940E-04
    0.129836727E-04
    0.124257254E-04
    0.118858106E-04
    0.113636308E-04
    0.108588713E-04
    0.103712302E-04
    0.990040840E-05
    0.944610901E-05
    0.900803998E-05
    0.858591331E-05
    0.817943494E-05
    0.778831944E-05
    0.741227282E-05
    0.705100985E-05
    0.670423070E-05
    0.637164963E-05
    0.605296881E-05
    0.574789426E-05
    0.545611911E-05
    0.517734463E-05
    0.491126622E-05
    0.465757849E-05
    0.441596897E-05
    0.418612615E-05
    0.396773005E-05
    0.376046592E-05
    0.356400793E-05
    0.337803807E-05
    0.320222743E-05
    0.303624558E-05
    0.287976362E-05
    0.273245034E-05
    0.259397436E-05
    0.246400032E-05
    0.234219266E-05
    0.222821913E-05
    0.212174600E-05
    0.202243793E-05
    0.192996449E-05
    0.184399435E-05
    0.176420069E-05
    0.169025696E-05
    0.162184369E-05
    0.155863664E-05
    0.150032759E-05
    0.144660782E-05
    0.139717045E-05
    0.135172083E-05
    0.130996590E-05
    0.127162499E-05
    0.123642034E-05
    0.120408340E-05
    0.117435608E-05
    0.114698596E-05
    0.112173505E-05
    0.109837117E-05
    0.107666930E-05
    0.105642413E-05
    0.103743220E-05
    0.101950618E-05
    0.100246992E-05
    0.986153990E-06
    0.970402341E-06
    0.955078106E-06
    0.940041797E-06
    0.925177045E-06
    0.910374019E-06
    0.895533997E-06
    0.880570611E-06
    0.865408651E-06
    0.849982053E-06
    0.834237396E-06
    0.818128651E-06
    0.801622375E-06
    0.784693697E-06
    0.767322361E-06
    0.749503716E-06
    0.731235310E-06
    0.712524919E-06
    0.693387829E-06
    0.673842292E-06
    0.653915514E-06
    0.633638924E-06
    0.613050884E-06
    0.592190225E-06
    0.571100854E-06
    0.549831901E-06
    0.528432790E-06
    0.506955071E-06
    0.485453899E-06
    0.463983677E-06
    0.442598554E-06
    0.421356422E-06
    0.400310223E-06
    0.379516316E-06
    0.359028915E-06
    0.338897771E-06
    0.319174434E-06
    0.299908667E-06
    0.281144259E-06
    0.262926234E-06
    0.245294528E-06
    0.228286070E-06
    0.211935961E-06
    0.196276630E-06
    0.181333498E-06
    0.167132263E-06
    0.153694809E-06
    0.141037120E-06
    0.129174014E-06
    0.118115504E-06
    0.107868970E-06
    0.984384212E-07
    0.898242858E-07
    0.820239063E-07
    0.750306934E-07
    0.688370875E-07
    0.634320320E-07
    0.587994438E-07
    0.549244090E-07
    0.517878944E-07
    0.493670588E-07
    0.476414578E-07
    0.465844628E-07
    0.461692321E-07
    0.463697468E-07
    0.471543651E-07
    0.484930400E-07
    0.503559078E-07
    0.527095360E-07
    0.555215730E-07
    0.587582985E-07
    0.623874723E-07
    0.663746432E-07
    0.706862801E-07
    0.752890301E-07
    0.801502038E-07
    0.852363016E-07
    0.905165236E-07
    0.959573037E-07
    0.101528229E-06
    0.107199410E-06
    0.112942698E-06
    0.118728025E-06
    0.124528543E-06
    0.130319031E-06
    0.136073057E-06
    0.141767249E-06
    0.147379108E-06
    0.152886157E-06
    0.158270350E-06
    0.163509272E-06
    0.168587582E-06
    0.173488474E-06
    0.178197439E-06
    0.182700094E-06
    0.186983440E-06
    0.191037462E-06
    0.194852405E-06
    0.198418150E-06
    0.201729826E-06
    0.204777158E-06
    0.207558169E-06
    0.210069819E-06
    0.212305168E-06
    0.214265353E-06
    0.215948718E-06
    0.217356315E-06
    0.218487940E-06
    0.219346236E-06
    0.219932981E-06
    0.220253270E-06
    0.220311647E-06
    0.220111969E-06
    0.219659226E-06
    0.218961172E-06
    0.218024300E-06
    0.216855744E-06
    0.215463036E-06
    0.213854395E-06
    0.212038936E-06
    0.210025245E-06
    0.207821851E-06
    0.205439345E-06
    0.202886292E-06
    0.200173762E-06
    0.197309692E-06
    0.194305227E-06
    0.191171324E-06
    0.187915242E-06
    0.184548879E-06
    0.181081815E-06
    0.177521984E-06
    0.173883509E-06
    0.170170494E-06
    0.166395146E-06
    0.162566103E-06
    0.158692449E-06
    0.154782752E-06
    0.150844537E-06
    0.146887253E-06
    0.142917617E-06
    0.138944887E-06
    0.134974508E-06
    0.131013669E-06
    0.127069450E-06
    0.123147977E-06
    0.119255762E-06
    0.115396866E-06
    0.111577483E-06
    0.107803097E-06
    0.104077814E-06
    0.100406004E-06
    0.967914444E-07
    0.932374994E-07
    0.897480269E-07
    0.863259948E-07
    0.829732466E-07
    0.796933131E-07
    0.764873974E-07
    0.733566899E-07
    0.703048986E-07
    0.673310817E-07
    0.644377039E-07
    0.616247135E-07
    0.588923047E-07
    0.562421037E-07
    0.536729755E-07
    0.511860375E-07
    0.487796608E-07
    0.464543168E-07
    0.442089840E-07
    0.420433532E-07
    0.399563392E-07
    0.379464900E-07
    0.360131119E-07
    0.341548542E-07
    0.323705951E-07
    0.306585240E-07
    0.290169368E-07
    0.274451628E-07
    0.259407569E-07
    0.245023493E-07
    0.231281607E-07
    0.218161156E-07
    0.205648816E-07
    0.193725614E-07
    0.182371482E-07
    0.171566019E-07
    0.161296003E-07
    0.151535208E-07
    0.142273776E-07
    0.133491018E-07
    0.125164126E-07
    0.117280609E-07
    0.109819290E-07
    0.102767340E-07
    0.961032715E-08
    0.898135643E-08
    0.838800567E-08
    0.782851427E-08
    0.730174469E-08
    0.680590083E-08
    0.633977334E-08
    0.590152507E-08
    0.549005502E-08
    0.510392568E-08
    0.474193171E-08
    0.440275453E-08
    0.408513921E-08
    0.378806182E-08
    0.351037639E-08
    0.325082777E-08
    0.300867887E-08
    0.278262964E-08
    0.257200969E-08
    0.237581243E-08
    0.219322216E-08
    0.202328445E-08
    0.186539128E-08
    0.171871977E-08
    0.158253978E-08
    0.145634513E-08
    0.133926815E-08
    0.123082557E-08
    0.113051148E-08
    0.103774064E-08
    0.951986265E-09
    0.872774777E-09
    0.799717881E-09
    0.732233834E-09
    0.670097326E-09
    0.612873150E-09
    0.560202724E-09
    0.511717099E-09
    0.467151025E-09
    0.426225171E-09
    0.388669520E-09
    0.354205410E-09
    0.322613387E-09
    0.293651188E-09
    0.267159982E-09
    0.242887126E-09
    0.220728187E-09
    0.200460201E-09
    0.181950715E-09
    0.165072559E-09
    0.149661677E-09
    0.135623429E-09
    0.122821010E-09
    0.111184898E-09
    0.100588311E-09
    0.909594122E-10
    0.822168147E-10
    0.742557726E-10
    0.670486668E-10
    0.605120558E-10
    0.545755748E-10
    0.491994232E-10
    0.443453720E-10
    0.399357652E-10
    0.359499288E-10
    0.323567417E-10
    0.291008845E-10
    0.261541871E-10
    0.234970831E-10
    0.211038481E-10
    0.189492733E-10
    0.170056700E-10
    0.152542444E-10
    0.136769912E-10
    0.122560629E-10
    0.109806038E-10
    0.983244960E-11
    0.880372606E-11
    0.787447548E-11
    0.704690810E-11
    0.629823349E-11
    0.563049529E-11
    0.503012037E-11
    0.449111212E-11
    0.401097406E-11
    0.357849505E-11
    0.319407381E-11
    0.284933905E-11
    0.253959681E-11
    0.226547127E-11
    0.201737199E-11
    0.179577643E-11
    0.160121024E-11
    0.142430281E-11
    0.126572088E-11
    0.112747842E-11
    0.100248007E-11
    0.890007975E-12
    0.790639941E-12
    0.702685471E-12
    0.623921507E-12
    0.554037514E-12
    0.491194673E-12
    0.436056139E-12
    0.386714587E-12
    0.343417877E-12
    0.304545835E-12
    0.269864792E-12
    0.238518950E-12
    0.211332133E-12
    0.186847506E-12
    0.165016698E-12
    0.146582052E-12
    0.129089296E-12
    0.114451681E-12
    0.101280185E-12
    0.892101142E-13
    0.791697646E-13
    0.695659668E-13
    0.614565723E-13
    0.542444229E-13
    0.475823292E-13
    0.423073731E-13
    0.371926688E-13
    0.323056411E-13
    0.286942559E-13
    0.252787279E-13
    0.221294542E-13
    0.194576464E-13
    0.172460577E-13
    0.150883158E-13
    0.133079455E-13
    0.115945324E-13
    0.101767910E-13
    0.895192424E-14
    0.786325611E-14
    0.695540162E-14
    0.601981281E-14
    0.525297523E-14
    0.458014885E-14
    0.403798602E-14
    0.342951576E-14
    0.308520556E-14
    0.265013265E-14
    0.229591951E-14
    0.210010716E-14
    0.178295728E-14
    0.157417252E-14
    0.140280511E-14
    0.117262475E-14
    0.107135326E-14
    0.884484723E-15
    0.796999517E-15
    0.709778188E-15
    0.554257361E-15
    0.519215469E-15
    0.481593271E-15
    0.389691364E-15
    0.350068443E-15
    0.311647951E-15
    0.267783187E-15
    0.235044778E-15
    0.210557789E-15
    0.173424666E-15
    0.166251302E-15
    0.130794844E-15
    0.120964716E-15
    0.923938721E-16
    0.992397071E-16
    0.907891602E-16
    0.858979902E-16
    0.717326938E-16
    0.731253109E-16
    0.638429912E-16
    0.481291132E-16
    0.637615992E-16
    0.448738191E-16
    0.405028240E-16
    0.506267775E-16
    0.354039182E-16
    0.345767938E-16
    0.378020321E-16
    0.342324758E-16
    0.286860831E-16
    0.217592921E-16
    0.302592828E-16
    0.308330452E-16
    0.317762823E-16
    0.250953774E-16
    0.263389878E-16
    0.322124946E-16
    0.244834191E-16
    0.275105976E-16
    0.257740507E-16
    0.304501881E-16
    0.272014682E-16
    0.298297497E-16
    0.243937524E-16
    0.301427107E-16
    0.268741702E-16
    0.323170195E-16
    0.252408744E-16
    0.247001166E-16
    0.280261071E-16
    0.285515902E-16
    0.248592906E-16
    0.279692527E-16
    0.331232754E-16
    0.195880058E-16
    0.219739027E-16
    0.267773373E-16
    0.274913882E-16
    0.270272457E-16
    0.240889268E-16
    0.287397900E-16
    0.254517542E-16
    0.260131377E-16
    0.305668336E-16
    0.215429955E-16
    0.266532341E-16
    0.354469541E-16
    0.250301566E-16
    0.237524217E-16
    0.291663145E-16
    0.291456191E-16
    0.266144260E-16
    0.240390285E-16
    0.221283276E-16
    0.208888262E-16
    0.263312753E-16
    0.356565544E-16
    0.215868713E-16
    0.266554192E-16
    0.269437401E-16
    0.249817491E-16
    0.252203117E-16
    0.261421241E-16
    0.246521825E-16
    0.307919564E-16
    0.232950862E-16
    0.238516595E-16
    0.269822007E-16
    0.280275207E-16
    0.252707824E-16
    0.281992382E-16
    0.231292761E-16
    0.242866891E-16
    0.323595039E-16
    0.280356483E-16
    0.212853302E-16
    0.236322946E-16
    0.244861360E-16
    0.306975303E-16
    0.240769831E-16
    0.257815656E-16
    0.254735310E-16
    0.319568895E-16
    0.237675182E-16
    0.243681993E-16
    0.264089000E-16
    0.183313721E-16
    0.274018227E-16
    0.310857090E-16
    0.269727321E-16
    0.219126562E-16
    0.327366524E-16
    0.241533799E-16
    0.230186311E-16
    0.324889080E-16
    0.267496021E-16
    0.226980140E-16
    0.204261026E-16
    0.256371916E-16
    0.270004412E-16
    0.254619400E-16
    0.294258853E-16
    0.293337123E-16
    0.199354312E-16
    0.282062469E-16
    0.272646434E-16
    0.287765345E-16
    0.274736290E-16
    0.329810341E-16
    0.211420727E-16
    0.221379551E-16
    0.292949401E-16
    0.309285536E-16
    0.322509105E-16
    0.212022319E-16
    0.288575138E-16
    0.249336433E-16
    0.298017077E-16
    0.276078760E-16
    0.235202534E-16
    0.261729043E-16
    0.305452609E-16
    0.243835986E-16
    0.274448887E-16
    0.232572019E-16
    0.323600860E-16
    0.279343368E-16
    0.279093651E-16
    0.227763294E-16
    0.235443376E-16
    0.287055630E-16
    0.300842893E-16
    0.202529586E-16
    0.238935256E-16
    0.258364344E-16
    0.209024345E-16
    0.339185246E-16
    0.214818986E-16
    0.253923044E-16
    0.331626698E-16
    0.250172904E-16
    0.206864360E-16
    0.265493312E-16
    0.249182922E-16
    0.284046679E-16
    0.316561382E-16
    0.265124078E-16
    0.258274002E-16
    0.243174474E-16
    0.330169982E-16
    0.268995481E-16
    0.257766469E-16
    0.255631098E-16
    0.318540961E-16
    0.199516591E-16
    0.268005517E-16
    0.339101899E-16
    0.289569482E-16
    0.214459416E-16
    0.347192362E-16
    0.228501194E-16
    0.297377148E-16
    0.226265024E-16
    0.290198241E-16
    0.253965396E-16
    0.265693355E-16
    0.287135050E-16
    0.237358158E-16
    0.275864830E-16
    0.276916210E-16
    0.241297840E-16
    0.258403673E-16
    0.228779886E-16
    0.275928416E-16
    0.236294173E-16
    0.225996863E-16
    0.223689994E-16
    0.228282444E-16
    0.286471283E-16
    0.246756662E-16
    0.234591736E-16
    0.292330967E-16
    0.261412586E-16
    0.298871342E-16
    0.263857570E-16
    0.202782192E-16
    0.259397714E-16
    0.352850070E-16
    0.375297878E-16
    0.222532443E-16
    0.273281152E-16
    0.286070500E-16
    0.240759859E-16
    0.222595941E-16
    0.249793209E-16
    0.265267144E-16
    0.282275974E-16
    0.251678784E-16
    0.244271334E-16
    0.272907319E-16
    0.303406545E-16
    0.384829652E-16
    0.249904178E-16
    0.234564478E-16
    0.308316167E-16
    0.268121720E-16
    0.271451284E-16
    0.268693547E-16
    0.272994378E-16
    0.217775977E-16
    0.286112903E-16
    0.336437826E-16
    0.301060024E-16
    0.208653046E-16
    0.297525510E-16
    0.255156346E-16
    0.213881179E-16
    0.259980901E-16
    0.342320286E-16
    0.274341450E-16
    0.277260961E-16
    0.286874283E-16
    0.224512690E-16
    0.296451457E-16
    0.263987049E-16
    0.272505649E-16
    0.212315541E-16
    0.294256713E-16
    0.276132956E-16
    0.311562182E-16
    0.202505543E-16
    0.259919609E-16
    0.310279856E-16
    0.264367218E-16
    0.243660343E-16
    0.314992273E-16
    0.240005199E-16
    0.249327756E-16
    0.264683239E-16
    0.239950142E-16
    0.220281088E-16
    0.295213446E-16
    0.328293708E-16
    0.249008815E-16
    0.264610408E-16
    0.297172716E-16
    0.286270963E-16
    0.261025067E-16
    0.273781220E-16
    0.290771835E-16
    0.261275185E-16
    0.267360834E-16
    0.284230996E-16
    0.233573001E-16
    0.223628556E-16
    0.315747367E-16
    0.215145213E-16
    0.219843612E-16
    0.297307499E-16
    0.267030372E-16
    0.218007483E-16
    0.318241380E-16
    0.318173928E-16
    0.272178206E-16
    0.245006909E-16
    0.318501649E-16
    0.295673748E-16
    0.242052756E-16
    0.270110055E-16
    0.275462726E-16
    0.190575849E-16
    0.268375837E-16
    0.293864537E-16
    0.278333619E-16
    0.264972213E-16
    0.298177877E-16
    0.273641969E-16
    0.310629833E-16
    0.273771234E-16
    0.281086056E-16
    0.303226681E-16
    0.304621586E-16
    0.249665714E-16
    0.260175807E-16
    0.234563361E-16
    0.301233730E-16
    0.275151267E-16
    0.217241202E-16
    0.317183443E-16
    0.240946626E-16
    0.254390516E-16
    0.253388289E-16
    0.275123261E-16
    0.345990173E-16
    0.257916071E-16
    0.264223134E-16
    0.252721872E-16
    0.296259427E-16
    0.271611177E-16
    0.246076737E-16
    0.235760639E-16
    0.267385215E-16
    0.254808561E-16
    0.324394142E-16
    0.283964724E-16
    0.302128670E-16
    0.293612411E-16
    0.332677568E-16
    0.288852857E-16
    0.308038309E-16
    0.280735551E-16
    0.283331844E-16
    0.301397392E-16
    0.277133187E-16
    0.222725549E-16
    0.247194300E-16
    0.303442141E-16
    0.274014704E-16
    0.289011839E-16
    0.268470300E-16
    0.286804658E-16
    0.233980612E-16
    0.289101530E-16
    0.277337097E-16
    0.279881851E-16
    0.268673188E-16
    0.222623759E-16
    0.251096327E-16
    0.327364479E-16
    0.303032362E-16
    0.255882444E-16
    0.241395604E-16
    0.260286938E-16
    0.268882775E-16
    0.323046519E-16
    0.225132470E-16
    0.261226794E-16
    0.373214266E-16
    0.332446556E-16
    0.302438371E-16
    0.318251556E-16
    0.279642988E-16
    0.279597501E-16
    0.278084108E-16
    0.311063603E-16
    0.242469828E-16
    0.280518663E-16
    0.276827745E-16
    0.256044987E-16
    0.247660500E-16
    0.248762580E-16
    0.279659593E-16
    0.209980861E-16
    0.273991345E-16
    0.326552207E-16
    0.255985654E-16
    0.266195562E-16
    0.218191379E-16
    0.338374009E-16
    0.320380353E-16
    0.273095023E-16
    0.260137273E-16
    0.261591507E-16
    0.277635497E-16
    0.266040070E-16
    0.276084386E-16
    0.283012019E-16
    0.301339268E-16
    0.388747406E-16
    0.362525525E-16
    0.325996069E-16
    0.335922714E-16
    0.330408914E-16
    0.268013756E-16
    0.205202054E-16
    0.281350933E-16
    0.345432665E-16
    0.316207182E-16
    0.335197538E-16
    0.328293426E-16
    0.273134099E-16
    0.316448317E-16
    0.226955184E-16
    0.276836463E-16
    0.224718672E-16
    0.283001021E-16
    0.329235284E-16
    0.238990718E-16
    0.271739291E-16
    0.337708795E-16
    0.309944559E-16
    0.220330054E-16
    0.238073256E-16
    0.322605104E-16
    0.341514653E-16
    0.335937416E-16
    0.272402302E-16
    0.285311454E-16
    0.291624866E-16
    0.307061897E-16
    0.305150130E-16
    0.317301648E-16
    0.291763560E-16
    0.282097778E-16
    0.363684305E-16
    0.345397872E-16
    0.317811636E-16
    0.370283516E-16
    0.255995247E-16
    0.256600244E-16
    0.287226895E-16
    0.240207836E-16
    0.293924754E-16
    0.234790460E-16
    0.369156077E-16
    0.355054266E-16
    0.238438491E-16
    0.347039795E-16
    0.234901879E-16
    0.315028510E-16
    0.291425686E-16
    0.289586836E-16
    0.293942534E-16
    0.253253333E-16
    0.239252493E-16
    0.242852971E-16
    0.302449131E-16
    0.207417500E-16
    0.278607893E-16
    0.332001458E-16
    0.324508110E-16
    0.366271798E-16
    0.387459828E-16
    0.358395806E-16
    0.330874670E-16
    0.276751533E-16
    0.360902242E-16
    0.276317161E-16
    0.283054338E-16
    0.321445993E-16
    0.216633488E-16
    0.274898303E-16
    0.277714105E-16
    0.338447964E-16
    0.247592793E-16
    0.379656685E-16
    0.377705801E-16
    0.333279156E-16
    0.331102038E-16
    0.362697236E-16
    0.355832797E-16
    0.257002285E-16
    0.303695782E-16
    0.236640916E-16
    0.299496841E-16
    0.325026311E-16
    0.219407281E-16
    0.352993705E-16
    0.268245313E-16
    0.268334518E-16
    0.345808569E-16
    0.364420549E-16
    0.241464384E-16
    0.322930526E-16
    0.340647749E-16
    0.484408371E-16
    0.394672319E-16
    0.447949815E-16
    0.458858513E-16
    0.367689029E-16
    0.407282998E-16
    0.464797095E-16
    0.394969340E-16
    0.401514892E-16
    0.381550114E-16
    0.306845888E-16
    0.376800419E-16
    0.371805175E-16
    0.304759426E-16
    0.335708751E-16
    0.404491617E-16
    0.307681830E-16
    0.272142910E-16
    0.291363851E-16
    0.387520284E-16
    0.365692774E-16
    0.335175563E-16
    0.233349627E-16
    0.319438518E-16
    0.345252829E-16
    0.262555179E-16
    0.297337689E-16
    0.332334617E-16
    0.228188933E-16
    0.298801158E-16
    0.300236395E-16
    0.252339312E-16
    0.224823258E-16
    0.262322238E-16
    0.255910448E-16
    0.286260006E-16
    0.279329116E-16
    0.313737765E-16
    0.248493972E-16
    0.250045107E-16
    0.247552998E-16
    0.264095452E-16
    0.234842829E-16
    0.256639457E-16
    0.220872103E-16
    0.330477214E-16
    0.298447631E-16
    0.325417272E-16
    0.339660593E-16
    0.309489853E-16
    0.269517218E-16
    0.293094178E-16
    0.270263137E-16
    0.230402610E-16
    0.259601148E-16
    0.285366761E-16
    0.283503361E-16
    0.314526227E-16
    0.384030915E-16
    0.287390751E-16
    0.264361747E-16
    0.374389025E-16
    0.294978952E-16
    0.272376088E-16
    0.325066612E-16
    0.182635428E-16
    0.261556877E-16
    0.297603680E-16
    0.321018763E-16
    0.200619001E-16
    0.305981118E-16
    0.399999850E-16
    0.398765589E-16
    0.420444158E-16
    0.415830142E-16
    0.342709419E-16
    0.328749758E-16
    0.438107428E-16
    0.341660713E-16
    0.404077552E-16
    0.305485126E-16
    0.299738843E-16
    0.424596912E-16
    0.355847053E-16
    0.237206016E-16
    0.342962797E-16
    0.298313498E-16
    0.257245581E-16
    0.292171511E-16
    0.268798884E-16
    0.305922190E-16
    0.261457258E-16
    0.225989613E-16
    0.213922661E-16
    0.267159762E-16
    0.247918787E-16
    0.203517991E-16
    0.203265214E-16
    0.245495019E-16
    0.226741461E-16
    0.243445165E-16
    0.290489016E-16
    0.222299088E-16
    0.238838178E-16
    0.254297927E-16
    0.232925432E-16
    0.254894116E-16
    0.262826221E-16
    0.221926420E-16
    0.329668323E-16
    0.213876531E-16
    0.272835597E-16
    0.258496399E-16
    0.235764338E-16
    0.223868917E-16
    0.293533432E-16
    0.225037726E-16
    0.301138944E-16
    0.272067067E-16
    0.322598117E-16
    0.258060534E-16
    0.261276840E-16
    0.244712475E-16
    0.259824487E-16
    0.316236515E-16
    0.248462454E-16
    0.279045095E-16
    0.317259385E-16
    0.209974796E-16
    0.267505573E-16
    0.301868739E-16
