 #tdnd tdcion
    0.347368978E-16
    0.259438512E-16
    0.255084236E-16
    0.413423765E-16
    0.323674555E-16
    0.260860351E-16
    0.285984715E-16
    0.360011198E-16
    0.337785983E-16
    0.302927706E-16
    0.319108700E-16
    0.287379507E-16
    0.296914250E-16
    0.301743341E-16
    0.248467568E-16
    0.275249980E-16
    0.309039534E-16
    0.301001644E-16
    0.245307573E-16
    0.240508890E-16
    0.249087004E-16
    0.234376615E-16
    0.310501557E-16
    0.376197812E-16
    0.326674412E-16
    0.419462125E-16
    0.399452274E-16
    0.506995826E-16
    0.420973605E-16
    0.298543755E-16
    0.384937357E-16
    0.378031827E-16
    0.273685894E-16
    0.340028793E-16
    0.250744609E-16
    0.331445242E-16
    0.253272030E-16
    0.240272816E-16
    0.211454184E-16
    0.299492760E-16
    0.265608742E-16
    0.339950914E-16
    0.300206832E-16
    0.301127529E-16
    0.328824740E-16
    0.338876865E-16
    0.289492689E-16
    0.215584067E-16
    0.244985495E-16
    0.214284299E-16
    0.270833645E-16
    0.287395449E-16
    0.289217268E-16
    0.272537491E-16
    0.338873008E-16
    0.263812087E-16
    0.314108398E-16
    0.217265741E-16
    0.385716026E-16
    0.258115146E-16
    0.304323752E-16
    0.301501674E-16
    0.312755704E-16
    0.331774635E-16
    0.305361516E-16
    0.331411413E-16
    0.232279595E-16
    0.222507968E-16
    0.218292895E-16
    0.267011200E-16
    0.275983548E-16
    0.326341687E-16
    0.316926732E-16
    0.249790504E-16
    0.230252483E-16
    0.287430767E-16
    0.264057102E-16
    0.262272608E-16
    0.311339355E-16
    0.276638311E-16
    0.216599546E-16
    0.219173098E-16
    0.258569639E-16
    0.252807817E-16
    0.368502049E-16
    0.302006005E-16
    0.320165440E-16
    0.248034891E-16
    0.302317538E-16
    0.253768604E-16
    0.276834291E-16
    0.294634745E-16
    0.229405040E-16
    0.289134874E-16
    0.250006004E-16
    0.316858863E-16
    0.174432145E-16
    0.216101551E-16
    0.202921114E-16
    0.307048369E-16
    0.254259348E-16
    0.251713750E-16
    0.281054797E-16
    0.227707887E-16
    0.239548468E-16
    0.294948333E-16
    0.282187456E-16
    0.228927868E-16
    0.254390824E-16
    0.255863767E-16
    0.213872295E-16
    0.273807950E-16
    0.264468606E-16
    0.318379949E-16
    0.286388880E-16
    0.263935958E-16
    0.207311561E-16
    0.271653273E-16
    0.273445045E-16
    0.375142636E-16
    0.275318488E-16
    0.264654126E-16
    0.240318081E-16
    0.330486587E-16
    0.329068689E-16
    0.270906367E-16
    0.291631129E-16
    0.200898807E-16
    0.177351028E-16
    0.246739156E-16
    0.217313680E-16
    0.248616996E-16
    0.312793147E-16
    0.264004386E-16
    0.210598344E-16
    0.221096687E-16
    0.224782964E-16
    0.290903450E-16
    0.249606240E-16
    0.240179426E-16
    0.316579396E-16
    0.212462287E-16
    0.229317016E-16
    0.289130241E-16
    0.342861630E-16
    0.338344838E-16
    0.413405617E-16
    0.348091025E-16
    0.426017737E-16
    0.652825550E-16
    0.706766850E-16
    0.127177497E-15
    0.178767858E-15
    0.235164778E-15
    0.425118200E-15
    0.600183974E-15
    0.916323505E-15
    0.148544731E-14
    0.226447807E-14
    0.349253180E-14
    0.534167171E-14
    0.845926417E-14
    0.130263731E-13
    0.197356023E-13
    0.307053268E-13
    0.468033965E-13
    0.713889631E-13
    0.109170004E-12
    0.164999728E-12
    0.250651774E-12
    0.376808316E-12
    0.568001595E-12
    0.849988042E-12
    0.127222914E-11
    0.189401547E-11
    0.281915649E-11
    0.417628319E-11
    0.617521222E-11
    0.910564696E-11
    0.133739496E-10
    0.195934475E-10
    0.286240614E-10
    0.417011858E-10
    0.605901986E-10
    0.877479156E-10
    0.126734255E-09
    0.182585699E-09
    0.262165440E-09
    0.375536131E-09
    0.536255336E-09
    0.763836177E-09
    0.108470055E-08
    0.153611780E-08
    0.216940585E-08
    0.305522569E-08
    0.429062247E-08
    0.600909483E-08
    0.839221921E-08
    0.116882630E-07
    0.162339253E-07
    0.224850815E-07
    0.310579852E-07
    0.427807740E-07
    0.587676301E-07
    0.805058852E-07
    0.109983049E-06
    0.149842553E-06
    0.203589435E-06
    0.275858972E-06
    0.372764511E-06
    0.502336908E-06
    0.675106885E-06
    0.904827965E-06
    0.120941280E-05
    0.161214220E-05
    0.214313975E-05
    0.284129080E-05
    0.375666130E-05
    0.495345595E-05
    0.651380802E-05
    0.854246141E-05
    0.111725372E-04
    0.145727836E-04
    0.189563168E-04
    0.245916179E-04
    0.318156929E-04
    0.410503156E-04
    0.528217082E-04
    0.677842289E-04
    0.867490371E-04
    0.110718439E-03
    0.140926885E-03
    0.178889795E-03
    0.226461458E-03
    0.285903188E-03
    0.359963695E-03
    0.451972735E-03
    0.565950205E-03
    0.706733137E-03
    0.880120822E-03
    0.109304300E-02
    0.135375038E-02
    0.167203146E-02
    0.205945789E-02
    0.252965869E-02
    0.309862634E-02
    0.378505811E-02
    0.461072678E-02
    0.560089149E-02
    0.678473899E-02
    0.819585799E-02
    0.987274671E-02
    0.118593433E-01
    0.142055828E-01
    0.169679630E-01
    0.202101212E-01
    0.240034048E-01
    0.284274220E-01
    0.335705585E-01
    0.395304483E-01
    0.464143604E-01
    0.543395032E-01
    0.634331950E-01
    0.738328967E-01
    0.856860535E-01
    0.991497411E-01
    0.114390057E+00
    0.131581247E+00
    0.150904525E+00
    0.172546561E+00
    0.196697607E+00
    0.223549243E+00
    0.253291733E+00
    0.286110963E+00
    0.322184984E+00
    0.361680160E+00
    0.404746931E+00
    0.451515255E+00
    0.502089760E+00
    0.556544639E+00
    0.614918457E+00
    0.677208854E+00
    0.743367345E+00
    0.813294289E+00
    0.886834181E+00
    0.963771443E+00
    0.104382680E+01
    0.112665448E+01
    0.121184039E+01
    0.129890131E+01
    0.138728548E+01
    0.147637446E+01
    0.156548657E+01
    0.165388186E+01
    0.174076881E+01
    0.182531261E+01
    0.190664507E+01
    0.198387617E+01
    0.205610701E+01
    0.212244393E+01
    0.218201381E+01
    0.223398008E+01
    0.227755913E+01
    0.231203686E+01
    0.233678493E+01
    0.235127620E+01
    0.235509917E+01
    0.234797066E+01
    0.232974664E+01
    0.230043056E+01
    0.226017900E+01
    0.220930423E+01
    0.214827358E+01
    0.207770529E+01
    0.199836096E+01
    0.191113454E+01
    0.181703801E+01
    0.171718405E+01
    0.161276592E+01
    0.150503518E+01
    0.139527759E+01
    0.128478784E+01
    0.117484388E+01
    0.106668132E+01
    0.961468804E+00
    0.860284953E+00
    0.764097467E+00
    0.673745184E+00
    0.589923404E+00
    0.513173065E+00
    0.443873986E+00
    0.382242405E+00
    0.328332827E+00
    0.282044127E+00
    0.243129624E+00
    0.211210792E+00
    0.185794129E+00
    0.166290558E+00
    0.152036739E+00
    0.142317547E+00
    0.136388943E+00
    0.133500536E+00
    0.132917073E+00
    0.133938191E+00
    0.135915869E+00
    0.138269061E+00
    0.140495165E+00
    0.142178085E+00
    0.142992770E+00
    0.142706295E+00
    0.141175624E+00
    0.138342359E+00
    0.134224858E+00
    0.128908217E+00
    0.122532618E+00
    0.115280657E+00
    0.107364208E+00
    0.990113974E-01
    0.904542153E-01
    0.819172312E-01
    0.736077924E-01
    0.657080182E-01
    0.583687542E-01
    0.517056139E-01
    0.457970713E-01
    0.406845140E-01
    0.363740718E-01
    0.328399553E-01
    0.300290124E-01
    0.278661548E-01
    0.262603016E-01
    0.251104953E-01
    0.243118677E-01
    0.237611564E-01
    0.233615442E-01
    0.230266311E-01
    0.226834219E-01
    0.222742763E-01
    0.217578162E-01
    0.211088652E-01
    0.203175149E-01
    0.193874703E-01
    0.183338402E-01
    0.171805659E-01
    0.159576609E-01
    0.146984533E-01
    0.134369812E-01
    0.122056799E-01
    0.110334578E-01
    0.994423877E-02
    0.895599171E-02
    0.808026038E-02
    0.732215448E-02
    0.668074926E-02
    0.614982279E-02
    0.571883935E-02
    0.537408904E-02
    0.509989312E-02
    0.487978419E-02
    0.469759601E-02
    0.453839368E-02
    0.438921038E-02
    0.423955950E-02
    0.408172237E-02
    0.391081240E-02
    0.372464721E-02
    0.352345422E-02
    0.330945693E-02
    0.308638059E-02
    0.285892381E-02
    0.263223742E-02
    0.241144463E-02
    0.220123130E-02
    0.200552644E-02
    0.182728417E-02
    0.166836719E-02
    0.152952989E-02
    0.141048641E-02
    0.131004829E-02
    0.122631207E-02
    0.115687694E-02
    0.109906980E-02
    0.105016327E-02
    0.100756773E-02
    0.968988027E-03
    0.932538231E-03
    0.896808915E-03
    0.860891207E-03
    0.824358839E-03
    0.787217194E-03
    0.749827148E-03
    0.712812728E-03
    0.676962683E-03
    0.643134298E-03
    0.612166922E-03
    0.584809855E-03
    0.561670224E-03
    0.543179632E-03
    0.529582289E-03
    0.520940407E-03
    0.517155021E-03
    0.517998117E-03
    0.523151701E-03
    0.532249392E-03
    0.544917069E-03
    0.560809086E-03
    0.579637410E-03
    0.601192708E-03
    0.625356396E-03
    0.652103883E-03
    0.681500592E-03
    0.713691044E-03
    0.748884169E-03
    0.787335950E-03
    0.829331207E-03
    0.875166769E-03
    0.925137044E-03
    0.979522554E-03
    0.103858237E-02
    0.110255094E-02
    0.117163759E-02
    0.124603009E-02
    0.132589990E-02
    0.141140905E-02
    0.150271762E-02
    0.159999134E-02
    0.170340783E-02
    0.181316195E-02
    0.192946961E-02
    0.205256910E-02
    0.218272208E-02
    0.232021180E-02
    0.246534113E-02
    0.261842933E-02
    0.277980856E-02
    0.294982050E-02
    0.312881296E-02
    0.331713726E-02
    0.351514615E-02
    0.372319210E-02
    0.394162750E-02
    0.417080328E-02
    0.441107058E-02
    0.466278070E-02
    0.492628620E-02
    0.520194164E-02
    0.549010470E-02
    0.579113598E-02
    0.610539988E-02
    0.643326423E-02
    0.677509940E-02
    0.713127829E-02
    0.750217473E-02
    0.788816258E-02
    0.828961448E-02
    0.870690063E-02
    0.914038759E-02
    0.959043699E-02
    0.100574046E-01
    0.105416400E-01
    0.110434848E-01
    0.115632724E-01
    0.121013282E-01
    0.126579676E-01
    0.132334963E-01
    0.138282104E-01
    0.144423944E-01
    0.150763219E-01
    0.157302537E-01
    0.164044388E-01
    0.170991119E-01
    0.178144933E-01
    0.185507891E-01
    0.193081883E-01
    0.200868639E-01
    0.208869708E-01
    0.217086458E-01
    0.225520065E-01
    0.234171504E-01
    0.243041552E-01
    0.252130763E-01
    0.261439481E-01
    0.270967827E-01
    0.280715684E-01
    0.290682713E-01
    0.300868326E-01
    0.311271698E-01
    0.321891744E-01
    0.332727146E-01
    0.343776307E-01
    0.355037385E-01
    0.366508276E-01
    0.378186592E-01
    0.390069696E-01
    0.402154670E-01
    0.414438327E-01
    0.426917205E-01
    0.439587571E-01
    0.452445415E-01
    0.465486454E-01
    0.478706134E-01
    0.492099631E-01
    0.505661845E-01
    0.519387419E-01
    0.533270725E-01
    0.547305879E-01
    0.561486736E-01
    0.575806898E-01
    0.590259721E-01
    0.604838319E-01
    0.619535555E-01
    0.634344088E-01
    0.649256320E-01
    0.664264458E-01
    0.679360485E-01
    0.694536188E-01
    0.709783150E-01
    0.725092773E-01
    0.740456280E-01
    0.755864723E-01
    0.771308995E-01
    0.786779838E-01
    0.802267864E-01
    0.817763536E-01
    0.833257217E-01
    0.848739159E-01
    0.864199501E-01
    0.879628322E-01
    0.895015611E-01
    0.910351298E-01
    0.925625265E-01
    0.940827348E-01
    0.955947378E-01
    0.970975144E-01
    0.985900449E-01
    0.100071312E+00
    0.101540296E+00
    0.102995987E+00
    0.104437375E+00
    0.105863458E+00
    0.107273241E+00
    0.108665737E+00
    0.110039969E+00
    0.111394970E+00
    0.112729786E+00
    0.114043476E+00
    0.115335112E+00
    0.116603783E+00
    0.117848593E+00
    0.119068666E+00
    0.120263140E+00
    0.121431179E+00
    0.122571961E+00
    0.123684691E+00
    0.124768593E+00
    0.125822916E+00
    0.126846934E+00
    0.127839943E+00
    0.128801269E+00
    0.129730262E+00
    0.130626299E+00
    0.131488788E+00
    0.132317162E+00
    0.133110888E+00
    0.133869457E+00
    0.134592394E+00
    0.135279255E+00
    0.135929626E+00
    0.136543124E+00
    0.137119401E+00
    0.137658136E+00
    0.138159046E+00
    0.138621875E+00
    0.139046405E+00
    0.139432449E+00
    0.139779850E+00
    0.140088488E+00
    0.140358273E+00
    0.140589150E+00
    0.140781093E+00
    0.140934113E+00
    0.141048249E+00
    0.141123575E+00
    0.141160194E+00
    0.141158243E+00
    0.141117887E+00
    0.141039323E+00
    0.140922778E+00
    0.140768508E+00
    0.140576797E+00
    0.140347961E+00
    0.140082337E+00
    0.139780295E+00
    0.139442230E+00
    0.139068560E+00
    0.138659733E+00
    0.138216215E+00
    0.137738501E+00
    0.137227106E+00
    0.136682566E+00
    0.136105440E+00
    0.135496306E+00
    0.134855762E+00
    0.134184424E+00
    0.133482925E+00
    0.132751916E+00
    0.131992062E+00
    0.131204044E+00
    0.130388557E+00
    0.129546309E+00
    0.128678017E+00
    0.127784415E+00
    0.126866241E+00
    0.125924247E+00
    0.124959191E+00
    0.123971838E+00
    0.122962961E+00
    0.121933337E+00
    0.120883751E+00
    0.119814987E+00
    0.118727837E+00
    0.117623091E+00
    0.116501541E+00
    0.115363983E+00
    0.114211208E+00
    0.113044009E+00
    0.111863176E+00
    0.110669495E+00
    0.109463751E+00
    0.108246724E+00
    0.107019188E+00
    0.105781914E+00
    0.104535664E+00
    0.103281195E+00
    0.102019256E+00
    0.100750587E+00
    0.994759231E-01
    0.981959855E-01
    0.969114892E-01
    0.956231374E-01
    0.943316238E-01
    0.930376299E-01
    0.917418269E-01
    0.904448737E-01
    0.891474170E-01
    0.878500898E-01
    0.865535148E-01
    0.852582988E-01
    0.839650367E-01
    0.826743091E-01
    0.813866827E-01
    0.801027097E-01
    0.788229289E-01
    0.775478628E-01
    0.762780204E-01
    0.750138960E-01
    0.737559683E-01
    0.725047009E-01
    0.712605427E-01
    0.700239266E-01
    0.687952720E-01
    0.675749808E-01
    0.663634413E-01
    0.651610256E-01
    0.639680918E-01
    0.627849810E-01
    0.616120214E-01
    0.604495248E-01
    0.592977877E-01
    0.581570937E-01
    0.570277098E-01
    0.559098898E-01
    0.548038719E-01
    0.537098818E-01
    0.526281294E-01
    0.515588118E-01
    0.505021123E-01
    0.494582002E-01
    0.484272323E-01
    0.474093522E-01
    0.464046903E-01
    0.454133651E-01
    0.444354819E-01
    0.434711353E-01
    0.425204066E-01
    0.415833666E-01
    0.406600749E-01
    0.397505791E-01
    0.388549175E-01
    0.379731164E-01
    0.371051933E-01
    0.362511556E-01
    0.354110002E-01
    0.345847161E-01
    0.337722822E-01
    0.329736694E-01
    0.321888397E-01
    0.314177475E-01
    0.306603390E-01
    0.299165528E-01
    0.291863211E-01
    0.284695679E-01
    0.277662117E-01
    0.270761638E-01
    0.263993302E-01
    0.257356101E-01
    0.250848984E-01
    0.244470836E-01
    0.238220500E-01
    0.232096772E-01
    0.226098399E-01
    0.220224089E-01
    0.214472510E-01
    0.208842294E-01
    0.203332043E-01
    0.197940317E-01
    0.192665657E-01
    0.187506571E-01
    0.182461547E-01
    0.177529045E-01
    0.172707508E-01
    0.167995361E-01
    0.163391012E-01
    0.158892855E-01
    0.154499272E-01
    0.150208633E-01
    0.146019304E-01
    0.141929637E-01
    0.137937986E-01
    0.134042700E-01
    0.130242120E-01
    0.126534598E-01
    0.122918476E-01
    0.119392106E-01
    0.115953839E-01
    0.112602036E-01
    0.109335060E-01
    0.106151285E-01
    0.103049091E-01
    0.100026871E-01
    0.970830248E-02
    0.942159676E-02
    0.914241237E-02
    0.887059351E-02
    0.860598546E-02
    0.834843519E-02
    0.809779112E-02
    0.785390332E-02
    0.761662380E-02
    0.738580598E-02
    0.716130526E-02
    0.694297890E-02
    0.673068585E-02
    0.652428759E-02
    0.632364665E-02
    0.612862821E-02
    0.593909944E-02
    0.575492930E-02
    0.557598888E-02
    0.540215150E-02
    0.523329257E-02
    0.506928931E-02
    0.491002156E-02
    0.475537075E-02
    0.460522084E-02
    0.445945763E-02
    0.431796940E-02
    0.418064607E-02
    0.404738011E-02
    0.391806591E-02
    0.379259982E-02
    0.367088057E-02
    0.355280881E-02
    0.343828715E-02
    0.332722048E-02
    0.321951546E-02
    0.311508109E-02
    0.301382795E-02
    0.291566891E-02
    0.282051862E-02
    0.272829378E-02
    0.263891286E-02
    0.255229627E-02
    0.246836635E-02
    0.238704713E-02
    0.230826458E-02
    0.223194635E-02
    0.215802187E-02
    0.208642230E-02
    0.201708053E-02
    0.194993101E-02
    0.188491010E-02
    0.182195533E-02
    0.176100629E-02
    0.170200383E-02
    0.164489038E-02
    0.158960992E-02
    0.153610793E-02
    0.148433119E-02
    0.143422812E-02
    0.138574824E-02
    0.133884270E-02
    0.129346380E-02
    0.124956523E-02
    0.120710189E-02
    0.116602998E-02
    0.112630688E-02
    0.108789114E-02
    0.105074251E-02
    0.101482184E-02
    0.980091118E-03
    0.946513416E-03
    0.914052798E-03
    0.882674430E-03
    0.852344360E-03
    0.823029796E-03
    0.794698784E-03
    0.767320179E-03
    0.740864017E-03
    0.715301002E-03
    0.690602721E-03
    0.666741617E-03
    0.643691040E-03
    0.621424902E-03
    0.599918125E-03
    0.579146200E-03
    0.559085437E-03
    0.539712799E-03
    0.521006035E-03
    0.502943419E-03
    0.485503939E-03
    0.468667260E-03
    0.452413556E-03
    0.436723684E-03
    0.421579085E-03
    0.406961670E-03
    0.392854006E-03
    0.379239110E-03
    0.366100560E-03
    0.353422427E-03
    0.341189261E-03
    0.329386096E-03
    0.317998410E-03
    0.307012187E-03
    0.296413722E-03
    0.286189906E-03
    0.276327867E-03
    0.266815257E-03
    0.257640039E-03
    0.248790620E-03
    0.240255668E-03
    0.232024343E-03
    0.224086027E-03
    0.216430528E-03
    0.209047913E-03
    0.201928576E-03
    0.195063258E-03
    0.188442944E-03
    0.182058917E-03
    0.175902791E-03
    0.169966366E-03
    0.164241769E-03
    0.158721364E-03
    0.153397731E-03
    0.148263754E-03
    0.143312476E-03
    0.138537231E-03
    0.133931520E-03
    0.129489093E-03
    0.125203873E-03
    0.121070016E-03
    0.117081834E-03
    0.113233874E-03
    0.109520833E-03
    0.105937594E-03
    0.102479210E-03
    0.991409025E-04
    0.959180592E-04
    0.928062684E-04
    0.898011792E-04
    0.868986648E-04
    0.840947464E-04
    0.813855391E-04
    0.787673340E-04
    0.762365741E-04
    0.737897886E-04
    0.714236694E-04
    0.691350330E-04
    0.669208064E-04
    0.647780360E-04
    0.627039078E-04
    0.606957204E-04
    0.587508255E-04
    0.568667800E-04
    0.550411625E-04
    0.532717008E-04
    0.515562310E-04
    0.498926389E-04
    0.482789418E-04
    0.467132531E-04
    0.451937464E-04
    0.437187186E-04
    0.422865237E-04
    0.408956180E-04
    0.395444954E-04
    0.382317977E-04
    0.369561621E-04
    0.357163536E-04
    0.345111678E-04
    0.333394787E-04
    0.322002349E-04
    0.310924267E-04
    0.300151004E-04
    0.289673618E-04
    0.279483763E-04
    0.269573318E-04
    0.259935012E-04
    0.250561525E-04
    0.241446269E-04
    0.232582929E-04
    0.223965547E-04
    0.215588441E-04
    0.207446403E-04
    0.199534201E-04
    0.191847200E-04
    0.184380682E-04
    0.177130441E-04
    0.170092211E-04
    0.163262122E-04
    0.156636286E-04
    0.150211051E-04
    0.143982840E-04
    0.137948247E-04
    0.132103855E-04
    0.126446479E-04
    0.120972953E-04
    0.115680036E-04
    0.110564707E-04
    0.105623864E-04
    0.100854551E-04
    0.962537698E-05
    0.918185590E-05
    0.875458177E-05
    0.834326901E-05
    0.794761526E-05
    0.756731907E-05
    0.720208721E-05
    0.685160908E-05
    0.651558292E-05
    0.619370364E-05
    0.588566073E-05
    0.559113982E-05
    0.530982427E-05
    0.504140893E-05
    0.478555889E-05
    0.454195582E-05
    0.431027663E-05
    0.409018187E-05
    0.388135293E-05
    0.368344859E-05
    0.349612915E-05
    0.331906281E-05
    0.315190299E-05
    0.299431285E-05
    0.284594811E-05
    0.270646684E-05
    0.257551976E-05
    0.245276730E-05
    0.233786663E-05
    0.223047180E-05
    0.213024423E-05
    0.203683920E-05
    0.194992528E-05
    0.186916770E-05
    0.179423144E-05
    0.172479090E-05
    0.166052359E-05
    0.160111051E-05
    0.154624239E-05
    0.149561077E-05
    0.144891308E-05
    0.140585952E-05
    0.136616642E-05
    0.132955247E-05
    0.129575027E-05
    0.126450442E-05
    0.123555881E-05
    0.120867576E-05
    0.118362526E-05
    0.116018606E-05
    0.113815151E-05
    0.111732408E-05
    0.109751456E-05
    0.107855039E-05
    0.106026585E-05
    0.104251193E-05
    0.102514242E-05
    0.100803887E-05
    0.991075094E-06
    0.974149972E-06
    0.957167327E-06
    0.940046701E-06
    0.922717370E-06
    0.905115722E-06
    0.887193057E-06
    0.868906326E-06
    0.850227956E-06
    0.831134287E-06
    0.811615176E-06
    0.791662834E-06
    0.771283272E-06
    0.750487383E-06
    0.729292566E-06
    0.707722448E-06
    0.685807210E-06
    0.663582296E-06
    0.641088338E-06
    0.618366300E-06
    0.595466705E-06
    0.572436081E-06
    0.549328806E-06
    0.526200248E-06
    0.503104417E-06
    0.480098820E-06
    0.457239609E-06
    0.434583038E-06
    0.412187623E-06
    0.390108055E-06
    0.368396594E-06
    0.347106771E-06
    0.326289574E-06
    0.305992894E-06
    0.286262388E-06
    0.267140123E-06
    0.248665640E-06
    0.230877641E-06
    0.213808240E-06
    0.197486679E-06
    0.181940120E-06
    0.167190706E-06
    0.153259124E-06
    0.140159981E-06
    0.127905008E-06
    0.116502305E-06
    0.105958700E-06
    0.962741261E-07
    0.874461203E-07
    0.794703740E-07
    0.723394141E-07
    0.660410912E-07
    0.605611161E-07
    0.558847013E-07
    0.519912060E-07
    0.488594406E-07
    0.464670280E-07
    0.447875450E-07
    0.437933034E-07
    0.434579609E-07
    0.437484240E-07
    0.446338512E-07
    0.460836497E-07
    0.480635390E-07
    0.505396367E-07
    0.534763830E-07
    0.568406707E-07
    0.605968040E-07
    0.647095927E-07
    0.691449694E-07
    0.738673348E-07
    0.788430067E-07
    0.840384002E-07
    0.894195930E-07
    0.949550160E-07
    0.100613267E-06
    0.106363005E-06
    0.112174751E-06
    0.118019538E-06
    0.123870588E-06
    0.129700298E-06
    0.135486072E-06
    0.141200505E-06
    0.146822519E-06
    0.152332318E-06
    0.157707227E-06
    0.162929423E-06
    0.167983270E-06
    0.172849779E-06
    0.177517680E-06
    0.181969859E-06
    0.186198077E-06
    0.190189248E-06
    0.193935424E-06
    0.197427657E-06
    0.200658947E-06
    0.203623596E-06
    0.206318643E-06
    0.208738405E-06
    0.210881292E-06
    0.212747572E-06
    0.214334463E-06
    0.215644832E-06
    0.216679237E-06
    0.217440754E-06
    0.217933102E-06
    0.218159291E-06
    0.218124561E-06
    0.217833556E-06
    0.217293726E-06
    0.216510982E-06
    0.215492697E-06
    0.214245704E-06
    0.212778727E-06
    0.211101016E-06
    0.209220924E-06
    0.207145849E-06
    0.204887589E-06
    0.202453623E-06
    0.199855712E-06
    0.197101864E-06
    0.194201823E-06
    0.191168791E-06
    0.188007982E-06
    0.184732354E-06
    0.181350816E-06
    0.177873454E-06
    0.174310050E-06
    0.170670190E-06
    0.166961606E-06
    0.163196031E-06
    0.159380853E-06
    0.155525227E-06
    0.151637873E-06
    0.147726476E-06
    0.143798851E-06
    0.139863477E-06
    0.135926979E-06
    0.131996948E-06
    0.128079261E-06
    0.124181424E-06
    0.120308754E-06
    0.116466415E-06
    0.112660420E-06
    0.108897031E-06
    0.105179026E-06
    0.101511663E-06
    0.978992703E-07
    0.943451469E-07
    0.908527999E-07
    0.874260713E-07
    0.840658150E-07
    0.807767687E-07
    0.775603732E-07
    0.744171836E-07
    0.713508582E-07
    0.683617389E-07
    0.654513103E-07
    0.626202840E-07
    0.598690840E-07
    0.571985375E-07
    0.546090514E-07
    0.521001871E-07
    0.496719379E-07
    0.473240186E-07
    0.450553914E-07
    0.428661821E-07
    0.407552829E-07
    0.387216903E-07
    0.367642088E-07
    0.348818770E-07
    0.330733617E-07
    0.313372842E-07
    0.296717805E-07
    0.280764562E-07
    0.265486670E-07
    0.250866632E-07
    0.236896506E-07
    0.223553914E-07
    0.210818745E-07
    0.198679974E-07
    0.187113146E-07
    0.176100880E-07
    0.165631020E-07
    0.155676038E-07
    0.146222391E-07
    0.137253752E-07
    0.128749317E-07
    0.120692617E-07
    0.113065221E-07
    0.105850376E-07
    0.990316869E-08
    0.925909406E-08
    0.865127417E-08
    0.807805618E-08
    0.753790484E-08
    0.702922692E-08
    0.655078984E-08
    0.610082134E-08
    0.567812205E-08
    0.528124796E-08
    0.490896031E-08
    0.456000805E-08
    0.423312329E-08
    0.392718973E-08
    0.364117416E-08
    0.337356143E-08
    0.312375372E-08
    0.289069636E-08
    0.267323698E-08
    0.247061398E-08
    0.228196800E-08
    0.210632080E-08
    0.194304983E-08
    0.179130678E-08
    0.165031820E-08
    0.151952265E-08
    0.139825663E-08
    0.128585120E-08
    0.118177976E-08
    0.108542881E-08
    0.996371421E-09
    0.914013368E-09
    0.838010486E-09
    0.767833268E-09
    0.703133139E-09
    0.643481464E-09
    0.588556282E-09
    0.537988866E-09
    0.491480045E-09
    0.448737904E-09
    0.409469510E-09
    0.373415691E-09
    0.340368449E-09
    0.310051501E-09
    0.282310683E-09
    0.256872973E-09
    0.233582679E-09
    0.212333273E-09
    0.192897120E-09
    0.175128298E-09
    0.158926904E-09
    0.144132037E-09
    0.130649270E-09
    0.118369676E-09
    0.107183150E-09
    0.970037258E-10
    0.877477449E-10
    0.793368400E-10
    0.716937522E-10
    0.647524154E-10
    0.584527761E-10
    0.527424636E-10
    0.475675486E-10
    0.428885412E-10
    0.386392276E-10
    0.348039672E-10
    0.313278560E-10
    0.281895764E-10
    0.253503995E-10
    0.227959786E-10
    0.204814942E-10
    0.183956575E-10
    0.165170985E-10
    0.148268232E-10
    0.133024958E-10
    0.119305042E-10
    0.106885882E-10
    0.957931572E-11
    0.858188727E-11
    0.768098160E-11
    0.687281189E-11
    0.614682109E-11
    0.549489767E-11
    0.491284885E-11
    0.438914557E-11
    0.392141885E-11
    0.349975059E-11
    0.312373299E-11
    0.278745005E-11
    0.248615494E-11
    0.221595967E-11
    0.197529026E-11
    0.175985434E-11
    0.156877394E-11
    0.139571581E-11
    0.124184915E-11
    0.110528721E-11
    0.982703369E-12
    0.873939924E-12
    0.777282352E-12
    0.691076493E-12
    0.612209735E-12
    0.544014427E-12
    0.482891633E-12
    0.428723928E-12
    0.380100079E-12
    0.336854164E-12
    0.298282083E-12
    0.265013622E-12
    0.234296617E-12
    0.207068468E-12
    0.183053936E-12
    0.161617565E-12
    0.143082674E-12
    0.126695898E-12
    0.111928355E-12
    0.990586707E-13
    0.870557250E-13
    0.772158671E-13
    0.680593420E-13
    0.600244841E-13
    0.527883371E-13
    0.466383072E-13
    0.410754588E-13
    0.362270997E-13
    0.315863779E-13
    0.279852234E-13
    0.245003803E-13
    0.215870129E-13
    0.189266152E-13
    0.168085660E-13
    0.145496837E-13
    0.127726667E-13
    0.112984510E-13
    0.986432703E-14
    0.860457833E-14
    0.751024677E-14
    0.653373564E-14
    0.580084855E-14
    0.508931818E-14
    0.441201291E-14
    0.385352448E-14
    0.336208089E-14
    0.290702759E-14
    0.258047762E-14
    0.222068176E-14
    0.195281301E-14
    0.169416847E-14
    0.148480127E-14
    0.134301908E-14
    0.114959339E-14
    0.989513983E-15
    0.854061702E-15
    0.739067992E-15
    0.642755725E-15
    0.551175416E-15
    0.476382558E-15
    0.440164682E-15
    0.362604451E-15
    0.329613573E-15
    0.289069891E-15
    0.260376715E-15
    0.209591364E-15
    0.209101796E-15
    0.183117941E-15
    0.148784099E-15
    0.135694949E-15
    0.109010110E-15
    0.102695031E-15
    0.975708087E-16
    0.769252611E-16
    0.662017432E-16
    0.743017536E-16
    0.611750751E-16
    0.650099113E-16
    0.566752392E-16
    0.474644158E-16
    0.377219048E-16
    0.398946612E-16
    0.402913181E-16
    0.381479127E-16
    0.327724943E-16
    0.388511238E-16
    0.478933727E-16
    0.383983950E-16
    0.351903752E-16
    0.268163755E-16
    0.262271137E-16
    0.312023039E-16
    0.330371425E-16
    0.296336876E-16
    0.283208183E-16
    0.296291051E-16
    0.224801767E-16
    0.313388100E-16
    0.345860204E-16
    0.316927077E-16
    0.210583850E-16
    0.277441343E-16
    0.225789536E-16
    0.231270472E-16
    0.274303077E-16
    0.252105323E-16
    0.252359092E-16
    0.301790215E-16
    0.288700974E-16
    0.280869928E-16
    0.327162865E-16
    0.244230103E-16
    0.248586042E-16
    0.237201118E-16
    0.249996552E-16
    0.255823329E-16
    0.233446838E-16
    0.340191092E-16
    0.257941250E-16
    0.329038193E-16
    0.307788763E-16
    0.267512550E-16
    0.259888864E-16
    0.254450146E-16
    0.223688762E-16
    0.213823754E-16
    0.263789937E-16
    0.245692397E-16
    0.260134533E-16
    0.341125130E-16
    0.269013062E-16
    0.322156653E-16
    0.232068434E-16
    0.251517896E-16
    0.289351028E-16
    0.239952523E-16
    0.270607113E-16
    0.259669352E-16
    0.280950517E-16
    0.253458855E-16
    0.291769495E-16
    0.296090526E-16
    0.275207239E-16
    0.279506320E-16
    0.227812341E-16
    0.245864037E-16
    0.287494918E-16
    0.270559654E-16
    0.249416727E-16
    0.285676918E-16
    0.315832029E-16
    0.291868781E-16
    0.226247912E-16
    0.244681340E-16
    0.227317190E-16
    0.275177377E-16
    0.261037819E-16
    0.233295027E-16
    0.257268893E-16
    0.234716183E-16
    0.280572035E-16
    0.290538073E-16
    0.359636148E-16
    0.262182084E-16
    0.283726471E-16
    0.319170589E-16
    0.254913845E-16
    0.253032778E-16
    0.259581318E-16
    0.237072245E-16
    0.280304622E-16
    0.331938799E-16
    0.244057241E-16
    0.282332807E-16
    0.214704024E-16
    0.287008632E-16
    0.227003409E-16
    0.299913854E-16
    0.282591463E-16
    0.301404759E-16
    0.284657564E-16
    0.303618178E-16
    0.278621565E-16
    0.247347042E-16
    0.229928071E-16
    0.222752110E-16
    0.302376138E-16
    0.255527172E-16
    0.251475749E-16
    0.191038743E-16
    0.298548327E-16
    0.221367170E-16
    0.259079610E-16
    0.266225825E-16
    0.276175715E-16
    0.251358971E-16
    0.216929475E-16
    0.241091984E-16
    0.258877345E-16
    0.270060142E-16
    0.252076914E-16
    0.264276101E-16
    0.281417145E-16
    0.299744034E-16
    0.232220029E-16
    0.306989721E-16
    0.283930577E-16
    0.209103037E-16
    0.279955107E-16
    0.289045878E-16
    0.348271799E-16
    0.294433079E-16
    0.251673129E-16
    0.308078283E-16
    0.225476319E-16
    0.243846993E-16
    0.272716540E-16
    0.239715280E-16
    0.208408651E-16
    0.334431480E-16
    0.223589388E-16
    0.281547513E-16
    0.335767546E-16
    0.294520740E-16
    0.230030148E-16
    0.303897176E-16
    0.267112699E-16
    0.228700301E-16
    0.302641499E-16
    0.251540504E-16
    0.237567571E-16
    0.305934196E-16
    0.248899308E-16
    0.267838486E-16
    0.332275791E-16
    0.217408657E-16
    0.287874569E-16
    0.225015333E-16
    0.235709068E-16
    0.292640792E-16
    0.244617894E-16
    0.305666509E-16
    0.296932775E-16
    0.310502584E-16
    0.280815918E-16
    0.232796664E-16
    0.286777845E-16
    0.229133795E-16
    0.219930175E-16
    0.230277934E-16
    0.319085565E-16
    0.241658376E-16
    0.222552313E-16
    0.362899855E-16
    0.264646517E-16
    0.290923970E-16
    0.253120153E-16
    0.267461459E-16
    0.270492279E-16
    0.226669914E-16
    0.255612309E-16
    0.278440297E-16
    0.247033718E-16
    0.281993284E-16
    0.325422722E-16
    0.285441805E-16
    0.239703190E-16
    0.261441433E-16
    0.245024462E-16
    0.263772400E-16
    0.265869385E-16
    0.282194126E-16
    0.221173749E-16
    0.288968754E-16
    0.321521615E-16
    0.229287772E-16
    0.271088810E-16
    0.245777403E-16
    0.228260297E-16
    0.264684076E-16
    0.244174622E-16
    0.266892902E-16
    0.319285647E-16
    0.234781573E-16
    0.290567053E-16
    0.273071935E-16
    0.261496550E-16
    0.274609871E-16
    0.264178340E-16
    0.258999397E-16
    0.233146917E-16
    0.260941724E-16
    0.240052381E-16
    0.280231224E-16
    0.291166707E-16
    0.341817815E-16
    0.234816235E-16
    0.290441563E-16
    0.221685548E-16
    0.301695771E-16
    0.260866439E-16
    0.268520847E-16
    0.320803365E-16
    0.250914123E-16
    0.294833472E-16
    0.325470542E-16
    0.229027026E-16
    0.276228415E-16
    0.231933185E-16
    0.307216490E-16
    0.267004365E-16
    0.273932029E-16
    0.239217147E-16
    0.289338122E-16
    0.314372068E-16
    0.220049395E-16
    0.243673104E-16
    0.297455911E-16
    0.283192494E-16
    0.267838720E-16
    0.243305310E-16
    0.282239706E-16
    0.253830330E-16
    0.229279271E-16
    0.274553347E-16
    0.247280561E-16
    0.327269715E-16
    0.316518131E-16
    0.266862538E-16
    0.263024224E-16
    0.271475241E-16
    0.251752400E-16
    0.249383389E-16
    0.307976630E-16
    0.314270897E-16
    0.297188432E-16
    0.267343305E-16
    0.254438353E-16
    0.271628425E-16
    0.303426273E-16
    0.296946251E-16
    0.267121274E-16
    0.347593188E-16
    0.235710154E-16
    0.254552577E-16
    0.398897247E-16
    0.248188362E-16
    0.273140296E-16
    0.287062069E-16
    0.307650711E-16
    0.302230166E-16
    0.246872059E-16
    0.283315539E-16
    0.247217030E-16
    0.212649551E-16
    0.203414434E-16
    0.272616417E-16
    0.303946967E-16
    0.298016054E-16
    0.239551326E-16
    0.250724974E-16
    0.242686943E-16
    0.275586120E-16
    0.292853518E-16
    0.267051463E-16
    0.302395291E-16
    0.237583962E-16
    0.247852652E-16
    0.299003935E-16
    0.333945049E-16
    0.288736489E-16
    0.239516369E-16
    0.283500835E-16
    0.298614632E-16
    0.274014320E-16
    0.232541036E-16
    0.326672086E-16
    0.294375364E-16
    0.256234487E-16
    0.236019316E-16
    0.385252317E-16
    0.340079072E-16
    0.236200757E-16
    0.280041270E-16
    0.247481082E-16
    0.240826298E-16
    0.222123382E-16
    0.294776501E-16
    0.298512178E-16
    0.285092914E-16
    0.280270686E-16
    0.306483403E-16
    0.267792248E-16
    0.276645139E-16
    0.301757083E-16
    0.242414823E-16
    0.265304625E-16
    0.289281930E-16
    0.284500320E-16
    0.285511037E-16
    0.301259107E-16
    0.335940626E-16
    0.292149610E-16
    0.317293926E-16
    0.264534833E-16
    0.296859302E-16
    0.245959265E-16
    0.243909809E-16
    0.386412617E-16
    0.343132380E-16
    0.219733420E-16
    0.380464563E-16
    0.295528911E-16
    0.264093796E-16
    0.283783019E-16
    0.254491537E-16
    0.296552524E-16
    0.223454434E-16
    0.256166918E-16
    0.288716409E-16
    0.328673597E-16
    0.303808359E-16
    0.266012307E-16
    0.264842335E-16
    0.335980722E-16
    0.347567992E-16
    0.275226413E-16
    0.312984842E-16
    0.325798527E-16
    0.246938658E-16
    0.251962544E-16
    0.325655995E-16
    0.313104069E-16
    0.322648349E-16
    0.318196635E-16
    0.245150001E-16
    0.292558433E-16
    0.252739556E-16
    0.219926762E-16
    0.358966117E-16
    0.287329895E-16
    0.280768574E-16
    0.338996360E-16
    0.310288897E-16
    0.261224748E-16
    0.228701555E-16
    0.266716369E-16
    0.300650972E-16
    0.275554291E-16
    0.245722644E-16
    0.339510794E-16
    0.336860824E-16
    0.214022035E-16
    0.259851565E-16
    0.284134846E-16
    0.378567277E-16
    0.312965812E-16
    0.287587738E-16
    0.304307924E-16
    0.307934296E-16
    0.324862779E-16
    0.285661022E-16
    0.289528361E-16
    0.257098033E-16
    0.343851001E-16
    0.280968167E-16
    0.299091376E-16
    0.371618715E-16
    0.328023548E-16
    0.243737625E-16
    0.297855380E-16
    0.314014259E-16
    0.317077827E-16
    0.320095159E-16
    0.245773993E-16
    0.271780676E-16
    0.257751310E-16
    0.307358483E-16
    0.291459155E-16
    0.318134860E-16
    0.256322448E-16
    0.268605406E-16
    0.297689349E-16
    0.296556370E-16
    0.247303452E-16
    0.331967763E-16
    0.311600183E-16
    0.289681153E-16
    0.262844179E-16
    0.291862196E-16
    0.387866378E-16
    0.243207889E-16
    0.261788605E-16
    0.391215729E-16
    0.343914195E-16
    0.379331983E-16
    0.312209678E-16
    0.245216780E-16
    0.340382890E-16
    0.361220605E-16
    0.278030122E-16
    0.294469058E-16
    0.299122045E-16
    0.276693764E-16
    0.439591418E-16
    0.259106819E-16
    0.348313299E-16
    0.239087387E-16
    0.278533534E-16
    0.326011118E-16
    0.315556481E-16
    0.344464762E-16
    0.394482377E-16
    0.333290140E-16
    0.204792232E-16
    0.245507847E-16
    0.214755741E-16
    0.295518149E-16
    0.253396918E-16
    0.346522366E-16
    0.293119764E-16
    0.406889284E-16
    0.406997459E-16
    0.335745397E-16
    0.322039556E-16
    0.400248197E-16
    0.403091113E-16
    0.346504860E-16
    0.376221112E-16
    0.335789552E-16
    0.312336031E-16
    0.295858496E-16
    0.290575976E-16
    0.368409869E-16
    0.260678896E-16
    0.229052873E-16
    0.289848916E-16
    0.291610669E-16
    0.337329191E-16
    0.275413799E-16
    0.318217654E-16
    0.447391755E-16
    0.345300287E-16
    0.412755863E-16
    0.338519459E-16
    0.340145127E-16
    0.409884383E-16
    0.347750042E-16
    0.452422034E-16
    0.393347626E-16
    0.491951204E-16
    0.411485894E-16
    0.401855627E-16
    0.430104250E-16
    0.425389566E-16
    0.278293004E-16
    0.290493580E-16
    0.349013723E-16
    0.295821200E-16
    0.369372091E-16
    0.383526261E-16
    0.316198430E-16
    0.281005923E-16
    0.278873897E-16
    0.380615164E-16
    0.240625597E-16
    0.272533563E-16
    0.334150921E-16
    0.329297334E-16
    0.239408016E-16
    0.267617715E-16
    0.310236448E-16
    0.321353040E-16
    0.281119428E-16
    0.257152081E-16
    0.252147507E-16
    0.248302406E-16
    0.302151619E-16
    0.311923407E-16
    0.326128086E-16
    0.308420005E-16
    0.318231399E-16
    0.372088159E-16
    0.289436302E-16
    0.276545407E-16
    0.278693104E-16
    0.348308303E-16
    0.341217863E-16
    0.310824094E-16
    0.301356208E-16
    0.273696074E-16
    0.401497841E-16
    0.372123477E-16
    0.216919232E-16
    0.267129453E-16
    0.264496427E-16
    0.255571576E-16
    0.216174682E-16
    0.359556611E-16
    0.298843548E-16
    0.271844330E-16
    0.370818480E-16
    0.451070753E-16
    0.349997651E-16
    0.272158441E-16
    0.255213254E-16
    0.206959241E-16
    0.279888961E-16
    0.242012614E-16
    0.285165920E-16
    0.301175935E-16
    0.288323850E-16
    0.370501064E-16
    0.292213615E-16
    0.312648486E-16
    0.410663458E-16
    0.356502968E-16
    0.349921433E-16
    0.384951532E-16
    0.428484276E-16
    0.459425260E-16
    0.411285216E-16
    0.337189644E-16
    0.330690964E-16
    0.359631320E-16
    0.296153365E-16
    0.290763576E-16
    0.279357636E-16
    0.268626037E-16
    0.241988565E-16
    0.260080314E-16
    0.245933617E-16
    0.347545451E-16
    0.264438591E-16
    0.234306834E-16
    0.272180919E-16
    0.241184467E-16
    0.207518362E-16
    0.253322283E-16
    0.295354525E-16
    0.278876609E-16
    0.339616447E-16
    0.345661573E-16
    0.327152352E-16
    0.229284616E-16
    0.354518508E-16
    0.244898173E-16
    0.298728482E-16
    0.205154350E-16
    0.295040889E-16
    0.253777735E-16
    0.286076674E-16
    0.313968148E-16
    0.235822663E-16
    0.243054430E-16
    0.323845090E-16
    0.247783693E-16
    0.290212750E-16
    0.263533699E-16
    0.267424635E-16
    0.237414274E-16
    0.352680444E-16
    0.222144991E-16
    0.217116008E-16
    0.265291977E-16
    0.221265968E-16
    0.189987241E-16
    0.292256616E-16
    0.300773437E-16
    0.255550101E-16
    0.303998920E-16
    0.312357604E-16
    0.325179045E-16
    0.242895146E-16
