 #tdnd tdcion
    0.340146301E-16
    0.288196524E-16
    0.395634201E-16
    0.340873599E-16
    0.393870629E-16
    0.292318527E-16
    0.329132000E-16
    0.304829938E-16
    0.263998470E-16
    0.338089100E-16
    0.340025059E-16
    0.264929579E-16
    0.296081982E-16
    0.275303136E-16
    0.221176194E-16
    0.226041611E-16
    0.288248287E-16
    0.267316414E-16
    0.319111834E-16
    0.257063090E-16
    0.250819601E-16
    0.255227181E-16
    0.331531158E-16
    0.334062361E-16
    0.321362752E-16
    0.325271487E-16
    0.354632354E-16
    0.339606442E-16
    0.353257217E-16
    0.351683629E-16
    0.420684644E-16
    0.383307995E-16
    0.402535951E-16
    0.339967875E-16
    0.390266380E-16
    0.293015537E-16
    0.257898661E-16
    0.354112840E-16
    0.303217516E-16
    0.288449390E-16
    0.270358514E-16
    0.280138577E-16
    0.343864677E-16
    0.301000644E-16
    0.343674992E-16
    0.328705355E-16
    0.268737054E-16
    0.301617917E-16
    0.202342559E-16
    0.230688113E-16
    0.273131888E-16
    0.299611202E-16
    0.274935049E-16
    0.299881815E-16
    0.286770662E-16
    0.308260333E-16
    0.304818545E-16
    0.270622746E-16
    0.279981461E-16
    0.256567660E-16
    0.268704678E-16
    0.327239571E-16
    0.323333655E-16
    0.311380220E-16
    0.309742766E-16
    0.246055224E-16
    0.292789936E-16
    0.221559302E-16
    0.222156099E-16
    0.231708260E-16
    0.337391819E-16
    0.327351036E-16
    0.300198186E-16
    0.258808991E-16
    0.240889596E-16
    0.241891445E-16
    0.294836777E-16
    0.255357855E-16
    0.260475429E-16
    0.327865311E-16
    0.326944120E-16
    0.223685842E-16
    0.290882525E-16
    0.273756983E-16
    0.214063006E-16
    0.324965247E-16
    0.306557562E-16
    0.250525397E-16
    0.318806374E-16
    0.230882446E-16
    0.297209554E-16
    0.262876295E-16
    0.246823801E-16
    0.333449263E-16
    0.319004949E-16
    0.260482847E-16
    0.255607352E-16
    0.235630759E-16
    0.275876760E-16
    0.271985395E-16
    0.256759276E-16
    0.225402708E-16
    0.279746582E-16
    0.312521779E-16
    0.241189366E-16
    0.218730264E-16
    0.241141671E-16
    0.236881853E-16
    0.216963634E-16
    0.295683896E-16
    0.259043453E-16
    0.242470349E-16
    0.243623687E-16
    0.256312134E-16
    0.313363578E-16
    0.258639864E-16
    0.254701676E-16
    0.254428673E-16
    0.254552976E-16
    0.245223064E-16
    0.284547367E-16
    0.292707745E-16
    0.233064790E-16
    0.320269161E-16
    0.390615744E-16
    0.275379795E-16
    0.216571164E-16
    0.302581437E-16
    0.262530261E-16
    0.210456994E-16
    0.228751651E-16
    0.319231036E-16
    0.259970046E-16
    0.298670800E-16
    0.274443590E-16
    0.243148698E-16
    0.176106848E-16
    0.274822664E-16
    0.205468748E-16
    0.246283177E-16
    0.277252890E-16
    0.232383107E-16
    0.215876961E-16
    0.259586975E-16
    0.299344443E-16
    0.268105672E-16
    0.359712479E-16
    0.291021193E-16
    0.427323067E-16
    0.511769079E-16
    0.571603176E-16
    0.108748282E-15
    0.113859406E-15
    0.178488953E-15
    0.267999261E-15
    0.379972621E-15
    0.626304145E-15
    0.100501933E-14
    0.151698632E-14
    0.246628926E-14
    0.384404857E-14
    0.580800781E-14
    0.908039091E-14
    0.139692985E-13
    0.213692208E-13
    0.326426087E-13
    0.503969436E-13
    0.765146166E-13
    0.116286217E-12
    0.176635687E-12
    0.268711889E-12
    0.401726344E-12
    0.607025579E-12
    0.906679457E-12
    0.135354350E-11
    0.201815046E-11
    0.299288841E-11
    0.443587948E-11
    0.655086223E-11
    0.963742616E-11
    0.141496148E-10
    0.207201730E-10
    0.302371426E-10
    0.440211285E-10
    0.638822107E-10
    0.924721542E-10
    0.133413870E-09
    0.192048727E-09
    0.275584556E-09
    0.394356855E-09
    0.562805494E-09
    0.800994487E-09
    0.113665551E-08
    0.160861515E-08
    0.227034564E-08
    0.319501354E-08
    0.448432924E-08
    0.627613382E-08
    0.875998399E-08
    0.121931426E-07
    0.169250894E-07
    0.234289259E-07
    0.323436939E-07
    0.445277955E-07
    0.611350960E-07
    0.837061858E-07
    0.114299254E-06
    0.155648003E-06
    0.211378636E-06
    0.286284838E-06
    0.386682386E-06
    0.520873081E-06
    0.699731170E-06
    0.937459126E-06
    0.125255937E-05
    0.166904517E-05
    0.221800481E-05
    0.293956665E-05
    0.388533505E-05
    0.512154425E-05
    0.673287046E-05
    0.882726280E-05
    0.115419454E-04
    0.150508092E-04
    0.195734507E-04
    0.253864604E-04
    0.328370505E-04
    0.423596807E-04
    0.544963726E-04
    0.699211578E-04
    0.894694902E-04
    0.114173736E-03
    0.145305299E-03
    0.184425182E-03
    0.233443163E-03
    0.294688781E-03
    0.370993527E-03
    0.465787726E-03
    0.583213480E-03
    0.728254772E-03
    0.906888486E-03
    0.112625723E-02
    0.139486638E-02
    0.172280868E-02
    0.212201749E-02
    0.260655032E-02
    0.319290735E-02
    0.390038178E-02
    0.475144841E-02
    0.577218601E-02
    0.699273715E-02
    0.844780158E-02
    0.101771624E-01
    0.122262399E-01
    0.146466701E-01
    0.174968980E-01
    0.208427783E-01
    0.247581731E-01
    0.293255296E-01
    0.346364285E-01
    0.407920717E-01
    0.479037065E-01
    0.560929420E-01
    0.654919467E-01
    0.762434870E-01
    0.885007920E-01
    0.102427181E+00
    0.118195463E+00
    0.135987036E+00
    0.155990674E+00
    0.178400969E+00
    0.203416389E+00
    0.231236948E+00
    0.262061447E+00
    0.296084297E+00
    0.333491902E+00
    0.374458640E+00
    0.419142424E+00
    0.467679925E+00
    0.520181457E+00
    0.576725645E+00
    0.637353893E+00
    0.702064824E+00
    0.770808743E+00
    0.843482297E+00
    0.919923446E+00
    0.999906947E+00
    0.108314045E+01
    0.116926144E+01
    0.125783517E+01
    0.134835376E+01
    0.144023661E+01
    0.153283227E+01
    0.162542195E+01
    0.171722466E+01
    0.180740415E+01
    0.189507757E+01
    0.197932596E+01
    0.205920633E+01
    0.213376537E+01
    0.220205451E+01
    0.226314613E+01
    0.231615062E+01
    0.236023396E+01
    0.239463548E+01
    0.241868532E+01
    0.243182112E+01
    0.243360364E+01
    0.242373060E+01
    0.240204854E+01
    0.236856205E+01
    0.232344014E+01
    0.226701933E+01
    0.219980328E+01
    0.212245864E+01
    0.203580727E+01
    0.194081462E+01
    0.183857453E+01
    0.173029072E+01
    0.161725524E+01
    0.150082442E+01
    0.138239281E+01
    0.126336578E+01
    0.114513156E+01
    0.102903330E+01
    0.916342065E+00
    0.808231411E+00
    0.705754387E+00
    0.609823526E+00
    0.521194474E+00
    0.440453717E+00
    0.368010793E+00
    0.304095175E+00
    0.248757933E+00
    0.201878064E+00
    0.163173272E+00
    0.132214815E+00
    0.108445889E+00
    0.912029317E-01
    0.797391029E-01
    0.732491691E-01
    0.708949355E-01
    0.718304165E-01
    0.752259056E-01
    0.802902195E-01
    0.862904217E-01
    0.925684808E-01
    0.985544240E-01
    0.103775708E+00
    0.107862655E+00
    0.110549991E+00
    0.111674639E+00
    0.111170076E+00
    0.109057681E+00
    0.105435583E+00
    0.100465629E+00
    0.943590874E-01
    0.873617623E-01
    0.797391473E-01
    0.717622422E-01
    0.636945388E-01
    0.557806606E-01
    0.482369856E-01
    0.412444912E-01
    0.349439588E-01
    0.294335231E-01
    0.247684823E-01
    0.209631611E-01
    0.179945493E-01
    0.158073768E-01
    0.143202401E-01
    0.134323800E-01
    0.130307102E-01
    0.129967206E-01
    0.132129139E-01
    0.135684988E-01
    0.139641100E-01
    0.143154158E-01
    0.145555306E-01
    0.146362325E-01
    0.145280384E-01
    0.142192612E-01
    0.137142043E-01
    0.130306863E-01
    0.121971118E-01
    0.112492956E-01
    0.102272584E-01
    0.917217172E-02
    0.812362048E-02
    0.711729990E-02
    0.618324306E-02
    0.534460907E-02
    0.461705556E-02
    0.400865121E-02
    0.352027798E-02
    0.314643713E-02
    0.287635940E-02
    0.269531463E-02
    0.258601235E-02
    0.252999228E-02
    0.250891759E-02
    0.250569693E-02
    0.250538421E-02
    0.249582311E-02
    0.246802541E-02
    0.241629103E-02
    0.233809401E-02
    0.223377002E-02
    0.210605372E-02
    0.195951434E-02
    0.179994380E-02
    0.163374193E-02
    0.146734637E-02
    0.130673791E-02
    0.115704790E-02
    0.102228197E-02
    0.905164045E-03
    0.807097021E-03
    0.728226279E-03
    0.667588624E-03
    0.623323553E-03
    0.592924209E-03
    0.573501690E-03
    0.562044161E-03
    0.555649372E-03
    0.551717930E-03
    0.548098015E-03
    0.543176063E-03
    0.535915046E-03
    0.525843539E-03
    0.513003514E-03
    0.497866777E-03
    0.481230301E-03
    0.464102170E-03
    0.447587720E-03
    0.432785716E-03
    0.420700414E-03
    0.412175257E-03
    0.407849441E-03
    0.408138869E-03
    0.413238224E-03
    0.423142206E-03
    0.437680468E-03
    0.456562195E-03
    0.479424721E-03
    0.505881889E-03
    0.535567905E-03
    0.568173908E-03
    0.603475158E-03
    0.641347636E-03
    0.681774727E-03
    0.724844306E-03
    0.770738218E-03
    0.819715936E-03
    0.872095027E-03
    0.928230089E-03
    0.988492540E-03
    0.105325291E-02
    0.112286647E-02
    0.119766340E-02
    0.127794354E-02
    0.136397503E-02
    0.145599733E-02
    0.155422673E-02
    0.165886394E-02
    0.177010288E-02
    0.188813927E-02
    0.201317845E-02
    0.214544216E-02
    0.228517322E-02
    0.243263798E-02
    0.258812761E-02
    0.275195706E-02
    0.292446239E-02
    0.310599796E-02
    0.329693190E-02
    0.349764259E-02
    0.370851432E-02
    0.392993396E-02
    0.416228894E-02
    0.440596422E-02
    0.466134222E-02
    0.492880232E-02
    0.520872061E-02
    0.550147139E-02
    0.580742748E-02
    0.612696142E-02
    0.646044635E-02
    0.680825689E-02
    0.717076889E-02
    0.754835999E-02
    0.794140864E-02
    0.835029363E-02
    0.877539277E-02
    0.921708213E-02
    0.967573397E-02
    0.101517156E-01
    0.106453882E-01
    0.111571051E-01
    0.116872112E-01
    0.122360408E-01
    0.128039182E-01
    0.133911559E-01
    0.139980538E-01
    0.146248995E-01
    0.152719674E-01
    0.159395175E-01
    0.166277958E-01
    0.173370335E-01
    0.180674462E-01
    0.188192321E-01
    0.195925747E-01
    0.203876376E-01
    0.212045666E-01
    0.220434893E-01
    0.229045110E-01
    0.237877179E-01
    0.246931741E-01
    0.256209207E-01
    0.265709765E-01
    0.275433367E-01
    0.285379718E-01
    0.295548278E-01
    0.305938259E-01
    0.316548614E-01
    0.327378030E-01
    0.338424942E-01
    0.349687507E-01
    0.361163617E-01
    0.372850889E-01
    0.384746664E-01
    0.396848009E-01
    0.409151712E-01
    0.421654275E-01
    0.434351927E-01
    0.447240611E-01
    0.460315990E-01
    0.473573454E-01
    0.487008106E-01
    0.500614783E-01
    0.514388041E-01
    0.528322172E-01
    0.542411195E-01
    0.556648872E-01
    0.571028704E-01
    0.585543934E-01
    0.600187570E-01
    0.614952364E-01
    0.629830841E-01
    0.644815295E-01
    0.659897789E-01
    0.675070189E-01
    0.690324132E-01
    0.705651079E-01
    0.721042283E-01
    0.736488827E-01
    0.751981617E-01
    0.767511404E-01
    0.783068787E-01
    0.798644216E-01
    0.814228022E-01
    0.829810413E-01
    0.845381492E-01
    0.860931261E-01
    0.876449645E-01
    0.891926495E-01
    0.907351593E-01
    0.922714693E-01
    0.938005497E-01
    0.953213691E-01
    0.968328946E-01
    0.983340945E-01
    0.998239379E-01
    0.101301395E+00
    0.102765445E+00
    0.104215066E+00
    0.105649247E+00
    0.107066984E+00
    0.108467279E+00
    0.109849150E+00
    0.111211620E+00
    0.112553729E+00
    0.113874528E+00
    0.115173086E+00
    0.116448485E+00
    0.117699824E+00
    0.118926224E+00
    0.120126822E+00
    0.121300775E+00
    0.122447262E+00
    0.123565485E+00
    0.124654669E+00
    0.125714062E+00
    0.126742938E+00
    0.127740595E+00
    0.128706360E+00
    0.129639586E+00
    0.130539652E+00
    0.131405969E+00
    0.132237975E+00
    0.133035138E+00
    0.133796957E+00
    0.134522962E+00
    0.135212712E+00
    0.135865801E+00
    0.136481852E+00
    0.137060522E+00
    0.137601499E+00
    0.138104504E+00
    0.138569293E+00
    0.138995653E+00
    0.139383403E+00
    0.139732399E+00
    0.140042524E+00
    0.140313700E+00
    0.140545878E+00
    0.140739044E+00
    0.140893215E+00
    0.141008439E+00
    0.141084800E+00
    0.141122409E+00
    0.141121412E+00
    0.141081983E+00
    0.141004327E+00
    0.140888682E+00
    0.140735310E+00
    0.140544506E+00
    0.140316591E+00
    0.140051916E+00
    0.139750854E+00
    0.139413811E+00
    0.139041213E+00
    0.138633514E+00
    0.138191189E+00
    0.137714740E+00
    0.137204688E+00
    0.136661578E+00
    0.136085975E+00
    0.135478463E+00
    0.134839646E+00
    0.134170147E+00
    0.133470603E+00
    0.132741672E+00
    0.131984022E+00
    0.131198340E+00
    0.130385325E+00
    0.129545687E+00
    0.128680151E+00
    0.127789450E+00
    0.126874327E+00
    0.125935536E+00
    0.124973836E+00
    0.123989995E+00
    0.122984786E+00
    0.121958990E+00
    0.120913388E+00
    0.119848768E+00
    0.118765918E+00
    0.117665630E+00
    0.116548695E+00
    0.115415904E+00
    0.114268051E+00
    0.113105923E+00
    0.111930308E+00
    0.110741990E+00
    0.109541750E+00
    0.108330363E+00
    0.107108601E+00
    0.105877228E+00
    0.104637002E+00
    0.103388674E+00
    0.102132988E+00
    0.100870680E+00
    0.996024753E-01
    0.983290912E-01
    0.970512344E-01
    0.957696016E-01
    0.944848791E-01
    0.931977408E-01
    0.919088510E-01
    0.906188592E-01
    0.893284049E-01
    0.880381134E-01
    0.867485979E-01
    0.854604576E-01
    0.841742788E-01
    0.828906329E-01
    0.816100787E-01
    0.803331593E-01
    0.790604047E-01
    0.777923296E-01
    0.765294340E-01
    0.752722031E-01
    0.740211083E-01
    0.727766038E-01
    0.715391308E-01
    0.703091144E-01
    0.690869651E-01
    0.678730787E-01
    0.666678343E-01
    0.654715984E-01
    0.642847203E-01
    0.631075356E-01
    0.619403655E-01
    0.607835146E-01
    0.596372751E-01
    0.585019233E-01
    0.573777213E-01
    0.562649180E-01
    0.551637466E-01
    0.540744281E-01
    0.529971685E-01
    0.519321605E-01
    0.508795841E-01
    0.498396059E-01
    0.488123790E-01
    0.477980449E-01
    0.467967319E-01
    0.458085562E-01
    0.448336221E-01
    0.438720220E-01
    0.429238378E-01
    0.419891382E-01
    0.410679831E-01
    0.401604208E-01
    0.392664885E-01
    0.383862143E-01
    0.375196164E-01
    0.366667031E-01
    0.358274730E-01
    0.350019165E-01
    0.341900149E-01
    0.333917408E-01
    0.326070592E-01
    0.318359269E-01
    0.310782927E-01
    0.303340990E-01
    0.296032806E-01
    0.288857651E-01
    0.281814748E-01
    0.274903246E-01
    0.268122243E-01
    0.261470777E-01
    0.254947828E-01
    0.248552335E-01
    0.242283180E-01
    0.236139200E-01
    0.230119191E-01
    0.224221908E-01
    0.218446060E-01
    0.212790333E-01
    0.207253368E-01
    0.201833782E-01
    0.196530154E-01
    0.191341045E-01
    0.186264987E-01
    0.181300492E-01
    0.176446043E-01
    0.171700120E-01
    0.167061170E-01
    0.162527636E-01
    0.158097947E-01
    0.153770514E-01
    0.149543750E-01
    0.145416051E-01
    0.141385812E-01
    0.137451424E-01
    0.133611271E-01
    0.129863743E-01
    0.126207223E-01
    0.122640101E-01
    0.119160768E-01
    0.115767619E-01
    0.112459055E-01
    0.109233482E-01
    0.106089317E-01
    0.103024983E-01
    0.100038913E-01
    0.971295520E-02
    0.942953574E-02
    0.915347943E-02
    0.888463484E-02
    0.862285129E-02
    0.836797993E-02
    0.811987337E-02
    0.787838558E-02
    0.764337268E-02
    0.741469219E-02
    0.719220317E-02
    0.697576686E-02
    0.676524635E-02
    0.656050640E-02
    0.636141352E-02
    0.616783657E-02
    0.597964625E-02
    0.579671494E-02
    0.561891751E-02
    0.544613057E-02
    0.527823259E-02
    0.511510459E-02
    0.495662929E-02
    0.480269133E-02
    0.465317792E-02
    0.450797769E-02
    0.436698200E-02
    0.423008368E-02
    0.409717788E-02
    0.396816191E-02
    0.384293492E-02
    0.372139799E-02
    0.360345454E-02
    0.348900962E-02
    0.337797055E-02
    0.327024641E-02
    0.316574838E-02
    0.306438949E-02
    0.296608449E-02
    0.287075045E-02
    0.277830587E-02
    0.268867136E-02
    0.260176914E-02
    0.251752356E-02
    0.243586023E-02
    0.235670700E-02
    0.227999321E-02
    0.220564982E-02
    0.213360973E-02
    0.206380719E-02
    0.199617812E-02
    0.193066027E-02
    0.186719263E-02
    0.180571598E-02
    0.174617238E-02
    0.168850562E-02
    0.163266070E-02
    0.157858429E-02
    0.152622422E-02
    0.147552977E-02
    0.142645169E-02
    0.137894189E-02
    0.133295355E-02
    0.128844132E-02
    0.124536088E-02
    0.120366909E-02
    0.116332423E-02
    0.112428548E-02
    0.108651325E-02
    0.104996905E-02
    0.101461545E-02
    0.980416114E-03
    0.947335688E-03
    0.915339752E-03
    0.884394959E-03
    0.854468919E-03
    0.825530098E-03
    0.797547804E-03
    0.770492418E-03
    0.744335005E-03
    0.719047497E-03
    0.694602735E-03
    0.670974236E-03
    0.648136243E-03
    0.626063935E-03
    0.604733067E-03
    0.584120097E-03
    0.564202288E-03
    0.544957416E-03
    0.526364065E-03
    0.508401284E-03
    0.491048901E-03
    0.474287230E-03
    0.458097206E-03
    0.442460300E-03
    0.427358609E-03
    0.412774639E-03
    0.398691582E-03
    0.385092934E-03
    0.371962891E-03
    0.359285941E-03
    0.347047155E-03
    0.335232018E-03
    0.323826436E-03
    0.312816762E-03
    0.302189746E-03
    0.291932598E-03
    0.282032823E-03
    0.272478378E-03
    0.263257576E-03
    0.254359065E-03
    0.245771905E-03
    0.237485393E-03
    0.229489218E-03
    0.221773441E-03
    0.214328329E-03
    0.207144522E-03
    0.200212901E-03
    0.193524705E-03
    0.187071376E-03
    0.180844687E-03
    0.174836613E-03
    0.169039403E-03
    0.163445592E-03
    0.158047911E-03
    0.152839321E-03
    0.147813054E-03
    0.142962496E-03
    0.138281259E-03
    0.133763228E-03
    0.129402400E-03
    0.125193014E-03
    0.121129494E-03
    0.117206426E-03
    0.113418598E-03
    0.109760971E-03
    0.106228648E-03
    0.102816911E-03
    0.995212292E-04
    0.963371820E-04
    0.932604979E-04
    0.902871218E-04
    0.874130372E-04
    0.846344573E-04
    0.819477003E-04
    0.793491980E-04
    0.768355104E-04
    0.744033853E-04
    0.720496267E-04
    0.697711760E-04
    0.675651166E-04
    0.654286133E-04
    0.633589703E-04
    0.613535712E-04
    0.594099554E-04
    0.575257142E-04
    0.556985635E-04
    0.539263185E-04
    0.522069027E-04
    0.505382941E-04
    0.489186190E-04
    0.473460288E-04
    0.458188298E-04
    0.443353388E-04
    0.428940232E-04
    0.414933755E-04
    0.401319884E-04
    0.388085237E-04
    0.375217134E-04
    0.362703609E-04
    0.350533243E-04
    0.338695264E-04
    0.327179547E-04
    0.315976584E-04
    0.305077300E-04
    0.294473027E-04
    0.284155876E-04
    0.274118289E-04
    0.264352921E-04
    0.254853193E-04
    0.245612583E-04
    0.236625173E-04
    0.227885226E-04
    0.219387392E-04
    0.211126554E-04
    0.203097764E-04
    0.195296581E-04
    0.187718614E-04
    0.180359555E-04
    0.173215502E-04
    0.166282556E-04
    0.159556892E-04
    0.153035162E-04
    0.146713670E-04
    0.140589196E-04
    0.134658325E-04
    0.128917857E-04
    0.123364597E-04
    0.117995496E-04
    0.112807358E-04
    0.107797131E-04
    0.102961808E-04
    0.982983092E-05
    0.938035118E-05
    0.894745419E-05
    0.853081326E-05
    0.813013940E-05
    0.774511594E-05
    0.737543100E-05
    0.702076817E-05
    0.668082058E-05
    0.635526295E-05
    0.604377508E-05
    0.574603278E-05
    0.546171065E-05
    0.519047198E-05
    0.493198808E-05
    0.468592334E-05
    0.445193339E-05
    0.422967910E-05
    0.401881411E-05
    0.381899606E-05
    0.362987000E-05
    0.345108952E-05
    0.328230225E-05
    0.312315512E-05
    0.297329346E-05
    0.283236645E-05
    0.270001670E-05
    0.257589075E-05
    0.245963809E-05
    0.235090734E-05
    0.224934848E-05
    0.215461555E-05
    0.206636416E-05
    0.198425089E-05
    0.190794741E-05
    0.183711165E-05
    0.177142180E-05
    0.171055584E-05
    0.165419912E-05
    0.160203440E-05
    0.155377074E-05
    0.150910320E-05
    0.146775259E-05
    0.142943537E-05
    0.139388877E-05
    0.136084678E-05
    0.133006081E-05
    0.130129395E-05
    0.127431736E-05
    0.124890773E-05
    0.122486224E-05
    0.120198364E-05
    0.118008584E-05
    0.115900023E-05
    0.113856247E-05
    0.111862659E-05
    0.109905168E-05
    0.107971562E-05
    0.106050275E-05
    0.104131368E-05
    0.102205656E-05
    0.100265367E-05
    0.983035458E-06
    0.963146888E-06
    0.942937219E-06
    0.922375373E-06
    0.901430611E-06
    0.880086900E-06
    0.858333513E-06
    0.836172024E-06
    0.813608153E-06
    0.790655996E-06
    0.767339177E-06
    0.743683170E-06
    0.719721480E-06
    0.695492440E-06
    0.671037057E-06
    0.646405221E-06
    0.621642314E-06
    0.596802244E-06
    0.571942610E-06
    0.547114486E-06
    0.522380417E-06
    0.497795217E-06
    0.473417257E-06
    0.449306756E-06
    0.425518151E-06
    0.402110023E-06
    0.379134544E-06
    0.356645269E-06
    0.334692521E-06
    0.313323823E-06
    0.292585446E-06
    0.272518030E-06
    0.253162456E-06
    0.234552865E-06
    0.216721238E-06
    0.199698213E-06
    0.183506704E-06
    0.168168676E-06
    0.153701807E-06
    0.140119921E-06
    0.127431602E-06
    0.115645904E-06
    0.104762683E-06
    0.947836031E-07
    0.857026034E-07
    0.775144446E-07
    0.702064836E-07
    0.637662599E-07
    0.581775550E-07
    0.534211536E-07
    0.494754068E-07
    0.463163134E-07
    0.439191971E-07
    0.422561834E-07
    0.412964546E-07
    0.410100521E-07
    0.413646739E-07
    0.423271756E-07
    0.438633234E-07
    0.459364840E-07
    0.485118515E-07
    0.515547817E-07
    0.550269233E-07
    0.588928560E-07
    0.631160391E-07
    0.676599052E-07
    0.724891297E-07
    0.775685696E-07
    0.828627286E-07
    0.883380367E-07
    0.939619234E-07
    0.997009905E-07
    0.105524599E-06
    0.111402555E-06
    0.117305906E-06
    0.123206365E-06
    0.129077194E-06
    0.134894509E-06
    0.140632331E-06
    0.146269230E-06
    0.151783941E-06
    0.157156622E-06
    0.162367778E-06
    0.167402284E-06
    0.172243278E-06
    0.176875786E-06
    0.181288388E-06
    0.185469400E-06
    0.189408011E-06
    0.193094598E-06
    0.196522474E-06
    0.199686256E-06
    0.202579413E-06
    0.205197884E-06
    0.207539158E-06
    0.209601445E-06
    0.211385174E-06
    0.212888108E-06
    0.214113296E-06
    0.215063698E-06
    0.215739791E-06
    0.216147114E-06
    0.216290130E-06
    0.216173706E-06
    0.215802827E-06
    0.215185598E-06
    0.214327191E-06
    0.213236946E-06
    0.211921776E-06
    0.210389349E-06
    0.208650062E-06
    0.206711932E-06
    0.204584016E-06
    0.202276844E-06
    0.199798584E-06
    0.197160432E-06
    0.194371149E-06
    0.191441110E-06
    0.188380381E-06
    0.185198369E-06
    0.181905072E-06
    0.178511680E-06
    0.175026840E-06
    0.171458973E-06
    0.167819769E-06
    0.164116914E-06
    0.160360544E-06
    0.156559135E-06
    0.152719906E-06
    0.148852696E-06
    0.144965964E-06
    0.141065279E-06
    0.137160498E-06
    0.133258374E-06
    0.129364130E-06
    0.125485386E-06
    0.121628766E-06
    0.117799134E-06
    0.114003289E-06
    0.110244923E-06
    0.106530122E-06
    0.102862964E-06
    0.992478499E-07
    0.956885291E-07
    0.921886600E-07
    0.887506717E-07
    0.853793910E-07
    0.820757511E-07
    0.788429483E-07
    0.756825184E-07
    0.725965324E-07
    0.695862096E-07
    0.666539549E-07
    0.637990381E-07
    0.610233556E-07
    0.583278473E-07
    0.557118060E-07
    0.531761233E-07
    0.507204198E-07
    0.483440497E-07
    0.460473288E-07
    0.438295667E-07
    0.416894617E-07
    0.396270127E-07
    0.376408602E-07
    0.357291597E-07
    0.338918983E-07
    0.321272413E-07
    0.304337477E-07
    0.288101338E-07
    0.272544466E-07
    0.257656966E-07
    0.243416044E-07
    0.229811896E-07
    0.216819380E-07
    0.204425066E-07
    0.192610125E-07
    0.181361094E-07
    0.170653258E-07
    0.160471100E-07
    0.150795661E-07
    0.141612023E-07
    0.132897591E-07
    0.124641717E-07
    0.116816860E-07
    0.109414796E-07
    0.102414828E-07
    0.957985670E-08
    0.895533798E-08
    0.836604868E-08
    0.781040206E-08
    0.728699782E-08
    0.679434086E-08
    0.633078323E-08
    0.589514635E-08
    0.548593682E-08
    0.510177244E-08
    0.474163111E-08
    0.440406582E-08
    0.408795391E-08
    0.379211947E-08
    0.351543520E-08
    0.325691976E-08
    0.301545944E-08
    0.279027639E-08
    0.258013413E-08
    0.238439367E-08
    0.220219242E-08
    0.203264742E-08
    0.187494407E-08
    0.172838989E-08
    0.159237270E-08
    0.146619710E-08
    0.134913945E-08
    0.124077963E-08
    0.114026352E-08
    0.104741730E-08
    0.961481306E-09
    0.882086196E-09
    0.808811189E-09
    0.741145254E-09
    0.678746200E-09
    0.621240083E-09
    0.568295669E-09
    0.519518101E-09
    0.474677032E-09
    0.433468550E-09
    0.395581817E-09
    0.360836921E-09
    0.328948683E-09
    0.299717979E-09
    0.272922041E-09
    0.248394030E-09
    0.225937496E-09
    0.205409074E-09
    0.186654425E-09
    0.169489693E-09
    0.153854971E-09
    0.139583654E-09
    0.126558377E-09
    0.114695617E-09
    0.103887812E-09
    0.940742677E-10
    0.851303760E-10
    0.769908429E-10
    0.696109947E-10
    0.628788636E-10
    0.568070421E-10
    0.512695869E-10
    0.462644442E-10
    0.417239410E-10
    0.376033982E-10
    0.338823732E-10
    0.305133128E-10
    0.274686690E-10
    0.247093186E-10
    0.222241785E-10
    0.199812586E-10
    0.179501286E-10
    0.161239161E-10
    0.144778624E-10
    0.129924713E-10
    0.116552420E-10
    0.104523882E-10
    0.936780622E-11
    0.839532918E-11
    0.752030405E-11
    0.672923081E-11
    0.602566933E-11
    0.538717710E-11
    0.481746152E-11
    0.430704169E-11
    0.384891962E-11
    0.344005647E-11
    0.306939000E-11
    0.273825867E-11
    0.244438230E-11
    0.217741950E-11
    0.194381609E-11
    0.172917030E-11
    0.154155017E-11
    0.137085777E-11
    0.122028911E-11
    0.108633117E-11
    0.966509950E-12
    0.859123707E-12
    0.762924173E-12
    0.678433348E-12
    0.602878110E-12
    0.534272485E-12
    0.474825116E-12
    0.421151000E-12
    0.373439925E-12
    0.331160440E-12
    0.293579941E-12
    0.259796996E-12
    0.230538055E-12
    0.203782259E-12
    0.180098661E-12
    0.159315373E-12
    0.140467981E-12
    0.124317438E-12
    0.109962304E-12
    0.968446683E-13
    0.856672441E-13
    0.750579204E-13
    0.664870610E-13
    0.587000666E-13
    0.515156627E-13
    0.454897667E-13
    0.396942598E-13
    0.351140991E-13
    0.307153902E-13
    0.271333204E-13
    0.239713326E-13
    0.209620751E-13
    0.183871376E-13
    0.160932258E-13
    0.142773240E-13
    0.124870698E-13
    0.108402173E-13
    0.956547970E-14
    0.832201712E-14
    0.729031936E-14
    0.637605331E-14
    0.556116692E-14
    0.483833064E-14
    0.428603260E-14
    0.371157687E-14
    0.323001853E-14
    0.282851471E-14
    0.242681263E-14
    0.216854920E-14
    0.183843138E-14
    0.160097343E-14
    0.139881469E-14
    0.120707572E-14
    0.110123954E-14
    0.969330482E-15
    0.798226928E-15
    0.709761969E-15
    0.590011492E-15
    0.564078899E-15
    0.448113405E-15
    0.417049002E-15
    0.351475572E-15
    0.299829411E-15
    0.263622564E-15
    0.244998114E-15
    0.218463324E-15
    0.183387282E-15
    0.149748769E-15
    0.147699829E-15
    0.127592352E-15
    0.117454952E-15
    0.940800794E-16
    0.859193869E-16
    0.708713557E-16
    0.713968122E-16
    0.659526674E-16
    0.651717131E-16
    0.567747665E-16
    0.503237290E-16
    0.529085308E-16
    0.444016141E-16
    0.429934917E-16
    0.382267101E-16
    0.382714782E-16
    0.386024583E-16
    0.389549397E-16
    0.307334452E-16
    0.281177710E-16
    0.386225875E-16
    0.378463618E-16
    0.294285356E-16
    0.311399513E-16
    0.241716322E-16
    0.283960389E-16
    0.316077650E-16
    0.236750423E-16
    0.336953957E-16
    0.296504549E-16
    0.268172167E-16
    0.240068423E-16
    0.332012994E-16
    0.282797108E-16
    0.267246023E-16
    0.214352512E-16
    0.234016881E-16
    0.273589317E-16
    0.269580304E-16
    0.301006574E-16
    0.257084728E-16
    0.254898636E-16
    0.281048158E-16
    0.303783188E-16
    0.319005321E-16
    0.290251213E-16
    0.305352865E-16
    0.227606433E-16
    0.307797090E-16
    0.370120443E-16
    0.265216056E-16
    0.251883264E-16
    0.282811161E-16
    0.352901542E-16
    0.233761592E-16
    0.226579222E-16
    0.248783845E-16
    0.305024440E-16
    0.213270476E-16
    0.269193923E-16
    0.267656825E-16
    0.247080269E-16
    0.230288774E-16
    0.273868584E-16
    0.294287341E-16
    0.220709772E-16
    0.227798019E-16
    0.263381451E-16
    0.221640694E-16
    0.227256752E-16
    0.287877534E-16
    0.311373746E-16
    0.202363994E-16
    0.332064306E-16
    0.283390164E-16
    0.265932975E-16
    0.284179633E-16
    0.286885137E-16
    0.233320270E-16
    0.266452899E-16
    0.347438308E-16
    0.309260666E-16
    0.265554172E-16
    0.290123088E-16
    0.292106925E-16
    0.226851898E-16
    0.244194502E-16
    0.222018060E-16
    0.285214276E-16
    0.342605143E-16
    0.240426546E-16
    0.336508504E-16
    0.271498009E-16
    0.250087390E-16
    0.284186035E-16
    0.314708442E-16
    0.251480733E-16
    0.247455858E-16
    0.246147634E-16
    0.259429974E-16
    0.241636240E-16
    0.276296726E-16
    0.291482933E-16
    0.263976606E-16
    0.298603269E-16
    0.270723360E-16
    0.245347778E-16
    0.286174788E-16
    0.260078834E-16
    0.256394233E-16
    0.230218215E-16
    0.342427634E-16
    0.347519666E-16
    0.208053141E-16
    0.302079240E-16
    0.288743368E-16
    0.296486541E-16
    0.251426318E-16
    0.232519192E-16
    0.232246788E-16
    0.282416989E-16
    0.289341322E-16
    0.272217430E-16
    0.262904498E-16
    0.288432279E-16
    0.265006160E-16
    0.307115329E-16
    0.268283716E-16
    0.250119555E-16
    0.264240107E-16
    0.230937260E-16
    0.240678787E-16
    0.281296383E-16
    0.331650588E-16
    0.282311246E-16
    0.322582606E-16
    0.268199802E-16
    0.269113478E-16
    0.283907025E-16
    0.251280739E-16
    0.298044579E-16
    0.296056838E-16
    0.266230812E-16
    0.326856093E-16
    0.267804665E-16
    0.277821659E-16
    0.242430087E-16
    0.353556072E-16
    0.206744844E-16
    0.233833059E-16
    0.231926602E-16
    0.217889797E-16
    0.310273362E-16
    0.267594533E-16
    0.252397310E-16
    0.295397984E-16
    0.251100520E-16
    0.397910889E-16
    0.275908074E-16
    0.204453789E-16
    0.212330519E-16
    0.235808131E-16
    0.221832088E-16
    0.265508203E-16
    0.290568282E-16
    0.241097016E-16
    0.261537011E-16
    0.349707516E-16
    0.276437002E-16
    0.285646303E-16
    0.253447597E-16
    0.312175272E-16
    0.279704863E-16
    0.266077305E-16
    0.348169804E-16
    0.338104585E-16
    0.200659510E-16
    0.248687952E-16
    0.332940091E-16
    0.245571443E-16
    0.238987585E-16
    0.269123304E-16
    0.240137437E-16
    0.278584537E-16
    0.225834619E-16
    0.272218789E-16
    0.338091959E-16
    0.264622254E-16
    0.299479482E-16
    0.289295946E-16
    0.255013918E-16
    0.223731787E-16
    0.281121832E-16
    0.228479262E-16
    0.221856948E-16
    0.261375862E-16
    0.341994622E-16
    0.235958900E-16
    0.341921024E-16
    0.251399609E-16
    0.280418406E-16
    0.284123355E-16
    0.257624088E-16
    0.272755537E-16
    0.294957637E-16
    0.266419447E-16
    0.378190559E-16
    0.232555672E-16
    0.275848773E-16
    0.280372407E-16
    0.309411910E-16
    0.282838200E-16
    0.263173731E-16
    0.275687542E-16
    0.275664173E-16
    0.257724273E-16
    0.305837115E-16
    0.308041445E-16
    0.279656025E-16
    0.294859253E-16
    0.313118583E-16
    0.264102829E-16
    0.195165698E-16
    0.306848567E-16
    0.268462188E-16
    0.216187098E-16
    0.240457852E-16
    0.317076166E-16
    0.237474871E-16
    0.298279230E-16
    0.290812269E-16
    0.258613745E-16
    0.249853407E-16
    0.233255818E-16
    0.260110238E-16
    0.263575591E-16
    0.280417263E-16
    0.353602304E-16
    0.270149039E-16
    0.231213592E-16
    0.273006105E-16
    0.287055926E-16
    0.238882314E-16
    0.225134005E-16
    0.246539830E-16
    0.252814773E-16
    0.313515676E-16
    0.266114642E-16
    0.280884268E-16
    0.293238737E-16
    0.288379330E-16
    0.353146806E-16
    0.298809229E-16
    0.226537722E-16
    0.296130087E-16
    0.314608196E-16
    0.247331381E-16
    0.279530863E-16
    0.299698041E-16
    0.261109785E-16
    0.250609764E-16
    0.302879479E-16
    0.245646115E-16
    0.275920020E-16
    0.339265478E-16
    0.283514174E-16
    0.233633138E-16
    0.321706382E-16
    0.295839330E-16
    0.303626779E-16
    0.216466734E-16
    0.272204688E-16
    0.269159071E-16
    0.244414266E-16
    0.267382528E-16
    0.246493301E-16
    0.272479323E-16
    0.310240773E-16
    0.282562259E-16
    0.329725404E-16
    0.287467000E-16
    0.290296422E-16
    0.368693091E-16
    0.261880825E-16
    0.231893934E-16
    0.259502610E-16
    0.316343586E-16
    0.287923515E-16
    0.275770104E-16
    0.283337058E-16
    0.270606823E-16
    0.297054759E-16
    0.270046261E-16
    0.279299355E-16
    0.250901027E-16
    0.326919033E-16
    0.272844462E-16
    0.268477351E-16
    0.326114578E-16
    0.277355357E-16
    0.311529541E-16
    0.253050463E-16
    0.281681482E-16
    0.271669303E-16
    0.221165830E-16
    0.267663206E-16
    0.221969050E-16
    0.284252313E-16
    0.243208511E-16
    0.310707544E-16
    0.280171160E-16
    0.267815555E-16
    0.320355801E-16
    0.340213323E-16
    0.275187482E-16
    0.276992292E-16
    0.300452854E-16
    0.316916980E-16
    0.325029915E-16
    0.259562407E-16
    0.385356955E-16
    0.290960669E-16
    0.274483107E-16
    0.275543111E-16
    0.253327254E-16
    0.275934603E-16
    0.298501781E-16
    0.313456152E-16
    0.306332162E-16
    0.304297498E-16
    0.331860381E-16
    0.310883664E-16
    0.207416121E-16
    0.247758527E-16
    0.264360729E-16
    0.314799265E-16
    0.276827707E-16
    0.243472472E-16
    0.272730655E-16
    0.271716984E-16
    0.269904457E-16
    0.252979947E-16
    0.284562914E-16
    0.296407548E-16
    0.472485743E-16
    0.240336520E-16
    0.219876435E-16
    0.286871595E-16
    0.282430713E-16
    0.337361911E-16
    0.256263633E-16
    0.352473843E-16
    0.222607994E-16
    0.285678950E-16
    0.289694278E-16
    0.255682553E-16
    0.277958909E-16
    0.294359563E-16
    0.315588509E-16
    0.280831149E-16
    0.286460632E-16
    0.256375056E-16
    0.363884739E-16
    0.237686108E-16
    0.279897969E-16
    0.322263796E-16
    0.278154939E-16
    0.330413009E-16
    0.266821421E-16
    0.354564132E-16
    0.236034586E-16
    0.322723445E-16
    0.296261733E-16
    0.280497600E-16
    0.359135619E-16
    0.419662311E-16
    0.254516657E-16
    0.240279866E-16
    0.287997033E-16
    0.340249433E-16
    0.319364983E-16
    0.224747647E-16
    0.349402414E-16
    0.362447094E-16
    0.326079342E-16
    0.287028830E-16
    0.262968815E-16
    0.283137672E-16
    0.322143544E-16
    0.247655552E-16
    0.261134740E-16
    0.275104287E-16
    0.342234878E-16
    0.295207047E-16
    0.271465832E-16
    0.366701530E-16
    0.364304773E-16
    0.322512397E-16
    0.361670485E-16
    0.270047924E-16
    0.270589463E-16
    0.313217514E-16
    0.341301756E-16
    0.181867751E-16
    0.350882149E-16
    0.343680257E-16
    0.388204288E-16
    0.252968448E-16
    0.281676772E-16
    0.290728671E-16
    0.316180175E-16
    0.302567024E-16
    0.359219439E-16
    0.337131342E-16
    0.290923439E-16
    0.282448217E-16
    0.246481282E-16
    0.258145878E-16
    0.282992960E-16
    0.298009013E-16
    0.328831815E-16
    0.315884218E-16
    0.292611646E-16
    0.347349685E-16
    0.334658842E-16
    0.301388394E-16
    0.302570386E-16
    0.283863485E-16
    0.264437329E-16
    0.333569637E-16
    0.281688627E-16
    0.309704425E-16
    0.355983789E-16
    0.264532301E-16
    0.392607685E-16
    0.289351479E-16
    0.393294261E-16
    0.367861656E-16
    0.287244236E-16
    0.385527449E-16
    0.343584157E-16
    0.353174693E-16
    0.290772315E-16
    0.332798103E-16
    0.322344131E-16
    0.338027872E-16
    0.251831896E-16
    0.305375528E-16
    0.269927426E-16
    0.272852042E-16
    0.360955001E-16
    0.246630871E-16
    0.425563635E-16
    0.274987442E-16
    0.410288013E-16
    0.432077360E-16
    0.363159020E-16
    0.337372696E-16
    0.460253917E-16
    0.410781543E-16
    0.341454668E-16
    0.284503877E-16
    0.311160780E-16
    0.325637687E-16
    0.287037382E-16
    0.267656046E-16
    0.343604283E-16
    0.393779546E-16
    0.349444545E-16
    0.406481633E-16
    0.366153014E-16
    0.402831752E-16
    0.330854137E-16
    0.510535409E-16
    0.358219659E-16
    0.420464972E-16
    0.336591585E-16
    0.364323705E-16
    0.433105420E-16
    0.424439537E-16
    0.399124274E-16
    0.483089782E-16
    0.504525225E-16
    0.405981350E-16
    0.332062105E-16
    0.308847587E-16
    0.310729697E-16
    0.387255738E-16
    0.322280739E-16
    0.264629408E-16
    0.434156088E-16
    0.321264937E-16
    0.337681892E-16
    0.310553282E-16
    0.351026922E-16
    0.223571746E-16
    0.280387032E-16
    0.268979853E-16
    0.328458640E-16
    0.273461039E-16
    0.388773208E-16
    0.324490569E-16
    0.287293438E-16
    0.278776750E-16
    0.285459123E-16
    0.306971775E-16
    0.293720116E-16
    0.260832596E-16
    0.349035178E-16
    0.303863373E-16
    0.285630718E-16
    0.309856009E-16
    0.297052548E-16
    0.341384817E-16
    0.259580035E-16
    0.241071374E-16
    0.254762177E-16
    0.300341465E-16
    0.313204535E-16
    0.393908750E-16
    0.368082914E-16
    0.230753273E-16
    0.330500939E-16
    0.382678171E-16
    0.294637351E-16
    0.225862907E-16
    0.212111327E-16
    0.336589371E-16
    0.368292811E-16
    0.364728000E-16
    0.362481826E-16
    0.277747090E-16
    0.334566263E-16
    0.354663431E-16
    0.313165455E-16
    0.291881638E-16
    0.271213082E-16
    0.263708370E-16
    0.259116554E-16
    0.297006606E-16
    0.259647491E-16
    0.284079614E-16
    0.332336773E-16
    0.424482582E-16
    0.331371815E-16
    0.385298203E-16
    0.416650512E-16
    0.450892211E-16
    0.403996775E-16
    0.388123270E-16
    0.480816258E-16
    0.325456042E-16
    0.425720016E-16
    0.344379011E-16
    0.335405332E-16
    0.271553654E-16
    0.353819392E-16
    0.351012987E-16
    0.302356809E-16
    0.317551566E-16
    0.386499714E-16
    0.212285116E-16
    0.242356662E-16
    0.239934198E-16
    0.333299011E-16
    0.257792451E-16
    0.239277188E-16
    0.222323001E-16
    0.268566793E-16
    0.264127587E-16
    0.224218957E-16
    0.258304449E-16
    0.277063194E-16
    0.202841221E-16
    0.297285377E-16
    0.287016237E-16
    0.242740433E-16
    0.270488853E-16
    0.306975656E-16
    0.346075910E-16
    0.263149108E-16
    0.263866847E-16
    0.241540978E-16
    0.296660941E-16
    0.215413553E-16
    0.359801474E-16
    0.284447019E-16
    0.333537137E-16
    0.314785434E-16
    0.311094714E-16
    0.255265810E-16
    0.216175788E-16
    0.250741331E-16
    0.336764054E-16
    0.279057821E-16
    0.337335229E-16
    0.250280547E-16
    0.305124368E-16
    0.213845427E-16
    0.274765649E-16
    0.280833980E-16
    0.276721997E-16
    0.303335888E-16
    0.278631649E-16
    0.284772769E-16
    0.269900790E-16
