 #tdnd tdcion
    0.365096106E-16
    0.422401569E-16
    0.317848988E-16
    0.316578922E-16
    0.314380034E-16
    0.342765499E-16
    0.284301204E-16
    0.303563638E-16
    0.293649214E-16
    0.293563613E-16
    0.299874575E-16
    0.272404329E-16
    0.320846866E-16
    0.233790481E-16
    0.187478253E-16
    0.219841645E-16
    0.224194732E-16
    0.309153778E-16
    0.250217369E-16
    0.353941792E-16
    0.248760402E-16
    0.300668127E-16
    0.258567555E-16
    0.297553059E-16
    0.294917692E-16
    0.432735542E-16
    0.216416761E-16
    0.256520940E-16
    0.278142098E-16
    0.354294265E-16
    0.380864652E-16
    0.357674098E-16
    0.420536132E-16
    0.358813820E-16
    0.291470764E-16
    0.336609474E-16
    0.331103027E-16
    0.253105935E-16
    0.271396406E-16
    0.249617395E-16
    0.276265594E-16
    0.318584760E-16
    0.292252894E-16
    0.227302831E-16
    0.290977482E-16
    0.344512932E-16
    0.333090917E-16
    0.266364445E-16
    0.224544201E-16
    0.289029331E-16
    0.310393870E-16
    0.297519591E-16
    0.367278125E-16
    0.189424523E-16
    0.312485131E-16
    0.288284530E-16
    0.304538973E-16
    0.230437526E-16
    0.256692434E-16
    0.306514725E-16
    0.271434664E-16
    0.281603951E-16
    0.257705447E-16
    0.247879092E-16
    0.288273035E-16
    0.255610104E-16
    0.285874671E-16
    0.296790895E-16
    0.217155527E-16
    0.236830089E-16
    0.240594492E-16
    0.286678574E-16
    0.349108123E-16
    0.327743952E-16
    0.238496914E-16
    0.227916289E-16
    0.324513092E-16
    0.311158018E-16
    0.273190184E-16
    0.220821118E-16
    0.289451327E-16
    0.268171670E-16
    0.391967958E-16
    0.250549701E-16
    0.246754649E-16
    0.258095777E-16
    0.220845753E-16
    0.230633175E-16
    0.216132172E-16
    0.228789200E-16
    0.333646231E-16
    0.244738436E-16
    0.290412151E-16
    0.222251599E-16
    0.193261033E-16
    0.235844289E-16
    0.270634562E-16
    0.273361380E-16
    0.258009790E-16
    0.225460260E-16
    0.256516167E-16
    0.268597992E-16
    0.282305377E-16
    0.278251400E-16
    0.232903407E-16
    0.314250979E-16
    0.231472419E-16
    0.290644126E-16
    0.248050699E-16
    0.253937153E-16
    0.304923099E-16
    0.240478021E-16
    0.280049177E-16
    0.300957653E-16
    0.232908828E-16
    0.216937576E-16
    0.257935738E-16
    0.324542106E-16
    0.206016373E-16
    0.175399522E-16
    0.212107403E-16
    0.224737581E-16
    0.341941635E-16
    0.193158154E-16
    0.217321657E-16
    0.278319736E-16
    0.251678420E-16
    0.233675175E-16
    0.280973857E-16
    0.214293144E-16
    0.276263485E-16
    0.252690554E-16
    0.276145195E-16
    0.255433946E-16
    0.275387945E-16
    0.224752160E-16
    0.290090071E-16
    0.274466102E-16
    0.237640182E-16
    0.283068363E-16
    0.230208263E-16
    0.204800428E-16
    0.291702563E-16
    0.286111287E-16
    0.310714621E-16
    0.333325845E-16
    0.258285885E-16
    0.305461748E-16
    0.275184889E-16
    0.383892139E-16
    0.397623939E-16
    0.608748591E-16
    0.629341229E-16
    0.955615781E-16
    0.154159693E-15
    0.189608675E-15
    0.300971669E-15
    0.459845533E-15
    0.745069973E-15
    0.114124457E-14
    0.181323650E-14
    0.270933842E-14
    0.426649189E-14
    0.632337723E-14
    0.988338236E-14
    0.150943552E-13
    0.232564263E-13
    0.354607948E-13
    0.546202719E-13
    0.827076594E-13
    0.125174814E-12
    0.190095881E-12
    0.286218336E-12
    0.429208303E-12
    0.643682110E-12
    0.962063037E-12
    0.143022475E-11
    0.212918919E-11
    0.315636117E-11
    0.466242120E-11
    0.687607603E-11
    0.101080039E-10
    0.147994347E-10
    0.216171081E-10
    0.315020517E-10
    0.457610624E-10
    0.662975013E-10
    0.957973130E-10
    0.138009039E-09
    0.198291365E-09
    0.284101684E-09
    0.405926660E-09
    0.578340490E-09
    0.821815099E-09
    0.116451835E-08
    0.164548840E-08
    0.231897674E-08
    0.325891972E-08
    0.456760566E-08
    0.638425114E-08
    0.889889701E-08
    0.123706394E-07
    0.171500891E-07
    0.237114514E-07
    0.326945823E-07
    0.449594987E-07
    0.616579898E-07
    0.843306786E-07
    0.115029428E-06
    0.156481482E-06
    0.212298580E-06
    0.287254550E-06
    0.387629650E-06
    0.521678266E-06
    0.700203731E-06
    0.937309181E-06
    0.125133992E-05
    0.166612304E-05
    0.221246513E-05
    0.293011077E-05
    0.387017755E-05
    0.509819996E-05
    0.669796207E-05
    0.877623791E-05
    0.114687034E-04
    0.149471942E-04
    0.194287913E-04
    0.251866856E-04
    0.325638751E-04
    0.419894726E-04
    0.539987534E-04
    0.692572777E-04
    0.885901010E-04
    0.113016561E-03
    0.143792219E-03
    0.182458629E-03
    0.230902170E-03
    0.291423917E-03
    0.366821563E-03
    0.460485255E-03
    0.576509330E-03
    0.719822386E-03
    0.896336510E-03
    0.111311962E-02
    0.137859226E-02
    0.170275093E-02
    0.209742084E-02
    0.257654105E-02
    0.315648159E-02
    0.385639632E-02
    0.469861356E-02
    0.570906118E-02
    0.691773144E-02
    0.835918033E-02
    0.100730620E-01
    0.121046932E-01
    0.145056446E-01
    0.173343502E-01
    0.206567284E-01
    0.245468020E-01
    0.290873050E-01
    0.343702595E-01
    0.404975080E-01
    0.475811699E-01
    0.557440106E-01
    0.651196920E-01
    0.758528636E-01
    0.880990858E-01
    0.102024530E+00
    0.117805434E+00
    0.135627272E+00
    0.155683607E+00
    0.178174593E+00
    0.203305092E+00
    0.231282388E+00
    0.262313463E+00
    0.296601835E+00
    0.334343951E+00
    0.375725126E+00
    0.420915065E+00
    0.470062977E+00
    0.523292364E+00
    0.580695485E+00
    0.642327655E+00
    0.708201390E+00
    0.778280591E+00
    0.852474829E+00
    0.930633941E+00
    0.101254304E+01
    0.109791815E+01
    0.118640264E+01
    0.127756460E+01
    0.137089539E+01
    0.146580956E+01
    0.156164615E+01
    0.165767175E+01
    0.175308520E+01
    0.184702419E+01
    0.193857370E+01
    0.202677634E+01
    0.211064448E+01
    0.218917411E+01
    0.226136030E+01
    0.232621391E+01
    0.238277945E+01
    0.243015359E+01
    0.246750402E+01
    0.249408828E+01
    0.250927196E+01
    0.251254588E+01
    0.250354174E+01
    0.248204580E+01
    0.244800988E+01
    0.240155957E+01
    0.234299908E+01
    0.227281236E+01
    0.219166041E+01
    0.210037450E+01
    0.199994545E+01
    0.189150876E+01
    0.177632618E+01
    0.165576369E+01
    0.153126661E+01
    0.140433215E+01
    0.127648033E+01
    0.114922374E+01
    0.102403708E+01
    0.902327209E+00
    0.785404715E+00
    0.674457567E+00
    0.570527798E+00
    0.474491877E+00
    0.387045314E+00
    0.308692006E+00
    0.239738637E+00
    0.180294291E+00
    0.130275276E+00
    0.894149901E-01
    0.572784889E-01
    0.332812440E-01
    0.167114754E-01
    0.675529308E-02
    0.252379411E-02
    0.308122859E-02
    0.747328936E-02
    0.147546098E-01
    0.240145947E-01
    0.344007804E-01
    0.451390405E-01
    0.555500673E-01
    0.650617354E-01
    0.732170985E-01
    0.796779552E-01
    0.842240867E-01
    0.867484350E-01
    0.872486240E-01
    0.858153730E-01
    0.826184367E-01
    0.778907670E-01
    0.719116460E-01
    0.649895446E-01
    0.574453911E-01
    0.495969348E-01
    0.417447606E-01
    0.341604111E-01
    0.270769669E-01
    0.206822867E-01
    0.151149822E-01
    0.104630721E-01
    0.676514643E-02
    0.401375317E-02
    0.216065285E-02
    0.112351726E-02
    0.793609762E-03
    0.104398094E-02
    0.173772374E-02
    0.273586376E-02
    0.390452302E-02
    0.512105717E-02
    0.627894983E-02
    0.729133055E-02
    0.809306933E-02
    0.864147942E-02
    0.891573221E-02
    0.891515417E-02
    0.865660831E-02
    0.817121248E-02
    0.750063913E-02
    0.669326096E-02
    0.580037040E-02
    0.487268852E-02
    0.395733325E-02
    0.309537222E-02
    0.232003916E-02
    0.165564772E-02
    0.111718495E-02
    0.710532701E-03
    0.433229723E-03
    0.275664097E-03
    0.222570335E-03
    0.254701463E-03
    0.350548269E-03
    0.487990068E-03
    0.645779382E-03
    0.804782992E-03
    0.948927722E-03
    0.106582605E-02
    0.114707686E-02
    0.118826220E-02
    0.118867903E-02
    0.115085410E-02
    0.107990461E-02
    0.982806268E-03
    0.867631651E-03
    0.742813746E-03
    0.616486058E-03
    0.495931571E-03
    0.387169031E-03
    0.294686068E-03
    0.221319955E-03
    0.168275078E-03
    0.135257811E-03
    0.120703753E-03
    0.122068289E-03
    0.136150407E-03
    0.159421919E-03
    0.188336215E-03
    0.219596480E-03
    0.250368553E-03
    0.278429748E-03
    0.302250786E-03
    0.321014094E-03
    0.334575410E-03
    0.343378994E-03
    0.348340572E-03
    0.350710222E-03
    0.351929440E-03
    0.353494400E-03
    0.356835347E-03
    0.363218670E-03
    0.373677966E-03
    0.388973666E-03
    0.409581643E-03
    0.435707354E-03
    0.467320565E-03
    0.504204977E-03
    0.546016772E-03
    0.592345681E-03
    0.642773330E-03
    0.696924453E-03
    0.754507746E-03
    0.815344327E-03
    0.879383188E-03
    0.946704568E-03
    0.101751248E-02
    0.109211817E-02
    0.117091854E-02
    0.125437065E-02
    0.134296565E-02
    0.143720526E-02
    0.153758086E-02
    0.164455788E-02
    0.175856577E-02
    0.187999293E-02
    0.200918721E-02
    0.214646036E-02
    0.229209593E-02
    0.244635872E-02
    0.260950550E-02
    0.278179516E-02
    0.296349756E-02
    0.315490091E-02
    0.335631621E-02
    0.356808018E-02
    0.379055527E-02
    0.402412765E-02
    0.426920443E-02
    0.452620884E-02
    0.479557541E-02
    0.507774536E-02
    0.537316200E-02
    0.568226629E-02
    0.600549474E-02
    0.634327701E-02
    0.669603477E-02
    0.706418134E-02
    0.744812272E-02
    0.784825754E-02
    0.826497821E-02
    0.869867277E-02
    0.914972435E-02
    0.961851233E-02
    0.101054127E-01
    0.106107967E-01
    0.111350313E-01
    0.116784770E-01
    0.122414872E-01
    0.128244055E-01
    0.134275655E-01
    0.140512882E-01
    0.146958801E-01
    0.153616328E-01
    0.160488210E-01
    0.167577011E-01
    0.174885117E-01
    0.182414709E-01
    0.190167774E-01
    0.198146088E-01
    0.206351218E-01
    0.214784514E-01
    0.223447108E-01
    0.232339898E-01
    0.241463561E-01
    0.250818531E-01
    0.260404995E-01
    0.270222898E-01
    0.280271925E-01
    0.290551499E-01
    0.301060772E-01
    0.311798626E-01
    0.322763664E-01
    0.333954201E-01
    0.345368269E-01
    0.357003609E-01
    0.368857663E-01
    0.380927582E-01
    0.393210225E-01
    0.405702137E-01
    0.418399583E-01
    0.431298517E-01
    0.444394594E-01
    0.457683176E-01
    0.471159331E-01
    0.484817820E-01
    0.498653132E-01
    0.512659452E-01
    0.526830679E-01
    0.541160447E-01
    0.555642102E-01
    0.570268723E-01
    0.585033131E-01
    0.599927884E-01
    0.614945292E-01
    0.630077428E-01
    0.645316127E-01
    0.660652997E-01
    0.676079431E-01
    0.691586619E-01
    0.707165542E-01
    0.722806999E-01
    0.738501616E-01
    0.754239833E-01
    0.770011945E-01
    0.785808102E-01
    0.801618303E-01
    0.817432438E-01
    0.833240281E-01
    0.849031498E-01
    0.864795681E-01
    0.880522339E-01
    0.896200923E-01
    0.911820831E-01
    0.927371432E-01
    0.942842071E-01
    0.958222085E-01
    0.973500821E-01
    0.988667636E-01
    0.100371193E+00
    0.101862314E+00
    0.103339077E+00
    0.104800438E+00
    0.106245364E+00
    0.107672830E+00
    0.109081822E+00
    0.110471341E+00
    0.111840397E+00
    0.113188019E+00
    0.114513249E+00
    0.115815149E+00
    0.117092796E+00
    0.118345289E+00
    0.119571747E+00
    0.120771308E+00
    0.121943137E+00
    0.123086418E+00
    0.124200362E+00
    0.125284204E+00
    0.126337206E+00
    0.127358656E+00
    0.128347872E+00
    0.129304196E+00
    0.130227003E+00
    0.131115697E+00
    0.131969711E+00
    0.132788508E+00
    0.133571586E+00
    0.134318473E+00
    0.135028726E+00
    0.135701940E+00
    0.136337739E+00
    0.136935781E+00
    0.137495759E+00
    0.138017398E+00
    0.138500455E+00
    0.138944724E+00
    0.139350030E+00
    0.139716234E+00
    0.140043228E+00
    0.140330938E+00
    0.140579326E+00
    0.140788383E+00
    0.140958136E+00
    0.141088643E+00
    0.141179995E+00
    0.141232314E+00
    0.141245752E+00
    0.141220497E+00
    0.141156762E+00
    0.141054792E+00
    0.140914862E+00
    0.140737277E+00
    0.140522366E+00
    0.140270490E+00
    0.139982035E+00
    0.139657411E+00
    0.139297058E+00
    0.138901437E+00
    0.138471035E+00
    0.138006360E+00
    0.137507945E+00
    0.136976342E+00
    0.136412125E+00
    0.135815885E+00
    0.135188237E+00
    0.134529809E+00
    0.133841248E+00
    0.133123217E+00
    0.132376394E+00
    0.131601471E+00
    0.130799153E+00
    0.129970158E+00
    0.129115214E+00
    0.128235062E+00
    0.127330450E+00
    0.126402136E+00
    0.125450885E+00
    0.124477468E+00
    0.123482663E+00
    0.122467253E+00
    0.121432022E+00
    0.120377763E+00
    0.119305265E+00
    0.118215321E+00
    0.117108725E+00
    0.115986271E+00
    0.114848749E+00
    0.113696951E+00
    0.112531663E+00
    0.111353669E+00
    0.110163749E+00
    0.108962678E+00
    0.107751224E+00
    0.106530151E+00
    0.105300214E+00
    0.104062162E+00
    0.102816735E+00
    0.101564665E+00
    0.100306674E+00
    0.990434747E-01
    0.977757692E-01
    0.965042494E-01
    0.952295957E-01
    0.939524768E-01
    0.926735499E-01
    0.913934588E-01
    0.901128361E-01
    0.888323001E-01
    0.875524568E-01
    0.862738974E-01
    0.849972002E-01
    0.837229298E-01
    0.824516355E-01
    0.811838530E-01
    0.799201032E-01
    0.786608921E-01
    0.774067112E-01
    0.761580368E-01
    0.749153310E-01
    0.736790399E-01
    0.724495949E-01
    0.712274132E-01
    0.700128958E-01
    0.688064293E-01
    0.676083855E-01
    0.664191207E-01
    0.652389770E-01
    0.640682815E-01
    0.629073476E-01
    0.617564720E-01
    0.606159391E-01
    0.594860184E-01
    0.583669654E-01
    0.572590212E-01
    0.561624144E-01
    0.550773586E-01
    0.540040545E-01
    0.529426912E-01
    0.518934423E-01
    0.508564704E-01
    0.498319258E-01
    0.488199448E-01
    0.478206539E-01
    0.468341664E-01
    0.458605843E-01
    0.448999995E-01
    0.439524907E-01
    0.430181274E-01
    0.420969690E-01
    0.411890633E-01
    0.402944492E-01
    0.394131554E-01
    0.385452017E-01
    0.376905981E-01
    0.368493464E-01
    0.360214392E-01
    0.352068613E-01
    0.344055894E-01
    0.336175918E-01
    0.328428306E-01
    0.320812591E-01
    0.313328246E-01
    0.305974679E-01
    0.298751228E-01
    0.291657166E-01
    0.284691720E-01
    0.277854046E-01
    0.271143257E-01
    0.264558410E-01
    0.258098510E-01
    0.251762521E-01
    0.245549360E-01
    0.239457901E-01
    0.233486980E-01
    0.227635397E-01
    0.221901915E-01
    0.216285265E-01
    0.210784147E-01
    0.205397229E-01
    0.200123162E-01
    0.194960563E-01
    0.189908029E-01
    0.184964141E-01
    0.180127454E-01
    0.175396510E-01
    0.170769840E-01
    0.166245950E-01
    0.161823346E-01
    0.157500519E-01
    0.153275950E-01
    0.149148116E-01
    0.145115485E-01
    0.141176528E-01
    0.137329704E-01
    0.133573476E-01
    0.129906307E-01
    0.126326661E-01
    0.122833002E-01
    0.119423803E-01
    0.116097532E-01
    0.112852673E-01
    0.109687714E-01
    0.106601144E-01
    0.103591471E-01
    0.100657205E-01
    0.977968681E-02
    0.950089974E-02
    0.922921346E-02
    0.896448407E-02
    0.870656881E-02
    0.845532596E-02
    0.821061576E-02
    0.797229977E-02
    0.774024095E-02
    0.751430402E-02
    0.729435510E-02
    0.708026257E-02
    0.687189586E-02
    0.666912662E-02
    0.647182806E-02
    0.627987534E-02
    0.609314520E-02
    0.591151659E-02
    0.573487039E-02
    0.556308860E-02
    0.539605605E-02
    0.523365914E-02
    0.507578606E-02
    0.492232686E-02
    0.477317407E-02
    0.462822134E-02
    0.448736509E-02
    0.435050304E-02
    0.421753503E-02
    0.408836289E-02
    0.396289037E-02
    0.384102294E-02
    0.372266815E-02
    0.360773532E-02
    0.349613563E-02
    0.338778213E-02
    0.328258966E-02
    0.318047494E-02
    0.308135650E-02
    0.298515446E-02
    0.289179087E-02
    0.280118955E-02
    0.271327579E-02
    0.262797683E-02
    0.254522150E-02
    0.246494005E-02
    0.238706476E-02
    0.231152914E-02
    0.223826854E-02
    0.216721961E-02
    0.209832070E-02
    0.203151167E-02
    0.196673373E-02
    0.190392953E-02
    0.184304331E-02
    0.178402063E-02
    0.172680828E-02
    0.167135471E-02
    0.161760928E-02
    0.156552302E-02
    0.151504806E-02
    0.146613768E-02
    0.141874669E-02
    0.137283072E-02
    0.132834684E-02
    0.128525316E-02
    0.124350886E-02
    0.120307441E-02
    0.116391118E-02
    0.112598157E-02
    0.108924914E-02
    0.105367837E-02
    0.101923470E-02
    0.985884530E-03
    0.953595197E-03
    0.922335058E-03
    0.892073092E-03
    0.862779431E-03
    0.834424852E-03
    0.806981031E-03
    0.780420331E-03
    0.754716170E-03
    0.729842444E-03
    0.705773776E-03
    0.682485743E-03
    0.659954450E-03
    0.638156684E-03
    0.617069931E-03
    0.596672327E-03
    0.576942541E-03
    0.557860042E-03
    0.539404636E-03
    0.521556927E-03
    0.504297931E-03
    0.487609284E-03
    0.471473103E-03
    0.455872064E-03
    0.440789308E-03
    0.426208460E-03
    0.412113605E-03
    0.398489365E-03
    0.385320692E-03
    0.372593066E-03
    0.360292325E-03
    0.348404745E-03
    0.336917034E-03
    0.325816181E-03
    0.315089735E-03
    0.304725416E-03
    0.294711417E-03
    0.285036269E-03
    0.275688803E-03
    0.266658231E-03
    0.257934003E-03
    0.249505998E-03
    0.241364300E-03
    0.233499343E-03
    0.225901792E-03
    0.218562703E-03
    0.211473283E-03
    0.204625065E-03
    0.198009854E-03
    0.191619634E-03
    0.185446743E-03
    0.179483653E-03
    0.173723117E-03
    0.168158132E-03
    0.162781850E-03
    0.157587690E-03
    0.152569247E-03
    0.147720344E-03
    0.143034994E-03
    0.138507386E-03
    0.134131862E-03
    0.129903019E-03
    0.125815587E-03
    0.121864443E-03
    0.118044669E-03
    0.114351495E-03
    0.110780294E-03
    0.107326594E-03
    0.103986096E-03
    0.100754619E-03
    0.976281175E-04
    0.946026831E-04
    0.916746147E-04
    0.888402131E-04
    0.860959833E-04
    0.834385714E-04
    0.808646856E-04
    0.783711942E-04
    0.759550753E-04
    0.736133785E-04
    0.713433380E-04
    0.691422329E-04
    0.670074487E-04
    0.649365402E-04
    0.629270708E-04
    0.609767678E-04
    0.590834311E-04
    0.572449580E-04
    0.554593376E-04
    0.537246261E-04
    0.520389932E-04
    0.504007105E-04
    0.488080633E-04
    0.472594864E-04
    0.457534523E-04
    0.442885289E-04
    0.428633418E-04
    0.414765910E-04
    0.401270730E-04
    0.388135770E-04
    0.375350386E-04
    0.362903912E-04
    0.350786745E-04
    0.338989279E-04
    0.327502931E-04
    0.316319503E-04
    0.305430925E-04
    0.294830042E-04
    0.284509762E-04
    0.274463708E-04
    0.264685564E-04
    0.255169509E-04
    0.245910020E-04
    0.236901957E-04
    0.228140286E-04
    0.219620306E-04
    0.211337527E-04
    0.203287743E-04
    0.195466773E-04
    0.187870731E-04
    0.180495810E-04
    0.173338465E-04
    0.166394998E-04
    0.159662123E-04
    0.153136283E-04
    0.146814388E-04
    0.140693094E-04
    0.134769179E-04
    0.129039539E-04
    0.123500946E-04
    0.118150297E-04
    0.112984453E-04
    0.108000257E-04
    0.103194609E-04
    0.985642014E-05
    0.941059703E-05
    0.898166819E-05
    0.856930371E-05
    0.817317895E-05
    0.779296386E-05
    0.742831706E-05
    0.707890948E-05
    0.674439355E-05
    0.642442063E-05
    0.611865281E-05
    0.582672091E-05
    0.554827922E-05
    0.528297251E-05
    0.503042836E-05
    0.479028979E-05
    0.456218880E-05
    0.434575518E-05
    0.414061824E-05
    0.394640245E-05
    0.376273935E-05
    0.358925587E-05
    0.342557153E-05
    0.327131628E-05
    0.312611671E-05
    0.298959862E-05
    0.286138946E-05
    0.274112421E-05
    0.262843479E-05
    0.252295244E-05
    0.242432286E-05
    0.233218664E-05
    0.224619504E-05
    0.216599179E-05
    0.209124677E-05
    0.202161815E-05
    0.195677534E-05
    0.189640096E-05
    0.184017565E-05
    0.178779534E-05
    0.173896420E-05
    0.169338531E-05
    0.165078857E-05
    0.161089904E-05
    0.157345359E-05
    0.153820676E-05
    0.150491958E-05
    0.147336276E-05
    0.144332294E-05
    0.141459195E-05
    0.138698040E-05
    0.136030767E-05
    0.133440126E-05
    0.130911067E-05
    0.128428917E-05
    0.125980558E-05
    0.123554033E-05
    0.121138629E-05
    0.118724603E-05
    0.116303578E-05
    0.113868626E-05
    0.111413292E-05
    0.108932574E-05
    0.106422524E-05
    0.103880144E-05
    0.101303421E-05
    0.986910334E-06
    0.960432538E-06
    0.933600728E-06
    0.906431289E-06
    0.878943943E-06
    0.851166673E-06
    0.823131395E-06
    0.794876915E-06
    0.766446448E-06
    0.737886896E-06
    0.709250189E-06
    0.680589693E-06
    0.651960642E-06
    0.623423466E-06
    0.595036314E-06
    0.566860613E-06
    0.538954736E-06
    0.511381654E-06
    0.484199050E-06
    0.457467218E-06
    0.431241866E-06
    0.405578916E-06
    0.380530300E-06
    0.356147651E-06
    0.332476677E-06
    0.309563790E-06
    0.287449218E-06
    0.266169406E-06
    0.245759479E-06
    0.226249233E-06
    0.207664137E-06
    0.190026829E-06
    0.173355252E-06
    0.157664147E-06
    0.142962970E-06
    0.129259948E-06
    0.116554828E-06
    0.104848811E-06
    0.941366176E-07
    0.844084654E-07
    0.756543360E-07
    0.678586926E-07
    0.610027021E-07
    0.550668689E-07
    0.500267283E-07
    0.458565796E-07
    0.425287194E-07
    0.400112506E-07
    0.382736762E-07
    0.372826895E-07
    0.370009149E-07
    0.373928747E-07
    0.384225092E-07
    0.400496456E-07
    0.422371526E-07
    0.449441397E-07
    0.481323006E-07
    0.517609319E-07
    0.557919380E-07
    0.601855363E-07
    0.649026191E-07
    0.699053887E-07
    0.751563205E-07
    0.806177372E-07
    0.862553738E-07
    0.920329464E-07
    0.979177049E-07
    0.103876385E-06
    0.109878082E-06
    0.115892884E-06
    0.121891851E-06
    0.127847540E-06
    0.133734921E-06
    0.139530104E-06
    0.145208746E-06
    0.150750109E-06
    0.156135529E-06
    0.161346013E-06
    0.166365054E-06
    0.171177653E-06
    0.175768314E-06
    0.180127420E-06
    0.184242181E-06
    0.188104018E-06
    0.191705289E-06
    0.195038150E-06
    0.198097252E-06
    0.200880138E-06
    0.203380770E-06
    0.205599596E-06
    0.207535339E-06
    0.209187626E-06
    0.210557344E-06
    0.211647043E-06
    0.212459489E-06
    0.212999814E-06
    0.213269889E-06
    0.213278117E-06
    0.213028172E-06
    0.212528266E-06
    0.211783744E-06
    0.210802678E-06
    0.209594477E-06
    0.208165932E-06
    0.206527446E-06
    0.204687034E-06
    0.202652993E-06
    0.200438039E-06
    0.198049233E-06
    0.195497345E-06
    0.192792764E-06
    0.189944074E-06
    0.186962532E-06
    0.183859391E-06
    0.180640430E-06
    0.177320017E-06
    0.173905167E-06
    0.170406247E-06
    0.166833609E-06
    0.163195022E-06
    0.159500343E-06
    0.155759255E-06
    0.151978724E-06
    0.148167821E-06
    0.144334194E-06
    0.140485953E-06
    0.136631546E-06
    0.132775642E-06
    0.128928232E-06
    0.125093653E-06
    0.121279383E-06
    0.117490199E-06
    0.113731613E-06
    0.110010867E-06
    0.106330873E-06
    0.102696434E-06
    0.991129302E-07
    0.955819688E-07
    0.921097856E-07
    0.886983238E-07
    0.853504777E-07
    0.820697445E-07
    0.788577186E-07
    0.757163914E-07
    0.726490231E-07
    0.696550947E-07
    0.667373468E-07
    0.638969242E-07
    0.611334582E-07
    0.584490150E-07
    0.558428520E-07
    0.533157748E-07
    0.508679035E-07
    0.484987261E-07
    0.462076648E-07
    0.439947071E-07
    0.418586590E-07
    0.397995992E-07
    0.378152606E-07
    0.359058869E-07
    0.340697794E-07
    0.323054220E-07
    0.306120207E-07
    0.289873682E-07
    0.274312578E-07
    0.259410693E-07
    0.245150668E-07
    0.231524259E-07
    0.218504846E-07
    0.206082583E-07
    0.194240631E-07
    0.182954150E-07
    0.172212939E-07
    0.161994077E-07
    0.152280884E-07
    0.143058855E-07
    0.134307256E-07
    0.126007469E-07
    0.118146509E-07
    0.110700666E-07
    0.103659223E-07
    0.970018845E-08
    0.907150599E-08
    0.847806006E-08
    0.791850135E-08
    0.739085614E-08
    0.689426714E-08
    0.642674112E-08
    0.598735501E-08
    0.557431371E-08
    0.518654817E-08
    0.482279951E-08
    0.448161553E-08
    0.416209033E-08
    0.386286562E-08
    0.358302236E-08
    0.332144603E-08
    0.307686815E-08
    0.284871969E-08
    0.263580809E-08
    0.243727204E-08
    0.225246583E-08
    0.208027744E-08
    0.192014690E-08
    0.177128286E-08
    0.163295857E-08
    0.150462206E-08
    0.138552788E-08
    0.127508113E-08
    0.117275250E-08
    0.107798687E-08
    0.990319852E-09
    0.909261101E-09
    0.834364837E-09
    0.765171669E-09
    0.701343786E-09
    0.642425058E-09
    0.588169682E-09
    0.538199604E-09
    0.492174247E-09
    0.449883482E-09
    0.410920274E-09
    0.375205623E-09
    0.342354806E-09
    0.312248245E-09
    0.284612664E-09
    0.259297050E-09
    0.236113034E-09
    0.214869594E-09
    0.195442887E-09
    0.177697514E-09
    0.161445439E-09
    0.146640567E-09
    0.133105315E-09
    0.120754465E-09
    0.109508171E-09
    0.992513470E-10
    0.899227721E-10
    0.814225921E-10
    0.736863645E-10
    0.666526776E-10
    0.602625493E-10
    0.544645258E-10
    0.491924115E-10
    0.444156745E-10
    0.400749371E-10
    0.361491276E-10
    0.325895958E-10
    0.293702714E-10
    0.264645385E-10
    0.238240663E-10
    0.214480581E-10
    0.192881046E-10
    0.173444249E-10
    0.155943365E-10
    0.140062241E-10
    0.125793267E-10
    0.112899443E-10
    0.101323569E-10
    0.908677646E-11
    0.814491614E-11
    0.730003317E-11
    0.653706856E-11
    0.585238843E-11
    0.523937656E-11
    0.468401533E-11
    0.419031518E-11
    0.374405644E-11
    0.334595057E-11
    0.298667914E-11
    0.266549832E-11
    0.237857655E-11
    0.212155295E-11
    0.189244907E-11
    0.168521983E-11
    0.150117661E-11
    0.133691082E-11
    0.118988157E-11
    0.105942480E-11
    0.941640949E-12
    0.838696076E-12
    0.744723654E-12
    0.662148870E-12
    0.587575529E-12
    0.520957088E-12
    0.463462404E-12
    0.410020894E-12
    0.362942634E-12
    0.321752681E-12
    0.284770482E-12
    0.252292623E-12
    0.222808490E-12
    0.197055811E-12
    0.174283030E-12
    0.153729121E-12
    0.136045600E-12
    0.119794742E-12
    0.105630644E-12
    0.931748316E-13
    0.820545645E-13
    0.723664611E-13
    0.635698667E-13
    0.562929585E-13
    0.494046367E-13
    0.436499041E-13
    0.381261676E-13
    0.335753801E-13
    0.296471637E-13
    0.260396990E-13
    0.228347588E-13
    0.199338129E-13
    0.175379937E-13
    0.153946949E-13
    0.133767571E-13
    0.117608288E-13
    0.101508889E-13
    0.905324424E-14
    0.779539092E-14
    0.668892971E-14
    0.593486794E-14
    0.514536133E-14
    0.451121290E-14
    0.389891189E-14
    0.338916074E-14
    0.300076092E-14
    0.261416064E-14
    0.227841665E-14
    0.198112482E-14
    0.169890695E-14
    0.148844549E-14
    0.128960481E-14
    0.114670440E-14
    0.976328723E-15
    0.878338730E-15
    0.743128706E-15
    0.650103557E-15
    0.559230546E-15
    0.487423714E-15
    0.459359055E-15
    0.379302659E-15
    0.312331617E-15
    0.268931544E-15
    0.245829963E-15
    0.224811845E-15
    0.172569472E-15
    0.171687024E-15
    0.144649127E-15
    0.134900025E-15
    0.123429190E-15
    0.934485110E-16
    0.100077813E-15
    0.776299966E-16
    0.762591804E-16
    0.753470414E-16
    0.591682370E-16
    0.661149898E-16
    0.575038988E-16
    0.506626152E-16
    0.522445536E-16
    0.398172212E-16
    0.391041936E-16
    0.395781577E-16
    0.355538573E-16
    0.377758444E-16
    0.304362235E-16
    0.414127250E-16
    0.370859422E-16
    0.349625581E-16
    0.301814733E-16
    0.352151811E-16
    0.282379224E-16
    0.243025920E-16
    0.259371087E-16
    0.367581001E-16
    0.315788489E-16
    0.291281320E-16
    0.276770789E-16
    0.315482565E-16
    0.318854650E-16
    0.298510873E-16
    0.240469484E-16
    0.290170569E-16
    0.271008185E-16
    0.288450504E-16
    0.339620998E-16
    0.307158055E-16
    0.278819137E-16
    0.327988238E-16
    0.257046702E-16
    0.330794060E-16
    0.250334978E-16
    0.281508960E-16
    0.337989773E-16
    0.204011217E-16
    0.278738014E-16
    0.316326128E-16
    0.249434056E-16
    0.243486600E-16
    0.284826249E-16
    0.253564420E-16
    0.330480690E-16
    0.279369564E-16
    0.259094008E-16
    0.267341911E-16
    0.256078258E-16
    0.242230256E-16
    0.372366973E-16
    0.392546884E-16
    0.261339163E-16
    0.271621320E-16
    0.331123424E-16
    0.358427312E-16
    0.320244983E-16
    0.277337394E-16
    0.284074766E-16
    0.232046416E-16
    0.322598986E-16
    0.357467292E-16
    0.372739933E-16
    0.326479726E-16
    0.289293551E-16
    0.231828176E-16
    0.315067880E-16
    0.280712141E-16
    0.265228939E-16
    0.306398023E-16
    0.240656292E-16
    0.315426148E-16
    0.278079622E-16
    0.224523394E-16
    0.260790753E-16
    0.256867051E-16
    0.340141605E-16
    0.293549503E-16
    0.274375725E-16
    0.229459472E-16
    0.229772580E-16
    0.375761300E-16
    0.347066977E-16
    0.327631238E-16
    0.316976852E-16
    0.303049671E-16
    0.255234156E-16
    0.278941624E-16
    0.302794741E-16
    0.314523398E-16
    0.319020481E-16
    0.215506240E-16
    0.367116644E-16
    0.308498347E-16
    0.248503595E-16
    0.291797573E-16
    0.269684607E-16
    0.302758099E-16
    0.239904387E-16
    0.277273356E-16
    0.307926328E-16
    0.247212112E-16
    0.271242762E-16
    0.288240485E-16
    0.283902977E-16
    0.260671320E-16
    0.312310653E-16
    0.225682488E-16
    0.236794677E-16
    0.317008722E-16
    0.289665820E-16
    0.303845741E-16
    0.336865354E-16
    0.285859939E-16
    0.311132279E-16
    0.351726186E-16
    0.268255664E-16
    0.263616182E-16
    0.272925840E-16
    0.271587564E-16
    0.295274335E-16
    0.237015834E-16
    0.323196849E-16
    0.337566838E-16
    0.292977829E-16
    0.337730774E-16
    0.364284294E-16
    0.288037380E-16
    0.311424040E-16
    0.227147228E-16
    0.274905850E-16
    0.281741563E-16
    0.207742049E-16
    0.305080517E-16
    0.360350984E-16
    0.292162358E-16
    0.281785980E-16
    0.241182750E-16
    0.269648907E-16
    0.247296676E-16
    0.315553869E-16
    0.235996115E-16
    0.280638030E-16
    0.259297512E-16
    0.256762773E-16
    0.370838716E-16
    0.297226258E-16
    0.325843033E-16
    0.313470556E-16
    0.333806290E-16
    0.242702572E-16
    0.254151224E-16
    0.284750030E-16
    0.292488974E-16
    0.325890677E-16
    0.279654895E-16
    0.367211789E-16
    0.354045307E-16
    0.243364649E-16
    0.300851118E-16
    0.249979529E-16
    0.264357861E-16
    0.252011686E-16
    0.286280628E-16
    0.282654386E-16
    0.299143956E-16
    0.240166251E-16
    0.311887696E-16
    0.326885502E-16
    0.296100526E-16
    0.271691020E-16
    0.279983998E-16
    0.254675823E-16
    0.277358177E-16
    0.260623261E-16
    0.329348758E-16
    0.329816185E-16
    0.387522265E-16
    0.430895826E-16
    0.290530065E-16
    0.275323953E-16
    0.303141536E-16
    0.270735511E-16
    0.204625590E-16
    0.275946639E-16
    0.267355637E-16
    0.265192645E-16
    0.332651387E-16
    0.280882778E-16
    0.337022100E-16
    0.330521498E-16
    0.243867288E-16
    0.245283594E-16
    0.291752930E-16
    0.318040929E-16
    0.267680770E-16
    0.258917211E-16
    0.291927751E-16
    0.392911723E-16
    0.266564284E-16
    0.288658921E-16
    0.252222740E-16
    0.331513608E-16
    0.248966739E-16
    0.247626870E-16
    0.273363877E-16
    0.259438166E-16
    0.328827981E-16
    0.400905913E-16
    0.338508946E-16
    0.231883495E-16
    0.320294770E-16
    0.309141831E-16
    0.308823577E-16
    0.315171836E-16
    0.327341916E-16
    0.263586174E-16
    0.326719644E-16
    0.291206325E-16
    0.346138056E-16
    0.350049399E-16
    0.343499345E-16
    0.282131532E-16
    0.258890124E-16
    0.294411688E-16
    0.226693293E-16
    0.308979594E-16
    0.301453424E-16
    0.313770882E-16
    0.225553107E-16
    0.256760573E-16
    0.288890861E-16
    0.247376780E-16
    0.321502963E-16
    0.236454862E-16
    0.263893386E-16
    0.252385172E-16
    0.249787545E-16
    0.296350581E-16
    0.335799676E-16
    0.294593554E-16
    0.305915373E-16
    0.404886216E-16
    0.302852547E-16
    0.303942857E-16
    0.348338215E-16
    0.286927336E-16
    0.263178050E-16
    0.312715406E-16
    0.303571616E-16
    0.300816162E-16
    0.291926547E-16
    0.274954076E-16
    0.313927109E-16
    0.358488701E-16
    0.288778825E-16
    0.264439027E-16
    0.303359492E-16
    0.252501800E-16
    0.358423103E-16
    0.291314277E-16
    0.325941957E-16
    0.292019167E-16
    0.359916067E-16
    0.246392177E-16
    0.298688084E-16
    0.315018582E-16
    0.253800453E-16
    0.302623017E-16
    0.295255145E-16
    0.291724930E-16
    0.337807626E-16
    0.389343512E-16
    0.265115800E-16
    0.266125398E-16
    0.311958559E-16
    0.233976333E-16
    0.269851030E-16
    0.317582925E-16
    0.295056857E-16
    0.250756977E-16
    0.381864431E-16
    0.306838334E-16
    0.317429780E-16
    0.352631706E-16
    0.353691209E-16
    0.274325076E-16
    0.330718963E-16
    0.254082419E-16
    0.322571856E-16
    0.321372032E-16
    0.328545059E-16
    0.312412338E-16
    0.306883205E-16
    0.314760517E-16
    0.208854871E-16
    0.331109244E-16
    0.286197010E-16
    0.272663991E-16
    0.310413101E-16
    0.266288803E-16
    0.386908573E-16
    0.325859916E-16
    0.314620332E-16
    0.267403885E-16
    0.309117372E-16
    0.381801514E-16
    0.295026078E-16
    0.328323809E-16
    0.279627773E-16
    0.303789395E-16
    0.329900060E-16
    0.269034438E-16
    0.330384505E-16
    0.291910820E-16
    0.339860519E-16
    0.305984962E-16
    0.276888955E-16
    0.304296016E-16
    0.255665696E-16
    0.343544394E-16
    0.250266941E-16
    0.335476763E-16
    0.235723450E-16
    0.350874606E-16
    0.268662993E-16
    0.298471107E-16
    0.280233888E-16
    0.277289054E-16
    0.339417670E-16
    0.266776951E-16
    0.279121454E-16
    0.309980349E-16
    0.299620918E-16
    0.316452821E-16
    0.355545609E-16
    0.289418829E-16
    0.296969401E-16
    0.346601256E-16
    0.311438552E-16
    0.282634852E-16
    0.317108614E-16
    0.385287904E-16
    0.297895552E-16
    0.319180995E-16
    0.294443165E-16
    0.392030975E-16
    0.270996523E-16
    0.409164946E-16
    0.337347691E-16
    0.263944310E-16
    0.291756933E-16
    0.241863984E-16
    0.339047603E-16
    0.264314898E-16
    0.337955257E-16
    0.370134414E-16
    0.356757013E-16
    0.246604964E-16
    0.301213059E-16
    0.279058334E-16
    0.306807432E-16
    0.269620797E-16
    0.274331750E-16
    0.376331420E-16
    0.230636035E-16
    0.281358110E-16
    0.398044432E-16
    0.286199079E-16
    0.355678626E-16
    0.368319578E-16
    0.355470592E-16
    0.288597463E-16
    0.297863311E-16
    0.356072987E-16
    0.263986969E-16
    0.347571493E-16
    0.291177381E-16
    0.326211678E-16
    0.366283608E-16
    0.263061714E-16
    0.290902517E-16
    0.296555681E-16
    0.382702961E-16
    0.289756024E-16
    0.352294982E-16
    0.292664417E-16
    0.332053518E-16
    0.235946422E-16
    0.290532308E-16
    0.287312555E-16
    0.230251009E-16
    0.333923387E-16
    0.292630533E-16
    0.365739672E-16
    0.244042953E-16
    0.256067607E-16
    0.352634209E-16
    0.266987056E-16
    0.277570781E-16
    0.296630708E-16
    0.335805046E-16
    0.230367011E-16
    0.259261007E-16
    0.340352149E-16
    0.342806043E-16
    0.299757176E-16
    0.308752327E-16
    0.324255128E-16
    0.355809453E-16
    0.344733641E-16
    0.422084808E-16
    0.366296924E-16
    0.237640570E-16
    0.265937151E-16
    0.247423503E-16
    0.351394913E-16
    0.360636436E-16
    0.295461729E-16
    0.326634356E-16
    0.293827726E-16
    0.302385939E-16
    0.385286476E-16
    0.308375288E-16
    0.401307752E-16
    0.278528487E-16
    0.276543362E-16
    0.358707609E-16
    0.227279659E-16
    0.238236820E-16
    0.347626188E-16
    0.378708608E-16
    0.319608225E-16
    0.340515296E-16
    0.279120652E-16
    0.274597076E-16
    0.233321178E-16
    0.377308903E-16
    0.307043234E-16
    0.460730922E-16
    0.330456165E-16
    0.367886911E-16
    0.378081953E-16
    0.230206101E-16
    0.397570846E-16
    0.360915330E-16
    0.337673945E-16
    0.243448191E-16
    0.340064419E-16
    0.250091313E-16
    0.324766111E-16
    0.300234854E-16
    0.400890315E-16
    0.262148099E-16
    0.400095689E-16
    0.247611352E-16
    0.415518046E-16
    0.333527421E-16
    0.320084397E-16
    0.368923813E-16
    0.442167066E-16
    0.386950996E-16
    0.384484623E-16
    0.360705541E-16
    0.344972475E-16
    0.368548081E-16
    0.416528260E-16
    0.519436696E-16
    0.388788919E-16
    0.413884645E-16
    0.366495213E-16
    0.504866854E-16
    0.285018017E-16
    0.408970668E-16
    0.321137176E-16
    0.292536649E-16
    0.307878456E-16
    0.299720551E-16
    0.308537035E-16
    0.299927875E-16
    0.325753863E-16
    0.284786972E-16
    0.300338279E-16
    0.280048076E-16
    0.357228676E-16
    0.277147248E-16
    0.311056519E-16
    0.315139637E-16
    0.310907619E-16
    0.276365469E-16
    0.249216924E-16
    0.213941392E-16
    0.260005803E-16
    0.294475257E-16
    0.273609016E-16
    0.273784738E-16
    0.244046558E-16
    0.301190963E-16
    0.324698263E-16
    0.319966386E-16
    0.308864410E-16
    0.268119831E-16
    0.308704285E-16
    0.287254768E-16
    0.262225151E-16
    0.233500165E-16
    0.289086901E-16
    0.317973135E-16
    0.293868060E-16
    0.267521421E-16
    0.283042770E-16
    0.269498432E-16
    0.275624228E-16
    0.240120069E-16
    0.362531920E-16
    0.245971744E-16
    0.325926517E-16
    0.291687726E-16
    0.383167273E-16
    0.334180947E-16
    0.294504070E-16
    0.289084951E-16
    0.366946049E-16
    0.264439340E-16
    0.283591878E-16
    0.221490810E-16
    0.274528619E-16
    0.236711924E-16
    0.284309359E-16
    0.335318814E-16
    0.269529981E-16
    0.345586507E-16
    0.336774696E-16
    0.443023468E-16
    0.303799025E-16
    0.425261944E-16
    0.342292883E-16
    0.339552324E-16
    0.374851428E-16
    0.360314970E-16
    0.325708653E-16
    0.324540185E-16
    0.324765414E-16
    0.324549511E-16
    0.314704037E-16
    0.372017658E-16
    0.296058780E-16
    0.316598152E-16
    0.263928158E-16
    0.259406143E-16
    0.224438966E-16
    0.252124383E-16
    0.262196642E-16
    0.304841168E-16
    0.232376673E-16
    0.258842141E-16
    0.257655467E-16
    0.251918602E-16
    0.292451758E-16
    0.262699883E-16
    0.281098681E-16
    0.246961425E-16
    0.284142989E-16
    0.244991827E-16
    0.316924044E-16
    0.161310713E-16
    0.272527035E-16
    0.248043494E-16
    0.277450094E-16
    0.220478122E-16
    0.251871785E-16
    0.255581308E-16
    0.237489292E-16
    0.251159907E-16
    0.345901418E-16
    0.263949845E-16
    0.343923942E-16
    0.246064268E-16
    0.278891084E-16
    0.296103435E-16
    0.321789985E-16
    0.232642308E-16
    0.287803547E-16
    0.285898407E-16
    0.227523100E-16
    0.284322360E-16
    0.262659599E-16
    0.268129041E-16
    0.290959725E-16
    0.258243605E-16
    0.271550182E-16
    0.234335950E-16
    0.312150427E-16
    0.215073246E-16
    0.261051192E-16
    0.234579369E-16
    0.307293463E-16
