 #tdnd tdcion
    0.331010473E-16
    0.266549041E-16
    0.257598230E-16
    0.296528962E-16
    0.240098783E-16
    0.280637856E-16
    0.284700189E-16
    0.227395239E-16
    0.279435397E-16
    0.286655946E-16
    0.252700907E-16
    0.266847636E-16
    0.263304049E-16
    0.293381361E-16
    0.281612969E-16
    0.239184099E-16
    0.295734574E-16
    0.316300714E-16
    0.236914264E-16
    0.271428506E-16
    0.340562195E-16
    0.263422588E-16
    0.254037349E-16
    0.336025096E-16
    0.301163904E-16
    0.259555120E-16
    0.322077228E-16
    0.324363056E-16
    0.284705616E-16
    0.303364173E-16
    0.323716362E-16
    0.315890447E-16
    0.286503758E-16
    0.314394767E-16
    0.343618593E-16
    0.275829470E-16
    0.301431505E-16
    0.368326320E-16
    0.271208320E-16
    0.287821484E-16
    0.393832651E-16
    0.265417543E-16
    0.274908623E-16
    0.410822334E-16
    0.259565153E-16
    0.264019167E-16
    0.415359283E-16
    0.256594218E-16
    0.255027872E-16
    0.411705638E-16
    0.252142120E-16
    0.248892200E-16
    0.406987224E-16
    0.243259738E-16
    0.252271743E-16
    0.401029447E-16
    0.233225721E-16
    0.263043571E-16
    0.392905225E-16
    0.224492474E-16
    0.275836793E-16
    0.382210155E-16
    0.217259956E-16
    0.289307256E-16
    0.373711082E-16
    0.208880491E-16
    0.303333748E-16
    0.367465153E-16
    0.202933335E-16
    0.320654613E-16
    0.365219360E-16
    0.200965115E-16
    0.337159789E-16
    0.362562308E-16
    0.200930684E-16
    0.348111932E-16
    0.362029288E-16
    0.202321987E-16
    0.353081820E-16
    0.362042558E-16
    0.205768407E-16
    0.349491332E-16
    0.362354062E-16
    0.212302063E-16
    0.342482562E-16
    0.361965580E-16
    0.219123026E-16
    0.332449718E-16
    0.357934171E-16
    0.221761712E-16
    0.322877405E-16
    0.355055342E-16
    0.220486518E-16
    0.312253933E-16
    0.352430935E-16
    0.219514251E-16
    0.297129847E-16
    0.348980473E-16
    0.221333434E-16
    0.281142076E-16
    0.343237435E-16
    0.225220004E-16
    0.267360520E-16
    0.333521333E-16
    0.228223469E-16
    0.265042780E-16
    0.325807800E-16
    0.228448507E-16
    0.270037210E-16
    0.322128450E-16
    0.229722325E-16
    0.278044600E-16
    0.320718287E-16
    0.232809363E-16
    0.282602764E-16
    0.320275352E-16
    0.238721473E-16
    0.283642608E-16
    0.315912788E-16
    0.246036910E-16
    0.287753226E-16
    0.311043885E-16
    0.252659575E-16
    0.294869678E-16
    0.306813770E-16
    0.261241716E-16
    0.305452188E-16
    0.303350689E-16
    0.270534564E-16
    0.312497975E-16
    0.301124722E-16
    0.280487343E-16
    0.314366245E-16
    0.297431480E-16
    0.287825429E-16
    0.311034668E-16
    0.294219202E-16
    0.291226395E-16
    0.304414410E-16
    0.291669227E-16
    0.292297700E-16
    0.296932939E-16
    0.290428495E-16
    0.294597146E-16
    0.289472956E-16
    0.289069177E-16
    0.299146995E-16
    0.283101183E-16
    0.287836479E-16
    0.304070626E-16
    0.278309908E-16
    0.286708831E-16
    0.305437707E-16
    0.275797281E-16
    0.288344111E-16
    0.299983710E-16
    0.274361313E-16
    0.294109706E-16
    0.289431500E-16
    0.273845116E-16
    0.301663479E-16
    0.276141137E-16
    0.271540566E-16
    0.309873264E-16
    0.264332145E-16
    0.268500486E-16
    0.314745045E-16
    0.255658152E-16
    0.263861904E-16
    0.315669374E-16
    0.248896260E-16
    0.259341087E-16
    0.313834984E-16
    0.243673401E-16
    0.256738208E-16
    0.309114525E-16
    0.237406230E-16
    0.256404845E-16
    0.303829159E-16
    0.232055996E-16
    0.260791880E-16
    0.297675881E-16
    0.228612624E-16
    0.268748616E-16
    0.289578438E-16
    0.229618661E-16
    0.280390911E-16
    0.280298480E-16
    0.237569060E-16
    0.294487031E-16
    0.267988302E-16
    0.250290860E-16
    0.309389988E-16
    0.253493856E-16
    0.268330980E-16
    0.324358168E-16
    0.238587345E-16
    0.286059166E-16
    0.338930387E-16
    0.224124475E-16
    0.302823617E-16
    0.352678243E-16
    0.213810567E-16
    0.316176031E-16
    0.366558074E-16
    0.209519394E-16
    0.325269322E-16
    0.379256870E-16
    0.212360709E-16
    0.332352293E-16
    0.391245196E-16
    0.223778654E-16
    0.336581738E-16
    0.399603016E-16
    0.241922178E-16
    0.340783390E-16
    0.404761915E-16
    0.265863211E-16
    0.344780262E-16
    0.404930647E-16
    0.293062500E-16
    0.348889284E-16
    0.401155445E-16
    0.321275863E-16
    0.352897741E-16
    0.395446848E-16
    0.348980459E-16
    0.355478698E-16
    0.386856238E-16
    0.373449551E-16
    0.356280358E-16
    0.379388825E-16
    0.394636690E-16
    0.355197034E-16
    0.369889755E-16
    0.408567626E-16
    0.352338011E-16
    0.361004648E-16
    0.415594210E-16
    0.348697638E-16
    0.352005247E-16
    0.413540909E-16
    0.344315893E-16
    0.343617169E-16
    0.402620810E-16
    0.338104077E-16
    0.337654492E-16
    0.386791690E-16
    0.330348254E-16
    0.333934890E-16
    0.366977083E-16
    0.318397732E-16
    0.332164364E-16
    0.350084335E-16
    0.303778895E-16
    0.331170813E-16
    0.337191045E-16
    0.286240451E-16
    0.328486547E-16
    0.330685820E-16
    0.267451030E-16
    0.322486185E-16
    0.330069563E-16
    0.249949915E-16
    0.312803599E-16
    0.332294281E-16
    0.233526820E-16
    0.298747119E-16
    0.335438219E-16
    0.220437088E-16
    0.283205851E-16
    0.336979923E-16
    0.209216083E-16
    0.266530110E-16
    0.335480547E-16
    0.200655408E-16
    0.251621051E-16
    0.332027373E-16
    0.194478121E-16
    0.239218056E-16
    0.327181186E-16
    0.191401198E-16
    0.229888321E-16
    0.322146810E-16
    0.192734161E-16
    0.224266125E-16
    0.318800436E-16
    0.199688073E-16
    0.221788401E-16
    0.315291899E-16
    0.212829561E-16
    0.222818402E-16
    0.312703803E-16
    0.232602776E-16
    0.227221846E-16
    0.308357803E-16
    0.256813812E-16
    0.234894451E-16
    0.301782277E-16
    0.283768472E-16
    0.245583271E-16
    0.293355642E-16
    0.310040527E-16
    0.258752713E-16
    0.282294756E-16
    0.332285461E-16
    0.272351773E-16
    0.271635020E-16
    0.348978188E-16
    0.286500253E-16
    0.261497897E-16
    0.357861145E-16
    0.297361426E-16
    0.254104852E-16
    0.359628748E-16
    0.306700172E-16
    0.249810132E-16
    0.355489524E-16
    0.311322645E-16
    0.248487229E-16
    0.346191569E-16
    0.313282135E-16
    0.249431181E-16
    0.335380456E-16
    0.312661079E-16
    0.251838400E-16
    0.323211287E-16
    0.308922894E-16
    0.254017206E-16
    0.311843860E-16
    0.305431791E-16
    0.256281408E-16
    0.302536888E-16
    0.298937343E-16
    0.257488305E-16
    0.293446947E-16
    0.292943470E-16
    0.258804584E-16
    0.286848309E-16
    0.285452179E-16
    0.260592794E-16
    0.279665219E-16
    0.276944256E-16
    0.263278982E-16
    0.272096110E-16
    0.269616901E-16
    0.267882080E-16
    0.264277881E-16
    0.261780190E-16
    0.272822508E-16
    0.253892722E-16
    0.256666731E-16
    0.278877524E-16
    0.243464400E-16
    0.253794881E-16
    0.282862623E-16
    0.232343598E-16
    0.252931573E-16
    0.285429002E-16
    0.221347981E-16
    0.254994269E-16
    0.284221012E-16
    0.212913358E-16
    0.257180268E-16
    0.279819789E-16
    0.205455979E-16
    0.259519464E-16
    0.272973304E-16
    0.200730582E-16
    0.260092377E-16
    0.263923452E-16
    0.197329407E-16
    0.258269138E-16
    0.255617028E-16
    0.193848275E-16
    0.254096333E-16
    0.247663799E-16
    0.190484545E-16
    0.248146805E-16
    0.242195597E-16
    0.184941758E-16
    0.241459280E-16
    0.238395846E-16
    0.178463543E-16
    0.235411996E-16
    0.235769696E-16
    0.171050596E-16
    0.230856196E-16
    0.234006320E-16
    0.164020289E-16
    0.227864055E-16
    0.231090840E-16
    0.159566947E-16
    0.226453297E-16
    0.227601623E-16
    0.158096673E-16
    0.224740928E-16
    0.222797446E-16
    0.161348927E-16
    0.222138817E-16
    0.217178217E-16
    0.167831355E-16
    0.216671355E-16
    0.212156945E-16
    0.177119728E-16
    0.208122804E-16
    0.207262391E-16
    0.186287153E-16
    0.196406071E-16
    0.203948305E-16
    0.193468628E-16
    0.182488007E-16
    0.201265161E-16
    0.196646213E-16
    0.167896476E-16
    0.198741585E-16
    0.194725047E-16
    0.154232972E-16
    0.196134280E-16
    0.188206616E-16
    0.142990290E-16
    0.192104835E-16
    0.178066768E-16
    0.135085181E-16
    0.187419535E-16
    0.166341018E-16
    0.131030015E-16
    0.182019341E-16
    0.155133306E-16
    0.130529473E-16
    0.177143522E-16
    0.145846469E-16
    0.133596460E-16
    0.173730195E-16
    0.139801918E-16
    0.139243620E-16
    0.172845516E-16
    0.137132713E-16
    0.147444932E-16
    0.174644376E-16
    0.137224595E-16
    0.157437726E-16
    0.179194476E-16
    0.140265010E-16
    0.168710311E-16
    0.185705677E-16
    0.144315274E-16
    0.180970002E-16
    0.193060693E-16
    0.150120615E-16
    0.193139518E-16
    0.200621968E-16
    0.156391459E-16
    0.204862926E-16
    0.207331699E-16
    0.163174394E-16
    0.215276306E-16
    0.213278151E-16
    0.170719758E-16
    0.223954672E-16
    0.218301192E-16
    0.177893179E-16
    0.230522559E-16
    0.223322091E-16
    0.185379136E-16
    0.235446411E-16
    0.228045194E-16
    0.191997150E-16
    0.238304314E-16
    0.233949109E-16
    0.198004409E-16
    0.240632753E-16
    0.239589264E-16
    0.202904478E-16
    0.242108493E-16
    0.246051329E-16
    0.206972743E-16
    0.244372124E-16
    0.251317446E-16
    0.210274545E-16
    0.247728919E-16
    0.255404705E-16
    0.213378745E-16
    0.253382704E-16
    0.256606205E-16
    0.217117982E-16
    0.261473347E-16
    0.254826886E-16
    0.221636953E-16
    0.272712546E-16
    0.249077319E-16
    0.228451561E-16
    0.286049094E-16
    0.240557328E-16
    0.236830976E-16
    0.300557171E-16
    0.229957398E-16
    0.247336827E-16
    0.315140841E-16
    0.219285934E-16
    0.258653860E-16
    0.326565523E-16
    0.211329046E-16
    0.269264303E-16
    0.335509123E-16
    0.207250726E-16
    0.277618300E-16
    0.338755797E-16
    0.209525720E-16
    0.281971842E-16
    0.338378097E-16
    0.217778992E-16
    0.281269646E-16
    0.334104934E-16
    0.231425717E-16
    0.275995635E-16
    0.327765278E-16
    0.248747848E-16
    0.266909121E-16
    0.321519334E-16
    0.267131567E-16
    0.256398381E-16
    0.316250775E-16
    0.284040561E-16
    0.246957394E-16
    0.313761422E-16
    0.298457158E-16
    0.240465641E-16
    0.314087385E-16
    0.308272263E-16
    0.238830766E-16
    0.317438728E-16
    0.315522790E-16
    0.241912247E-16
    0.322543773E-16
    0.320087638E-16
    0.249589523E-16
    0.328678062E-16
    0.324841954E-16
    0.260117506E-16
    0.332928449E-16
    0.331537750E-16
    0.272989769E-16
    0.334346803E-16
    0.340829117E-16
    0.286078331E-16
    0.330164133E-16
    0.353764562E-16
    0.300364289E-16
    0.320144257E-16
    0.367877813E-16
    0.314139573E-16
    0.305101970E-16
    0.381059550E-16
    0.328199425E-16
    0.287044735E-16
    0.390148948E-16
    0.340919673E-16
    0.271496727E-16
    0.391276670E-16
    0.350200018E-16
    0.261863668E-16
    0.384873940E-16
    0.354058965E-16
    0.264004705E-16
    0.369945928E-16
    0.349302341E-16
    0.277988941E-16
    0.351956373E-16
    0.335735986E-16
    0.303473500E-16
    0.334331711E-16
    0.314422801E-16
    0.334451891E-16
    0.322706076E-16
    0.290068025E-16
    0.364205230E-16
    0.319505790E-16
    0.268966568E-16
    0.386050611E-16
    0.324160004E-16
    0.257891332E-16
    0.395201325E-16
    0.332861856E-16
    0.261028655E-16
    0.392311318E-16
    0.340230098E-16
    0.278692117E-16
    0.380669364E-16
    0.340266685E-16
    0.306177364E-16
    0.366645128E-16
    0.331499711E-16
    0.335367186E-16
    0.356140500E-16
    0.314026201E-16
    0.357613998E-16
    0.350961414E-16
    0.293414950E-16
    0.367064745E-16
    0.350824577E-16
    0.275204106E-16
    0.362011529E-16
    0.350034425E-16
    0.263755306E-16
    0.347202298E-16
    0.344968998E-16
    0.261492028E-16
    0.328105670E-16
    0.331701245E-16
    0.265172270E-16
    0.312539819E-16
    0.312473857E-16
    0.272617325E-16
    0.302830094E-16
    0.290457595E-16
    0.278476593E-16
    0.299994365E-16
    0.271595184E-16
    0.282706591E-16
    0.300896198E-16
    0.258860618E-16
    0.284486831E-16
    0.303544632E-16
    0.252921119E-16
    0.285621276E-16
    0.307770212E-16
    0.251616299E-16
    0.287205310E-16
    0.314754781E-16
    0.252334801E-16
    0.286587990E-16
    0.326977433E-16
    0.254359426E-16
    0.283407357E-16
    0.344475583E-16
    0.258679975E-16
    0.274505476E-16
    0.362748589E-16
    0.268025306E-16
    0.261964687E-16
    0.377856690E-16
    0.283278731E-16
    0.250010448E-16
    0.382122207E-16
    0.301037717E-16
    0.243914571E-16
    0.375652019E-16
    0.317490957E-16
    0.249156295E-16
    0.360454571E-16
    0.323183894E-16
    0.265712214E-16
    0.343593790E-16
    0.317176625E-16
    0.291010538E-16
    0.332007851E-16
    0.297516933E-16
    0.318583593E-16
    0.328759158E-16
    0.271618625E-16
    0.343156919E-16
    0.332637248E-16
    0.245948338E-16
    0.362013054E-16
    0.338361690E-16
    0.228134052E-16
    0.373883654E-16
    0.340941403E-16
    0.221072184E-16
    0.381319769E-16
    0.336476975E-16
    0.226296006E-16
    0.383582070E-16
    0.325313686E-16
    0.240698758E-16
    0.382330346E-16
    0.309349803E-16
    0.262356662E-16
    0.377060492E-16
    0.291439633E-16
    0.286515228E-16
    0.368850557E-16
    0.275855496E-16
    0.310202123E-16
    0.359300759E-16
    0.264880932E-16
    0.329656244E-16
    0.349024939E-16
    0.261759775E-16
    0.344893308E-16
    0.337950121E-16
    0.265953622E-16
    0.356553831E-16
    0.325809221E-16
    0.274871820E-16
    0.368196526E-16
    0.313053251E-16
    0.283247931E-16
    0.381371513E-16
    0.301414528E-16
    0.287584662E-16
    0.394573235E-16
    0.293670136E-16
    0.286782966E-16
    0.405944497E-16
    0.288871354E-16
    0.284807281E-16
    0.410953361E-16
    0.286846698E-16
    0.285479348E-16
    0.409646880E-16
    0.284295384E-16
    0.291379004E-16
    0.401469399E-16
    0.282282907E-16
    0.301927951E-16
    0.387528675E-16
    0.281396439E-16
    0.315854098E-16
    0.368617523E-16
    0.282773540E-16
    0.331538123E-16
    0.346318521E-16
    0.285021191E-16
    0.349522258E-16
    0.323260737E-16
    0.285482131E-16
    0.367232272E-16
    0.302670791E-16
    0.283833234E-16
    0.383491607E-16
    0.284909596E-16
    0.280801775E-16
    0.395135204E-16
    0.270048372E-16
    0.278892232E-16
    0.401648382E-16
    0.257417893E-16
    0.278148703E-16
    0.403121199E-16
    0.248368871E-16
    0.278710628E-16
    0.398881241E-16
    0.244692494E-16
    0.280937888E-16
    0.390227447E-16
    0.244157169E-16
    0.287495557E-16
    0.377606694E-16
    0.243972185E-16
    0.298527099E-16
    0.365435170E-16
    0.240680582E-16
    0.312334886E-16
    0.354864396E-16
    0.236469305E-16
    0.323037709E-16
    0.346329038E-16
    0.235290481E-16
    0.328152947E-16
    0.337399252E-16
    0.238814374E-16
    0.327297192E-16
    0.328270892E-16
    0.243911502E-16
    0.324729057E-16
    0.321380955E-16
    0.247344426E-16
    0.321893266E-16
    0.318734970E-16
    0.248978615E-16
    0.320811735E-16
    0.318936384E-16
    0.254708045E-16
    0.319443846E-16
    0.317913713E-16
    0.266179020E-16
    0.318297214E-16
    0.315814705E-16
    0.280222731E-16
    0.316265481E-16
    0.314864544E-16
    0.289424510E-16
    0.313421028E-16
    0.318660569E-16
    0.290854475E-16
    0.312680432E-16
    0.323341236E-16
    0.287974479E-16
    0.313788294E-16
    0.324545877E-16
    0.285622438E-16
    0.317979669E-16
    0.320159413E-16
    0.284458619E-16
    0.318816866E-16
    0.312637685E-16
    0.281740088E-16
    0.314002740E-16
    0.305202198E-16
    0.276376614E-16
    0.304693597E-16
    0.295916014E-16
    0.270693893E-16
    0.294138660E-16
    0.284840456E-16
    0.271163201E-16
    0.285348297E-16
    0.272600627E-16
    0.277606022E-16
    0.275417853E-16
    0.260888104E-16
    0.288708962E-16
    0.264310198E-16
    0.250043748E-16
    0.298560199E-16
    0.252956536E-16
    0.237490749E-16
    0.308168983E-16
    0.242467713E-16
    0.228732838E-16
    0.319930445E-16
    0.233441545E-16
    0.227488754E-16
    0.334747914E-16
    0.225743216E-16
    0.238883084E-16
    0.346817998E-16
    0.221810303E-16
    0.257692845E-16
    0.350625706E-16
    0.220937887E-16
    0.281080768E-16
    0.345725618E-16
    0.220253475E-16
    0.306066905E-16
    0.338844398E-16
    0.218060155E-16
    0.335220539E-16
    0.335280562E-16
    0.216561432E-16
    0.365008497E-16
    0.336242081E-16
    0.218280095E-16
    0.391963427E-16
    0.340580542E-16
    0.220839446E-16
    0.407711464E-16
    0.350591763E-16
    0.220786291E-16
    0.412032151E-16
    0.367764073E-16
    0.220909658E-16
    0.405467359E-16
    0.391111754E-16
    0.225071612E-16
    0.392485919E-16
    0.415932501E-16
    0.232258590E-16
    0.375571636E-16
    0.437710123E-16
    0.236780191E-16
    0.351634044E-16
    0.454274253E-16
    0.240795778E-16
    0.321886572E-16
    0.462958546E-16
    0.248070087E-16
    0.292206916E-16
    0.464513740E-16
    0.256598446E-16
    0.270101330E-16
    0.461087968E-16
    0.258649170E-16
    0.253078855E-16
    0.453041479E-16
    0.257962700E-16
    0.232255528E-16
    0.436162303E-16
    0.263543164E-16
    0.210873551E-16
    0.413584170E-16
    0.271812635E-16
    0.196952119E-16
    0.394983413E-16
    0.274070036E-16
    0.192874329E-16
    0.381780273E-16
    0.273207197E-16
    0.191794103E-16
    0.363590765E-16
    0.279876463E-16
    0.192775733E-16
    0.338826081E-16
    0.288724229E-16
    0.200890763E-16
    0.321688278E-16
    0.285196665E-16
    0.217942685E-16
    0.311141124E-16
    0.271149317E-16
    0.242697171E-16
    0.293423739E-16
    0.256306638E-16
    0.272966479E-16
    0.267203514E-16
    0.244319266E-16
    0.304217231E-16
    0.249612184E-16
    0.234294481E-16
    0.332583042E-16
    0.241575796E-16
    0.226467051E-16
    0.361191232E-16
    0.231697537E-16
    0.224477161E-16
    0.384228173E-16
    0.220996408E-16
    0.230329708E-16
    0.390973215E-16
    0.221980239E-16
    0.246658864E-16
    0.382191772E-16
    0.228767657E-16
    0.263437718E-16
    0.375034452E-16
    0.233820261E-16
    0.274715709E-16
    0.366973231E-16
    0.241820435E-16
    0.287279204E-16
    0.354935180E-16
    0.253636787E-16
    0.308131007E-16
    0.351415232E-16
    0.262585136E-16
    0.321839977E-16
    0.362510444E-16
    0.264865814E-16
    0.318256819E-16
    0.375597633E-16
    0.260557386E-16
    0.310941007E-16
    0.381198874E-16
    0.249602247E-16
    0.310793902E-16
    0.392673148E-16
    0.241488090E-16
    0.311585509E-16
    0.403916022E-16
    0.242430277E-16
    0.311878217E-16
    0.396642957E-16
    0.249641884E-16
    0.314303436E-16
    0.380057230E-16
    0.260309633E-16
    0.313440320E-16
    0.371671462E-16
    0.274643124E-16
    0.313828414E-16
    0.363899435E-16
    0.288805985E-16
    0.313915650E-16
    0.347817643E-16
    0.296571463E-16
    0.312393418E-16
    0.336032951E-16
    0.309207816E-16
    0.310949146E-16
    0.335693745E-16
    0.332871201E-16
    0.318061545E-16
    0.340664965E-16
    0.351005058E-16
    0.331960232E-16
    0.342394774E-16
    0.360504723E-16
    0.340542622E-16
    0.339650033E-16
    0.371439164E-16
    0.348378969E-16
    0.335253744E-16
    0.374325335E-16
    0.362536589E-16
    0.323970187E-16
    0.370183888E-16
    0.363564471E-16
    0.316082554E-16
    0.372139501E-16
    0.362471742E-16
    0.325000233E-16
    0.387936852E-16
    0.390737619E-16
    0.358145800E-16
    0.407212495E-16
    0.445401657E-16
    0.407764487E-16
    0.428255515E-16
    0.502203529E-16
    0.438803960E-16
    0.458744851E-16
    0.538527650E-16
    0.463942321E-16
    0.478469836E-16
    0.535481563E-16
    0.494741486E-16
    0.477761336E-16
    0.476844343E-16
    0.536692055E-16
    0.473863766E-16
    0.392608215E-16
    0.605069730E-16
    0.472800868E-16
    0.368722407E-16
    0.713626901E-16
    0.511732379E-16
    0.437754017E-16
    0.833115258E-16
    0.617873399E-16
    0.592077587E-16
    0.902813514E-16
    0.781896259E-16
    0.770007625E-16
    0.909238169E-16
    0.961684815E-16
    0.881286230E-16
    0.909263347E-16
    0.110048881E-15
    0.907861937E-16
    0.930994786E-16
    0.117644081E-15
    0.901673603E-16
    0.103765339E-15
    0.118409939E-15
    0.974995902E-16
    0.124361530E-15
    0.121602898E-15
    0.121209242E-15
    0.149789628E-15
    0.139229733E-15
    0.160312116E-15
    0.174936089E-15
    0.174200594E-15
    0.204673886E-15
    0.199569661E-15
    0.224501780E-15
    0.240382029E-15
    0.233005006E-15
    0.276449733E-15
    0.270330688E-15
    0.280326473E-15
    0.318048963E-15
    0.305753100E-15
    0.342244232E-15
    0.347016755E-15
    0.361944024E-15
    0.409315501E-15
    0.380846302E-15
    0.445895492E-15
    0.473230771E-15
    0.446394562E-15
    0.545019546E-15
    0.542445218E-15
    0.556487433E-15
    0.646111727E-15
    0.632858091E-15
    0.711439527E-15
    0.740745621E-15
    0.772689695E-15
    0.883090632E-15
    0.853460387E-15
    0.964741777E-15
    0.105040086E-14
    0.101815273E-14
    0.118680099E-14
    0.121758216E-14
    0.125684262E-14
    0.141304799E-14
    0.141797601E-14
    0.156598179E-14
    0.163772176E-14
    0.170328787E-14
    0.191448021E-14
    0.190511002E-14
    0.209529633E-14
    0.228938528E-14
    0.227734945E-14
    0.258919618E-14
    0.270370767E-14
    0.281215850E-14
    0.314630023E-14
    0.322532139E-14
    0.349775509E-14
    0.376126029E-14
    0.390960697E-14
    0.429341816E-14
    0.446543153E-14
    0.478257728E-14
    0.516328770E-14
    0.533291141E-14
    0.583256702E-14
    0.613224462E-14
    0.644730837E-14
    0.703782953E-14
    0.731310647E-14
    0.784627437E-14
    0.844062119E-14
    0.882630800E-14
    0.955868263E-14
    0.101228222E-13
    0.107774558E-13
    0.115892217E-13
    0.122180246E-13
    0.131720002E-13
    0.140046188E-13
    0.148010664E-13
    0.160134252E-13
    0.168778527E-13
    0.179364930E-13
    0.193015365E-13
    0.203448826E-13
    0.216578387E-13
    0.231416282E-13
    0.245272146E-13
    0.260810986E-13
    0.277154200E-13
    0.295641200E-13
    0.314031834E-13
    0.332736114E-13
    0.356310424E-13
    0.379016214E-13
    0.400915247E-13
    0.429963254E-13
    0.458927732E-13
    0.485445471E-13
    0.520718179E-13
    0.557784109E-13
    0.592482418E-13
    0.635346251E-13
    0.682858971E-13
    0.732060100E-13
    0.786425164E-13
    0.848098835E-13
    0.922915736E-13
    0.995523925E-13
    0.108292874E-12
    0.119717962E-12
    0.130520969E-12
    0.144126002E-12
    0.161604311E-12
    0.179528846E-12
    0.202294059E-12
    0.229555968E-12
    0.261659257E-12
    0.300869707E-12
    0.346004115E-12
    0.404561608E-12
    0.473307754E-12
    0.552967924E-12
    0.659121846E-12
    0.781253368E-12
    0.928365800E-12
    0.111790318E-11
    0.133937850E-11
    0.161318892E-11
    0.195098147E-11
    0.235734476E-11
    0.286262287E-11
    0.346802294E-11
    0.421569740E-11
    0.513511329E-11
    0.623028910E-11
    0.759557139E-11
    0.925305139E-11
    0.112415834E-10
    0.137083989E-10
    0.166804446E-10
    0.202803956E-10
    0.246924565E-10
    0.300055499E-10
    0.364688228E-10
    0.443031977E-10
    0.537620059E-10
    0.652553671E-10
    0.790916468E-10
    0.958327958E-10
    0.116088266E-09
    0.140408053E-09
    0.169822864E-09
    0.205254590E-09
    0.247766991E-09
    0.299056120E-09
    0.360631617E-09
    0.434474305E-09
    0.523246815E-09
    0.629585718E-09
    0.756958843E-09
    0.909544405E-09
    0.109200962E-08
    0.131014767E-08
    0.157067866E-08
    0.188166486E-08
    0.225262472E-08
    0.269451876E-08
    0.322092991E-08
    0.384738890E-08
    0.459192136E-08
    0.547682969E-08
    0.652751499E-08
    0.777342946E-08
    0.925078416E-08
    0.110008376E-07
    0.130715193E-07
    0.155209467E-07
    0.184157893E-07
    0.218334150E-07
    0.258664758E-07
    0.306216532E-07
    0.362231612E-07
    0.428174151E-07
    0.505740155E-07
    0.596904504E-07
    0.703967508E-07
    0.829604186E-07
    0.976926401E-07
    0.114952329E-06
    0.135158623E-06
    0.158796467E-06
    0.186423467E-06
    0.218690276E-06
    0.256346007E-06
    0.300251562E-06
    0.351408368E-06
    0.410963674E-06
    0.480238208E-06
    0.560758346E-06
    0.654269236E-06
    0.762780134E-06
    0.888597780E-06
    0.103435804E-05
    0.120309023E-05
    0.139825278E-05
    0.162379794E-05
    0.188425011E-05
    0.218475618E-05
    0.253119446E-05
    0.293026134E-05
    0.338956108E-05
    0.391775987E-05
    0.452468529E-05
    0.522148611E-05
    0.602082489E-05
    0.693700766E-05
    0.798624727E-05
    0.918687936E-05
    0.105595682E-04
    0.121276843E-04
    0.139175510E-04
    0.159587752E-04
    0.182847480E-04
    0.209329396E-04
    0.239454215E-04
    0.273694688E-04
    0.312579817E-04
    0.356702240E-04
    0.406725391E-04
    0.463389807E-04
    0.527522952E-04
    0.600047664E-04
    0.681991803E-04
    0.774500252E-04
    0.878845605E-04
    0.996441900E-04
    0.112885901E-03
    0.127783649E-03
    0.144530222E-03
    0.163338933E-03
    0.184445476E-03
    0.208110282E-03
    0.234620598E-03
    0.264292878E-03
    0.297475695E-03
    0.334552319E-03
    0.375943759E-03
    0.422112199E-03
    0.473564344E-03
    0.530855030E-03
    0.594591380E-03
    0.665436968E-03
    0.744116093E-03
    0.831418675E-03
    0.928205451E-03
    0.103541280E-02
    0.115405863E-02
    0.128524851E-02
    0.143018117E-02
    0.159015548E-02
    0.176657735E-02
    0.196096615E-02
    0.217496260E-02
    0.241033648E-02
    0.266899398E-02
    0.295298648E-02
    0.326451872E-02
    0.360595738E-02
    0.397984027E-02
    0.438888497E-02
    0.483599854E-02
    0.532428671E-02
    0.585706272E-02
    0.643785822E-02
    0.707043162E-02
    0.775877723E-02
    0.850713670E-02
    0.932000607E-02
    0.102021448E-01
    0.111585875E-01
    0.121946482E-01
    0.133159300E-01
    0.145283349E-01
    0.158380662E-01
    0.172516365E-01
    0.187758763E-01
    0.204179318E-01
    0.221852729E-01
    0.240856969E-01
    0.261273232E-01
    0.283185988E-01
    0.306682965E-01
    0.331855058E-01
    0.358796345E-01
    0.387604005E-01
    0.418378179E-01
    0.451221936E-01
    0.486241115E-01
    0.523544129E-01
    0.563241881E-01
    0.605447497E-01
    0.650276095E-01
    0.697844610E-01
    0.748271437E-01
    0.801676146E-01
    0.858179212E-01
    0.917901558E-01
    0.980964224E-01
    0.104748799E+00
    0.111759281E+00
    0.119139746E+00
    0.126901903E+00
    0.135057228E+00
    0.143616924E+00
    0.152591858E+00
    0.161992494E+00
    0.171828843E+00
    0.182110396E+00
    0.192846048E+00
    0.204044050E+00
    0.215711927E+00
    0.227856406E+00
    0.240483365E+00
    0.253597747E+00
    0.267203486E+00
    0.281303460E+00
    0.295899402E+00
    0.310991832E+00
    0.326580013E+00
    0.342661864E+00
    0.359233901E+00
    0.376291203E+00
    0.393827325E+00
    0.411834259E+00
    0.430302407E+00
    0.449220507E+00
    0.468575607E+00
    0.488353059E+00
    0.508536454E+00
    0.529107624E+00
    0.550046646E+00
    0.571331801E+00
    0.592939599E+00
    0.614844806E+00
    0.637020423E+00
    0.659437739E+00
    0.682066379E+00
    0.704874312E+00
    0.727827928E+00
    0.750892115E+00
    0.774030283E+00
    0.797204485E+00
    0.820375503E+00
    0.843502906E+00
    0.866545197E+00
    0.889459915E+00
    0.912203729E+00
    0.934732596E+00
    0.957001893E+00
    0.978966522E+00
    0.100058110E+01
    0.102180008E+01
    0.104257792E+01
    0.106286922E+01
    0.108262892E+01
    0.110181243E+01
    0.112037579E+01
    0.113827590E+01
    0.115547056E+01
    0.117191877E+01
    0.118758081E+01
    0.120241840E+01
    0.121639489E+01
    0.122947539E+01
    0.124162690E+01
    0.125281847E+01
    0.126302132E+01
    0.127220897E+01
    0.128035734E+01
    0.128744487E+01
    0.129345260E+01
    0.129836427E+01
    0.130216637E+01
    0.130484822E+01
    0.130640204E+01
    0.130682291E+01
    0.130610889E+01
    0.130426097E+01
    0.130128310E+01
    0.129718214E+01
    0.129196790E+01
    0.128565301E+01
    0.127825294E+01
    0.126978595E+01
    0.126027293E+01
    0.124973738E+01
    0.123820532E+01
    0.122570515E+01
    0.121226752E+01
    0.119792528E+01
    0.118271325E+01
    0.116666813E+01
    0.114982839E+01
    0.113223403E+01
    0.111392646E+01
    0.109494839E+01
    0.107534356E+01
    0.105515667E+01
    0.103443315E+01
    0.101321901E+01
    0.991560660E+00
    0.969504783E+00
    0.947098101E+00
    0.924387259E+00
    0.901418673E+00
    0.878238326E+00
    0.854891662E+00
    0.831423442E+00
    0.807877568E+00
    0.784296988E+00
    0.760723577E+00
    0.737197981E+00
    0.713759553E+00
    0.690446245E+00
    0.667294493E+00
    0.644339171E+00
    0.621613510E+00
    0.599149018E+00
    0.576975454E+00
    0.555120777E+00
    0.533611099E+00
    0.512470680E+00
    0.491721907E+00
    0.471385276E+00
    0.451479409E+00
    0.432021059E+00
    0.413025118E+00
    0.394504659E+00
    0.376470952E+00
    0.358933510E+00
    0.341900134E+00
    0.325376954E+00
    0.309368496E+00
    0.293877731E+00
    0.278906140E+00
    0.264453786E+00
    0.250519376E+00
    0.237100335E+00
    0.224192887E+00
    0.211792115E+00
    0.199892051E+00
    0.188485754E+00
    0.177565370E+00
    0.167122225E+00
    0.157146902E+00
    0.147629300E+00
    0.138558723E+00
    0.129923953E+00
    0.121713299E+00
    0.113914695E+00
    0.106515747E+00
    0.995037931E-01
    0.928659795E-01
    0.865893055E-01
    0.806606778E-01
    0.750669715E-01
    0.697950679E-01
    0.648319027E-01
    0.601645108E-01
    0.557800600E-01
    0.516658883E-01
    0.478095360E-01
    0.441987739E-01
    0.408216298E-01
    0.376664089E-01
    0.347217179E-01
    0.319764794E-01
    0.294199441E-01
    0.270417093E-01
    0.248317232E-01
    0.227802908E-01
    0.208780870E-01
    0.191161516E-01
    0.174858919E-01
    0.159790890E-01
    0.145878873E-01
    0.133047941E-01
    0.121226795E-01
    0.110347629E-01
    0.100346105E-01
    0.911612911E-02
    0.827355255E-02
    0.750143611E-02
    0.679464676E-02
    0.614835019E-02
    0.555800270E-02
    0.501933943E-02
    0.452836246E-02
    0.408133077E-02
    0.367474787E-02
    0.330535112E-02
    0.297010030E-02
    0.266616600E-02
    0.239091962E-02
    0.214192180E-02
    0.191691179E-02
    0.171379835E-02
    0.153064839E-02
    0.136567797E-02
    0.121724361E-02
    0.108383214E-02
    0.964052915E-03
    0.856629901E-03
    0.760392818E-03
    0.674270600E-03
    0.597284173E-03
    0.528539249E-03
    0.467220533E-03
    0.412585674E-03
    0.363959234E-03
    0.320727885E-03
    0.282335231E-03
    0.248277116E-03
    0.218097392E-03
    0.191383901E-03
    0.167764608E-03
    0.146904194E-03
    0.128500781E-03
    0.112283026E-03
    0.980071822E-04
    0.854547018E-04
    0.744298869E-04
    0.647576024E-04
    0.562813785E-04
    0.488617056E-04
    0.423741332E-04
    0.367079340E-04
    0.317647387E-04
    0.274571397E-04
    0.237076411E-04
    0.204476722E-04
    0.176165202E-04
    0.151605790E-04
    0.130325565E-04
    0.111907818E-04
    0.959857578E-05
    0.822369303E-05
    0.703784941E-05
    0.601623735E-05
    0.513710763E-05
    0.438148833E-05
    0.373277974E-05
    0.317648711E-05
    0.270001971E-05
    0.229239841E-05
    0.194407429E-05
    0.164678226E-05
    0.139334230E-05
    0.117753988E-05
    0.994004316E-06
    0.838096860E-06
    0.705819188E-06
    0.593718774E-06
    0.498834965E-06
    0.418622817E-06
    0.350889489E-06
    0.293766326E-06
    0.245651376E-06
    0.205169118E-06
    0.171153148E-06
    0.142605312E-06
    0.118675378E-06
    0.986410914E-07
    0.818891364E-07
    0.678996906E-07
    0.562306890E-07
    0.465095761E-07
    0.384224842E-07
    0.317015279E-07
    0.261238770E-07
    0.215010473E-07
    0.176738216E-07
    0.145097355E-07
    0.118970530E-07
    0.974252430E-08
    0.796812285E-08
    0.650832783E-08
    0.530949819E-08
    0.432579084E-08
    0.351966857E-08
    0.286031857E-08
    0.232128797E-08
    0.188141205E-08
    0.152296134E-08
    0.123108751E-08
    0.993935114E-09
    0.801319707E-09
    0.645194231E-09
    0.518860540E-09
    0.416583272E-09
    0.334108986E-09
    0.267586482E-09
    0.213968067E-09
    0.170920985E-09
    0.136309291E-09
    0.108569659E-09
    0.863663129E-10
    0.685771635E-10
    0.544206385E-10
    0.430929528E-10
    0.340785459E-10
    0.269363291E-10
    0.212323304E-10
    0.167280600E-10
    0.131609584E-10
    0.103305682E-10
    0.811036976E-11
    0.634400342E-11
    0.496482693E-11
    0.388102491E-11
    0.301832298E-11
    0.235620360E-11
    0.183105785E-11
    0.141879965E-11
    0.110272982E-11
    0.851287751E-12
    0.659669916E-12
    0.508469507E-12
    0.390183096E-12
    0.303269833E-12
    0.230637885E-12
    0.176913404E-12
    0.137006647E-12
    0.103455638E-12
    0.794261195E-13
    0.605324245E-13
    0.459764815E-13
    0.353341647E-13
    0.259535219E-13
    0.203744811E-13
    0.153816468E-13
    0.110336781E-13
    0.883832006E-14
    0.652561913E-14
    0.476430425E-14
    0.369091835E-14
    0.268118423E-14
    0.217263744E-14
    0.145529568E-14
    0.111867853E-14
    0.998653244E-15
    0.581479175E-15
    0.487840565E-15
    0.430527235E-15
    0.275479982E-15
    0.229945648E-15
    0.164012032E-15
    0.163792805E-15
    0.108113498E-15
    0.658927860E-16
    0.100081974E-15
    0.536972466E-16
    0.398794976E-16
    0.574177041E-16
    0.316776309E-16
    0.361261423E-16
    0.352936635E-16
    0.253475390E-16
    0.313392297E-16
    0.295713661E-16
    0.228004249E-16
    0.273757826E-16
    0.294703336E-16
    0.213967877E-16
    0.248131901E-16
    0.286187093E-16
    0.220494874E-16
    0.245027550E-16
    0.256458768E-16
    0.221527865E-16
    0.235125409E-16
    0.223595841E-16
    0.228495956E-16
    0.231925956E-16
    0.205189966E-16
    0.235600110E-16
    0.225924689E-16
    0.194588336E-16
    0.219119022E-16
    0.215571657E-16
    0.193981200E-16
    0.219645746E-16
    0.220503496E-16
    0.200540873E-16
    0.211687807E-16
    0.219252954E-16
    0.206176273E-16
    0.199217800E-16
    0.225184938E-16
    0.211919812E-16
    0.210309194E-16
    0.235229274E-16
    0.221574809E-16
    0.208737915E-16
    0.242171748E-16
    0.220877587E-16
    0.216857667E-16
    0.251159525E-16
    0.230355372E-16
    0.241319566E-16
    0.257664263E-16
    0.233761633E-16
    0.246087749E-16
    0.261136189E-16
    0.237414980E-16
    0.267700616E-16
    0.260565233E-16
    0.250048431E-16
    0.291382938E-16
    0.260558503E-16
    0.250900161E-16
    0.297172889E-16
    0.255402299E-16
    0.261829578E-16
    0.323194323E-16
    0.248983810E-16
    0.265504983E-16
    0.343679045E-16
    0.244160055E-16
    0.269594518E-16
    0.352429141E-16
    0.242121140E-16
    0.272077617E-16
    0.383652994E-16
    0.227658912E-16
    0.272442657E-16
    0.398417623E-16
    0.238809580E-16
    0.272381050E-16
    0.414954638E-16
    0.228164645E-16
    0.271483083E-16
    0.434098368E-16
    0.230212974E-16
    0.272387122E-16
    0.445301519E-16
    0.243545850E-16
    0.277789018E-16
    0.438213756E-16
    0.242718434E-16
    0.280029703E-16
    0.438557754E-16
    0.260878963E-16
    0.297098005E-16
    0.413484555E-16
    0.285073509E-16
    0.303705442E-16
    0.375268441E-16
    0.308864873E-16
    0.318835298E-16
    0.347330097E-16
    0.337147369E-16
    0.328298218E-16
    0.292932390E-16
    0.383123872E-16
    0.330459238E-16
    0.261849807E-16
    0.405781615E-16
    0.333161789E-16
    0.226462512E-16
    0.429075905E-16
    0.318617247E-16
    0.214333486E-16
    0.454728138E-16
    0.316845833E-16
    0.207127836E-16
    0.442588578E-16
    0.305237682E-16
    0.215904151E-16
    0.431470322E-16
    0.295703021E-16
    0.237949748E-16
    0.407142133E-16
    0.304364487E-16
    0.252424965E-16
    0.378864569E-16
    0.312420946E-16
    0.270443323E-16
    0.336557678E-16
    0.317608054E-16
    0.284928693E-16
    0.320389330E-16
    0.339730382E-16
    0.286831845E-16
    0.309735272E-16
    0.352260120E-16
    0.278552392E-16
    0.311459776E-16
    0.351972321E-16
    0.273368608E-16
    0.326186080E-16
    0.348750966E-16
    0.262688102E-16
    0.366275844E-16
    0.347435119E-16
    0.252363508E-16
    0.404935285E-16
    0.327274314E-16
    0.256356642E-16
    0.418134558E-16
    0.313186028E-16
    0.263541351E-16
    0.447142096E-16
    0.324628441E-16
    0.278615789E-16
    0.449362970E-16
    0.319498557E-16
    0.304186922E-16
    0.426529837E-16
    0.365104565E-16
    0.321283376E-16
    0.391492409E-16
    0.382032965E-16
    0.340971057E-16
    0.363855154E-16
    0.440446764E-16
    0.365221554E-16
    0.335520649E-16
    0.473165453E-16
    0.363056236E-16
    0.304094839E-16
    0.518141458E-16
    0.377703043E-16
    0.299122743E-16
    0.533119919E-16
    0.367692575E-16
    0.312396369E-16
    0.540962906E-16
    0.376344506E-16
    0.332313399E-16
    0.546913106E-16
    0.368631462E-16
    0.356269918E-16
    0.511030019E-16
    0.387277203E-16
    0.379447106E-16
    0.478639068E-16
    0.421637957E-16
    0.396411743E-16
    0.423698356E-16
    0.442366745E-16
    0.396786113E-16
    0.388479055E-16
    0.511724775E-16
    0.389088179E-16
    0.327302429E-16
    0.520777984E-16
    0.364878416E-16
    0.300264010E-16
    0.556585424E-16
    0.368223151E-16
    0.279586224E-16
    0.513848718E-16
    0.340005031E-16
    0.286416027E-16
    0.498080982E-16
    0.361646591E-16
    0.294710935E-16
    0.414375117E-16
    0.346709859E-16
    0.298760914E-16
    0.370032596E-16
    0.377412527E-16
    0.327949552E-16
    0.306755429E-16
    0.371316449E-16
    0.317761104E-16
    0.285759200E-16
    0.379617221E-16
    0.338411618E-16
    0.270759665E-16
    0.366889626E-16
    0.350416909E-16
    0.262450190E-16
    0.350893935E-16
    0.384348920E-16
    0.278133263E-16
    0.328342624E-16
    0.409778495E-16
    0.291633855E-16
    0.304879653E-16
    0.425086978E-16
    0.305275661E-16
    0.311931433E-16
    0.439295231E-16
    0.332576122E-16
    0.317682613E-16
    0.423633633E-16
    0.338940740E-16
    0.322407441E-16
    0.420787015E-16
    0.356694648E-16
    0.350695022E-16
    0.397656418E-16
    0.354144675E-16
    0.354184574E-16
    0.399415106E-16
    0.355112037E-16
    0.374859108E-16
    0.399615322E-16
    0.342711679E-16
    0.372193880E-16
    0.382972668E-16
    0.347231941E-16
    0.400650741E-16
    0.364510379E-16
    0.373426382E-16
    0.409002497E-16
    0.304703824E-16
    0.386514577E-16
    0.437476291E-16
    0.294076442E-16
    0.431230254E-16
    0.425177186E-16
    0.316892948E-16
    0.390628176E-16
    0.371639116E-16
    0.411393198E-16
    0.440610749E-16
    0.323262849E-16
    0.470407561E-16
    0.404340294E-16
    0.315963743E-16
    0.454561380E-16
    0.496911731E-16
    0.436991529E-16
    0.424569345E-16
    0.454137256E-16
    0.464219074E-16
    0.516075687E-16
    0.536472754E-16
    0.509147703E-16
    0.459355410E-16
    0.540432666E-16
    0.515638084E-16
    0.663025768E-16
    0.568758307E-16
    0.591841488E-16
    0.666358917E-16
    0.492080240E-16
    0.634344221E-16
    0.579580809E-16
    0.585801410E-16
    0.496577187E-16
    0.405462077E-16
    0.456566281E-16
    0.469156319E-16
    0.370535227E-16
    0.327520793E-16
    0.324977177E-16
    0.288394132E-16
