 #tdnd tdcion
    0.294080375E-16
    0.281540553E-16
    0.244959405E-16
    0.286116841E-16
    0.364192471E-16
    0.302284338E-16
    0.197154117E-16
    0.245801528E-16
    0.312384182E-16
    0.292144325E-16
    0.248638032E-16
    0.308478678E-16
    0.202596086E-16
    0.226350753E-16
    0.362546285E-16
    0.292887387E-16
    0.275578338E-16
    0.243070301E-16
    0.282313027E-16
    0.254023684E-16
    0.247872876E-16
    0.275764327E-16
    0.232300666E-16
    0.271380793E-16
    0.313645575E-16
    0.223807320E-16
    0.289413374E-16
    0.312231810E-16
    0.329215906E-16
    0.384146353E-16
    0.354685331E-16
    0.319123869E-16
    0.333933940E-16
    0.318374567E-16
    0.360603875E-16
    0.426151057E-16
    0.340846186E-16
    0.340001750E-16
    0.320016257E-16
    0.317127439E-16
    0.212362887E-16
    0.310964826E-16
    0.258796344E-16
    0.190835193E-16
    0.370446270E-16
    0.334651612E-16
    0.283860296E-16
    0.316722679E-16
    0.305633168E-16
    0.270645990E-16
    0.278162708E-16
    0.271555372E-16
    0.253420452E-16
    0.246305643E-16
    0.233757682E-16
    0.239188940E-16
    0.304898711E-16
    0.270376418E-16
    0.293118477E-16
    0.291180045E-16
    0.240634966E-16
    0.226947710E-16
    0.253802066E-16
    0.243147597E-16
    0.336481358E-16
    0.300002645E-16
    0.339064728E-16
    0.318064346E-16
    0.268390848E-16
    0.263091640E-16
    0.273339803E-16
    0.239100840E-16
    0.300907404E-16
    0.257531114E-16
    0.208266701E-16
    0.301102238E-16
    0.279164972E-16
    0.236589829E-16
    0.256322624E-16
    0.241961533E-16
    0.288725568E-16
    0.276921032E-16
    0.230652741E-16
    0.240159320E-16
    0.232467932E-16
    0.311063994E-16
    0.232545065E-16
    0.307403761E-16
    0.217665157E-16
    0.290438990E-16
    0.283402856E-16
    0.289865273E-16
    0.274508300E-16
    0.240309334E-16
    0.224801648E-16
    0.282247764E-16
    0.363028287E-16
    0.283820538E-16
    0.259617113E-16
    0.272689914E-16
    0.255503193E-16
    0.287058061E-16
    0.315071434E-16
    0.220511279E-16
    0.254900160E-16
    0.214915651E-16
    0.271904914E-16
    0.223371270E-16
    0.266885021E-16
    0.226614902E-16
    0.279684600E-16
    0.269819742E-16
    0.306892684E-16
    0.251753313E-16
    0.255988483E-16
    0.238392703E-16
    0.253566243E-16
    0.290341302E-16
    0.250607532E-16
    0.251600904E-16
    0.289449652E-16
    0.271058606E-16
    0.296929874E-16
    0.252111245E-16
    0.255643655E-16
    0.259338459E-16
    0.224880408E-16
    0.274342981E-16
    0.296840823E-16
    0.274526155E-16
    0.251334509E-16
    0.273148245E-16
    0.207505921E-16
    0.306311424E-16
    0.291023857E-16
    0.270501000E-16
    0.266399328E-16
    0.192782828E-16
    0.215065567E-16
    0.258244589E-16
    0.256470663E-16
    0.267121903E-16
    0.215762162E-16
    0.246045208E-16
    0.274184006E-16
    0.289155533E-16
    0.273650994E-16
    0.259113406E-16
    0.262358710E-16
    0.362632019E-16
    0.276049814E-16
    0.361337853E-16
    0.566930455E-16
    0.632286652E-16
    0.790994845E-16
    0.127013813E-15
    0.202164429E-15
    0.332231566E-15
    0.438669540E-15
    0.745618720E-15
    0.113944182E-14
    0.170307484E-14
    0.271793369E-14
    0.416861327E-14
    0.635252966E-14
    0.996924698E-14
    0.152505879E-13
    0.233551333E-13
    0.361812188E-13
    0.546869132E-13
    0.832883824E-13
    0.125714462E-12
    0.189825882E-12
    0.286280733E-12
    0.430898730E-12
    0.644499334E-12
    0.963397715E-12
    0.143419210E-11
    0.212469708E-11
    0.314773377E-11
    0.464805775E-11
    0.683757818E-11
    0.100409729E-10
    0.147042475E-10
    0.214554355E-10
    0.312148485E-10
    0.453210075E-10
    0.655897430E-10
    0.946630582E-10
    0.136280781E-09
    0.195594256E-09
    0.279985772E-09
    0.399717307E-09
    0.569027694E-09
    0.807868678E-09
    0.114382000E-08
    0.161508128E-08
    0.227416285E-08
    0.319368384E-08
    0.447267683E-08
    0.624702432E-08
    0.870181446E-08
    0.120880594E-07
    0.167471927E-07
    0.231394807E-07
    0.318854559E-07
    0.438187599E-07
    0.600574693E-07
    0.820925650E-07
    0.111912784E-06
    0.152157203E-06
    0.206319765E-06
    0.279016681E-06
    0.376322829E-06
    0.506210074E-06
    0.679113451E-06
    0.908652374E-06
    0.121254309E-05
    0.161376123E-05
    0.214203915E-05
    0.283569815E-05
    0.374403126E-05
    0.493019976E-05
    0.647493854E-05
    0.848112922E-05
    0.110794476E-04
    0.144354153E-04
    0.187580306E-04
    0.243103711E-04
    0.314226195E-04
    0.405078508E-04
    0.520812699E-04
    0.667834794E-04
    0.854085111E-04
    0.108937430E-03
    0.138578614E-03
    0.175815657E-03
    0.222464243E-03
    0.280739288E-03
    0.353333879E-03
    0.443511805E-03
    0.555215583E-03
    0.693191254E-03
    0.863133397E-03
    0.107185124E-02
    0.132745870E-02
    0.163959081E-02
    0.201964897E-02
    0.248107588E-02
    0.303966409E-02
    0.371389940E-02
    0.452533860E-02
    0.549902485E-02
    0.666394038E-02
    0.805349403E-02
    0.970604255E-02
    0.116654464E-01
    0.139816478E-01
    0.167112721E-01
    0.199182420E-01
    0.236743919E-01
    0.280600727E-01
    0.331647326E-01
    0.390874536E-01
    0.459374222E-01
    0.538343207E-01
    0.629085943E-01
    0.733015906E-01
    0.851655166E-01
    0.986631983E-01
    0.113967595E+00
    0.131261057E+00
    0.150734250E+00
    0.172584765E+00
    0.197015349E+00
    0.224231719E+00
    0.254439985E+00
    0.287843622E+00
    0.324639985E+00
    0.365016407E+00
    0.409145853E+00
    0.457182182E+00
    0.509255027E+00
    0.565464417E+00
    0.625875117E+00
    0.690510872E+00
    0.759348609E+00
    0.832312720E+00
    0.909269598E+00
    0.990022581E+00
    0.107430741E+01
    0.116178846E+01
    0.125205589E+01
    0.134462385E+01
    0.143893000E+01
    0.153433642E+01
    0.163013218E+01
    0.172553749E+01
    0.181970979E+01
    0.191175155E+01
    0.200072008E+01
    0.208563904E+01
    0.216551179E+01
    0.223933626E+01
    0.230612130E+01
    0.236490408E+01
    0.241476839E+01
    0.245486333E+01
    0.248442208E+01
    0.250278025E+01
    0.250939333E+01
    0.250385278E+01
    0.248590023E+01
    0.245543930E+01
    0.241254472E+01
    0.235746804E+01
    0.229064004E+01
    0.221266913E+01
    0.212433590E+01
    0.202658353E+01
    0.192050432E+01
    0.180732231E+01
    0.168837236E+01
    0.156507622E+01
    0.143891580E+01
    0.131140467E+01
    0.118405804E+01
    0.105836247E+01
    0.935745640E+00
    0.817547451E+00
    0.704992949E+00
    0.599168048E+00
    0.500998690E+00
    0.411234094E+00
    0.330434579E+00
    0.258964391E+00
    0.196989668E+00
    0.144481658E+00
    0.101225065E+00
    0.668312040E-01
    0.407555451E-01
    0.223190601E-01
    0.107326232E-01
    0.512366490E-02
    0.456418986E-02
    0.809921995E-02
    0.147747369E-01
    0.236642276E-01
    0.338929975E-01
    0.446595191E-01
    0.552532112E-01
    0.650681745E-01
    0.736126121E-01
    0.805137726E-01
    0.855184987E-01
    0.884895699E-01
    0.893982228E-01
    0.883133390E-01
    0.853879305E-01
    0.808435943E-01
    0.749536905E-01
    0.680259991E-01
    0.603855736E-01
    0.523585032E-01
    0.442571677E-01
    0.363675047E-01
    0.289386642E-01
    0.221753279E-01
    0.162327767E-01
    0.112147340E-01
    0.717381714E-02
    0.411435518E-02
    0.199723557E-02
    0.746360928E-03
    0.256256667E-03
    0.400356372E-03
    0.103948836E-02
    0.203012058E-02
    0.323197052E-02
    0.451464924E-02
    0.576309261E-02
    0.688161324E-02
    0.779649364E-02
    0.845713320E-02
    0.883582896E-02
    0.892634008E-02
    0.874144735E-02
    0.830973766E-02
    0.767188147E-02
    0.687666327E-02
    0.597702002E-02
    0.502630984E-02
    0.407500826E-02
    0.316797097E-02
    0.234236784E-02
    0.162633204E-02
    0.103832627E-02
    0.587181686E-03
    0.272731626E-03
    0.869304333E-04
    0.153322022E-04
    0.387947053E-04
    0.135273301E-03
    0.281580548E-03
    0.455001615E-03
    0.634678555E-03
    0.802700969E-03
    0.944865864E-03
    0.105109690E-02
    0.111553749E-02
    0.113634942E-02
    0.111526777E-02
    0.105697323E-02
    0.968345075E-03
    0.857663166E-03
    0.733819388E-03
    0.605591984E-03
    0.481026280E-03
    0.366951383E-03
    0.268649377E-03
    0.189681373E-03
    0.131862422E-03
    0.953673214E-04
    0.789430274E-04
    0.801977668E-04
    0.959356366E-04
    0.122505822E-03
    0.156138627E-03
    0.193244889E-03
    0.230661153E-03
    0.265829394E-03
    0.296906453E-03
    0.322804370E-03
    0.343167694E-03
    0.358298488E-03
    0.369041463E-03
    0.376644066E-03
    0.382605653E-03
    0.388529157E-03
    0.395986578E-03
    0.406407092E-03
    0.420993390E-03
    0.440669034E-03
    0.466056823E-03
    0.497485243E-03
    0.535018712E-03
    0.578506044E-03
    0.627639597E-03
    0.682020115E-03
    0.741220127E-03
    0.804840808E-03
    0.872559627E-03
    0.944164529E-03
    0.101957527E-02
    0.109885099E-02
    0.118218591E-02
    0.126989483E-02
    0.136239177E-02
    0.146016398E-02
    0.156374454E-02
    0.167368585E-02
    0.179053689E-02
    0.191482428E-02
    0.204703937E-02
    0.218763140E-02
    0.233700543E-02
    0.249552578E-02
    0.266352282E-02
    0.284130249E-02
    0.302915660E-02
    0.322737414E-02
    0.343625047E-02
    0.365609573E-02
    0.388724062E-02
    0.413003984E-02
    0.438487280E-02
    0.465214301E-02
    0.493227461E-02
    0.522570833E-02
    0.553289746E-02
    0.585430098E-02
    0.619038061E-02
    0.654159538E-02
    0.690839861E-02
    0.729123565E-02
    0.769054193E-02
    0.810674254E-02
    0.854025228E-02
    0.899147636E-02
    0.946081043E-02
    0.994864223E-02
    0.104553519E-01
    0.109813121E-01
    0.115268881E-01
    0.120924382E-01
    0.126783118E-01
    0.132848485E-01
    0.139123772E-01
    0.145612141E-01
    0.152316606E-01
    0.159240025E-01
    0.166385078E-01
    0.173754250E-01
    0.181349829E-01
    0.189173882E-01
    0.197228257E-01
    0.205514567E-01
    0.214034195E-01
    0.222788274E-01
    0.231777698E-01
    0.241003108E-01
    0.250464888E-01
    0.260163173E-01
    0.270097823E-01
    0.280268440E-01
    0.290674344E-01
    0.301314580E-01
    0.312187912E-01
    0.323292809E-01
    0.334627448E-01
    0.346189710E-01
    0.357977178E-01
    0.369987120E-01
    0.382216509E-01
    0.394662001E-01
    0.407319947E-01
    0.420186389E-01
    0.433257058E-01
    0.446527379E-01
    0.459992465E-01
    0.473647125E-01
    0.487485862E-01
    0.501502884E-01
    0.515692096E-01
    0.530047112E-01
    0.544561255E-01
    0.559227570E-01
    0.574038818E-01
    0.588987503E-01
    0.604065847E-01
    0.619265842E-01
    0.634579214E-01
    0.649997465E-01
    0.665511876E-01
    0.681113496E-01
    0.696793183E-01
    0.712541591E-01
    0.728349193E-01
    0.744206290E-01
    0.760103014E-01
    0.776029351E-01
    0.791975142E-01
    0.807930104E-01
    0.823883832E-01
    0.839825824E-01
    0.855745472E-01
    0.871632109E-01
    0.887474975E-01
    0.903263284E-01
    0.918986201E-01
    0.934632860E-01
    0.950192383E-01
    0.965653917E-01
    0.981006590E-01
    0.996239589E-01
    0.101134215E+00
    0.102630354E+00
    0.104111313E+00
    0.105576035E+00
    0.107023477E+00
    0.108452602E+00
    0.109862391E+00
    0.111251834E+00
    0.112619941E+00
    0.113965735E+00
    0.115288256E+00
    0.116586567E+00
    0.117859746E+00
    0.119106895E+00
    0.120327136E+00
    0.121519616E+00
    0.122683506E+00
    0.123817999E+00
    0.124922317E+00
    0.125995707E+00
    0.127037445E+00
    0.128046833E+00
    0.129023205E+00
    0.129965922E+00
    0.130874377E+00
    0.131747993E+00
    0.132586226E+00
    0.133388562E+00
    0.134154520E+00
    0.134883653E+00
    0.135575544E+00
    0.136229814E+00
    0.136846114E+00
    0.137424130E+00
    0.137963583E+00
    0.138464227E+00
    0.138925848E+00
    0.139348273E+00
    0.139731355E+00
    0.140074987E+00
    0.140379091E+00
    0.140643628E+00
    0.140868589E+00
    0.141053998E+00
    0.141199913E+00
    0.141306424E+00
    0.141373654E+00
    0.141401757E+00
    0.141390918E+00
    0.141341353E+00
    0.141253307E+00
    0.141127057E+00
    0.140962906E+00
    0.140761189E+00
    0.140522264E+00
    0.140246520E+00
    0.139934371E+00
    0.139586255E+00
    0.139202637E+00
    0.138784005E+00
    0.138330869E+00
    0.137843764E+00
    0.137323243E+00
    0.136769882E+00
    0.136184277E+00
    0.135567041E+00
    0.134918806E+00
    0.134240220E+00
    0.133531949E+00
    0.132794673E+00
    0.132029084E+00
    0.131235892E+00
    0.130415815E+00
    0.129569585E+00
    0.128697942E+00
    0.127801638E+00
    0.126881433E+00
    0.125938092E+00
    0.124972391E+00
    0.123985108E+00
    0.122977028E+00
    0.121948940E+00
    0.120901634E+00
    0.119835904E+00
    0.118752545E+00
    0.117652353E+00
    0.116536123E+00
    0.115404648E+00
    0.114258721E+00
    0.113099131E+00
    0.111926664E+00
    0.110742102E+00
    0.109546221E+00
    0.108339792E+00
    0.107123580E+00
    0.105898344E+00
    0.104664833E+00
    0.103423790E+00
    0.102175948E+00
    0.100922031E+00
    0.996627529E-01
    0.983988193E-01
    0.971309222E-01
    0.958597448E-01
    0.945859564E-01
    0.933102155E-01
    0.920331693E-01
    0.907554496E-01
    0.894776768E-01
    0.882004579E-01
    0.869243855E-01
    0.856500393E-01
    0.843779845E-01
    0.831087715E-01
    0.818429365E-01
    0.805810010E-01
    0.793234721E-01
    0.780708418E-01
    0.768235867E-01
    0.755821694E-01
    0.743470365E-01
    0.731186195E-01
    0.718973356E-01
    0.706835864E-01
    0.694777578E-01
    0.682802222E-01
    0.670913360E-01
    0.659114403E-01
    0.647408635E-01
    0.635799171E-01
    0.624288990E-01
    0.612880921E-01
    0.601577673E-01
    0.590381785E-01
    0.579295671E-01
    0.568321609E-01
    0.557461739E-01
    0.546718071E-01
    0.536092476E-01
    0.525586710E-01
    0.515202385E-01
    0.504941003E-01
    0.494803941E-01
    0.484792450E-01
    0.474907675E-01
    0.465150634E-01
    0.455522242E-01
    0.446023307E-01
    0.436654522E-01
    0.427416482E-01
    0.418309684E-01
    0.409334517E-01
    0.400491278E-01
    0.391780179E-01
    0.383201333E-01
    0.374754769E-01
    0.366440429E-01
    0.358258180E-01
    0.350207796E-01
    0.342288994E-01
    0.334501399E-01
    0.326844572E-01
    0.319318008E-01
    0.311921139E-01
    0.304653321E-01
    0.297513862E-01
    0.290502007E-01
    0.283616948E-01
    0.276857820E-01
    0.270223705E-01
    0.263713651E-01
    0.257326644E-01
    0.251061634E-01
    0.244917533E-01
    0.238893206E-01
    0.232987488E-01
    0.227199181E-01
    0.221527043E-01
    0.215969817E-01
    0.210526207E-01
    0.205194897E-01
    0.199974544E-01
    0.194863783E-01
    0.189861228E-01
    0.184965477E-01
    0.180175107E-01
    0.175488684E-01
    0.170904757E-01
    0.166421866E-01
    0.162038537E-01
    0.157753292E-01
    0.153564640E-01
    0.149471090E-01
    0.145471144E-01
    0.141563299E-01
    0.137746049E-01
    0.134017895E-01
    0.130377332E-01
    0.126822854E-01
    0.123352967E-01
    0.119966172E-01
    0.116660983E-01
    0.113435910E-01
    0.110289480E-01
    0.107220219E-01
    0.104226669E-01
    0.101307377E-01
    0.984609005E-02
    0.956858098E-02
    0.929806837E-02
    0.903441152E-02
    0.877747132E-02
    0.852710942E-02
    0.828318920E-02
    0.804557548E-02
    0.781413461E-02
    0.758873413E-02
    0.736924390E-02
    0.715553474E-02
    0.694747941E-02
    0.674495230E-02
    0.654782964E-02
    0.635598899E-02
    0.616931057E-02
    0.598767541E-02
    0.581096683E-02
    0.563906993E-02
    0.547187179E-02
    0.530926113E-02
    0.515112841E-02
    0.499736623E-02
    0.484786901E-02
    0.470253293E-02
    0.456125588E-02
    0.442393828E-02
    0.429048160E-02
    0.416078951E-02
    0.403476776E-02
    0.391232351E-02
    0.379336599E-02
    0.367780631E-02
    0.356555701E-02
    0.345653301E-02
    0.335065047E-02
    0.324782752E-02
    0.314798412E-02
    0.305104183E-02
    0.295692391E-02
    0.286555538E-02
    0.277686288E-02
    0.269077463E-02
    0.260722058E-02
    0.252613222E-02
    0.244744263E-02
    0.237108652E-02
    0.229699992E-02
    0.222512053E-02
    0.215538764E-02
    0.208774176E-02
    0.202212486E-02
    0.195848055E-02
    0.189675367E-02
    0.183689031E-02
    0.177883818E-02
    0.172254600E-02
    0.166796410E-02
    0.161504373E-02
    0.156373771E-02
    0.151399978E-02
    0.146578515E-02
    0.141904996E-02
    0.137375164E-02
    0.132984873E-02
    0.128730084E-02
    0.124606857E-02
    0.120611380E-02
    0.116739918E-02
    0.112988853E-02
    0.109354654E-02
    0.105833903E-02
    0.102423249E-02
    0.991194625E-03
    0.959193810E-03
    0.928199348E-03
    0.898181469E-03
    0.869111153E-03
    0.840960096E-03
    0.813701092E-03
    0.787307370E-03
    0.761752997E-03
    0.737012881E-03
    0.713062524E-03
    0.689878196E-03
    0.667436691E-03
    0.645715600E-03
    0.624693107E-03
    0.604348004E-03
    0.584659595E-03
    0.565608018E-03
    0.547173680E-03
    0.529337676E-03
    0.512081678E-03
    0.495387790E-03
    0.479238669E-03
    0.463617496E-03
    0.448507782E-03
    0.433893707E-03
    0.419759760E-03
    0.406090895E-03
    0.392872550E-03
    0.380090519E-03
    0.367731023E-03
    0.355780662E-03
    0.344226449E-03
    0.333055730E-03
    0.322256249E-03
    0.311816064E-03
    0.301723637E-03
    0.291967728E-03
    0.282537373E-03
    0.273422002E-03
    0.264611351E-03
    0.256095407E-03
    0.247864450E-03
    0.239909100E-03
    0.232220247E-03
    0.224788975E-03
    0.217606731E-03
    0.210665152E-03
    0.203956177E-03
    0.197471906E-03
    0.191204790E-03
    0.185147388E-03
    0.179292595E-03
    0.173633434E-03
    0.168163195E-03
    0.162875376E-03
    0.157763666E-03
    0.152821896E-03
    0.148044207E-03
    0.143424799E-03
    0.138958135E-03
    0.134638805E-03
    0.130461632E-03
    0.126421524E-03
    0.122513607E-03
    0.118733157E-03
    0.115075567E-03
    0.111536440E-03
    0.108111473E-03
    0.104796503E-03
    0.101587564E-03
    0.984807649E-04
    0.954723353E-04
    0.925587055E-04
    0.897363647E-04
    0.870019431E-04
    0.843521852E-04
    0.817839589E-04
    0.792942469E-04
    0.768801316E-04
    0.745387969E-04
    0.722675691E-04
    0.700638318E-04
    0.679250886E-04
    0.658489519E-04
    0.638331158E-04
    0.618753722E-04
    0.599736175E-04
    0.581258049E-04
    0.563300019E-04
    0.545843655E-04
    0.528871184E-04
    0.512365763E-04
    0.496311299E-04
    0.480692360E-04
    0.465494475E-04
    0.450703713E-04
    0.436306986E-04
    0.422291785E-04
    0.408646160E-04
    0.395359099E-04
    0.382419988E-04
    0.369818550E-04
    0.357545552E-04
    0.345592027E-04
    0.333949429E-04
    0.322609901E-04
    0.311565896E-04
    0.300810408E-04
    0.290336678E-04
    0.280138438E-04
    0.270209805E-04
    0.260545148E-04
    0.251139063E-04
    0.241986661E-04
    0.233083026E-04
    0.224423730E-04
    0.216004373E-04
    0.207820833E-04
    0.199869186E-04
    0.192145686E-04
    0.184646402E-04
    0.177368040E-04
    0.170306949E-04
    0.163459810E-04
    0.156823300E-04
    0.150394198E-04
    0.144169203E-04
    0.138145120E-04
    0.132318817E-04
    0.126687095E-04
    0.121246807E-04
    0.115994758E-04
    0.110927731E-04
    0.106042599E-04
    0.101336053E-04
    0.968048473E-05
    0.924456756E-05
    0.882552678E-05
    0.842301638E-05
    0.803670152E-05
    0.766623186E-05
    0.731126446E-05
    0.697143955E-05
    0.664640446E-05
    0.633579636E-05
    0.603925194E-05
    0.575640392E-05
    0.548687965E-05
    0.523030736E-05
    0.498630703E-05
    0.475450369E-05
    0.453451651E-05
    0.432596016E-05
    0.412845032E-05
    0.394161100E-05
    0.376504622E-05
    0.359838183E-05
    0.344122390E-05
    0.329319850E-05
    0.315391818E-05
    0.302300764E-05
    0.290008620E-05
    0.278477973E-05
    0.267671929E-05
    0.257553715E-05
    0.248086907E-05
    0.239235760E-05
    0.230965460E-05
    0.223240794E-05
    0.216028187E-05
    0.209294321E-05
    0.203006621E-05
    0.197133354E-05
    0.191643531E-05
    0.186507388E-05
    0.181695719E-05
    0.177180494E-05
    0.172934460E-05
    0.168931835E-05
    0.165147601E-05
    0.161557863E-05
    0.158140037E-05
    0.154872315E-05
    0.151734877E-05
    0.148708243E-05
    0.145774483E-05
    0.142917205E-05
    0.140120818E-05
    0.137371111E-05
    0.134655455E-05
    0.131961520E-05
    0.129279233E-05
    0.126599060E-05
    0.123913206E-05
    0.121214230E-05
    0.118496580E-05
    0.115755158E-05
    0.112986783E-05
    0.110188090E-05
    0.107357741E-05
    0.104494641E-05
    0.101599064E-05
    0.986717337E-06
    0.957142783E-06
    0.927288524E-06
    0.897185642E-06
    0.866867841E-06
    0.836377564E-06
    0.805759313E-06
    0.775062364E-06
    0.744340289E-06
    0.713647895E-06
    0.683043608E-06
    0.652586670E-06
    0.622338432E-06
    0.592360364E-06
    0.562715630E-06
    0.533461440E-06
    0.504663421E-06
    0.476376276E-06
    0.448660567E-06
    0.421570225E-06
    0.395159122E-06
    0.369476576E-06
    0.344570818E-06
    0.320484966E-06
    0.297259659E-06
    0.274932958E-06
    0.253535597E-06
    0.233098472E-06
    0.213645641E-06
    0.195199108E-06
    0.177775156E-06
    0.161385751E-06
    0.146040924E-06
    0.131745244E-06
    0.118499060E-06
    0.106299220E-06
    0.951390280E-07
    0.850085685E-07
    0.758945918E-07
    0.677781758E-07
    0.606417529E-07
    0.544604952E-07
    0.492088678E-07
    0.448599223E-07
    0.413818630E-07
    0.387425027E-07
    0.369092807E-07
    0.358446061E-07
    0.355115559E-07
    0.358727238E-07
    0.368869495E-07
    0.385157051E-07
    0.407174405E-07
    0.434510418E-07
    0.466758765E-07
    0.503506492E-07
    0.544337636E-07
    0.588852560E-07
    0.636646269E-07
    0.687324502E-07
    0.740497868E-07
    0.795791708E-07
    0.852830283E-07
    0.911267576E-07
    0.970746215E-07
    0.103093965E-06
    0.109153493E-06
    0.115220675E-06
    0.121268130E-06
    0.127267993E-06
    0.133193489E-06
    0.139021528E-06
    0.144727125E-06
    0.150290619E-06
    0.155691837E-06
    0.160911938E-06
    0.165935366E-06
    0.170744661E-06
    0.175329435E-06
    0.179676597E-06
    0.183773530E-06
    0.187613758E-06
    0.191187099E-06
    0.194489701E-06
    0.197514626E-06
    0.200258004E-06
    0.202718456E-06
    0.204892834E-06
    0.206782000E-06
    0.208385991E-06
    0.209706666E-06
    0.210744034E-06
    0.211506241E-06
    0.211993062E-06
    0.212212116E-06
    0.212167429E-06
    0.211865707E-06
    0.211314766E-06
    0.210521283E-06
    0.209492197E-06
    0.208237478E-06
    0.206763846E-06
    0.205083067E-06
    0.203201127E-06
    0.201129716E-06
    0.198878503E-06
    0.196456093E-06
    0.193873863E-06
    0.191141355E-06
    0.188267471E-06
    0.185265949E-06
    0.182142484E-06
    0.178908269E-06
    0.175575008E-06
    0.172150297E-06
    0.168645553E-06
    0.165068279E-06
    0.161429102E-06
    0.157736483E-06
    0.153999472E-06
    0.150226112E-06
    0.146425657E-06
    0.142603637E-06
    0.138770082E-06
    0.134932445E-06
    0.131095637E-06
    0.127268552E-06
    0.123455918E-06
    0.119665311E-06
    0.115902163E-06
    0.112171455E-06
    0.108478336E-06
    0.104827820E-06
    0.101224456E-06
    0.976722346E-07
    0.941739970E-07
    0.907353361E-07
    0.873572412E-07
    0.840442628E-07
    0.807981234E-07
    0.776214069E-07
    0.745159275E-07
    0.714843542E-07
    0.685259072E-07
    0.656443295E-07
    0.628392363E-07
    0.601117555E-07
    0.574622094E-07
    0.548910932E-07
    0.523984331E-07
    0.499845952E-07
    0.476485650E-07
    0.453909188E-07
    0.432101845E-07
    0.411056883E-07
    0.390779128E-07
    0.371243446E-07
    0.352444725E-07
    0.334371181E-07
    0.317010367E-07
    0.300351940E-07
    0.284377338E-07
    0.269071178E-07
    0.254418950E-07
    0.240405301E-07
    0.227013664E-07
    0.214223787E-07
    0.202021955E-07
    0.190390526E-07
    0.179308806E-07
    0.168763387E-07
    0.158732313E-07
    0.149201829E-07
    0.140152357E-07
    0.131567631E-07
    0.123425476E-07
    0.115715630E-07
    0.108415689E-07
    0.101511904E-07
    0.949864278E-08
    0.888227737E-08
    0.830074158E-08
    0.775231313E-08
    0.723550418E-08
    0.674904007E-08
    0.629102129E-08
    0.586072907E-08
    0.545639971E-08
    0.507664880E-08
    0.472045686E-08
    0.438654258E-08
    0.407380794E-08
    0.378102941E-08
    0.350707936E-08
    0.325096937E-08
    0.301175860E-08
    0.278848819E-08
    0.258020710E-08
    0.238599010E-08
    0.220512924E-08
    0.203670769E-08
    0.188004764E-08
    0.173438670E-08
    0.159912445E-08
    0.147352961E-08
    0.135704228E-08
    0.124895776E-08
    0.114882095E-08
    0.105617606E-08
    0.970408755E-09
    0.891101671E-09
    0.817769156E-09
    0.750061417E-09
    0.687611986E-09
    0.629957623E-09
    0.576883739E-09
    0.527926120E-09
    0.482898524E-09
    0.441475638E-09
    0.403359047E-09
    0.368329920E-09
    0.336184785E-09
    0.306672491E-09
    0.279614055E-09
    0.254778864E-09
    0.232033609E-09
    0.211214307E-09
    0.192178504E-09
    0.174758302E-09
    0.158837775E-09
    0.144274277E-09
    0.131008901E-09
    0.118885035E-09
    0.107839478E-09
    0.977700374E-10
    0.886077219E-10
    0.802463770E-10
    0.726475155E-10
    0.657198260E-10
    0.594548846E-10
    0.537494061E-10
    0.485617474E-10
    0.438493909E-10
    0.395771628E-10
    0.357152168E-10
    0.322100218E-10
    0.290358029E-10
    0.261641463E-10
    0.235598391E-10
    0.212124118E-10
    0.190839549E-10
    0.171647337E-10
    0.154293338E-10
    0.138673255E-10
    0.124540387E-10
    0.111794904E-10
    0.100292737E-10
    0.899862546E-11
    0.806963409E-11
    0.723321270E-11
    0.647882482E-11
    0.580051295E-11
    0.519256977E-11
    0.464998522E-11
    0.415514062E-11
    0.371607573E-11
    0.331998182E-11
    0.296497689E-11
    0.264515461E-11
    0.236108193E-11
    0.210588499E-11
    0.188044558E-11
    0.167234304E-11
    0.148952813E-11
    0.132494417E-11
    0.118062353E-11
    0.105050009E-11
    0.933856636E-12
    0.829767554E-12
    0.736845137E-12
    0.654459148E-12
    0.580968450E-12
    0.515949442E-12
    0.457280363E-12
    0.405393037E-12
    0.359342788E-12
    0.317918890E-12
    0.281417678E-12
    0.249480380E-12
    0.220842096E-12
    0.195273821E-12
    0.172199050E-12
    0.152326667E-12
    0.134401607E-12
    0.119152527E-12
    0.104685437E-12
    0.918919890E-13
    0.811991670E-13
    0.713194020E-13
    0.625834395E-13
    0.551512472E-13
    0.484479732E-13
    0.427472117E-13
    0.372784188E-13
    0.325564645E-13
    0.287605701E-13
    0.252739412E-13
    0.223293142E-13
    0.194115976E-13
    0.170090267E-13
    0.148130032E-13
    0.130870009E-13
    0.114411617E-13
    0.100870643E-13
    0.878614082E-14
    0.759724086E-14
    0.673115116E-14
    0.582226752E-14
    0.507839237E-14
    0.445227084E-14
    0.386320036E-14
    0.334664150E-14
    0.286808401E-14
    0.252189241E-14
    0.221640185E-14
    0.190834994E-14
    0.167104225E-14
    0.135100335E-14
    0.123645649E-14
    0.106838407E-14
    0.924646162E-15
    0.801137013E-15
    0.718437832E-15
    0.608095887E-15
    0.541865197E-15
    0.441877381E-15
    0.424464401E-15
    0.368189762E-15
    0.324668995E-15
    0.273618682E-15
    0.239395262E-15
    0.205295658E-15
    0.200412576E-15
    0.170650170E-15
    0.143681559E-15
    0.131419336E-15
    0.102692325E-15
    0.100039226E-15
    0.891473123E-16
    0.839826702E-16
    0.733236846E-16
    0.650086181E-16
    0.585551693E-16
    0.461787356E-16
    0.509909218E-16
    0.424587940E-16
    0.496407352E-16
    0.437106302E-16
    0.390224696E-16
    0.393809521E-16
    0.462417163E-16
    0.375545207E-16
    0.386899149E-16
    0.341880097E-16
    0.308030314E-16
    0.440930321E-16
    0.359525972E-16
    0.334145040E-16
    0.330118835E-16
    0.301231619E-16
    0.297764820E-16
    0.261973881E-16
    0.330339506E-16
    0.298911232E-16
    0.348890128E-16
    0.327832216E-16
    0.282116468E-16
    0.269169840E-16
    0.275203665E-16
    0.320924138E-16
    0.309781601E-16
    0.269478620E-16
    0.273274602E-16
    0.292707614E-16
    0.287992176E-16
    0.324376050E-16
    0.290994447E-16
    0.307284938E-16
    0.264638515E-16
    0.397056020E-16
    0.249752471E-16
    0.291450852E-16
    0.336019367E-16
    0.337575895E-16
    0.267014819E-16
    0.365169655E-16
    0.250107397E-16
    0.302649458E-16
    0.244222515E-16
    0.355096071E-16
    0.300659048E-16
    0.286666192E-16
    0.239478749E-16
    0.316653610E-16
    0.267774459E-16
    0.321407396E-16
    0.294565004E-16
    0.305981720E-16
    0.251641632E-16
    0.307168344E-16
    0.240924862E-16
    0.306158863E-16
    0.363144068E-16
    0.364785252E-16
    0.276510344E-16
    0.319778931E-16
    0.260003074E-16
    0.319475254E-16
    0.263710169E-16
    0.290002237E-16
    0.383544616E-16
    0.316766790E-16
    0.244559803E-16
    0.331757131E-16
    0.293621443E-16
    0.334931994E-16
    0.302108011E-16
    0.261558657E-16
    0.339112664E-16
    0.387936355E-16
    0.279011991E-16
    0.230967106E-16
    0.257203582E-16
    0.242276853E-16
    0.278816981E-16
    0.291718784E-16
    0.299753438E-16
    0.305856850E-16
    0.300092610E-16
    0.257527550E-16
    0.298655650E-16
    0.295287726E-16
    0.296597337E-16
    0.248790362E-16
    0.240469648E-16
    0.315496760E-16
    0.266366993E-16
    0.325224196E-16
    0.353263750E-16
    0.211555196E-16
    0.296140984E-16
    0.270785504E-16
    0.327050719E-16
    0.309337372E-16
    0.280215385E-16
    0.268494039E-16
    0.354601105E-16
    0.324146047E-16
    0.343549133E-16
    0.310781489E-16
    0.298384037E-16
    0.280275811E-16
    0.299730563E-16
    0.234210271E-16
    0.307542600E-16
    0.309331892E-16
    0.320054468E-16
    0.302689355E-16
    0.304018848E-16
    0.319931265E-16
    0.244568568E-16
    0.307191416E-16
    0.307706179E-16
    0.262509000E-16
    0.267361828E-16
    0.312179105E-16
    0.332769327E-16
    0.297622401E-16
    0.273090558E-16
    0.307069222E-16
    0.322991751E-16
    0.357698015E-16
    0.275177908E-16
    0.320647399E-16
    0.306949391E-16
    0.374046160E-16
    0.224303694E-16
    0.292005471E-16
    0.329842715E-16
    0.344918913E-16
    0.265644016E-16
    0.346543776E-16
    0.350697481E-16
    0.351610204E-16
    0.244712282E-16
    0.290931775E-16
    0.278762706E-16
    0.286117546E-16
    0.306481016E-16
    0.332239525E-16
    0.281347291E-16
    0.261698385E-16
    0.247553313E-16
    0.341238314E-16
    0.245674014E-16
    0.257660359E-16
    0.258767959E-16
    0.287083406E-16
    0.304730879E-16
    0.293194356E-16
    0.366604521E-16
    0.280232232E-16
    0.289406652E-16
    0.301959444E-16
    0.264746793E-16
    0.314266356E-16
    0.291748963E-16
    0.285157311E-16
    0.286044378E-16
    0.277878534E-16
    0.326806438E-16
    0.322456390E-16
    0.254021036E-16
    0.248990329E-16
    0.317431277E-16
    0.329526173E-16
    0.312510572E-16
    0.265798823E-16
    0.280623634E-16
    0.250315294E-16
    0.245100728E-16
    0.343515507E-16
    0.319132572E-16
    0.312234866E-16
    0.272210138E-16
    0.256618176E-16
    0.351453215E-16
    0.277183517E-16
    0.257902445E-16
    0.339217318E-16
    0.288489278E-16
    0.210248387E-16
    0.281284710E-16
    0.387002000E-16
    0.309007380E-16
    0.313454355E-16
    0.318521092E-16
    0.333609944E-16
    0.367230294E-16
    0.242551687E-16
    0.387842077E-16
    0.308321609E-16
    0.347632271E-16
    0.326190942E-16
    0.331822084E-16
    0.189646477E-16
    0.325111443E-16
    0.300356002E-16
    0.220934572E-16
    0.319117782E-16
    0.285354117E-16
    0.267073446E-16
    0.272096385E-16
    0.293397168E-16
    0.277011832E-16
    0.285388689E-16
    0.338149614E-16
    0.219566828E-16
    0.329860613E-16
    0.248571540E-16
    0.278833153E-16
    0.303019239E-16
    0.315606881E-16
    0.259996658E-16
    0.309250777E-16
    0.312683464E-16
    0.300326641E-16
    0.246820677E-16
    0.394986881E-16
    0.295263889E-16
    0.279710919E-16
    0.343014076E-16
    0.319529635E-16
    0.253338055E-16
    0.320488670E-16
    0.327188391E-16
    0.264464007E-16
    0.348476849E-16
    0.331368015E-16
    0.249905460E-16
    0.253695567E-16
    0.422589865E-16
    0.330435251E-16
    0.227267000E-16
    0.362211370E-16
    0.317947436E-16
    0.200279860E-16
    0.324051573E-16
    0.285185152E-16
    0.326969748E-16
    0.199218242E-16
    0.239342896E-16
    0.218766042E-16
    0.280804472E-16
    0.288787423E-16
    0.342908181E-16
    0.291400756E-16
    0.282284739E-16
    0.315493877E-16
    0.281450408E-16
    0.278838249E-16
    0.253271767E-16
    0.274190465E-16
    0.321802308E-16
    0.230250503E-16
    0.364152110E-16
    0.299578570E-16
    0.312528548E-16
    0.268975275E-16
    0.276105905E-16
    0.258508270E-16
    0.380273809E-16
    0.299237972E-16
    0.277017885E-16
    0.252120264E-16
    0.310025256E-16
    0.281008156E-16
    0.307063627E-16
    0.331062067E-16
    0.314332238E-16
    0.193985090E-16
    0.299475462E-16
    0.338647429E-16
    0.357262114E-16
    0.262990333E-16
    0.339206485E-16
    0.270113524E-16
    0.255759491E-16
    0.380535404E-16
    0.343184946E-16
    0.274367789E-16
    0.332119733E-16
    0.279798556E-16
    0.282384183E-16
    0.336312825E-16
    0.268876417E-16
    0.274708951E-16
    0.281821523E-16
    0.292146690E-16
    0.278701695E-16
    0.288671606E-16
    0.244232061E-16
    0.309690300E-16
    0.325168711E-16
    0.255636190E-16
    0.328707928E-16
    0.341155577E-16
    0.403332287E-16
    0.252162785E-16
    0.280845701E-16
    0.327659415E-16
    0.265103722E-16
    0.307311019E-16
    0.292581223E-16
    0.296988372E-16
    0.285664749E-16
    0.285676077E-16
    0.283009412E-16
    0.298137689E-16
    0.337343186E-16
    0.286457216E-16
    0.287447610E-16
    0.281267051E-16
    0.354106119E-16
    0.326426157E-16
    0.304150211E-16
    0.278017529E-16
    0.264624887E-16
    0.260282351E-16
    0.263093888E-16
    0.328505080E-16
    0.240880230E-16
    0.303041929E-16
    0.305859139E-16
    0.331583339E-16
    0.270261328E-16
    0.280916819E-16
    0.331832341E-16
    0.295261137E-16
    0.304056163E-16
    0.316803672E-16
    0.272853087E-16
    0.245641782E-16
    0.254865300E-16
    0.295368418E-16
    0.248855098E-16
    0.320890225E-16
    0.260277388E-16
    0.312823019E-16
    0.284120751E-16
    0.326207661E-16
    0.303150277E-16
    0.265863324E-16
    0.372762189E-16
    0.263506671E-16
    0.315859451E-16
    0.282312575E-16
    0.339035560E-16
    0.310183252E-16
    0.333029088E-16
    0.326878767E-16
    0.301203768E-16
    0.234032074E-16
    0.340809579E-16
    0.287737935E-16
    0.319038318E-16
    0.305025660E-16
    0.265734574E-16
    0.256605013E-16
    0.317716152E-16
    0.328853790E-16
    0.251196342E-16
    0.341907216E-16
    0.269688410E-16
    0.264525845E-16
    0.259105588E-16
    0.314553547E-16
    0.251735444E-16
    0.283938391E-16
    0.207129683E-16
    0.297158129E-16
    0.224360482E-16
    0.303251049E-16
    0.416074187E-16
    0.329772501E-16
    0.322661595E-16
    0.400135392E-16
    0.278988934E-16
    0.308545417E-16
    0.351740789E-16
    0.280544461E-16
    0.300803331E-16
    0.278321362E-16
    0.322604413E-16
    0.313031834E-16
    0.385975881E-16
    0.262748910E-16
    0.277831421E-16
    0.307448252E-16
    0.345877261E-16
    0.283484777E-16
    0.272090395E-16
    0.318986841E-16
    0.262435060E-16
    0.345295266E-16
    0.304172198E-16
    0.268270868E-16
    0.239043370E-16
    0.297637184E-16
    0.319548382E-16
    0.358974469E-16
    0.248018074E-16
    0.400324444E-16
    0.319967726E-16
    0.307518411E-16
    0.337144662E-16
    0.362236822E-16
    0.265674186E-16
    0.265515748E-16
    0.254391022E-16
    0.304710188E-16
    0.371170634E-16
    0.344549903E-16
    0.359425108E-16
    0.331292211E-16
    0.278001887E-16
    0.292105548E-16
    0.325933090E-16
    0.319112852E-16
    0.400320380E-16
    0.320793826E-16
    0.288167634E-16
    0.287638877E-16
    0.271916187E-16
    0.340725979E-16
    0.347696247E-16
    0.235929064E-16
    0.287896705E-16
    0.265932420E-16
    0.321732648E-16
    0.357271793E-16
    0.247244040E-16
    0.334961938E-16
    0.345372329E-16
    0.391562757E-16
    0.370761462E-16
    0.404782711E-16
    0.362755709E-16
    0.264708285E-16
    0.242309894E-16
    0.301163077E-16
    0.254609620E-16
    0.310389084E-16
    0.347879234E-16
    0.279764030E-16
    0.277049540E-16
    0.306545617E-16
    0.314062771E-16
    0.295105968E-16
    0.429505293E-16
    0.320141831E-16
    0.362314551E-16
    0.350731663E-16
    0.311460313E-16
    0.501747348E-16
    0.429989919E-16
    0.445270504E-16
    0.432930065E-16
    0.320919207E-16
    0.386086553E-16
    0.430052723E-16
    0.350550860E-16
    0.413233030E-16
    0.425917246E-16
    0.353699951E-16
    0.337941364E-16
    0.333602219E-16
    0.329690016E-16
    0.328108921E-16
    0.347504263E-16
    0.287472282E-16
    0.271836962E-16
    0.277410281E-16
    0.297963675E-16
    0.262139943E-16
    0.318249879E-16
    0.242572985E-16
    0.262696003E-16
    0.224589290E-16
    0.352864089E-16
    0.251959203E-16
    0.324621864E-16
    0.317603049E-16
    0.254310192E-16
    0.253134419E-16
    0.245477568E-16
    0.297312893E-16
    0.262787925E-16
    0.318643721E-16
    0.322901214E-16
    0.280817127E-16
    0.217551286E-16
    0.310054086E-16
    0.235275877E-16
    0.278030610E-16
    0.331369678E-16
    0.305443439E-16
    0.340072221E-16
    0.280961839E-16
    0.402077761E-16
    0.294040693E-16
    0.288044980E-16
    0.305981874E-16
    0.251907855E-16
    0.277018104E-16
    0.287433308E-16
    0.200355690E-16
    0.242372738E-16
    0.221202195E-16
    0.272865861E-16
    0.314666160E-16
    0.304543329E-16
    0.270147199E-16
    0.329527924E-16
    0.292605462E-16
    0.404788978E-16
    0.324218952E-16
    0.236040101E-16
    0.319548909E-16
    0.243360471E-16
    0.274289645E-16
    0.258585333E-16
    0.272719407E-16
    0.295584310E-16
    0.333089938E-16
    0.375635508E-16
    0.298232429E-16
    0.341477943E-16
    0.370183400E-16
    0.362692628E-16
    0.486272061E-16
    0.383315566E-16
    0.269941125E-16
    0.349840489E-16
    0.327641150E-16
    0.336728794E-16
    0.362893027E-16
    0.226681666E-16
    0.234061612E-16
    0.289933729E-16
    0.228625856E-16
    0.288597379E-16
    0.269498752E-16
    0.203039779E-16
    0.234227995E-16
    0.276583129E-16
    0.313008703E-16
    0.233430376E-16
    0.237838242E-16
    0.299348545E-16
    0.186977715E-16
    0.281207213E-16
    0.223480611E-16
    0.230747968E-16
    0.282627969E-16
    0.243977181E-16
    0.302130451E-16
    0.246607815E-16
    0.294596237E-16
    0.347401280E-16
    0.244312824E-16
    0.229930173E-16
    0.262247844E-16
    0.210439008E-16
    0.296698250E-16
    0.236333103E-16
    0.255846669E-16
    0.191735486E-16
    0.220876222E-16
    0.242469932E-16
    0.322713352E-16
    0.229039218E-16
    0.284259438E-16
    0.227113467E-16
    0.252103075E-16
    0.248426911E-16
    0.399222116E-16
    0.302669456E-16
    0.261115257E-16
    0.295113521E-16
    0.270750846E-16
    0.321861235E-16
    0.269386901E-16
    0.327591548E-16
    0.360409358E-16
    0.311478598E-16
    0.287178473E-16
    0.299789734E-16
    0.224359513E-16
    0.268627060E-16
    0.266767060E-16
