 #tdnd tdcion
    0.264997581E-16
    0.225589755E-16
    0.238403823E-16
    0.234277211E-16
    0.184597013E-16
    0.260193184E-16
    0.218016089E-16
    0.225823483E-16
    0.237726105E-16
    0.188635936E-16
    0.269872052E-16
    0.206590946E-16
    0.213810010E-16
    0.248676940E-16
    0.191348025E-16
    0.280687594E-16
    0.200662369E-16
    0.204408845E-16
    0.277302394E-16
    0.198140129E-16
    0.249287053E-16
    0.217638495E-16
    0.251228444E-16
    0.275793579E-16
    0.202125054E-16
    0.278031741E-16
    0.238606484E-16
    0.260478112E-16
    0.249797290E-16
    0.195010026E-16
    0.341729841E-16
    0.231547516E-16
    0.216299810E-16
    0.353662947E-16
    0.260493241E-16
    0.260597656E-16
    0.268638212E-16
    0.314143249E-16
    0.271792112E-16
    0.207860005E-16
    0.357472845E-16
    0.273573353E-16
    0.253882552E-16
    0.338355921E-16
    0.287491033E-16
    0.324087063E-16
    0.262895145E-16
    0.302797963E-16
    0.333373465E-16
    0.238118717E-16
    0.309132536E-16
    0.306246515E-16
    0.310072660E-16
    0.281144135E-16
    0.283014159E-16
    0.388035407E-16
    0.228888416E-16
    0.272379842E-16
    0.391859781E-16
    0.222807031E-16
    0.271669829E-16
    0.336337546E-16
    0.295206023E-16
    0.253917346E-16
    0.271512687E-16
    0.381134482E-16
    0.215343517E-16
    0.234340934E-16
    0.409817668E-16
    0.199344580E-16
    0.232544499E-16
    0.368878371E-16
    0.239223150E-16
    0.237480644E-16
    0.292518135E-16
    0.308300935E-16
    0.226045716E-16
    0.229781146E-16
    0.358598637E-16
    0.216757552E-16
    0.205224146E-16
    0.362530891E-16
    0.232094656E-16
    0.204065446E-16
    0.326933194E-16
    0.269356411E-16
    0.205397244E-16
    0.282426156E-16
    0.307336717E-16
    0.213780221E-16
    0.252968099E-16
    0.326512235E-16
    0.238632013E-16
    0.230820547E-16
    0.322145389E-16
    0.277940247E-16
    0.205172036E-16
    0.313145010E-16
    0.315735764E-16
    0.188123602E-16
    0.316282999E-16
    0.333051794E-16
    0.197906037E-16
    0.315884854E-16
    0.319419204E-16
    0.239414725E-16
    0.289677485E-16
    0.294208081E-16
    0.298648951E-16
    0.242211990E-16
    0.291343194E-16
    0.349930217E-16
    0.200897635E-16
    0.312779901E-16
    0.359775178E-16
    0.190752368E-16
    0.327941413E-16
    0.325086685E-16
    0.218057462E-16
    0.313653919E-16
    0.281010261E-16
    0.273871552E-16
    0.277375177E-16
    0.261997393E-16
    0.325511118E-16
    0.240427365E-16
    0.267642852E-16
    0.343287674E-16
    0.218003121E-16
    0.275392131E-16
    0.324503841E-16
    0.219837574E-16
    0.274752654E-16
    0.294011572E-16
    0.241049349E-16
    0.269791100E-16
    0.270320115E-16
    0.267483099E-16
    0.265192449E-16
    0.254405387E-16
    0.282872188E-16
    0.261245026E-16
    0.242986044E-16
    0.287072282E-16
    0.257447181E-16
    0.238427277E-16
    0.285054919E-16
    0.253722420E-16
    0.245268398E-16
    0.281916185E-16
    0.248361569E-16
    0.259330651E-16
    0.277629462E-16
    0.241990089E-16
    0.274071631E-16
    0.274953306E-16
    0.237004159E-16
    0.282139964E-16
    0.278002047E-16
    0.237678732E-16
    0.281999806E-16
    0.286870055E-16
    0.244131396E-16
    0.272723599E-16
    0.297179164E-16
    0.258140364E-16
    0.256633011E-16
    0.303083256E-16
    0.279754101E-16
    0.236672979E-16
    0.306212064E-16
    0.307147063E-16
    0.218220774E-16
    0.305827990E-16
    0.333076813E-16
    0.207156438E-16
    0.301787957E-16
    0.345576434E-16
    0.209371959E-16
    0.285543354E-16
    0.343977776E-16
    0.229619556E-16
    0.257030987E-16
    0.335773198E-16
    0.264239017E-16
    0.221549032E-16
    0.333773337E-16
    0.297104209E-16
    0.193036167E-16
    0.333185694E-16
    0.311687906E-16
    0.183334054E-16
    0.324509408E-16
    0.302523158E-16
    0.200015070E-16
    0.295746457E-16
    0.287237716E-16
    0.238488639E-16
    0.254928178E-16
    0.284140104E-16
    0.280982276E-16
    0.215274754E-16
    0.298604103E-16
    0.303756349E-16
    0.193679643E-16
    0.313943194E-16
    0.296353483E-16
    0.199072628E-16
    0.316923046E-16
    0.268755948E-16
    0.233385279E-16
    0.302524136E-16
    0.245313351E-16
    0.284626717E-16
    0.280278725E-16
    0.239734169E-16
    0.328808139E-16
    0.257275501E-16
    0.250159235E-16
    0.342610600E-16
    0.242913051E-16
    0.266229882E-16
    0.320900349E-16
    0.245298727E-16
    0.282751979E-16
    0.279909342E-16
    0.270721241E-16
    0.297076968E-16
    0.242632585E-16
    0.308092882E-16
    0.303016742E-16
    0.221259153E-16
    0.335611382E-16
    0.292229464E-16
    0.216277143E-16
    0.334834718E-16
    0.269902388E-16
    0.227611266E-16
    0.310741279E-16
    0.250866891E-16
    0.254425239E-16
    0.282900335E-16
    0.251047772E-16
    0.289336697E-16
    0.265434910E-16
    0.266060788E-16
    0.312866608E-16
    0.257164830E-16
    0.282614463E-16
    0.308241507E-16
    0.252634159E-16
    0.290247455E-16
    0.278147620E-16
    0.253796726E-16
    0.295691987E-16
    0.243039766E-16
    0.268013320E-16
    0.307159005E-16
    0.226332944E-16
    0.291803691E-16
    0.326313332E-16
    0.235006144E-16
    0.309172291E-16
    0.342708627E-16
    0.257603972E-16
    0.302184843E-16
    0.349089522E-16
    0.276686175E-16
    0.270934538E-16
    0.344962056E-16
    0.283755135E-16
    0.237365993E-16
    0.340842875E-16
    0.283467573E-16
    0.229947970E-16
    0.339169408E-16
    0.285928622E-16
    0.257970934E-16
    0.333949502E-16
    0.293900980E-16
    0.302382082E-16
    0.311680023E-16
    0.303900590E-16
    0.331397749E-16
    0.276398388E-16
    0.314440367E-16
    0.329596998E-16
    0.251263047E-16
    0.326885724E-16
    0.302873579E-16
    0.262942892E-16
    0.337632748E-16
    0.268214062E-16
    0.309732816E-16
    0.333395136E-16
    0.236201872E-16
    0.365918342E-16
    0.310064735E-16
    0.215063515E-16
    0.400279805E-16
    0.287108841E-16
    0.213931850E-16
    0.406163614E-16
    0.297082293E-16
    0.233533238E-16
    0.388268205E-16
    0.350719867E-16
    0.259022596E-16
    0.351509135E-16
    0.420456071E-16
    0.266802789E-16
    0.298317593E-16
    0.468576025E-16
    0.256882434E-16
    0.243101637E-16
    0.479112415E-16
    0.254919380E-16
    0.212780609E-16
    0.467123942E-16
    0.289784426E-16
    0.222693546E-16
    0.447249765E-16
    0.359251882E-16
    0.261484885E-16
    0.418741280E-16
    0.434919941E-16
    0.301592501E-16
    0.375348795E-16
    0.490300961E-16
    0.323462560E-16
    0.322049961E-16
    0.518516261E-16
    0.322392439E-16
    0.275081842E-16
    0.523417260E-16
    0.304597558E-16
    0.249010133E-16
    0.508467132E-16
    0.285206175E-16
    0.255954972E-16
    0.481320056E-16
    0.289704513E-16
    0.300332027E-16
    0.454727523E-16
    0.337481442E-16
    0.371465671E-16
    0.431141710E-16
    0.412146905E-16
    0.431539015E-16
    0.394938521E-16
    0.464964496E-16
    0.439867649E-16
    0.328123536E-16
    0.455571068E-16
    0.390607989E-16
    0.243912819E-16
    0.397532554E-16
    0.329138671E-16
    0.187790393E-16
    0.349599541E-16
    0.312030107E-16
    0.199496316E-16
    0.361054680E-16
    0.352599215E-16
    0.270958294E-16
    0.424882226E-16
    0.406563727E-16
    0.350291117E-16
    0.481833916E-16
    0.409765590E-16
    0.383577054E-16
    0.478019101E-16
    0.343870489E-16
    0.366295460E-16
    0.410159928E-16
    0.252296956E-16
    0.340740131E-16
    0.326788990E-16
    0.210732772E-16
    0.358642347E-16
    0.283983358E-16
    0.257683982E-16
    0.427452298E-16
    0.295420970E-16
    0.361200996E-16
    0.498195081E-16
    0.327795124E-16
    0.448917986E-16
    0.514529465E-16
    0.341228032E-16
    0.469194987E-16
    0.461983651E-16
    0.333792229E-16
    0.441004022E-16
    0.389334090E-16
    0.338602501E-16
    0.421290464E-16
    0.353979948E-16
    0.381237768E-16
    0.445724598E-16
    0.369346719E-16
    0.440904516E-16
    0.490245512E-16
    0.398148704E-16
    0.474519438E-16
    0.504202814E-16
    0.403860510E-16
    0.461719909E-16
    0.467600659E-16
    0.397139703E-16
    0.430544162E-16
    0.409400298E-16
    0.419645291E-16
    0.419508792E-16
    0.372114921E-16
    0.491248849E-16
    0.433800793E-16
    0.369140120E-16
    0.577657393E-16
    0.445841950E-16
    0.387504148E-16
    0.623776705E-16
    0.434009477E-16
    0.408435080E-16
    0.600030078E-16
    0.415953391E-16
    0.429084954E-16
    0.524214317E-16
    0.425545180E-16
    0.444073160E-16
    0.435736975E-16
    0.474506318E-16
    0.441386174E-16
    0.371541426E-16
    0.542221736E-16
    0.417678127E-16
    0.352522009E-16
    0.596967554E-16
    0.388757855E-16
    0.381819138E-16
    0.620953109E-16
    0.384596068E-16
    0.439505440E-16
    0.611299402E-16
    0.408787083E-16
    0.479021103E-16
    0.568461535E-16
    0.436995030E-16
    0.461174071E-16
    0.502307830E-16
    0.438856548E-16
    0.384470406E-16
    0.432426385E-16
    0.410104223E-16
    0.295360425E-16
    0.388581462E-16
    0.378526290E-16
    0.250891977E-16
    0.381301962E-16
    0.370686275E-16
    0.271357695E-16
    0.393653420E-16
    0.388291620E-16
    0.329749577E-16
    0.395447652E-16
    0.408430595E-16
    0.376059571E-16
    0.368662663E-16
    0.407930789E-16
    0.382760464E-16
    0.325786988E-16
    0.384892011E-16
    0.358585690E-16
    0.293608328E-16
    0.356890304E-16
    0.332133886E-16
    0.292381132E-16
    0.343789816E-16
    0.322699675E-16
    0.316427817E-16
    0.351936661E-16
    0.325885281E-16
    0.343765493E-16
    0.367044655E-16
    0.324535903E-16
    0.353501418E-16
    0.372636400E-16
    0.308028457E-16
    0.340080090E-16
    0.357884169E-16
    0.286300473E-16
    0.315151585E-16
    0.330797417E-16
    0.277532139E-16
    0.292673109E-16
    0.305458689E-16
    0.295554285E-16
    0.281477809E-16
    0.296487127E-16
    0.335648941E-16
    0.281599817E-16
    0.307610748E-16
    0.383614334E-16
    0.290082176E-16
    0.333222176E-16
    0.419582974E-16
    0.303808901E-16
    0.357305167E-16
    0.431946265E-16
    0.315183887E-16
    0.358925537E-16
    0.415753361E-16
    0.320270914E-16
    0.328591632E-16
    0.383876833E-16
    0.321500003E-16
    0.277897297E-16
    0.363396937E-16
    0.333008890E-16
    0.237498522E-16
    0.378585508E-16
    0.364529974E-16
    0.232320479E-16
    0.425136282E-16
    0.407636140E-16
    0.259852810E-16
    0.467199316E-16
    0.440236692E-16
    0.297504489E-16
    0.464445009E-16
    0.451751652E-16
    0.323272237E-16
    0.408783404E-16
    0.457047551E-16
    0.337961636E-16
    0.332099781E-16
    0.478478086E-16
    0.352418627E-16
    0.278039959E-16
    0.518357603E-16
    0.373150416E-16
    0.266298470E-16
    0.547429636E-16
    0.394341800E-16
    0.283317900E-16
    0.530672805E-16
    0.409010164E-16
    0.301434430E-16
    0.460766054E-16
    0.418261456E-16
    0.305946344E-16
    0.368533986E-16
    0.428662741E-16
    0.302604996E-16
    0.298986116E-16
    0.443508136E-16
    0.309179539E-16
    0.279327491E-16
    0.453438042E-16
    0.330587353E-16
    0.297400577E-16
    0.444135367E-16
    0.355711257E-16
    0.319429334E-16
    0.406367800E-16
    0.363350266E-16
    0.318370242E-16
    0.348383126E-16
    0.345977377E-16
    0.297979756E-16
    0.295974539E-16
    0.318357952E-16
    0.282475884E-16
    0.271539872E-16
    0.301597349E-16
    0.289851302E-16
    0.279306324E-16
    0.302575634E-16
    0.310408154E-16
    0.300208317E-16
    0.305976099E-16
    0.317718569E-16
    0.312273741E-16
    0.295843689E-16
    0.300153281E-16
    0.313113891E-16
    0.274081389E-16
    0.272958000E-16
    0.318847373E-16
    0.260472715E-16
    0.262721936E-16
    0.341215633E-16
    0.267902127E-16
    0.274717412E-16
    0.368431994E-16
    0.286745575E-16
    0.287506334E-16
    0.373533215E-16
    0.299940846E-16
    0.280332753E-16
    0.348881880E-16
    0.304048560E-16
    0.255112578E-16
    0.314497710E-16
    0.316932989E-16
    0.236684548E-16
    0.300468007E-16
    0.348453122E-16
    0.238156786E-16
    0.312564415E-16
    0.384995791E-16
    0.249817076E-16
    0.327766873E-16
    0.398265153E-16
    0.252641008E-16
    0.321859783E-16
    0.379834273E-16
    0.245793851E-16
    0.292976832E-16
    0.348566618E-16
    0.247611913E-16
    0.261944234E-16
    0.336638379E-16
    0.272878606E-16
    0.243437354E-16
    0.350391545E-16
    0.313055201E-16
    0.233606839E-16
    0.370724318E-16
    0.344650178E-16
    0.220418307E-16
    0.371995601E-16
    0.354293010E-16
    0.202606425E-16
    0.351450588E-16
    0.351444189E-16
    0.197427277E-16
    0.325169404E-16
    0.353733056E-16
    0.218800076E-16
    0.307506629E-16
    0.362395166E-16
    0.261024265E-16
    0.294909086E-16
    0.365561418E-16
    0.305161823E-16
    0.277173395E-16
    0.352514667E-16
    0.335562016E-16
    0.257524536E-16
    0.333866676E-16
    0.352544689E-16
    0.252623257E-16
    0.324840344E-16
    0.360557365E-16
    0.273372909E-16
    0.329318430E-16
    0.359400933E-16
    0.312203090E-16
    0.333413171E-16
    0.346062801E-16
    0.349292239E-16
    0.324892072E-16
    0.327084788E-16
    0.370147359E-16
    0.308968491E-16
    0.318464792E-16
    0.374976888E-16
    0.299861783E-16
    0.327838271E-16
    0.367265319E-16
    0.305607609E-16
    0.348277979E-16
    0.351804801E-16
    0.318914331E-16
    0.359352660E-16
    0.329823940E-16
    0.327487262E-16
    0.352251797E-16
    0.311141368E-16
    0.328839573E-16
    0.331099386E-16
    0.303463586E-16
    0.325843186E-16
    0.307068527E-16
    0.308310282E-16
    0.321846200E-16
    0.286300830E-16
    0.316859682E-16
    0.315491616E-16
    0.270017343E-16
    0.320393918E-16
    0.303987744E-16
    0.261585050E-16
    0.317289222E-16
    0.290354073E-16
    0.266055927E-16
    0.309461383E-16
    0.275208057E-16
    0.282832915E-16
    0.297996124E-16
    0.259830224E-16
    0.305124837E-16
    0.284057855E-16
    0.248112065E-16
    0.323074413E-16
    0.274399978E-16
    0.245172562E-16
    0.330029212E-16
    0.276626211E-16
    0.254913824E-16
    0.324098292E-16
    0.292109830E-16
    0.270254048E-16
    0.305355951E-16
    0.312385836E-16
    0.283566096E-16
    0.284025434E-16
    0.326697627E-16
    0.292496853E-16
    0.273408737E-16
    0.327921016E-16
    0.303257067E-16
    0.283204583E-16
    0.314877226E-16
    0.317620437E-16
    0.308252315E-16
    0.288848295E-16
    0.332732582E-16
    0.334576248E-16
    0.257282474E-16
    0.341174901E-16
    0.353229772E-16
    0.234346248E-16
    0.341983405E-16
    0.363004219E-16
    0.231090113E-16
    0.336403743E-16
    0.366038495E-16
    0.249474422E-16
    0.323484223E-16
    0.358790990E-16
    0.280847736E-16
    0.300560533E-16
    0.340913250E-16
    0.318409542E-16
    0.270463302E-16
    0.319441118E-16
    0.356528922E-16
    0.239634100E-16
    0.306954058E-16
    0.388291054E-16
    0.215721014E-16
    0.307567863E-16
    0.399849135E-16
    0.201997557E-16
    0.314395068E-16
    0.382279952E-16
    0.201687352E-16
    0.321106223E-16
    0.344008812E-16
    0.217591903E-16
    0.325486622E-16
    0.301629789E-16
    0.247013266E-16
    0.327416211E-16
    0.266809970E-16
    0.279148630E-16
    0.321016259E-16
    0.240579585E-16
    0.301688871E-16
    0.303011766E-16
    0.226331226E-16
    0.314369122E-16
    0.279094278E-16
    0.231237978E-16
    0.319945676E-16
    0.259568369E-16
    0.253436516E-16
    0.313215114E-16
    0.250922259E-16
    0.277618235E-16
    0.291595982E-16
    0.253052930E-16
    0.289570109E-16
    0.263518993E-16
    0.269537646E-16
    0.291606640E-16
    0.246405142E-16
    0.295630147E-16
    0.287934616E-16
    0.243896036E-16
    0.315176668E-16
    0.280030140E-16
    0.249776898E-16
    0.317931717E-16
    0.272165722E-16
    0.261106580E-16
    0.308594167E-16
    0.273778248E-16
    0.280239944E-16
    0.294695419E-16
    0.288756016E-16
    0.297669181E-16
    0.278038527E-16
    0.306070367E-16
    0.299448850E-16
    0.261748062E-16
    0.321252825E-16
    0.288410032E-16
    0.261509602E-16
    0.335546721E-16
    0.274769732E-16
    0.282144880E-16
    0.340074739E-16
    0.261386903E-16
    0.310086983E-16
    0.325709450E-16
    0.252452604E-16
    0.331355274E-16
    0.298350069E-16
    0.257286709E-16
    0.342973690E-16
    0.276405278E-16
    0.281067822E-16
    0.340920690E-16
    0.266781198E-16
    0.304185941E-16
    0.319345285E-16
    0.267445924E-16
    0.309811381E-16
    0.290715889E-16
    0.282591384E-16
    0.298833886E-16
    0.272902229E-16
    0.308705405E-16
    0.274410124E-16
    0.270985045E-16
    0.328608651E-16
    0.241256932E-16
    0.278282174E-16
    0.327477944E-16
    0.212784985E-16
    0.287166318E-16
    0.307808524E-16
    0.208853599E-16
    0.291952971E-16
    0.282685901E-16
    0.228905651E-16
    0.278135597E-16
    0.262737541E-16
    0.255153897E-16
    0.246492528E-16
    0.258323900E-16
    0.273988576E-16
    0.215982674E-16
    0.268682573E-16
    0.280534520E-16
    0.201569855E-16
    0.285010672E-16
    0.276230455E-16
    0.204339746E-16
    0.296571236E-16
    0.263705426E-16
    0.216257753E-16
    0.300336329E-16
    0.251142363E-16
    0.234994738E-16
    0.298739081E-16
    0.249612066E-16
    0.255342596E-16
    0.288986996E-16
    0.262569905E-16
    0.265716802E-16
    0.275888969E-16
    0.282911306E-16
    0.263512566E-16
    0.268200104E-16
    0.303258444E-16
    0.259403960E-16
    0.270797173E-16
    0.318269765E-16
    0.262622770E-16
    0.271222312E-16
    0.326054011E-16
    0.271207577E-16
    0.257583803E-16
    0.329646365E-16
    0.283832474E-16
    0.236526045E-16
    0.332679491E-16
    0.298395572E-16
    0.220720089E-16
    0.327757654E-16
    0.307670419E-16
    0.214601349E-16
    0.311313133E-16
    0.306347620E-16
    0.221470242E-16
    0.286039110E-16
    0.299775351E-16
    0.243583258E-16
    0.258741984E-16
    0.294795131E-16
    0.267759126E-16
    0.228367075E-16
    0.295267105E-16
    0.281284290E-16
    0.202434705E-16
    0.300780617E-16
    0.279860232E-16
    0.189896640E-16
    0.307888277E-16
    0.267787461E-16
    0.196122081E-16
    0.303484230E-16
    0.255915015E-16
    0.215898693E-16
    0.281306181E-16
    0.255719174E-16
    0.241319916E-16
    0.246048218E-16
    0.270740349E-16
    0.263141994E-16
    0.213719325E-16
    0.296200463E-16
    0.268169196E-16
    0.197647180E-16
    0.316439446E-16
    0.256782099E-16
    0.202896661E-16
    0.322407512E-16
    0.241959865E-16
    0.221125787E-16
    0.312354455E-16
    0.234481542E-16
    0.242817782E-16
    0.283908439E-16
    0.243772733E-16
    0.259096460E-16
    0.246770400E-16
    0.271145974E-16
    0.265346779E-16
    0.219163914E-16
    0.304902590E-16
    0.261556873E-16
    0.211123186E-16
    0.331260327E-16
    0.251940593E-16
    0.225102331E-16
    0.338280516E-16
    0.250948872E-16
    0.252365468E-16
    0.322256794E-16
    0.260365599E-16
    0.280469145E-16
    0.287697784E-16
    0.270206587E-16
    0.306463683E-16
    0.242206447E-16
    0.282718410E-16
    0.323318053E-16
    0.209387850E-16
    0.294194969E-16
    0.328665456E-16
    0.202728695E-16
    0.303650996E-16
    0.331715485E-16
    0.220049432E-16
    0.322323908E-16
    0.343526000E-16
    0.256192178E-16
    0.350629887E-16
    0.371798893E-16
    0.287120517E-16
    0.377388235E-16
    0.410244146E-16
    0.299110569E-16
    0.385881933E-16
    0.451978337E-16
    0.296478951E-16
    0.362621522E-16
    0.479542099E-16
    0.285358261E-16
    0.328596682E-16
    0.461869125E-16
    0.289265959E-16
    0.313866595E-16
    0.405767992E-16
    0.313662947E-16
    0.351400150E-16
    0.351031045E-16
    0.354143429E-16
    0.436184307E-16
    0.332954749E-16
    0.420846573E-16
    0.517015583E-16
    0.365223307E-16
    0.514556164E-16
    0.568444341E-16
    0.420075401E-16
    0.631445905E-16
    0.571812046E-16
    0.467731474E-16
    0.730547978E-16
    0.543950262E-16
    0.496798321E-16
    0.780228119E-16
    0.521126698E-16
    0.527851286E-16
    0.793789339E-16
    0.512384692E-16
    0.608157019E-16
    0.786778112E-16
    0.528841998E-16
    0.738189478E-16
    0.822721665E-16
    0.577566538E-16
    0.913066322E-16
    0.922408411E-16
    0.691355348E-16
    0.110055481E-15
    0.104802182E-15
    0.880744297E-16
    0.129896835E-15
    0.117705981E-15
    0.110680219E-15
    0.154232525E-15
    0.129677207E-15
    0.135514105E-15
    0.179038386E-15
    0.146070227E-15
    0.159152690E-15
    0.202827753E-15
    0.168775573E-15
    0.187122003E-15
    0.223349544E-15
    0.196666906E-15
    0.225211038E-15
    0.244443865E-15
    0.227329231E-15
    0.272110567E-15
    0.276386611E-15
    0.262394420E-15
    0.325136251E-15
    0.322848208E-15
    0.314321748E-15
    0.377737029E-15
    0.383636043E-15
    0.389131508E-15
    0.436583155E-15
    0.448003840E-15
    0.488490250E-15
    0.510799266E-15
    0.515351320E-15
    0.597789009E-15
    0.606392844E-15
    0.596829138E-15
    0.702527214E-15
    0.720375842E-15
    0.705386896E-15
    0.809096027E-15
    0.840572105E-15
    0.853185099E-15
    0.932048868E-15
    0.972029505E-15
    0.103408034E-14
    0.109797062E-14
    0.112624828E-14
    0.124724218E-14
    0.131495428E-14
    0.133143172E-14
    0.148855944E-14
    0.158062291E-14
    0.160401141E-14
    0.176968987E-14
    0.188036638E-14
    0.194618556E-14
    0.210490284E-14
    0.220826669E-14
    0.235045782E-14
    0.250081620E-14
    0.258041083E-14
    0.280410492E-14
    0.297232164E-14
    0.302047962E-14
    0.332168240E-14
    0.351818682E-14
    0.358029042E-14
    0.392599652E-14
    0.415508404E-14
    0.429270982E-14
    0.466834146E-14
    0.489695386E-14
    0.518506512E-14
    0.558654584E-14
    0.578529657E-14
    0.624881776E-14
    0.670798210E-14
    0.687062596E-14
    0.748170208E-14
    0.801638698E-14
    0.820781611E-14
    0.891367661E-14
    0.948815862E-14
    0.983289421E-14
    0.105971769E-13
    0.111488101E-13
    0.117424706E-13
    0.126099861E-13
    0.130740105E-13
    0.139434001E-13
    0.149762364E-13
    0.154142342E-13
    0.164702665E-13
    0.176888414E-13
    0.182602608E-13
    0.194573021E-13
    0.207355446E-13
    0.216471506E-13
    0.230046462E-13
    0.242227635E-13
    0.255301778E-13
    0.271810563E-13
    0.283060284E-13
    0.299268386E-13
    0.319476906E-13
    0.331802806E-13
    0.349657714E-13
    0.372841642E-13
    0.389325238E-13
    0.409299655E-13
    0.433568391E-13
    0.456522373E-13
    0.481347155E-13
    0.506916795E-13
    0.536918577E-13
    0.570698494E-13
    0.602251280E-13
    0.640542334E-13
    0.688112851E-13
    0.735523174E-13
    0.788752497E-13
    0.857707866E-13
    0.936245299E-13
    0.102182197E-12
    0.112995285E-12
    0.126301634E-12
    0.141519815E-12
    0.160254569E-12
    0.183434036E-12
    0.211386428E-12
    0.246089902E-12
    0.288023233E-12
    0.340123406E-12
    0.405515330E-12
    0.483759368E-12
    0.581622877E-12
    0.704718453E-12
    0.852141993E-12
    0.103648810E-11
    0.126646673E-11
    0.154382337E-11
    0.188910241E-11
    0.231605348E-11
    0.283316723E-11
    0.347449743E-11
    0.426085606E-11
    0.521650605E-11
    0.639515455E-11
    0.783209597E-11
    0.958124753E-11
    0.117279175E-10
    0.143314767E-10
    0.175029536E-10
    0.213777131E-10
    0.260605468E-10
    0.317561010E-10
    0.386908291E-10
    0.470497732E-10
    0.571913335E-10
    0.694959812E-10
    0.843060177E-10
    0.102217430E-09
    0.123873018E-09
    0.149908718E-09
    0.181304698E-09
    0.219122696E-09
    0.264535249E-09
    0.319156271E-09
    0.384725774E-09
    0.463327902E-09
    0.557649468E-09
    0.670539684E-09
    0.805588526E-09
    0.967266187E-09
    0.116028474E-08
    0.139066217E-08
    0.166579008E-08
    0.199351643E-08
    0.238377331E-08
    0.284864260E-08
    0.340119304E-08
    0.405769618E-08
    0.483768769E-08
    0.576278547E-08
    0.685948292E-08
    0.815916516E-08
    0.969719573E-08
    0.115164680E-07
    0.136671360E-07
    0.162064438E-07
    0.192032782E-07
    0.227374960E-07
    0.269008097E-07
    0.318029519E-07
    0.375703866E-07
    0.443488816E-07
    0.523116547E-07
    0.616578493E-07
    0.726171890E-07
    0.854610450E-07
    0.100500686E-06
    0.118095430E-06
    0.138666994E-06
    0.162698521E-06
    0.190747293E-06
    0.223463973E-06
    0.261592687E-06
    0.305990811E-06
    0.357654482E-06
    0.417721487E-06
    0.487499802E-06
    0.568502864E-06
    0.662456936E-06
    0.771341713E-06
    0.897437935E-06
    0.104334484E-05
    0.121203445E-05
    0.140691696E-05
    0.163187419E-05
    0.189133326E-05
    0.219035212E-05
    0.253468070E-05
    0.293086068E-05
    0.338633559E-05
    0.390955089E-05
    0.451009435E-05
    0.519883413E-05
    0.598807200E-05
    0.689174198E-05
    0.792558865E-05
    0.910738132E-05
    0.104571991E-04
    0.119976666E-04
    0.137542420E-04
    0.157556101E-04
    0.180340140E-04
    0.206256284E-04
    0.235710839E-04
    0.269159393E-04
    0.307111743E-04
    0.350138510E-04
    0.398877882E-04
    0.454042221E-04
    0.516426199E-04
    0.586915979E-04
    0.666498402E-04
    0.756270804E-04
    0.857452976E-04
    0.971399938E-04
    0.109961401E-03
    0.124375961E-03
    0.140568070E-03
    0.158741606E-03
    0.179121708E-03
    0.201957045E-03
    0.227521837E-03
    0.256117933E-03
    0.288077661E-03
    0.323766490E-03
    0.363585506E-03
    0.407974818E-03
    0.457417011E-03
    0.512440177E-03
    0.573621832E-03
    0.641593278E-03
    0.717043335E-03
    0.800722829E-03
    0.893449814E-03
    0.996114238E-03
    0.110968303E-02
    0.123520614E-02
    0.137382226E-02
    0.152676461E-02
    0.169536777E-02
    0.188107432E-02
    0.208544164E-02
    0.231014932E-02
    0.255700669E-02
    0.282796061E-02
    0.312510355E-02
    0.345068161E-02
    0.380710342E-02
    0.419694877E-02
    0.462297682E-02
    0.508813588E-02
    0.559557259E-02
    0.614863999E-02
    0.675090756E-02
    0.740617117E-02
    0.811846020E-02
    0.889204770E-02
    0.973146038E-02
    0.106414848E-01
    0.116271765E-01
    0.126938699E-01
    0.138471830E-01
    0.150930241E-01
    0.164376019E-01
    0.178874273E-01
    0.194493178E-01
    0.211304054E-01
    0.229381365E-01
    0.248802714E-01
    0.269648905E-01
    0.292003903E-01
    0.315954783E-01
    0.341591745E-01
    0.369008051E-01
    0.398299894E-01
    0.429566374E-01
    0.462909386E-01
    0.498433420E-01
    0.536245464E-01
    0.576454853E-01
    0.619172983E-01
    0.664513137E-01
    0.712590275E-01
    0.763520675E-01
    0.817421657E-01
    0.874411319E-01
    0.934608098E-01
    0.998130390E-01
    0.106509622E+00
    0.113562274E+00
    0.120982574E+00
    0.128781924E+00
    0.136971492E+00
    0.145562158E+00
    0.154564461E+00
    0.163988540E+00
    0.173844069E+00
    0.184140202E+00
    0.194885506E+00
    0.206087893E+00
    0.217754560E+00
    0.229891920E+00
    0.242505527E+00
    0.255600022E+00
    0.269179055E+00
    0.283245218E+00
    0.297799986E+00
    0.312843648E+00
    0.328375236E+00
    0.344392478E+00
    0.360891731E+00
    0.377867919E+00
    0.395314493E+00
    0.413223378E+00
    0.431584917E+00
    0.450387849E+00
    0.469619263E+00
    0.489264567E+00
    0.509307471E+00
    0.529729972E+00
    0.550512326E+00
    0.571633063E+00
    0.593068991E+00
    0.614795187E+00
    0.636785033E+00
    0.659010248E+00
    0.681440903E+00
    0.704045477E+00
    0.726790917E+00
    0.749642681E+00
    0.772564810E+00
    0.795520026E+00
    0.818469791E+00
    0.841374405E+00
    0.864193130E+00
    0.886884273E+00
    0.909405308E+00
    0.931713013E+00
    0.953763588E+00
    0.975512781E+00
    0.996916054E+00
    0.101792871E+01
    0.103850605E+01
    0.105860351E+01
    0.107817687E+01
    0.109718232E+01
    0.111557671E+01
    0.113331767E+01
    0.115036377E+01
    0.116667468E+01
    0.118221133E+01
    0.119693607E+01
    0.121081280E+01
    0.122380714E+01
    0.123588656E+01
    0.124702052E+01
    0.125718056E+01
    0.126634050E+01
    0.127447647E+01
    0.128156706E+01
    0.128759340E+01
    0.129253922E+01
    0.129639099E+01
    0.129913790E+01
    0.130077195E+01
    0.130128800E+01
    0.130068378E+01
    0.129895988E+01
    0.129611980E+01
    0.129216990E+01
    0.128711941E+01
    0.128098036E+01
    0.127376755E+01
    0.126549849E+01
    0.125619333E+01
    0.124587478E+01
    0.123456801E+01
    0.122230055E+01
    0.120910220E+01
    0.119500486E+01
    0.118004245E+01
    0.116425075E+01
    0.114766727E+01
    0.113033108E+01
    0.111228268E+01
    0.109356383E+01
    0.107421740E+01
    0.105428718E+01
    0.103381774E+01
    0.101285426E+01
    0.991442355E+00
    0.969627926E+00
    0.947456978E+00
    0.924975468E+00
    0.902229156E+00
    0.879263445E+00
    0.856123224E+00
    0.832852747E+00
    0.809495484E+00
    0.786093984E+00
    0.762689768E+00
    0.739323215E+00
    0.716033431E+00
    0.692858179E+00
    0.669833781E+00
    0.646995026E+00
    0.624375105E+00
    0.602005561E+00
    0.579916213E+00
    0.558135120E+00
    0.536688561E+00
    0.515600984E+00
    0.494894995E+00
    0.474591366E+00
    0.454709013E+00
    0.435265005E+00
    0.416274594E+00
    0.397751223E+00
    0.379706556E+00
    0.362150516E+00
    0.345091329E+00
    0.328535565E+00
    0.312488189E+00
    0.296952626E+00
    0.281930812E+00
    0.267423260E+00
    0.253429131E+00
    0.239946300E+00
    0.226971428E+00
    0.214500035E+00
    0.202526579E+00
    0.191044522E+00
    0.180046415E+00
    0.169523968E+00
    0.159468127E+00
    0.149869146E+00
    0.140716663E+00
    0.131999769E+00
    0.123707078E+00
    0.115826797E+00
    0.108346786E+00
    0.101254628E+00
    0.945376833E-01
    0.881831502E-01
    0.821781188E-01
    0.765096229E-01
    0.711646861E-01
    0.661303716E-01
    0.613938213E-01
    0.569422932E-01
    0.527632021E-01
    0.488441496E-01
    0.451729508E-01
    0.417376668E-01
    0.385266254E-01
    0.355284390E-01
    0.327320281E-01
    0.301266342E-01
    0.277018299E-01
    0.254475340E-01
    0.233540179E-01
    0.214119088E-01
    0.196121979E-01
    0.179462407E-01
    0.164057556E-01
    0.149828259E-01
    0.136698950E-01
    0.124597616E-01
    0.113455775E-01
    0.103208383E-01
    0.937937618E-02
    0.851535489E-02
    0.772325748E-02
    0.699787735E-02
    0.633431083E-02
    0.572794421E-02
    0.517444285E-02
    0.466974302E-02
    0.421003832E-02
    0.379176847E-02
    0.341161013E-02
    0.306646416E-02
    0.275344429E-02
    0.246986773E-02
    0.221324323E-02
    0.198126069E-02
    0.177178170E-02
    0.158282857E-02
    0.141257530E-02
    0.125933850E-02
    0.112156744E-02
    0.997836241E-03
    0.886835877E-03
    0.787365097E-03
    0.698323787E-03
    0.618706173E-03
    0.547592913E-03
    0.484145238E-03
    0.427599465E-03
    0.377260329E-03
    0.332495871E-03
    0.292732931E-03
    0.257451845E-03
    0.226182079E-03
    0.198498411E-03
    0.174016897E-03
    0.152391274E-03
    0.133309741E-03
    0.116491822E-03
    0.101685657E-03
    0.886652598E-04
    0.772280682E-04
    0.671929522E-04
    0.583980337E-04
    0.506986877E-04
    0.439661038E-04
    0.380856578E-04
    0.329552859E-04
    0.284844118E-04
    0.245927762E-04
    0.212091970E-04
    0.182707007E-04
    0.157217163E-04
    0.135131621E-04
    0.116017729E-04
    0.994949199E-05
    0.852285854E-05
    0.729249341E-05
    0.623263404E-05
    0.532071450E-05
    0.453701847E-05
    0.386430965E-05
    0.328753764E-05
    0.279361846E-05
    0.237115777E-05
    0.201023133E-05
    0.170225224E-05
    0.143977481E-05
    0.121633379E-05
    0.102635547E-05
    0.865029319E-06
    0.728192864E-06
    0.612272153E-06
    0.514190736E-06
    0.431302122E-06
    0.361341126E-06
    0.302363381E-06
    0.252703541E-06
    0.210945296E-06
    0.175872300E-06
    0.146449740E-06
    0.121801445E-06
    0.101176621E-06
    0.839389442E-07
    0.695531659E-07
    0.575607374E-07
    0.475758141E-07
    0.392746054E-07
    0.323805853E-07
    0.266626786E-07
    0.219273433E-07
    0.180095344E-07
    0.147728824E-07
    0.121027815E-07
    0.990208982E-08
    0.809123548E-08
    0.660322989E-08
    0.538145697E-08
    0.438028398E-08
    0.356074534E-08
    0.289048613E-08
    0.234350038E-08
    0.189751008E-08
    0.153418203E-08
    0.123894676E-08
    0.999120104E-09
    0.804580364E-09
    0.647145901E-09
    0.519734403E-09
    0.416847854E-09
    0.333928717E-09
    0.267058808E-09
    0.213324489E-09
    0.170187408E-09
    0.135531697E-09
    0.107817010E-09
    0.856505885E-10
    0.679202171E-10
    0.538114264E-10
    0.425551705E-10
    0.336067262E-10
    0.265168384E-10
    0.208720501E-10
    0.164141997E-10
    0.128985336E-10
    0.101046175E-10
    0.791434124E-11
    0.619086858E-11
    0.482881901E-11
    0.376797019E-11
    0.293128932E-11
    0.227736406E-11
    0.177157087E-11
    0.136932892E-11
    0.105994973E-11
    0.822143191E-12
    0.631498850E-12
    0.487119069E-12
    0.376048032E-12
    0.287430109E-12
    0.221320879E-12
    0.169242129E-12
    0.128965217E-12
    0.994830460E-13
    0.749586663E-13
    0.569750874E-13
    0.440930299E-13
    0.327383010E-13
    0.248225959E-13
    0.191597986E-13
    0.141091088E-13
    0.107683071E-13
    0.811637201E-14
    0.598783834E-14
    0.467640387E-14
    0.337047501E-14
    0.249132731E-14
    0.202383093E-14
    0.139094869E-14
    0.103828453E-14
    0.850201755E-15
    0.578813090E-15
    0.449029724E-15
    0.346377760E-15
    0.239348964E-15
    0.215089992E-15
    0.146035751E-15
    0.102275565E-15
    0.112918929E-15
    0.776996834E-16
    0.507573069E-16
    0.656739461E-16
    0.557246577E-16
    0.367260354E-16
    0.448012485E-16
    0.456168828E-16
    0.334198098E-16
    0.373375096E-16
    0.402063494E-16
    0.317734789E-16
    0.352616154E-16
    0.370748040E-16
    0.309457099E-16
    0.329904970E-16
    0.356148467E-16
    0.326276358E-16
    0.303864564E-16
    0.360349505E-16
    0.321588750E-16
    0.288407931E-16
    0.368272010E-16
    0.329662318E-16
    0.263375435E-16
    0.393114468E-16
    0.311260027E-16
    0.256216233E-16
    0.403607786E-16
    0.292455255E-16
    0.247343715E-16
    0.415409197E-16
    0.283911161E-16
    0.246990959E-16
    0.389986439E-16
    0.277373660E-16
    0.259568985E-16
    0.353575955E-16
    0.285756488E-16
    0.284376099E-16
    0.295237564E-16
    0.298044053E-16
    0.293867794E-16
    0.243443626E-16
    0.319498352E-16
    0.308875601E-16
    0.200484690E-16
    0.336067075E-16
    0.291647489E-16
    0.197033634E-16
    0.335759787E-16
    0.258287489E-16
    0.230102464E-16
    0.331711672E-16
    0.224762474E-16
    0.271770454E-16
    0.290726559E-16
    0.206159367E-16
    0.325960779E-16
    0.250423435E-16
    0.215622137E-16
    0.355635361E-16
    0.216473455E-16
    0.234988130E-16
    0.331879288E-16
    0.222654647E-16
    0.278027092E-16
    0.297889676E-16
    0.255275286E-16
    0.291149545E-16
    0.247674507E-16
    0.308601658E-16
    0.276326582E-16
    0.232785549E-16
    0.377361781E-16
    0.252915006E-16
    0.247506740E-16
    0.382059724E-16
    0.229774569E-16
    0.292328623E-16
    0.366725096E-16
    0.235803489E-16
    0.354244886E-16
    0.325504176E-16
    0.267547862E-16
    0.360674118E-16
    0.288958212E-16
    0.318990911E-16
    0.352213416E-16
    0.296833894E-16
    0.365547473E-16
    0.318471335E-16
    0.327113147E-16
    0.355220726E-16
    0.287491166E-16
    0.382225548E-16
    0.343581781E-16
    0.295503772E-16
    0.422251455E-16
    0.290628575E-16
    0.326474298E-16
    0.414913335E-16
    0.257948805E-16
    0.374983022E-16
    0.409396163E-16
    0.246627165E-16
    0.402103087E-16
    0.370655699E-16
    0.251142774E-16
    0.405612029E-16
    0.352795429E-16
    0.275223411E-16
    0.383646671E-16
    0.360723455E-16
    0.277117817E-16
    0.350397188E-16
    0.371720140E-16
    0.282883343E-16
    0.312856053E-16
    0.394578609E-16
    0.274936196E-16
    0.301697789E-16
    0.397674853E-16
    0.266289733E-16
    0.283355650E-16
    0.390218487E-16
    0.270774911E-16
    0.287653974E-16
    0.367066630E-16
    0.286279035E-16
    0.278150296E-16
    0.331557031E-16
    0.287232057E-16
    0.296334691E-16
    0.314549751E-16
    0.294551586E-16
    0.284384006E-16
    0.299959617E-16
    0.274373897E-16
    0.295582234E-16
    0.298493658E-16
    0.274200391E-16
    0.286973245E-16
    0.295534825E-16
    0.243521833E-16
    0.301987020E-16
    0.291205124E-16
    0.242552127E-16
    0.297602834E-16
    0.282486969E-16
    0.232324391E-16
    0.306827300E-16
    0.267056938E-16
    0.245487254E-16
    0.300096827E-16
    0.253361552E-16
    0.249412042E-16
    0.298988908E-16
    0.254990989E-16
    0.263952600E-16
    0.269777809E-16
    0.268687099E-16
    0.258357994E-16
    0.261301754E-16
    0.291732392E-16
    0.267802062E-16
    0.243826747E-16
    0.294743772E-16
    0.256435058E-16
    0.249231011E-16
    0.301174368E-16
    0.268262713E-16
    0.266149336E-16
    0.280987169E-16
    0.266506920E-16
    0.277781867E-16
    0.253900436E-16
    0.288047298E-16
    0.299793269E-16
    0.235192774E-16
    0.291833086E-16
    0.306826684E-16
    0.225620871E-16
    0.277619722E-16
    0.319075123E-16
    0.232083139E-16
    0.274880652E-16
    0.294155410E-16
    0.264461011E-16
    0.256926258E-16
    0.266028474E-16
    0.299355519E-16
    0.246545146E-16
    0.230082815E-16
    0.324307948E-16
    0.252439858E-16
    0.191755664E-16
    0.346082972E-16
    0.257468227E-16
    0.175282627E-16
    0.322178092E-16
    0.288943864E-16
    0.170010536E-16
    0.298198534E-16
    0.305646282E-16
    0.187805965E-16
    0.265933116E-16
    0.313716515E-16
    0.196350104E-16
    0.298664193E-16
    0.260784031E-16
    0.228427106E-16
    0.324529191E-16
    0.217547060E-16
    0.253907174E-16
    0.373067963E-16
    0.195473935E-16
    0.263461249E-16
    0.353282565E-16
    0.226339501E-16
    0.267819799E-16
    0.318177943E-16
    0.329993607E-16
    0.262774832E-16
    0.276974860E-16
    0.352607757E-16
    0.273617374E-16
    0.257418337E-16
    0.355175546E-16
    0.294593709E-16
    0.364975333E-16
    0.244846167E-16
    0.347970610E-16
    0.360278756E-16
    0.234387631E-16
    0.304883308E-16
    0.419690038E-16
    0.236900348E-16
    0.377848386E-16
    0.314698735E-16
    0.297791632E-16
    0.388031886E-16
    0.266429544E-16
    0.299062020E-16
    0.421992312E-16
    0.315059429E-16
    0.266825685E-16
    0.432603142E-16
    0.319554410E-16
    0.362020597E-16
    0.298808755E-16
    0.364647063E-16
    0.380389802E-16
    0.364255741E-16
    0.309312528E-16
    0.463467491E-16
    0.381331417E-16
    0.373167990E-16
    0.323083757E-16
    0.373153294E-16
    0.486545241E-16
    0.291432999E-16
    0.429424375E-16
    0.493493787E-16
    0.374116835E-16
    0.382340256E-16
    0.414960091E-16
    0.355171314E-16
    0.539256314E-16
    0.367308152E-16
    0.434024658E-16
    0.582937616E-16
    0.362069222E-16
    0.484906461E-16
    0.376395920E-16
    0.394367478E-16
    0.476703163E-16
    0.444552956E-16
    0.573552867E-16
    0.545368024E-16
    0.502133814E-16
    0.575286019E-16
    0.587614324E-16
    0.680150175E-16
    0.579639645E-16
    0.596210995E-16
    0.707474084E-16
    0.629532961E-16
    0.878424689E-16
    0.623066008E-16
    0.804795357E-16
    0.781513483E-16
    0.605130983E-16
    0.834288495E-16
    0.486794148E-16
    0.643736748E-16
    0.552334231E-16
    0.397698784E-16
    0.506152968E-16
    0.290972703E-16
    0.344425048E-16
    0.316564117E-16
    0.245520218E-16
    0.311111704E-16
    0.234597811E-16
    0.225739479E-16
