 #tdnd tdcion
    0.229616391E-16
    0.174177255E-16
    0.196123923E-16
    0.192227297E-16
    0.206585688E-16
    0.188215005E-16
    0.174386269E-16
    0.198218886E-16
    0.170296709E-16
    0.219073033E-16
    0.165669297E-16
    0.182143619E-16
    0.167131700E-16
    0.198543890E-16
    0.183586254E-16
    0.164747615E-16
    0.201705637E-16
    0.160700429E-16
    0.202328230E-16
    0.146031884E-16
    0.179242391E-16
    0.176372878E-16
    0.199541121E-16
    0.176868937E-16
    0.147763286E-16
    0.214466031E-16
    0.146045016E-16
    0.172307750E-16
    0.155644932E-16
    0.209721761E-16
    0.171709629E-16
    0.164270047E-16
    0.194926330E-16
    0.143352846E-16
    0.190564086E-16
    0.144304068E-16
    0.187790632E-16
    0.174618747E-16
    0.196923586E-16
    0.170482864E-16
    0.139464491E-16
    0.209145834E-16
    0.147996020E-16
    0.162751987E-16
    0.179020367E-16
    0.221474422E-16
    0.159933283E-16
    0.142444838E-16
    0.217238180E-16
    0.160113802E-16
    0.145763891E-16
    0.189639561E-16
    0.234093899E-16
    0.158980159E-16
    0.159020181E-16
    0.221527668E-16
    0.170696441E-16
    0.136990642E-16
    0.211819002E-16
    0.237612141E-16
    0.160240884E-16
    0.195883907E-16
    0.224619551E-16
    0.176329448E-16
    0.143027548E-16
    0.237860000E-16
    0.236470544E-16
    0.169210152E-16
    0.249831050E-16
    0.225440789E-16
    0.186255647E-16
    0.166533451E-16
    0.249003747E-16
    0.239685729E-16
    0.192420797E-16
    0.304017848E-16
    0.235908014E-16
    0.215281420E-16
    0.199996401E-16
    0.239053776E-16
    0.251037390E-16
    0.216997889E-16
    0.335972196E-16
    0.269866683E-16
    0.267359654E-16
    0.238094553E-16
    0.231269276E-16
    0.269134049E-16
    0.222088446E-16
    0.331479214E-16
    0.314428272E-16
    0.320807405E-16
    0.277337326E-16
    0.253941187E-16
    0.297954844E-16
    0.210035995E-16
    0.299887339E-16
    0.342939356E-16
    0.339959250E-16
    0.304034252E-16
    0.305011836E-16
    0.335496960E-16
    0.203950148E-16
    0.270856787E-16
    0.350410168E-16
    0.313021520E-16
    0.304992270E-16
    0.358432407E-16
    0.363442573E-16
    0.218216781E-16
    0.271784571E-16
    0.349711092E-16
    0.263458212E-16
    0.290215158E-16
    0.391303645E-16
    0.365185612E-16
    0.254670651E-16
    0.309237293E-16
    0.351597124E-16
    0.226799146E-16
    0.285207640E-16
    0.393463084E-16
    0.337923916E-16
    0.315763875E-16
    0.365380974E-16
    0.361963697E-16
    0.241230781E-16
    0.303567602E-16
    0.367041658E-16
    0.289895644E-16
    0.388431915E-16
    0.402358110E-16
    0.377163468E-16
    0.339864619E-16
    0.340408563E-16
    0.338542537E-16
    0.259254407E-16
    0.425276297E-16
    0.381640217E-16
    0.374034202E-16
    0.488218596E-16
    0.377310716E-16
    0.350446935E-16
    0.313259272E-16
    0.399481800E-16
    0.319054457E-16
    0.342743955E-16
    0.557313714E-16
    0.383097858E-16
    0.394656807E-16
    0.440817860E-16
    0.362496316E-16
    0.291000649E-16
    0.330910823E-16
    0.482487060E-16
    0.348389165E-16
    0.413722987E-16
    0.504654464E-16
    0.363361164E-16
    0.323803517E-16
    0.359624616E-16
    0.381184535E-16
    0.314477058E-16
    0.400326457E-16
    0.453040159E-16
    0.375832776E-16
    0.360920510E-16
    0.362510216E-16
    0.350852693E-16
    0.303643064E-16
    0.375279882E-16
    0.405137915E-16
    0.384498239E-16
    0.388132681E-16
    0.344464423E-16
    0.355121600E-16
    0.288079613E-16
    0.308987198E-16
    0.387565222E-16
    0.369569943E-16
    0.409432468E-16
    0.389972244E-16
    0.387847314E-16
    0.317029249E-16
    0.246392779E-16
    0.346960991E-16
    0.297194025E-16
    0.332505590E-16
    0.431608402E-16
    0.402762062E-16
    0.393345821E-16
    0.302397090E-16
    0.344790243E-16
    0.278236272E-16
    0.210784112E-16
    0.394025598E-16
    0.339095818E-16
    0.358635781E-16
    0.403951918E-16
    0.357874212E-16
    0.330446455E-16
    0.226154897E-16
    0.350832862E-16
    0.306058845E-16
    0.275047443E-16
    0.449486505E-16
    0.352158517E-16
    0.335490172E-16
    0.333688729E-16
    0.309870200E-16
    0.297181749E-16
    0.270995923E-16
    0.429531927E-16
    0.377782987E-16
    0.354895909E-16
    0.450051659E-16
    0.332803269E-16
    0.290284280E-16
    0.300124931E-16
    0.347540130E-16
    0.344784362E-16
    0.349489925E-16
    0.492485822E-16
    0.412236694E-16
    0.341222585E-16
    0.382344958E-16
    0.343025305E-16
    0.292276501E-16
    0.297450425E-16
    0.442336012E-16
    0.396009350E-16
    0.341244626E-16
    0.454635530E-16
    0.385392002E-16
    0.290449068E-16
    0.298144075E-16
    0.404907112E-16
    0.338184944E-16
    0.296970929E-16
    0.489187413E-16
    0.384477998E-16
    0.296283825E-16
    0.352198767E-16
    0.358277711E-16
    0.291928258E-16
    0.260593824E-16
    0.465652115E-16
    0.364232012E-16
    0.306464560E-16
    0.449666154E-16
    0.338742783E-16
    0.293260091E-16
    0.286916306E-16
    0.375164464E-16
    0.315283325E-16
    0.284239987E-16
    0.474430404E-16
    0.324580864E-16
    0.330304274E-16
    0.389946129E-16
    0.310126909E-16
    0.317523235E-16
    0.288702660E-16
    0.402012283E-16
    0.293241457E-16
    0.317410578E-16
    0.448481991E-16
    0.265491141E-16
    0.349726852E-16
    0.358875564E-16
    0.312206078E-16
    0.307726146E-16
    0.290257151E-16
    0.417535165E-16
    0.243390559E-16
    0.324779857E-16
    0.438569895E-16
    0.245192585E-16
    0.339080074E-16
    0.337932916E-16
    0.327858426E-16
    0.268243556E-16
    0.275773340E-16
    0.433582135E-16
    0.229227748E-16
    0.310583225E-16
    0.436189397E-16
    0.264611165E-16
    0.300218215E-16
    0.324721424E-16
    0.341407590E-16
    0.256261163E-16
    0.272437748E-16
    0.425467761E-16
    0.283101711E-16
    0.290268980E-16
    0.410940307E-16
    0.314706250E-16
    0.268424930E-16
    0.310504879E-16
    0.336698448E-16
    0.294996264E-16
    0.285351534E-16
    0.399253547E-16
    0.371212200E-16
    0.292556400E-16
    0.376775599E-16
    0.332849665E-16
    0.274016844E-16
    0.303284721E-16
    0.315239985E-16
    0.365379553E-16
    0.329453477E-16
    0.389674816E-16
    0.405638683E-16
    0.318442807E-16
    0.361376986E-16
    0.298251231E-16
    0.315060123E-16
    0.350434888E-16
    0.326086781E-16
    0.412357691E-16
    0.396655359E-16
    0.400161156E-16
    0.379945876E-16
    0.344365804E-16
    0.374278890E-16
    0.318561411E-16
    0.338055169E-16
    0.404456540E-16
    0.406099776E-16
    0.376778476E-16
    0.420947337E-16
    0.446850371E-16
    0.350302253E-16
    0.362173209E-16
    0.411020472E-16
    0.386084957E-16
    0.329520415E-16
    0.401443260E-16
    0.478270899E-16
    0.331465192E-16
    0.400392199E-16
    0.497089577E-16
    0.373017805E-16
    0.362818038E-16
    0.423227738E-16
    0.447726569E-16
    0.303945847E-16
    0.375803572E-16
    0.533403132E-16
    0.327471442E-16
    0.401252334E-16
    0.522264713E-16
    0.393569223E-16
    0.351401693E-16
    0.392289960E-16
    0.473918349E-16
    0.294051058E-16
    0.373412656E-16
    0.574012986E-16
    0.326502208E-16
    0.410311072E-16
    0.505622790E-16
    0.356829212E-16
    0.349014469E-16
    0.376884786E-16
    0.452872760E-16
    0.329803363E-16
    0.398878782E-16
    0.518320015E-16
    0.332593966E-16
    0.398686017E-16
    0.410069925E-16
    0.346707146E-16
    0.359217163E-16
    0.362522377E-16
    0.435060627E-16
    0.361137401E-16
    0.403972492E-16
    0.422811871E-16
    0.329146957E-16
    0.382655459E-16
    0.340467463E-16
    0.322762744E-16
    0.371850269E-16
    0.367640976E-16
    0.346258795E-16
    0.381885605E-16
    0.403109357E-16
    0.308817656E-16
    0.339458429E-16
    0.363795125E-16
    0.293181459E-16
    0.292230571E-16
    0.358059221E-16
    0.359989646E-16
    0.283772296E-16
    0.378595497E-16
    0.372686253E-16
    0.271442197E-16
    0.317630163E-16
    0.306968742E-16
    0.290570568E-16
    0.266416110E-16
    0.327801603E-16
    0.361328580E-16
    0.291115014E-16
    0.359179909E-16
    0.326050500E-16
    0.279748281E-16
    0.285041742E-16
    0.251875304E-16
    0.303184814E-16
    0.279603667E-16
    0.316429278E-16
    0.358251529E-16
    0.312971318E-16
    0.333070509E-16
    0.278287911E-16
    0.276415429E-16
    0.267714272E-16
    0.245665062E-16
    0.322134572E-16
    0.300506598E-16
    0.341968896E-16
    0.351214785E-16
    0.302436808E-16
    0.316122944E-16
    0.256703337E-16
    0.274295950E-16
    0.263839781E-16
    0.293101797E-16
    0.363915574E-16
    0.313125141E-16
    0.377936756E-16
    0.364929092E-16
    0.280108170E-16
    0.292454804E-16
    0.290877239E-16
    0.282525820E-16
    0.282847903E-16
    0.379024389E-16
    0.396979124E-16
    0.336385143E-16
    0.386510187E-16
    0.361718516E-16
    0.263654213E-16
    0.280084863E-16
    0.337661005E-16
    0.324070016E-16
    0.357843238E-16
    0.440521599E-16
    0.443624527E-16
    0.362660985E-16
    0.358176782E-16
    0.378037510E-16
    0.252604492E-16
    0.306349534E-16
    0.419262810E-16
    0.367518411E-16
    0.423004197E-16
    0.485941653E-16
    0.429634718E-16
    0.335451676E-16
    0.363858173E-16
    0.360772769E-16
    0.274457817E-16
    0.393486377E-16
    0.465550089E-16
    0.421875975E-16
    0.454762338E-16
    0.492419340E-16
    0.399675846E-16
    0.310583706E-16
    0.401649025E-16
    0.354404606E-16
    0.313556267E-16
    0.453124366E-16
    0.477627138E-16
    0.399105358E-16
    0.424803285E-16
    0.496654339E-16
    0.312021479E-16
    0.314003308E-16
    0.474536963E-16
    0.315563374E-16
    0.354442334E-16
    0.489697819E-16
    0.427589524E-16
    0.345481505E-16
    0.393822571E-16
    0.466717216E-16
    0.261372357E-16
    0.329909318E-16
    0.499658359E-16
    0.301154342E-16
    0.341173439E-16
    0.470433466E-16
    0.363719096E-16
    0.282991705E-16
    0.372506457E-16
    0.411474661E-16
    0.270263641E-16
    0.348409015E-16
    0.450630313E-16
    0.308733353E-16
    0.305843774E-16
    0.385928805E-16
    0.313268627E-16
    0.263582652E-16
    0.344923491E-16
    0.371374220E-16
    0.319532663E-16
    0.348512504E-16
    0.389062520E-16
    0.315917145E-16
    0.281395684E-16
    0.330038854E-16
    0.286250373E-16
    0.294126452E-16
    0.348537420E-16
    0.329485766E-16
    0.364692168E-16
    0.335500094E-16
    0.315366388E-16
    0.332794253E-16
    0.282631187E-16
    0.312941259E-16
    0.330269133E-16
    0.339178423E-16
    0.362350273E-16
    0.349108917E-16
    0.358904290E-16
    0.329009324E-16
    0.316098879E-16
    0.324503462E-16
    0.329389898E-16
    0.349736357E-16
    0.358817469E-16
    0.378713359E-16
    0.373700935E-16
    0.345523381E-16
    0.334796467E-16
    0.345437517E-16
    0.317900217E-16
    0.332968447E-16
    0.382383419E-16
    0.360217089E-16
    0.365467395E-16
    0.356932093E-16
    0.354196379E-16
    0.310219124E-16
    0.291909730E-16
    0.371614521E-16
    0.313105155E-16
    0.347276993E-16
    0.402160047E-16
    0.343505507E-16
    0.342866734E-16
    0.297766472E-16
    0.322596355E-16
    0.283312894E-16
    0.272238927E-16
    0.387286589E-16
    0.338382539E-16
    0.355401124E-16
    0.380372932E-16
    0.330492130E-16
    0.295746791E-16
    0.247842604E-16
    0.299497979E-16
    0.273618408E-16
    0.294083475E-16
    0.396993713E-16
    0.365000451E-16
    0.380967420E-16
    0.363592439E-16
    0.313901894E-16
    0.294492840E-16
    0.239375461E-16
    0.290910160E-16
    0.307551862E-16
    0.325201487E-16
    0.403084074E-16
    0.380196389E-16
    0.389158945E-16
    0.342946351E-16
    0.300118783E-16
    0.311316850E-16
    0.246077859E-16
    0.318928518E-16
    0.354270746E-16
    0.349538495E-16
    0.416627354E-16
    0.385560787E-16
    0.382503288E-16
    0.317936562E-16
    0.315689905E-16
    0.340431591E-16
    0.276661860E-16
    0.391465263E-16
    0.406557196E-16
    0.402968417E-16
    0.436993852E-16
    0.393136300E-16
    0.420518112E-16
    0.311498684E-16
    0.360963688E-16
    0.420240963E-16
    0.333826319E-16
    0.457470518E-16
    0.445512584E-16
    0.447630801E-16
    0.414641847E-16
    0.364324061E-16
    0.469429778E-16
    0.304143239E-16
    0.385343534E-16
    0.498326698E-16
    0.373829304E-16
    0.461084391E-16
    0.425939744E-16
    0.447468039E-16
    0.358486307E-16
    0.312601097E-16
    0.494843189E-16
    0.322998302E-16
    0.403262115E-16
    0.524137015E-16
    0.414409554E-16
    0.437493334E-16
    0.365588869E-16
    0.438313053E-16
    0.329718708E-16
    0.291019985E-16
    0.509223988E-16
    0.388970736E-16
    0.436963397E-16
    0.510107622E-16
    0.459596906E-16
    0.415633786E-16
    0.305895576E-16
    0.426830123E-16
    0.331268293E-16
    0.294259806E-16
    0.504549510E-16
    0.445019771E-16
    0.452464329E-16
    0.469063658E-16
    0.462287094E-16
    0.383281004E-16
    0.264388116E-16
    0.406993944E-16
    0.333128234E-16
    0.306223481E-16
    0.480862572E-16
    0.441263893E-16
    0.429155702E-16
    0.410185374E-16
    0.424986328E-16
    0.350802355E-16
    0.257762177E-16
    0.406024839E-16
    0.330050353E-16
    0.322159890E-16
    0.456469588E-16
    0.394737806E-16
    0.389086335E-16
    0.373551589E-16
    0.402039816E-16
    0.332648038E-16
    0.287620884E-16
    0.431443279E-16
    0.315558777E-16
    0.321455822E-16
    0.442995152E-16
    0.356051257E-16
    0.347814294E-16
    0.380860233E-16
    0.414266758E-16
    0.320758163E-16
    0.318085339E-16
    0.446516061E-16
    0.302218746E-16
    0.300139511E-16
    0.437405772E-16
    0.358329267E-16
    0.318881544E-16
    0.402051316E-16
    0.427259265E-16
    0.314864971E-16
    0.327928043E-16
    0.428427558E-16
    0.320988428E-16
    0.289063076E-16
    0.426105471E-16
    0.391045723E-16
    0.310174209E-16
    0.405529022E-16
    0.412170326E-16
    0.322781857E-16
    0.332429615E-16
    0.384292222E-16
    0.369353077E-16
    0.297423433E-16
    0.399321634E-16
    0.417631100E-16
    0.307600915E-16
    0.396876651E-16
    0.374912956E-16
    0.343948738E-16
    0.339549733E-16
    0.331986487E-16
    0.410914485E-16
    0.294592411E-16
    0.373501390E-16
    0.419783309E-16
    0.306773521E-16
    0.395390231E-16
    0.335199961E-16
    0.363235204E-16
    0.326364714E-16
    0.300192369E-16
    0.422665453E-16
    0.280421931E-16
    0.380144408E-16
    0.405541586E-16
    0.308373356E-16
    0.388140974E-16
    0.306913442E-16
    0.357368121E-16
    0.304182597E-16
    0.318632559E-16
    0.417959130E-16
    0.284758153E-16
    0.404378109E-16
    0.381713202E-16
    0.289958752E-16
    0.365011244E-16
    0.309005706E-16
    0.342024692E-16
    0.316723386E-16
    0.369993627E-16
    0.413369185E-16
    0.291403529E-16
    0.395298686E-16
    0.363758407E-16
    0.264410046E-16
    0.352084717E-16
    0.347521124E-16
    0.352077370E-16
    0.342492313E-16
    0.386816396E-16
    0.408535867E-16
    0.285877252E-16
    0.354195890E-16
    0.371178109E-16
    0.284337482E-16
    0.346178595E-16
    0.369203518E-16
    0.375282596E-16
    0.343621320E-16
    0.349188667E-16
    0.396500097E-16
    0.313476977E-16
    0.317385330E-16
    0.366968491E-16
    0.338259024E-16
    0.325506526E-16
    0.338670529E-16
    0.366783340E-16
    0.350140954E-16
    0.313370911E-16
    0.355380861E-16
    0.378219087E-16
    0.293297634E-16
    0.322453327E-16
    0.354671476E-16
    0.299990146E-16
    0.308366307E-16
    0.309823618E-16
    0.385178640E-16
    0.312539082E-16
    0.291919600E-16
    0.413465138E-16
    0.260233036E-16
    0.281728585E-16
    0.307419380E-16
    0.284344018E-16
    0.324827623E-16
    0.247448271E-16
    0.417622580E-16
    0.306565233E-16
    0.244004034E-16
    0.383224492E-16
    0.206960214E-16
    0.286867844E-16
    0.252624066E-16
    0.293486407E-16
    0.357821091E-16
    0.216120125E-16
    0.412740224E-16
    0.257920431E-16
    0.230322736E-16
    0.322133563E-16
    0.181749619E-16
    0.327020396E-16
    0.229710685E-16
    0.322322049E-16
    0.343368804E-16
    0.206154166E-16
    0.361320548E-16
    0.205568893E-16
    0.248963412E-16
    0.275356425E-16
    0.225057464E-16
    0.338254350E-16
    0.228915697E-16
    0.324740270E-16
    0.284087024E-16
    0.214343465E-16
    0.302522032E-16
    0.221399964E-16
    0.274862688E-16
    0.262057844E-16
    0.280868994E-16
    0.303400104E-16
    0.232085459E-16
    0.299081239E-16
    0.261531842E-16
    0.240346909E-16
    0.274934796E-16
    0.279413469E-16
    0.276607712E-16
    0.248722665E-16
    0.299767951E-16
    0.270723432E-16
    0.233029046E-16
    0.286062111E-16
    0.285121383E-16
    0.251995790E-16
    0.266345658E-16
    0.305608894E-16
    0.255400190E-16
    0.236882991E-16
    0.300579520E-16
    0.268992436E-16
    0.237071236E-16
    0.300815208E-16
    0.290876725E-16
    0.246734655E-16
    0.267343646E-16
    0.289109579E-16
    0.256865248E-16
    0.228658555E-16
    0.310985964E-16
    0.275415241E-16
    0.228873798E-16
    0.306324018E-16
    0.269767014E-16
    0.244975445E-16
    0.238803604E-16
    0.287243780E-16
    0.269797290E-16
    0.198579482E-16
    0.321700390E-16
    0.273773120E-16
    0.210901702E-16
    0.276245355E-16
    0.271253338E-16
    0.247374821E-16
    0.199184032E-16
    0.312028788E-16
    0.274727712E-16
    0.186299920E-16
    0.313395902E-16
    0.269363970E-16
    0.221427803E-16
    0.231582200E-16
    0.293610757E-16
    0.256824987E-16
    0.188718880E-16
    0.329563883E-16
    0.257946245E-16
    0.219238060E-16
    0.270269262E-16
    0.266521504E-16
    0.255147002E-16
    0.199651693E-16
    0.321419255E-16
    0.255722790E-16
    0.220940380E-16
    0.309738224E-16
    0.237403792E-16
    0.274399897E-16
    0.225117668E-16
    0.276170669E-16
    0.293463664E-16
    0.203288951E-16
    0.323606026E-16
    0.247717450E-16
    0.256337488E-16
    0.276935985E-16
    0.218997330E-16
    0.314991094E-16
    0.212662387E-16
    0.273768348E-16
    0.292738867E-16
    0.218601554E-16
    0.296878572E-16
    0.213293218E-16
    0.281362999E-16
    0.258718628E-16
    0.200628833E-16
    0.329167331E-16
    0.228825379E-16
    0.233284843E-16
    0.298875700E-16
    0.244504018E-16
    0.248627742E-16
    0.240822955E-16
    0.317576524E-16
    0.238850589E-16
    0.214716944E-16
    0.370494381E-16
    0.222196536E-16
    0.214690933E-16
    0.345122869E-16
    0.248165070E-16
    0.225023582E-16
    0.284375369E-16
    0.297347156E-16
    0.233154070E-16
    0.225805460E-16
    0.311577631E-16
    0.236102907E-16
    0.213061335E-16
    0.284085272E-16
    0.243582661E-16
    0.254531207E-16
    0.236755114E-16
    0.261650794E-16
    0.286385091E-16
    0.226587736E-16
    0.277789568E-16
    0.291673135E-16
    0.263042835E-16
    0.300279327E-16
    0.292753336E-16
    0.287139062E-16
    0.329822269E-16
    0.303012945E-16
    0.270649936E-16
    0.335594317E-16
    0.347219535E-16
    0.238854853E-16
    0.304348936E-16
    0.374809352E-16
    0.247211804E-16
    0.238200291E-16
    0.351253559E-16
    0.297497996E-16
    0.201498443E-16
    0.309695915E-16
    0.313511113E-16
    0.252349876E-16
    0.280766446E-16
    0.285128513E-16
    0.331372461E-16
    0.316594938E-16
    0.277808774E-16
    0.360306711E-16
    0.383041908E-16
    0.355811044E-16
    0.327437459E-16
    0.420242593E-16
    0.473188519E-16
    0.321824329E-16
    0.428106725E-16
    0.493087448E-16
    0.420150970E-16
    0.414903819E-16
    0.433970062E-16
    0.514097580E-16
    0.436900609E-16
    0.411291977E-16
    0.492990394E-16
    0.475299706E-16
    0.497794771E-16
    0.415985567E-16
    0.476966592E-16
    0.622653010E-16
    0.426082408E-16
    0.474107148E-16
    0.635509547E-16
    0.595830227E-16
    0.502241498E-16
    0.597687398E-16
    0.763022087E-16
    0.609207932E-16
    0.653454638E-16
    0.800052391E-16
    0.741485292E-16
    0.847211325E-16
    0.800740424E-16
    0.834908160E-16
    0.105203312E-15
    0.902290889E-16
    0.916249321E-16
    0.112366800E-15
    0.115712392E-15
    0.991769097E-16
    0.117506401E-15
    0.137508576E-15
    0.111625937E-15
    0.131609460E-15
    0.148259437E-15
    0.128111798E-15
    0.153858706E-15
    0.160674195E-15
    0.148177494E-15
    0.174347779E-15
    0.184232905E-15
    0.175310926E-15
    0.191774141E-15
    0.222426142E-15
    0.203444151E-15
    0.224024882E-15
    0.259499463E-15
    0.237995564E-15
    0.270345780E-15
    0.296887000E-15
    0.280189960E-15
    0.318411009E-15
    0.344693913E-15
    0.331689427E-15
    0.358345829E-15
    0.402995793E-15
    0.390113049E-15
    0.401923812E-15
    0.467510180E-15
    0.448799340E-15
    0.469327832E-15
    0.525836202E-15
    0.523194423E-15
    0.552930470E-15
    0.598122835E-15
    0.613244229E-15
    0.649877638E-15
    0.702928874E-15
    0.721974469E-15
    0.757124902E-15
    0.845205257E-15
    0.851761654E-15
    0.887708887E-15
    0.100865501E-14
    0.101198574E-14
    0.104924821E-14
    0.116772230E-14
    0.121758562E-14
    0.123719038E-14
    0.133956691E-14
    0.143539254E-14
    0.146370414E-14
    0.155452387E-14
    0.165264293E-14
    0.171221539E-14
    0.184474684E-14
    0.189436999E-14
    0.198610118E-14
    0.218154198E-14
    0.223060223E-14
    0.229998547E-14
    0.253542235E-14
    0.268190689E-14
    0.270814198E-14
    0.293122345E-14
    0.318075512E-14
    0.325043415E-14
    0.344140808E-14
    0.370216063E-14
    0.387346100E-14
    0.411911812E-14
    0.430745505E-14
    0.454924796E-14
    0.489193747E-14
    0.510392264E-14
    0.530354131E-14
    0.572282810E-14
    0.606018233E-14
    0.624902983E-14
    0.664666368E-14
    0.710123531E-14
    0.739996839E-14
    0.779506661E-14
    0.823577913E-14
    0.869350163E-14
    0.919665851E-14
    0.960121145E-14
    0.101324051E-13
    0.107764052E-13
    0.112741190E-13
    0.118145241E-13
    0.125506448E-13
    0.131802363E-13
    0.138326228E-13
    0.146011171E-13
    0.153176892E-13
    0.161177026E-13
    0.170219773E-13
    0.177432904E-13
    0.186631297E-13
    0.197078345E-13
    0.205468787E-13
    0.215046733E-13
    0.226388348E-13
    0.236016756E-13
    0.247121499E-13
    0.258633501E-13
    0.268792314E-13
    0.281560754E-13
    0.294617720E-13
    0.304645429E-13
    0.318248860E-13
    0.333389256E-13
    0.344805195E-13
    0.358797570E-13
    0.375297998E-13
    0.389246462E-13
    0.405561252E-13
    0.423815951E-13
    0.440248727E-13
    0.461509565E-13
    0.485018059E-13
    0.506941115E-13
    0.536018775E-13
    0.571384242E-13
    0.607526848E-13
    0.654784730E-13
    0.713214425E-13
    0.780577944E-13
    0.869040125E-13
    0.979422123E-13
    0.110891279E-12
    0.128240163E-12
    0.150233321E-12
    0.176386139E-12
    0.210213008E-12
    0.253791130E-12
    0.306653456E-12
    0.373547960E-12
    0.457871305E-12
    0.562151880E-12
    0.693360365E-12
    0.856475821E-12
    0.105634984E-11
    0.130848177E-11
    0.162114529E-11
    0.200097591E-11
    0.247432037E-11
    0.306385908E-11
    0.377860672E-11
    0.465819741E-11
    0.574810601E-11
    0.707513678E-11
    0.869576490E-11
    0.106866910E-10
    0.131108259E-10
    0.160655030E-10
    0.196716117E-10
    0.240453546E-10
    0.293648804E-10
    0.358375097E-10
    0.436594630E-10
    0.531302086E-10
    0.646317541E-10
    0.784995376E-10
    0.952216590E-10
    0.115454138E-09
    0.139828498E-09
    0.169118571E-09
    0.204423999E-09
    0.246872061E-09
    0.297785611E-09
    0.358920296E-09
    0.432257134E-09
    0.520028631E-09
    0.625136491E-09
    0.750865434E-09
    0.901024434E-09
    0.108037320E-08
    0.129438701E-08
    0.154935407E-08
    0.185314347E-08
    0.221479646E-08
    0.264464023E-08
    0.315548964E-08
    0.376224522E-08
    0.448179170E-08
    0.533474994E-08
    0.634550822E-08
    0.754148383E-08
    0.895579965E-08
    0.106276447E-07
    0.126016349E-07
    0.149303899E-07
    0.176766536E-07
    0.209117907E-07
    0.247198344E-07
    0.291996329E-07
    0.344650327E-07
    0.406484770E-07
    0.479059889E-07
    0.564160887E-07
    0.663872697E-07
    0.780629625E-07
    0.917225973E-07
    0.107689686E-06
    0.126343076E-06
    0.148115627E-06
    0.173507179E-06
    0.203100343E-06
    0.237562736E-06
    0.277660015E-06
    0.324281887E-06
    0.378448179E-06
    0.441325250E-06
    0.514261121E-06
    0.598799787E-06
    0.696705023E-06
    0.810004953E-06
    0.941019212E-06
    0.109239013E-05
    0.126715036E-05
    0.146875520E-05
    0.170113464E-05
    0.196878090E-05
    0.227681048E-05
    0.263101528E-05
    0.303800201E-05
    0.350527672E-05
    0.404132428E-05
    0.465576998E-05
    0.535954416E-05
    0.616496752E-05
    0.708597251E-05
    0.813832231E-05
    0.933977703E-05
    0.107103349E-04
    0.122725605E-04
    0.140518152E-04
    0.160765953E-04
    0.183789299E-04
    0.209947421E-04
    0.239642818E-04
    0.273326660E-04
    0.311503431E-04
    0.354736901E-04
    0.403657246E-04
    0.458967213E-04
    0.521449732E-04
    0.591977478E-04
    0.671521255E-04
    0.761159198E-04
    0.862089477E-04
    0.975641534E-04
    0.110328772E-03
    0.124665880E-03
    0.140755960E-03
    0.158798334E-03
    0.179013079E-03
    0.201643030E-03
    0.226955679E-03
    0.255245420E-03
    0.286836129E-03
    0.322083546E-03
    0.361378031E-03
    0.405147671E-03
    0.453861330E-03
    0.508031928E-03
    0.568220219E-03
    0.635038509E-03
    0.709154618E-03
    0.791296320E-03
    0.882255879E-03
    0.982894693E-03
    0.109414854E-02
    0.121703285E-02
    0.135264826E-02
    0.150218654E-02
    0.166693677E-02
    0.184829164E-02
    0.204775432E-02
    0.226694531E-02
    0.250760958E-02
    0.277162420E-02
    0.306100613E-02
    0.337791969E-02
    0.372468519E-02
    0.410378727E-02
    0.451788297E-02
    0.496981044E-02
    0.546259850E-02
    0.599947444E-02
    0.658387296E-02
    0.721944591E-02
    0.791007072E-02
    0.865985803E-02
    0.947316174E-02
    0.103545874E-01
    0.113089987E-01
    0.123415261E-01
    0.134575755E-01
    0.146628331E-01
    0.159632714E-01
    0.173651573E-01
    0.188750554E-01
    0.204998307E-01
    0.222466537E-01
    0.241230032E-01
    0.261366639E-01
    0.282957282E-01
    0.306085963E-01
    0.330839696E-01
    0.357308469E-01
    0.385585209E-01
    0.415765678E-01
    0.447948355E-01
    0.482234359E-01
    0.518727298E-01
    0.557533072E-01
    0.598759728E-01
    0.642517261E-01
    0.688917343E-01
    0.738073084E-01
    0.790098784E-01
    0.845109591E-01
    0.903221157E-01
    0.964549332E-01
    0.102920975E+00
    0.109731740E+00
    0.116898623E+00
    0.124432867E+00
    0.132345514E+00
    0.140647353E+00
    0.149348874E+00
    0.158460204E+00
    0.167991051E+00
    0.177950652E+00
    0.188347706E+00
    0.199190311E+00
    0.210485905E+00
    0.222241202E+00
    0.234462118E+00
    0.247153717E+00
    0.260320142E+00
    0.273964543E+00
    0.288089021E+00
    0.302694559E+00
    0.317780966E+00
    0.333346804E+00
    0.349389342E+00
    0.365904495E+00
    0.382886767E+00
    0.400329207E+00
    0.418223364E+00
    0.436559235E+00
    0.455325238E+00
    0.474508178E+00
    0.494093217E+00
    0.514063852E+00
    0.534401905E+00
    0.555087514E+00
    0.576099125E+00
    0.597413500E+00
    0.619005742E+00
    0.640849295E+00
    0.662915984E+00
    0.685176052E+00
    0.707598205E+00
    0.730149651E+00
    0.752796177E+00
    0.775502215E+00
    0.798230908E+00
    0.820944201E+00
    0.843602941E+00
    0.866166967E+00
    0.888595213E+00
    0.910845839E+00
    0.932876341E+00
    0.954643671E+00
    0.976104382E+00
    0.997214766E+00
    0.101793098E+01
    0.103820922E+01
    0.105800583E+01
    0.107727750E+01
    0.109598139E+01
    0.111407528E+01
    0.113151776E+01
    0.114826836E+01
    0.116428768E+01
    0.117953760E+01
    0.119398140E+01
    0.120758388E+01
    0.122031155E+01
    0.123213272E+01
    0.124301766E+01
    0.125293873E+01
    0.126187045E+01
    0.126978967E+01
    0.127667562E+01
    0.128251003E+01
    0.128727718E+01
    0.129096400E+01
    0.129356013E+01
    0.129505792E+01
    0.129545253E+01
    0.129474193E+01
    0.129292688E+01
    0.129001099E+01
    0.128600067E+01
    0.128090510E+01
    0.127473624E+01
    0.126750874E+01
    0.125923989E+01
    0.124994957E+01
    0.123966017E+01
    0.122839647E+01
    0.121618557E+01
    0.120305676E+01
    0.118904144E+01
    0.117417296E+01
    0.115848647E+01
    0.114201885E+01
    0.112480849E+01
    0.110689520E+01
    0.108832000E+01
    0.106912503E+01
    0.104935332E+01
    0.102904869E+01
    0.100825555E+01
    0.987018750E+00
    0.965383414E+00
    0.943394798E+00
    0.921098122E+00
    0.898538401E+00
    0.875760323E+00
    0.852808101E+00
    0.829725310E+00
    0.806554768E+00
    0.783338428E+00
    0.760117228E+00
    0.736930981E+00
    0.713818294E+00
    0.690816454E+00
    0.667961331E+00
    0.645287314E+00
    0.622827238E+00
    0.600612312E+00
    0.578672067E+00
    0.557034322E+00
    0.535725139E+00
    0.514768792E+00
    0.494187758E+00
    0.474002702E+00
    0.454232474E+00
    0.434894115E+00
    0.416002870E+00
    0.397572211E+00
    0.379613858E+00
    0.362137818E+00
    0.345152419E+00
    0.328664363E+00
    0.312678766E+00
    0.297199216E+00
    0.282227833E+00
    0.267765332E+00
    0.253811082E+00
    0.240363177E+00
    0.227418511E+00
    0.214972839E+00
    0.203020856E+00
    0.191556276E+00
    0.180571891E+00
    0.170059658E+00
    0.160010768E+00
    0.150415721E+00
    0.141264390E+00
    0.132546101E+00
    0.124249698E+00
    0.116363608E+00
    0.108875908E+00
    0.101774386E+00
    0.950466002E-01
    0.886799377E-01
    0.826616683E-01
    0.769789946E-01
    0.716191009E-01
    0.665691993E-01
    0.618165706E-01
    0.573486038E-01
    0.531528322E-01
    0.492169663E-01
    0.455289231E-01
    0.420768535E-01
    0.388491659E-01
    0.358345475E-01
    0.330219827E-01
    0.304007685E-01
    0.279605281E-01
    0.256912218E-01
    0.235831551E-01
    0.216269853E-01
    0.198137264E-01
    0.181347507E-01
    0.165817902E-01
    0.151469358E-01
    0.138226346E-01
    0.126016862E-01
    0.114772386E-01
    0.104427812E-01
    0.949213831E-02
    0.861946172E-02
    0.781922158E-02
    0.708619743E-02
    0.641546888E-02
    0.580240495E-02
    0.524265377E-02
    0.473213234E-02
    0.426701509E-02
    0.384372280E-02
    0.345891228E-02
    0.310946493E-02
    0.279247544E-02
    0.250524162E-02
    0.224525382E-02
    0.201018383E-02
    0.179787516E-02
    0.160633341E-02
    0.143371623E-02
    0.127832396E-02
    0.113859113E-02
    0.101307766E-02
    0.900460400E-03
    0.799525445E-03
    0.709160698E-03
    0.628348488E-03
    0.556158865E-03
    0.491743207E-03
    0.434328088E-03
    0.383209544E-03
    0.337747691E-03
    0.297361593E-03
    0.261524619E-03
    0.229759944E-03
    0.201636331E-03
    0.176764343E-03
    0.154792831E-03
    0.135405405E-03
    0.118317417E-03
    0.103273220E-03
    0.900434109E-04
    0.784223273E-04
    0.682259789E-04
    0.592899409E-04
    0.514673584E-04
    0.446273190E-04
    0.386533133E-04
    0.334416886E-04
    0.289003787E-04
    0.249477579E-04
    0.215115037E-04
    0.185276193E-04
    0.159395769E-04
    0.136974804E-04
    0.117573577E-04
    0.100805164E-04
    0.863292606E-05
    0.738471171E-05
    0.630969954E-05
    0.538494911E-05
    0.459039192E-05
    0.390852311E-05
    0.332406213E-05
    0.282368265E-05
    0.239580829E-05
    0.203037935E-05
    0.171865229E-05
    0.145305800E-05
    0.122704795E-05
    0.103495427E-05
    0.871886726E-06
    0.733629946E-06
    0.616551559E-06
    0.517531298E-06
    0.433887395E-06
    0.363317460E-06
    0.303853973E-06
    0.253812539E-06
    0.211750204E-06
    0.176439963E-06
    0.146836869E-06
    0.122048333E-06
    0.101317244E-06
    0.840027514E-07
    0.695597596E-07
    0.575271353E-07
    0.475157744E-07
    0.391968206E-07
    0.322931607E-07
    0.265714505E-07
    0.218352969E-07
    0.179202315E-07
    0.146882489E-07
    0.120234657E-07
    0.982924332E-08
    0.802503400E-08
    0.654340988E-08
    0.532827477E-08
    0.433303992E-08
    0.351906351E-08
    0.285419284E-08
    0.231181558E-08
    0.187001617E-08
    0.151061537E-08
    0.121861389E-08
    0.981752860E-09
    0.789859654E-09
    0.634562545E-09
    0.509134785E-09
    0.407955615E-09
    0.326386957E-09
    0.260783172E-09
    0.208097398E-09
    0.165796530E-09
    0.131918401E-09
    0.104821560E-09
    0.831583251E-10
    0.658930246E-10
    0.521375623E-10
    0.411752886E-10
    0.324908666E-10
    0.256026897E-10
    0.201267889E-10
    0.158109966E-10
    0.124082321E-10
    0.971033284E-11
    0.759432889E-11
    0.593279110E-11
    0.462158662E-11
    0.359986905E-11
    0.279925631E-11
    0.216864701E-11
    0.168340221E-11
    0.130347480E-11
    0.100371267E-11
    0.776101640E-12
    0.598858141E-12
    0.458307519E-12
    0.353041382E-12
    0.271323051E-12
    0.206526357E-12
    0.158671964E-12
    0.121328394E-12
    0.917266868E-13
    0.705639147E-13
    0.535941258E-13
    0.401352378E-13
    0.310139052E-13
    0.234841916E-13
    0.173113073E-13
    0.134450687E-13
    0.101612982E-13
    0.740989670E-14
    0.574218572E-14
    0.429997785E-14
    0.313134801E-14
    0.246769735E-14
    0.178663567E-14
    0.126965083E-14
    0.106532345E-14
    0.755675868E-15
    0.496969032E-15
    0.448385044E-15
    0.329760327E-15
    0.210961737E-15
    0.193533500E-15
    0.136436286E-15
    0.106250361E-15
    0.967056325E-16
    0.658355266E-16
    0.554782751E-16
    0.549449121E-16
    0.448965664E-16
    0.378555287E-16
    0.360376119E-16
    0.336520045E-16
    0.323001571E-16
    0.352397235E-16
    0.213218385E-16
    0.302360374E-16
    0.384697928E-16
    0.199637534E-16
    0.254395370E-16
    0.357200514E-16
    0.255502915E-16
    0.230468660E-16
    0.318712478E-16
    0.310221259E-16
    0.228546985E-16
    0.275597774E-16
    0.324513992E-16
    0.232466459E-16
    0.275289461E-16
    0.320703747E-16
    0.244617197E-16
    0.275763374E-16
    0.303835839E-16
    0.252746337E-16
    0.273763829E-16
    0.288672372E-16
    0.286503171E-16
    0.250422640E-16
    0.289495869E-16
    0.302234109E-16
    0.217750493E-16
    0.320347032E-16
    0.275855175E-16
    0.234136652E-16
    0.307602198E-16
    0.270571587E-16
    0.254871723E-16
    0.261296168E-16
    0.304593113E-16
    0.256297790E-16
    0.217979448E-16
    0.328357658E-16
    0.241472571E-16
    0.217570281E-16
    0.320269643E-16
    0.247117553E-16
    0.224205111E-16
    0.268116268E-16
    0.282739933E-16
    0.209364377E-16
    0.230852384E-16
    0.326280495E-16
    0.201776660E-16
    0.199118000E-16
    0.324788808E-16
    0.217755605E-16
    0.187180453E-16
    0.276764747E-16
    0.268946139E-16
    0.184729488E-16
    0.223618300E-16
    0.312600169E-16
    0.181612493E-16
    0.194202748E-16
    0.302208846E-16
    0.196980781E-16
    0.196087500E-16
    0.261964093E-16
    0.253294462E-16
    0.185676290E-16
    0.220027414E-16
    0.275445934E-16
    0.174389041E-16
    0.217928206E-16
    0.260443506E-16
    0.209346062E-16
    0.214113366E-16
    0.229627458E-16
    0.233233224E-16
    0.199187525E-16
    0.220414997E-16
    0.240235432E-16
    0.197852750E-16
    0.233376846E-16
    0.219144215E-16
    0.220975723E-16
    0.223274265E-16
    0.201526570E-16
    0.234231696E-16
    0.210751452E-16
    0.218647793E-16
    0.213641551E-16
    0.228970604E-16
    0.230232335E-16
    0.184735640E-16
    0.233578311E-16
    0.241850351E-16
    0.186514475E-16
    0.215727700E-16
    0.238940115E-16
    0.229525535E-16
    0.185055148E-16
    0.225001100E-16
    0.281803527E-16
    0.167065096E-16
    0.208210332E-16
    0.268292670E-16
    0.222232989E-16
    0.195066909E-16
    0.223312030E-16
    0.311214675E-16
    0.169280536E-16
    0.195740149E-16
    0.316827526E-16
    0.213205836E-16
    0.205092876E-16
    0.247116903E-16
    0.295661840E-16
    0.204165383E-16
    0.198990143E-16
    0.336031370E-16
    0.217704435E-16
    0.230949926E-16
    0.268607726E-16
    0.238196300E-16
    0.273209241E-16
    0.215380301E-16
    0.294085395E-16
    0.251721100E-16
    0.269746578E-16
    0.251064267E-16
    0.197979918E-16
    0.340699279E-16
    0.221228662E-16
    0.230054641E-16
    0.308788551E-16
    0.276801684E-16
    0.225411347E-16
    0.203803959E-16
    0.363975325E-16
    0.218044178E-16
    0.205334883E-16
    0.343504562E-16
    0.245297983E-16
    0.240532029E-16
    0.226670956E-16
    0.334033818E-16
    0.246426283E-16
    0.213355476E-16
    0.327212480E-16
    0.233670668E-16
    0.276121435E-16
    0.231635573E-16
    0.298922241E-16
    0.311200655E-16
    0.202417656E-16
    0.294991878E-16
    0.273986982E-16
    0.278487971E-16
    0.221833577E-16
    0.311770962E-16
    0.343945059E-16
    0.189116915E-16
    0.284548664E-16
    0.314369961E-16
    0.252945202E-16
    0.241395027E-16
    0.320229682E-16
    0.325900844E-16
    0.231616553E-16
    0.273848885E-16
    0.301740119E-16
    0.267134359E-16
    0.285598994E-16
    0.256031028E-16
    0.335201390E-16
    0.295375301E-16
    0.236463036E-16
    0.282200399E-16
    0.324902144E-16
    0.283187327E-16
    0.205734903E-16
    0.386363756E-16
    0.292437178E-16
    0.220135630E-16
    0.311455511E-16
    0.342695183E-16
    0.233354612E-16
    0.273674056E-16
    0.388836513E-16
    0.247217605E-16
    0.272512930E-16
    0.336916174E-16
    0.301050523E-16
    0.218974477E-16
    0.381654595E-16
    0.318276836E-16
    0.257415809E-16
    0.349331075E-16
    0.300858534E-16
    0.265594920E-16
    0.271922139E-16
    0.389945987E-16
    0.266718477E-16
    0.326217527E-16
    0.375604270E-16
    0.251518951E-16
    0.280754005E-16
    0.325146120E-16
    0.297636298E-16
    0.317177058E-16
    0.357557925E-16
    0.348402109E-16
    0.273091270E-16
    0.321078765E-16
    0.310082679E-16
    0.241689580E-16
    0.414546280E-16
    0.306456521E-16
    0.346075719E-16
    0.358929811E-16
    0.331565608E-16
    0.278382822E-16
    0.284833688E-16
    0.434237215E-16
    0.275697333E-16
    0.392067721E-16
    0.415945753E-16
    0.335801520E-16
    0.327537761E-16
    0.332418496E-16
    0.365243802E-16
    0.333272241E-16
    0.435768466E-16
    0.416525786E-16
    0.360148053E-16
    0.453037544E-16
    0.355054169E-16
    0.302050592E-16
    0.413429717E-16
    0.382060364E-16
    0.401168519E-16
    0.425508355E-16
    0.498862507E-16
    0.355517924E-16
    0.457480131E-16
    0.438767768E-16
    0.216853004E-16
    0.471212795E-16
    0.379138175E-16
    0.381389218E-16
    0.404124051E-16
    0.536545821E-16
    0.432828785E-16
    0.404967033E-16
    0.479264037E-16
    0.275598643E-16
    0.503325728E-16
    0.375152130E-16
    0.341248943E-16
    0.475690695E-16
    0.493176999E-16
    0.531583235E-16
    0.418783162E-16
    0.567412372E-16
    0.488337132E-16
    0.547426212E-16
    0.613940037E-16
    0.563818733E-16
    0.754137820E-16
    0.654297721E-16
    0.591504503E-16
    0.516839354E-16
    0.604330017E-16
    0.702244665E-16
    0.649099138E-16
    0.710905289E-16
    0.761908398E-16
    0.821937343E-16
    0.954777368E-16
    0.846427090E-16
    0.697065328E-16
    0.836300175E-16
    0.833196830E-16
    0.840661153E-16
    0.782634880E-16
    0.462477511E-16
    0.495759346E-16
    0.444699262E-16
    0.470420137E-16
    0.490747612E-16
    0.315020580E-16
    0.278642988E-16
    0.225918518E-16
    0.261631777E-16
    0.250638440E-16
    0.270167267E-16
    0.225500151E-16
    0.200365482E-16
    0.198319523E-16
    0.200165395E-16
    0.222515472E-16
    0.189184802E-16
