 #tdnd tdcion
    0.225193074E-16
    0.195622550E-16
    0.252086334E-16
    0.223860549E-16
    0.231802307E-16
    0.178239024E-16
    0.264429809E-16
    0.204550314E-16
    0.212149954E-16
    0.204398307E-16
    0.248772641E-16
    0.216155070E-16
    0.181021770E-16
    0.243881108E-16
    0.217421592E-16
    0.229718541E-16
    0.171908723E-16
    0.252331315E-16
    0.204914922E-16
    0.219848750E-16
    0.192470604E-16
    0.243317867E-16
    0.218902614E-16
    0.200672384E-16
    0.227610885E-16
    0.224126437E-16
    0.232543005E-16
    0.188624665E-16
    0.239346184E-16
    0.208251137E-16
    0.236055523E-16
    0.208756443E-16
    0.239990948E-16
    0.214488799E-16
    0.229104013E-16
    0.236820783E-16
    0.226429307E-16
    0.228886203E-16
    0.214789281E-16
    0.247835511E-16
    0.207738439E-16
    0.237039756E-16
    0.225264966E-16
    0.258980590E-16
    0.202716440E-16
    0.237238445E-16
    0.242794862E-16
    0.246823111E-16
    0.212921056E-16
    0.226266077E-16
    0.249244644E-16
    0.223171025E-16
    0.224990804E-16
    0.219791810E-16
    0.258915183E-16
    0.205384015E-16
    0.233328213E-16
    0.221489994E-16
    0.253728911E-16
    0.196124573E-16
    0.233890653E-16
    0.216687387E-16
    0.237153636E-16
    0.196063258E-16
    0.232229390E-16
    0.216194576E-16
    0.216728042E-16
    0.199883800E-16
    0.228348646E-16
    0.213310996E-16
    0.198917346E-16
    0.209134701E-16
    0.221676949E-16
    0.206770868E-16
    0.187742240E-16
    0.219246505E-16
    0.217897759E-16
    0.199365189E-16
    0.178246209E-16
    0.227850285E-16
    0.204243627E-16
    0.196412029E-16
    0.179840729E-16
    0.246211622E-16
    0.196717604E-16
    0.196801855E-16
    0.180375886E-16
    0.259662546E-16
    0.187909497E-16
    0.199617254E-16
    0.182415711E-16
    0.261584857E-16
    0.174860015E-16
    0.216823513E-16
    0.201313800E-16
    0.272397359E-16
    0.175769519E-16
    0.221209232E-16
    0.215897943E-16
    0.269754521E-16
    0.177229778E-16
    0.225017551E-16
    0.222126977E-16
    0.254549534E-16
    0.192857853E-16
    0.247522501E-16
    0.248635706E-16
    0.249323106E-16
    0.206469198E-16
    0.247772156E-16
    0.257541956E-16
    0.236932659E-16
    0.217887547E-16
    0.247441301E-16
    0.251400040E-16
    0.232468188E-16
    0.245603239E-16
    0.269517340E-16
    0.264478641E-16
    0.230494856E-16
    0.253318587E-16
    0.265255530E-16
    0.251640179E-16
    0.231293382E-16
    0.263287060E-16
    0.258821955E-16
    0.245207110E-16
    0.244315302E-16
    0.284027808E-16
    0.269082170E-16
    0.247987462E-16
    0.241441337E-16
    0.287659838E-16
    0.251458318E-16
    0.234609145E-16
    0.253943232E-16
    0.293766538E-16
    0.239364495E-16
    0.243426017E-16
    0.259921266E-16
    0.303631703E-16
    0.242374202E-16
    0.238404170E-16
    0.256829055E-16
    0.300744222E-16
    0.224269959E-16
    0.236168098E-16
    0.267563421E-16
    0.294788777E-16
    0.230387061E-16
    0.246348520E-16
    0.260063332E-16
    0.292136278E-16
    0.238959671E-16
    0.233411429E-16
    0.261141091E-16
    0.277863453E-16
    0.237976866E-16
    0.242713743E-16
    0.261859196E-16
    0.266850845E-16
    0.260997941E-16
    0.238234415E-16
    0.255163564E-16
    0.258979153E-16
    0.264832696E-16
    0.230496023E-16
    0.263473035E-16
    0.247307437E-16
    0.274811002E-16
    0.232611252E-16
    0.263600993E-16
    0.246129010E-16
    0.286254304E-16
    0.215259466E-16
    0.270777371E-16
    0.245270983E-16
    0.283916575E-16
    0.208892105E-16
    0.279764704E-16
    0.248678995E-16
    0.290903490E-16
    0.195730131E-16
    0.281738520E-16
    0.257037815E-16
    0.288948218E-16
    0.184732057E-16
    0.286156920E-16
    0.262208641E-16
    0.286991540E-16
    0.184053200E-16
    0.282356618E-16
    0.270180845E-16
    0.282872912E-16
    0.186046362E-16
    0.274832345E-16
    0.273028989E-16
    0.273924207E-16
    0.199523603E-16
    0.265441416E-16
    0.274767142E-16
    0.262218933E-16
    0.220542295E-16
    0.251349739E-16
    0.274075734E-16
    0.248379149E-16
    0.241211566E-16
    0.238519861E-16
    0.269295669E-16
    0.234204171E-16
    0.266812775E-16
    0.227281746E-16
    0.266162531E-16
    0.223308863E-16
    0.284536024E-16
    0.214261432E-16
    0.258804351E-16
    0.217242328E-16
    0.297260188E-16
    0.209526104E-16
    0.251419741E-16
    0.214803576E-16
    0.307795989E-16
    0.202688438E-16
    0.246363345E-16
    0.221918798E-16
    0.305311375E-16
    0.202778877E-16
    0.235333808E-16
    0.225623834E-16
    0.310092539E-16
    0.208438900E-16
    0.231279029E-16
    0.238460033E-16
    0.303040565E-16
    0.213808679E-16
    0.224145190E-16
    0.245485360E-16
    0.302375438E-16
    0.229984672E-16
    0.217657415E-16
    0.254752093E-16
    0.300625409E-16
    0.241525479E-16
    0.217421679E-16
    0.263432429E-16
    0.292520381E-16
    0.260601145E-16
    0.211210897E-16
    0.269763932E-16
    0.296393921E-16
    0.273154474E-16
    0.212255711E-16
    0.279182582E-16
    0.283594040E-16
    0.289695040E-16
    0.209630784E-16
    0.284056465E-16
    0.286451495E-16
    0.298347754E-16
    0.209253135E-16
    0.296428174E-16
    0.276942556E-16
    0.306348128E-16
    0.208815038E-16
    0.297324562E-16
    0.274950870E-16
    0.313636536E-16
    0.209565994E-16
    0.313579668E-16
    0.274949522E-16
    0.307505284E-16
    0.210729499E-16
    0.315213493E-16
    0.271837120E-16
    0.313967701E-16
    0.212675036E-16
    0.329702232E-16
    0.280247770E-16
    0.298578307E-16
    0.219946258E-16
    0.342712055E-16
    0.281533542E-16
    0.295341968E-16
    0.222973423E-16
    0.348651209E-16
    0.291641853E-16
    0.282982640E-16
    0.240327151E-16
    0.371974799E-16
    0.297321592E-16
    0.265277607E-16
    0.249606539E-16
    0.368384359E-16
    0.303168591E-16
    0.261577255E-16
    0.273833934E-16
    0.385389410E-16
    0.308942692E-16
    0.238723390E-16
    0.296385144E-16
    0.375960360E-16
    0.307848010E-16
    0.239663861E-16
    0.319345358E-16
    0.370207891E-16
    0.310743213E-16
    0.222524482E-16
    0.353598301E-16
    0.360703580E-16
    0.303372511E-16
    0.223920362E-16
    0.367615826E-16
    0.331462550E-16
    0.303670420E-16
    0.212698322E-16
    0.398486415E-16
    0.328602682E-16
    0.292800076E-16
    0.213913712E-16
    0.401029826E-16
    0.291619330E-16
    0.290794771E-16
    0.204575561E-16
    0.410027531E-16
    0.298253875E-16
    0.278873187E-16
    0.204800010E-16
    0.404054332E-16
    0.273016713E-16
    0.273279924E-16
    0.199715828E-16
    0.384065558E-16
    0.284777628E-16
    0.260206055E-16
    0.198151914E-16
    0.373138013E-16
    0.281503491E-16
    0.251600252E-16
    0.202941808E-16
    0.334788295E-16
    0.289823174E-16
    0.236597102E-16
    0.202837166E-16
    0.320007721E-16
    0.303797776E-16
    0.228733187E-16
    0.218950174E-16
    0.282848632E-16
    0.302952684E-16
    0.213970275E-16
    0.226157585E-16
    0.265706670E-16
    0.320353626E-16
    0.209035235E-16
    0.249849398E-16
    0.244511343E-16
    0.311019145E-16
    0.199218331E-16
    0.266419837E-16
    0.229517995E-16
    0.320772831E-16
    0.195376563E-16
    0.289461366E-16
    0.229400335E-16
    0.309332032E-16
    0.191987114E-16
    0.311803638E-16
    0.220742109E-16
    0.309818053E-16
    0.187946311E-16
    0.323232264E-16
    0.238928457E-16
    0.306819974E-16
    0.187415198E-16
    0.343816831E-16
    0.236639811E-16
    0.303450561E-16
    0.185519550E-16
    0.337408518E-16
    0.265000785E-16
    0.317749103E-16
    0.186255514E-16
    0.347881405E-16
    0.265639864E-16
    0.316552055E-16
    0.189578618E-16
    0.328302545E-16
    0.294010922E-16
    0.345744908E-16
    0.197358031E-16
    0.326249340E-16
    0.293001230E-16
    0.348442206E-16
    0.208526925E-16
    0.305761209E-16
    0.312447885E-16
    0.378098171E-16
    0.231386237E-16
    0.297489515E-16
    0.306372401E-16
    0.381597947E-16
    0.253340429E-16
    0.284236387E-16
    0.312901616E-16
    0.398999601E-16
    0.289379845E-16
    0.279788726E-16
    0.300214225E-16
    0.398982098E-16
    0.322290748E-16
    0.272147636E-16
    0.296072706E-16
    0.406089258E-16
    0.356889005E-16
    0.277243839E-16
    0.277921653E-16
    0.402248324E-16
    0.392054830E-16
    0.270627319E-16
    0.269569331E-16
    0.413075657E-16
    0.411708334E-16
    0.281180347E-16
    0.250868864E-16
    0.409058488E-16
    0.433977977E-16
    0.274030715E-16
    0.245620197E-16
    0.431805482E-16
    0.440260674E-16
    0.281340547E-16
    0.234287474E-16
    0.428849915E-16
    0.443292912E-16
    0.272442872E-16
    0.236114915E-16
    0.455223358E-16
    0.446204212E-16
    0.273822396E-16
    0.239223418E-16
    0.451627676E-16
    0.440459402E-16
    0.259507802E-16
    0.245736925E-16
    0.465467472E-16
    0.442637264E-16
    0.260959611E-16
    0.264084787E-16
    0.459975141E-16
    0.444099818E-16
    0.239026626E-16
    0.268742028E-16
    0.452518118E-16
    0.438884105E-16
    0.247755552E-16
    0.296523313E-16
    0.443250789E-16
    0.451194481E-16
    0.223370301E-16
    0.292918392E-16
    0.420804264E-16
    0.433801479E-16
    0.238669411E-16
    0.323028511E-16
    0.404159270E-16
    0.441422735E-16
    0.223083334E-16
    0.309991641E-16
    0.381679301E-16
    0.417532980E-16
    0.238606041E-16
    0.335619103E-16
    0.357334935E-16
    0.399780841E-16
    0.236719254E-16
    0.322825677E-16
    0.342421625E-16
    0.380384924E-16
    0.252553438E-16
    0.335732594E-16
    0.316133081E-16
    0.335859949E-16
    0.255771175E-16
    0.335558982E-16
    0.305570685E-16
    0.325011256E-16
    0.277526776E-16
    0.332053863E-16
    0.284627385E-16
    0.276308260E-16
    0.278172906E-16
    0.340754307E-16
    0.273852010E-16
    0.272580650E-16
    0.301645302E-16
    0.327861951E-16
    0.262314951E-16
    0.244279785E-16
    0.305884900E-16
    0.327243033E-16
    0.249633840E-16
    0.249607279E-16
    0.317084748E-16
    0.314936702E-16
    0.249799400E-16
    0.247452121E-16
    0.330548131E-16
    0.298001814E-16
    0.235905332E-16
    0.263490716E-16
    0.324143877E-16
    0.288902442E-16
    0.247947404E-16
    0.275210835E-16
    0.334370567E-16
    0.270842335E-16
    0.236943346E-16
    0.295558229E-16
    0.319384183E-16
    0.263942510E-16
    0.254286301E-16
    0.305870322E-16
    0.307859433E-16
    0.262261656E-16
    0.254018248E-16
    0.319820170E-16
    0.292697842E-16
    0.261622487E-16
    0.264446829E-16
    0.321740912E-16
    0.261201858E-16
    0.274729575E-16
    0.279909454E-16
    0.325019270E-16
    0.244747243E-16
    0.285297904E-16
    0.275725775E-16
    0.319868087E-16
    0.216916135E-16
    0.297605799E-16
    0.300010916E-16
    0.316789593E-16
    0.200307156E-16
    0.313235378E-16
    0.286347062E-16
    0.308836454E-16
    0.194476963E-16
    0.315281748E-16
    0.304603065E-16
    0.303724139E-16
    0.189852624E-16
    0.321439186E-16
    0.293856639E-16
    0.296369654E-16
    0.200567871E-16
    0.315845111E-16
    0.298443618E-16
    0.290025946E-16
    0.215403481E-16
    0.307747173E-16
    0.298117738E-16
    0.282487328E-16
    0.226465438E-16
    0.299394036E-16
    0.294723795E-16
    0.277948509E-16
    0.247736209E-16
    0.287980484E-16
    0.303790180E-16
    0.266481742E-16
    0.252448548E-16
    0.277998460E-16
    0.302877357E-16
    0.268632078E-16
    0.261198400E-16
    0.274635741E-16
    0.314626053E-16
    0.255913253E-16
    0.262526760E-16
    0.263222290E-16
    0.321187891E-16
    0.263220576E-16
    0.258502205E-16
    0.267456483E-16
    0.327371086E-16
    0.260208334E-16
    0.258964196E-16
    0.255481273E-16
    0.337191027E-16
    0.267007732E-16
    0.256673678E-16
    0.261856863E-16
    0.336306864E-16
    0.278201673E-16
    0.255366410E-16
    0.249315994E-16
    0.338447853E-16
    0.285064706E-16
    0.261992845E-16
    0.257588614E-16
    0.340249362E-16
    0.300479057E-16
    0.255795451E-16
    0.245647115E-16
    0.328071533E-16
    0.309210886E-16
    0.267660499E-16
    0.257776654E-16
    0.341020847E-16
    0.319102750E-16
    0.252728556E-16
    0.252897773E-16
    0.323889373E-16
    0.320416548E-16
    0.266172532E-16
    0.265632661E-16
    0.340807027E-16
    0.326150375E-16
    0.248499555E-16
    0.274085198E-16
    0.336100907E-16
    0.311152787E-16
    0.258843860E-16
    0.282638408E-16
    0.343841095E-16
    0.313015209E-16
    0.260086528E-16
    0.300318698E-16
    0.353873874E-16
    0.293143943E-16
    0.261716754E-16
    0.305318820E-16
    0.352784244E-16
    0.285060504E-16
    0.293024253E-16
    0.321542854E-16
    0.360703080E-16
    0.280680208E-16
    0.295028456E-16
    0.326118676E-16
    0.359644302E-16
    0.266958028E-16
    0.331032277E-16
    0.334686423E-16
    0.352864607E-16
    0.279117342E-16
    0.351582958E-16
    0.341645168E-16
    0.350117191E-16
    0.278045469E-16
    0.361543418E-16
    0.339172391E-16
    0.335224197E-16
    0.290421664E-16
    0.390964097E-16
    0.351717780E-16
    0.323183690E-16
    0.308744401E-16
    0.383795964E-16
    0.337705559E-16
    0.309562983E-16
    0.314769792E-16
    0.389604113E-16
    0.345708014E-16
    0.295227802E-16
    0.333566304E-16
    0.385887031E-16
    0.335513113E-16
    0.282160162E-16
    0.340944033E-16
    0.366395979E-16
    0.315867221E-16
    0.277033720E-16
    0.341151564E-16
    0.357678868E-16
    0.320566009E-16
    0.270421091E-16
    0.350452607E-16
    0.336433732E-16
    0.282361242E-16
    0.269364964E-16
    0.339964721E-16
    0.317920037E-16
    0.278981025E-16
    0.276994031E-16
    0.338397631E-16
    0.296461197E-16
    0.260776806E-16
    0.279728427E-16
    0.340646892E-16
    0.282675492E-16
    0.239453644E-16
    0.285025812E-16
    0.323489766E-16
    0.258314416E-16
    0.239156436E-16
    0.302250453E-16
    0.340275931E-16
    0.248846252E-16
    0.232703484E-16
    0.292723862E-16
    0.331303359E-16
    0.233761728E-16
    0.227048705E-16
    0.309739464E-16
    0.335711560E-16
    0.223735436E-16
    0.237315977E-16
    0.303215751E-16
    0.354730685E-16
    0.220085032E-16
    0.244120522E-16
    0.298466442E-16
    0.346884864E-16
    0.216841650E-16
    0.241243572E-16
    0.303254012E-16
    0.363006508E-16
    0.218471412E-16
    0.261678391E-16
    0.287432959E-16
    0.370510233E-16
    0.228468406E-16
    0.264188920E-16
    0.290578600E-16
    0.365597581E-16
    0.229326494E-16
    0.260408642E-16
    0.281885904E-16
    0.367192501E-16
    0.247546029E-16
    0.282984658E-16
    0.279951828E-16
    0.369845834E-16
    0.257561820E-16
    0.271452789E-16
    0.275698885E-16
    0.353304549E-16
    0.260235066E-16
    0.270191614E-16
    0.277862578E-16
    0.352887983E-16
    0.285118537E-16
    0.284862235E-16
    0.271517268E-16
    0.353044301E-16
    0.284172059E-16
    0.263884377E-16
    0.274098697E-16
    0.343969503E-16
    0.286467636E-16
    0.265046589E-16
    0.273811845E-16
    0.348856047E-16
    0.301861131E-16
    0.268277191E-16
    0.268055544E-16
    0.351883889E-16
    0.288226878E-16
    0.251637741E-16
    0.271049560E-16
    0.352085229E-16
    0.285649661E-16
    0.248433120E-16
    0.265409758E-16
    0.346860473E-16
    0.282923871E-16
    0.253360950E-16
    0.267888942E-16
    0.346302881E-16
    0.271851250E-16
    0.246515818E-16
    0.257161422E-16
    0.336878020E-16
    0.259534369E-16
    0.241860595E-16
    0.260223542E-16
    0.321534722E-16
    0.263173185E-16
    0.254767731E-16
    0.251547674E-16
    0.311700862E-16
    0.253794412E-16
    0.250206796E-16
    0.241306426E-16
    0.302147953E-16
    0.251106307E-16
    0.243449458E-16
    0.241930979E-16
    0.285873335E-16
    0.261353049E-16
    0.250156869E-16
    0.234975975E-16
    0.279886511E-16
    0.250136002E-16
    0.241785047E-16
    0.239646855E-16
    0.276486232E-16
    0.259991285E-16
    0.241701072E-16
    0.242102289E-16
    0.267339780E-16
    0.262291310E-16
    0.243338582E-16
    0.250081843E-16
    0.269648518E-16
    0.264062228E-16
    0.250052990E-16
    0.257744031E-16
    0.281353243E-16
    0.268362308E-16
    0.259726151E-16
    0.258075617E-16
    0.287797785E-16
    0.281763945E-16
    0.261213322E-16
    0.261180895E-16
    0.298713098E-16
    0.282068663E-16
    0.262338149E-16
    0.267120642E-16
    0.322818341E-16
    0.282029458E-16
    0.260904427E-16
    0.270242108E-16
    0.320753666E-16
    0.294871417E-16
    0.260072968E-16
    0.276154978E-16
    0.318366146E-16
    0.295124471E-16
    0.257223287E-16
    0.287264421E-16
    0.322632963E-16
    0.300459438E-16
    0.264927325E-16
    0.290545814E-16
    0.313866477E-16
    0.319660707E-16
    0.282409921E-16
    0.291610975E-16
    0.295556827E-16
    0.327607912E-16
    0.288570693E-16
    0.286862583E-16
    0.294361249E-16
    0.323603283E-16
    0.290418491E-16
    0.276274101E-16
    0.288620810E-16
    0.321074890E-16
    0.293546098E-16
    0.268306334E-16
    0.262928374E-16
    0.306807731E-16
    0.289994957E-16
    0.266906827E-16
    0.252199872E-16
    0.284727685E-16
    0.278440390E-16
    0.269605103E-16
    0.251257691E-16
    0.277218829E-16
    0.277466627E-16
    0.276763433E-16
    0.243405516E-16
    0.279912210E-16
    0.288390867E-16
    0.293969630E-16
    0.247708293E-16
    0.282646380E-16
    0.289993828E-16
    0.299500375E-16
    0.267938283E-16
    0.290298711E-16
    0.283062232E-16
    0.300782181E-16
    0.279580988E-16
    0.302030047E-16
    0.275490092E-16
    0.301814388E-16
    0.281192950E-16
    0.305400156E-16
    0.267380516E-16
    0.304476256E-16
    0.287936953E-16
    0.304553036E-16
    0.252152971E-16
    0.302087301E-16
    0.292259646E-16
    0.311465712E-16
    0.251737129E-16
    0.299178535E-16
    0.298905966E-16
    0.310479097E-16
    0.273561300E-16
    0.300120427E-16
    0.311616691E-16
    0.316567101E-16
    0.310069239E-16
    0.293116936E-16
    0.334104169E-16
    0.329444716E-16
    0.339427774E-16
    0.282314400E-16
    0.364975021E-16
    0.346243350E-16
    0.351772896E-16
    0.277177940E-16
    0.400613180E-16
    0.355452212E-16
    0.352345001E-16
    0.289194738E-16
    0.436384024E-16
    0.359875461E-16
    0.331812928E-16
    0.317986649E-16
    0.459372509E-16
    0.357774915E-16
    0.304817833E-16
    0.345507983E-16
    0.480006003E-16
    0.343204177E-16
    0.292628913E-16
    0.366659777E-16
    0.495577319E-16
    0.333213917E-16
    0.322901544E-16
    0.378999975E-16
    0.502933158E-16
    0.343941796E-16
    0.385141217E-16
    0.382598392E-16
    0.510172930E-16
    0.375680742E-16
    0.469709640E-16
    0.373568377E-16
    0.527393005E-16
    0.424401061E-16
    0.551642464E-16
    0.376194729E-16
    0.554037131E-16
    0.469430898E-16
    0.614835352E-16
    0.416900740E-16
    0.577846858E-16
    0.496854428E-16
    0.641327666E-16
    0.494738838E-16
    0.599274591E-16
    0.498501411E-16
    0.640533045E-16
    0.593744738E-16
    0.647738205E-16
    0.478292918E-16
    0.644872039E-16
    0.703160157E-16
    0.711832431E-16
    0.479790720E-16
    0.668271872E-16
    0.827930997E-16
    0.795454616E-16
    0.537088803E-16
    0.724825141E-16
    0.945969840E-16
    0.896616530E-16
    0.662115081E-16
    0.818817867E-16
    0.103420455E-15
    0.100228360E-15
    0.847697374E-16
    0.939793152E-16
    0.110339066E-15
    0.107891820E-15
    0.107081876E-15
    0.106440797E-15
    0.116689108E-15
    0.114371610E-15
    0.127898890E-15
    0.120313724E-15
    0.124472191E-15
    0.124285535E-15
    0.145597999E-15
    0.138659629E-15
    0.137422119E-15
    0.139929674E-15
    0.160928909E-15
    0.162738671E-15
    0.159385020E-15
    0.164923585E-15
    0.178925825E-15
    0.193640963E-15
    0.190985036E-15
    0.200321827E-15
    0.205172836E-15
    0.228986813E-15
    0.230392218E-15
    0.244379111E-15
    0.244832073E-15
    0.267286777E-15
    0.275619863E-15
    0.295298004E-15
    0.296863650E-15
    0.309819126E-15
    0.324633588E-15
    0.349608039E-15
    0.357403233E-15
    0.362121720E-15
    0.380873359E-15
    0.406354993E-15
    0.424292039E-15
    0.430461873E-15
    0.448472375E-15
    0.467518028E-15
    0.498733032E-15
    0.516816795E-15
    0.531217362E-15
    0.538020574E-15
    0.587492811E-15
    0.620526755E-15
    0.633531608E-15
    0.627161721E-15
    0.696775732E-15
    0.735612415E-15
    0.757801062E-15
    0.749717605E-15
    0.835046727E-15
    0.862761962E-15
    0.904692853E-15
    0.918358617E-15
    0.100446743E-14
    0.101251845E-14
    0.107692287E-14
    0.113709857E-14
    0.120192029E-14
    0.119949021E-14
    0.127876279E-14
    0.139955911E-14
    0.142766789E-14
    0.143568939E-14
    0.151776626E-14
    0.168928905E-14
    0.168670999E-14
    0.173107103E-14
    0.181111845E-14
    0.199334536E-14
    0.199049414E-14
    0.209388751E-14
    0.217739671E-14
    0.232505987E-14
    0.236464258E-14
    0.253054433E-14
    0.262908493E-14
    0.271690597E-14
    0.284260305E-14
    0.305369752E-14
    0.317527183E-14
    0.321170943E-14
    0.344209626E-14
    0.367725052E-14
    0.381261113E-14
    0.385999195E-14
    0.416355010E-14
    0.440099948E-14
    0.453730886E-14
    0.468632535E-14
    0.500504928E-14
    0.522321920E-14
    0.537171700E-14
    0.567861964E-14
    0.596100919E-14
    0.616246815E-14
    0.636310040E-14
    0.682190834E-14
    0.704659107E-14
    0.725318281E-14
    0.757239352E-14
    0.810721295E-14
    0.831556301E-14
    0.855097857E-14
    0.904944387E-14
    0.953827482E-14
    0.982188830E-14
    0.101248925E-13
    0.107941440E-13
    0.111605820E-13
    0.115875800E-13
    0.120023779E-13
    0.127536905E-13
    0.130307184E-13
    0.136047975E-13
    0.141481002E-13
    0.148541478E-13
    0.151591267E-13
    0.158229352E-13
    0.164846971E-13
    0.170269692E-13
    0.174983721E-13
    0.181487631E-13
    0.188828077E-13
    0.192226422E-13
    0.199150896E-13
    0.204678682E-13
    0.211709666E-13
    0.213687167E-13
    0.221757371E-13
    0.226175348E-13
    0.231658620E-13
    0.233150384E-13
    0.240280347E-13
    0.243831845E-13
    0.247177638E-13
    0.249055178E-13
    0.253905339E-13
    0.257266728E-13
    0.259829587E-13
    0.263866193E-13
    0.268626858E-13
    0.275308060E-13
    0.282979606E-13
    0.296068531E-13
    0.311376303E-13
    0.334591884E-13
    0.364669273E-13
    0.409333516E-13
    0.465154212E-13
    0.544024342E-13
    0.642628220E-13
    0.780332572E-13
    0.952565242E-13
    0.118685536E-12
    0.147162008E-12
    0.185380195E-12
    0.232791497E-12
    0.295265316E-12
    0.371035938E-12
    0.469074028E-12
    0.590434326E-12
    0.745612910E-12
    0.935263608E-12
    0.117342972E-11
    0.146837982E-11
    0.183627179E-11
    0.228894942E-11
    0.284549746E-11
    0.353400204E-11
    0.437835266E-11
    0.541828713E-11
    0.668136959E-11
    0.823698230E-11
    0.101269059E-10
    0.124435468E-10
    0.152419011E-10
    0.186650639E-10
    0.228031820E-10
    0.278410761E-10
    0.339100990E-10
    0.412803554E-10
    0.501629103E-10
    0.609027399E-10
    0.738178701E-10
    0.893946611E-10
    0.108120000E-09
    0.130627335E-09
    0.157639455E-09
    0.190030859E-09
    0.228857329E-09
    0.275315192E-09
    0.330915001E-09
    0.397283934E-09
    0.476583076E-09
    0.571119498E-09
    0.683892339E-09
    0.818008479E-09
    0.977709914E-09
    0.116748589E-08
    0.139308583E-08
    0.166054416E-08
    0.197791859E-08
    0.235393314E-08
    0.279935361E-08
    0.332593005E-08
    0.394865113E-08
    0.468423010E-08
    0.555264421E-08
    0.657645386E-08
    0.778319357E-08
    0.920438092E-08
    0.108767737E-07
    0.128429663E-07
    0.151530655E-07
    0.178655354E-07
    0.210474947E-07
    0.247778456E-07
    0.291471256E-07
    0.342620017E-07
    0.402440787E-07
    0.472367224E-07
    0.554023831E-07
    0.649327615E-07
    0.760458634E-07
    0.889979249E-07
    0.104077890E-06
    0.121625363E-06
    0.142026766E-06
    0.165733072E-06
    0.193253010E-06
    0.225180193E-06
    0.262191023E-06
    0.305068193E-06
    0.354697154E-06
    0.412102038E-06
    0.478451290E-06
    0.555086035E-06
    0.643527651E-06
    0.745521016E-06
    0.863057268E-06
    0.998405868E-06
    0.115414572E-05
    0.133321291E-05
    0.153895403E-05
    0.177516236E-05
    0.204614941E-05
    0.235679316E-05
    0.271264184E-05
    0.311995730E-05
    0.358584605E-05
    0.411831066E-05
    0.472642279E-05
    0.542038823E-05
    0.621175683E-05
    0.711348610E-05
    0.814020784E-05
    0.930833802E-05
    0.106363864E-04
    0.121450548E-04
    0.138576218E-04
    0.158001392E-04
    0.180018556E-04
    0.204954011E-04
    0.233173029E-04
    0.265083370E-04
    0.301140803E-04
    0.341852499E-04
    0.387783770E-04
    0.439563883E-04
    0.497893124E-04
    0.563548745E-04
    0.637393409E-04
    0.720384454E-04
    0.813582688E-04
    0.918162281E-04
    0.103542105E-03
    0.116679440E-03
    0.131386647E-03
    0.147838521E-03
    0.166227509E-03
    0.186765692E-03
    0.209686206E-03
    0.235245442E-03
    0.263724590E-03
    0.295432357E-03
    0.330706809E-03
    0.369918383E-03
    0.413471826E-03
    0.461809732E-03
    0.515414974E-03
    0.574814621E-03
    0.640582409E-03
    0.713343190E-03
    0.793776090E-03
    0.882619427E-03
    0.980673857E-03
    0.108880776E-02
    0.120796133E-02
    0.133915241E-02
    0.148348060E-02
    0.164213345E-02
    0.181639161E-02
    0.200763562E-02
    0.221735095E-02
    0.244713507E-02
    0.269870354E-02
    0.297389765E-02
    0.327469057E-02
    0.360319479E-02
    0.396166941E-02
    0.435252808E-02
    0.477834635E-02
    0.524186906E-02
    0.574601852E-02
    0.629390243E-02
    0.688882216E-02
    0.753427942E-02
    0.823398513E-02
    0.899186644E-02
    0.981207564E-02
    0.106989953E-01
    0.116572471E-01
    0.126916974E-01
    0.138074656E-01
    0.150099271E-01
    0.163047212E-01
    0.176977539E-01
    0.191952051E-01
    0.208035279E-01
    0.225294545E-01
    0.243799950E-01
    0.263624424E-01
    0.284843664E-01
    0.307536166E-01
    0.331783153E-01
    0.357668594E-01
    0.385279070E-01
    0.414703763E-01
    0.446034320E-01
    0.479364804E-01
    0.514791499E-01
    0.552412830E-01
    0.592329141E-01
    0.634642590E-01
    0.679456851E-01
    0.726876970E-01
    0.777009052E-01
    0.829960064E-01
    0.885837457E-01
    0.944748929E-01
    0.100680202E+00
    0.107210383E+00
    0.114076054E+00
    0.121287710E+00
    0.128855669E+00
    0.136790044E+00
    0.145100675E+00
    0.153797099E+00
    0.162888487E+00
    0.172383600E+00
    0.182290727E+00
    0.192617635E+00
    0.203371514E+00
    0.214558915E+00
    0.226185694E+00
    0.238256955E+00
    0.250776986E+00
    0.263749209E+00
    0.277176109E+00
    0.291059190E+00
    0.305398908E+00
    0.320194618E+00
    0.335444521E+00
    0.351145610E+00
    0.367293625E+00
    0.383882997E+00
    0.400906813E+00
    0.418356769E+00
    0.436223138E+00
    0.454494730E+00
    0.473158873E+00
    0.492201380E+00
    0.511606541E+00
    0.531357098E+00
    0.551434248E+00
    0.571817637E+00
    0.592485366E+00
    0.613414003E+00
    0.634578600E+00
    0.655952722E+00
    0.677508477E+00
    0.699216551E+00
    0.721046267E+00
    0.742965623E+00
    0.764941369E+00
    0.786939063E+00
    0.808923154E+00
    0.830857060E+00
    0.852703263E+00
    0.874423397E+00
    0.895978356E+00
    0.917328400E+00
    0.938433267E+00
    0.959252296E+00
    0.979744548E+00
    0.999868929E+00
    0.101958433E+01
    0.103884976E+01
    0.105762447E+01
    0.107586812E+01
    0.109354089E+01
    0.111060364E+01
    0.112701804E+01
    0.114274672E+01
    0.115775341E+01
    0.117200305E+01
    0.118546198E+01
    0.119809801E+01
    0.120988057E+01
    0.122078088E+01
    0.123077196E+01
    0.123982883E+01
    0.124792859E+01
    0.125505050E+01
    0.126117608E+01
    0.126628917E+01
    0.127037603E+01
    0.127342539E+01
    0.127542848E+01
    0.127637910E+01
    0.127627364E+01
    0.127511110E+01
    0.127289307E+01
    0.126962380E+01
    0.126531010E+01
    0.125996139E+01
    0.125358963E+01
    0.124620929E+01
    0.123783726E+01
    0.122849286E+01
    0.121819769E+01
    0.120697557E+01
    0.119485249E+01
    0.118185645E+01
    0.116801738E+01
    0.115336703E+01
    0.113793884E+01
    0.112176781E+01
    0.110489038E+01
    0.108734428E+01
    0.106916837E+01
    0.105040257E+01
    0.103108760E+01
    0.101126495E+01
    0.990976640E+00
    0.970265123E+00
    0.949173118E+00
    0.927743466E+00
    0.906018986E+00
    0.884042336E+00
    0.861855871E+00
    0.839501511E+00
    0.817020611E+00
    0.794453836E+00
    0.771841045E+00
    0.749221178E+00
    0.726632146E+00
    0.704110736E+00
    0.681692523E+00
    0.659411778E+00
    0.637301396E+00
    0.615392827E+00
    0.593716019E+00
    0.572299361E+00
    0.551169638E+00
    0.530351997E+00
    0.509869925E+00
    0.489745220E+00
    0.469997979E+00
    0.450646596E+00
    0.431707767E+00
    0.413196497E+00
    0.395126108E+00
    0.377508275E+00
    0.360353045E+00
    0.343668876E+00
    0.327462670E+00
    0.311739824E+00
    0.296504274E+00
    0.281758553E+00
    0.267503836E+00
    0.253740010E+00
    0.240465732E+00
    0.227678493E+00
    0.215374678E+00
    0.203549647E+00
    0.192197788E+00
    0.181312596E+00
    0.170886736E+00
    0.160912118E+00
    0.151379958E+00
    0.142280851E+00
    0.133604835E+00
    0.125341460E+00
    0.117479843E+00
    0.110008741E+00
    0.102916599E+00
    0.961916186E-01
    0.898218036E-01
    0.837950190E-01
    0.780990353E-01
    0.727215827E-01
    0.676503874E-01
    0.628732195E-01
    0.583779267E-01
    0.541524757E-01
    0.501849785E-01
    0.464637275E-01
    0.429772194E-01
    0.397141833E-01
    0.366635974E-01
    0.338147132E-01
    0.311570680E-01
    0.286805030E-01
    0.263751708E-01
    0.242315489E-01
    0.222404449E-01
    0.203930035E-01
    0.186807084E-01
    0.170953866E-01
    0.156292069E-01
    0.142746797E-01
    0.130246538E-01
    0.118723138E-01
    0.108111744E-01
    0.983507442E-02
    0.893817063E-02
    0.811493010E-02
    0.736012206E-02
    0.666880836E-02
    0.603633548E-02
    0.545832384E-02
    0.493065876E-02
    0.444947893E-02
    0.401116784E-02
    0.361234166E-02
    0.324984021E-02
    0.292071501E-02
    0.262222077E-02
    0.235180325E-02
    0.210709086E-02
    0.188588328E-02
    0.168614349E-02
    0.150598667E-02
    0.134367258E-02
    0.119759562E-02
    0.106627749E-02
    0.948357818E-03
    0.842587434E-03
    0.747820154E-03
    0.663006208E-03
    0.587184948E-03
    0.519478836E-03
    0.459087156E-03
    0.405280251E-03
    0.357394144E-03
    0.314825388E-03
    0.277026418E-03
    0.243500704E-03
    0.213798979E-03
    0.187514944E-03
    0.164281978E-03
    0.143769238E-03
    0.125679057E-03
    0.109743572E-03
    0.957223921E-04
    0.833996585E-04
    0.725822216E-04
    0.630971514E-04
    0.547900614E-04
    0.475230507E-04
    0.411733525E-04
    0.356316450E-04
    0.308008032E-04
    0.265945653E-04
    0.229364951E-04
    0.197589166E-04
    0.170019747E-04
    0.146128375E-04
    0.125448854E-04
    0.107570923E-04
    0.921332865E-05
    0.788190992E-05
    0.673498787E-05
    0.574820459E-05
    0.490020350E-05
    0.417237636E-05
    0.354843449E-05
    0.301421187E-05
    0.255735053E-05
    0.216714563E-05
    0.183427154E-05
    0.155065787E-05
    0.130930578E-05
    0.110418225E-05
    0.930062811E-06
    0.782443923E-06
    0.657447204E-06
    0.551740996E-06
    0.462461588E-06
    0.387148914E-06
    0.323699595E-06
    0.270310994E-06
    0.225447284E-06
    0.187793743E-06
    0.156233942E-06
    0.129812581E-06
    0.107723343E-06
    0.892794687E-07
    0.739007113E-07
    0.610917721E-07
    0.504380853E-07
    0.415888980E-07
    0.342489789E-07
    0.281675208E-07
    0.231355556E-07
    0.189778890E-07
    0.155473971E-07
    0.127203606E-07
    0.103935067E-07
    0.848110232E-08
    0.691137716E-08
    0.562497515E-08
    0.457184339E-08
    0.371090796E-08
    0.300786024E-08
    0.243497216E-08
    0.196854236E-08
    0.158930758E-08
    0.128122573E-08
    0.103157788E-08
    0.829456350E-09
    0.666047356E-09
    0.534026011E-09
    0.427587597E-09
    0.341907365E-09
    0.273036277E-09
    0.217743394E-09
    0.173359266E-09
    0.137844050E-09
    0.109454505E-09
    0.868234801E-10
    0.687313131E-10
    0.543442022E-10
    0.428975468E-10
    0.338397162E-10
    0.266385933E-10
    0.209473810E-10
    0.164366295E-10
    0.128865004E-10
    0.100909912E-10
    0.789174981E-11
    0.615695830E-11
    0.479348209E-11
    0.373507480E-11
    0.290428795E-11
    0.225489709E-11
    0.174337560E-11
    0.135128065E-11
    0.104351645E-11
    0.806956018E-12
    0.620784165E-12
    0.477498139E-12
    0.365997103E-12
    0.281701723E-12
    0.216743508E-12
    0.164848448E-12
    0.125583907E-12
    0.957724394E-13
    0.739478851E-13
    0.554785239E-13
    0.422571192E-13
    0.316582780E-13
    0.244444276E-13
    0.182530836E-13
    0.140154519E-13
    0.102600341E-13
    0.773592151E-14
    0.587694836E-14
    0.452068809E-14
    0.327893854E-14
    0.233382611E-14
    0.184944463E-14
    0.139866269E-14
    0.105917547E-14
    0.705986063E-15
    0.568195204E-15
    0.404674033E-15
    0.342011602E-15
    0.235318041E-15
    0.168987173E-15
    0.125473251E-15
    0.119119211E-15
    0.104491799E-15
    0.599838215E-16
    0.617244215E-16
    0.498001935E-16
    0.556434604E-16
    0.336186073E-16
    0.460605769E-16
    0.335381843E-16
    0.398911210E-16
    0.283786523E-16
    0.413759941E-16
    0.323626582E-16
    0.303044877E-16
    0.278213236E-16
    0.356663804E-16
    0.308096622E-16
    0.277590997E-16
    0.269039919E-16
    0.332818140E-16
    0.317540344E-16
    0.262231273E-16
    0.271932409E-16
    0.311710004E-16
    0.299219032E-16
    0.242737580E-16
    0.269641583E-16
    0.305620153E-16
    0.294895733E-16
    0.254803197E-16
    0.266195339E-16
    0.291977214E-16
    0.323459967E-16
    0.254011074E-16
    0.272038841E-16
    0.287170471E-16
    0.311052654E-16
    0.269183527E-16
    0.251574119E-16
    0.274613672E-16
    0.340097389E-16
    0.294092999E-16
    0.296912318E-16
    0.261413296E-16
    0.324177108E-16
    0.303234099E-16
    0.273150580E-16
    0.252234294E-16
    0.301412000E-16
    0.314953369E-16
    0.331375475E-16
    0.239798936E-16
    0.295054239E-16
    0.319961269E-16
    0.335241581E-16
    0.254321108E-16
    0.267834376E-16
    0.300370129E-16
    0.335794852E-16
    0.266372002E-16
    0.268877952E-16
    0.284243473E-16
    0.381260100E-16
    0.318966857E-16
    0.284034514E-16
    0.287840735E-16
    0.335610645E-16
    0.330510744E-16
    0.282808774E-16
    0.247104404E-16
    0.371689627E-16
    0.374619469E-16
    0.306178522E-16
    0.297036900E-16
    0.336942979E-16
    0.358293867E-16
    0.317517954E-16
    0.271415605E-16
    0.317638855E-16
    0.359965875E-16
    0.338045624E-16
    0.294793255E-16
    0.302702463E-16
    0.352122635E-16
    0.361701778E-16
    0.317440926E-16
    0.276814932E-16
    0.329683010E-16
    0.403276196E-16
    0.282843792E-16
    0.267437354E-16
    0.327825634E-16
    0.408840540E-16
    0.333820825E-16
    0.284763444E-16
    0.301296828E-16
    0.443854922E-16
    0.295501617E-16
    0.277862257E-16
    0.275238208E-16
    0.446570425E-16
    0.305210882E-16
    0.301904872E-16
    0.278890578E-16
    0.430675520E-16
    0.284050384E-16
    0.301512358E-16
    0.270346601E-16
    0.454266473E-16
    0.243971170E-16
    0.297246981E-16
    0.282733247E-16
    0.395906922E-16
    0.252929744E-16
    0.312431858E-16
    0.314924234E-16
    0.418229711E-16
    0.256939507E-16
    0.285373110E-16
    0.261754369E-16
    0.367612083E-16
    0.275215398E-16
    0.292927719E-16
    0.305320210E-16
    0.356269927E-16
    0.320035065E-16
    0.265566199E-16
    0.240796753E-16
    0.346695736E-16
    0.310429598E-16
    0.276408555E-16
    0.252991730E-16
    0.280373310E-16
    0.322631096E-16
    0.265843610E-16
    0.250020093E-16
    0.307272477E-16
    0.374146205E-16
    0.306233711E-16
    0.207267574E-16
    0.237803882E-16
    0.309455746E-16
    0.256136041E-16
    0.253922720E-16
    0.258821733E-16
    0.411075629E-16
    0.327531268E-16
    0.236813719E-16
    0.229286654E-16
    0.296251845E-16
    0.277267433E-16
    0.264662447E-16
    0.214153811E-16
    0.348968733E-16
    0.358778081E-16
    0.285616030E-16
    0.236466770E-16
    0.308208306E-16
    0.381247339E-16
    0.255152476E-16
    0.245763890E-16
    0.280404074E-16
    0.360047251E-16
    0.251623142E-16
    0.297150189E-16
    0.327582871E-16
    0.426476177E-16
    0.283050469E-16
    0.334779129E-16
    0.294784226E-16
    0.314151108E-16
    0.217868084E-16
    0.319030316E-16
    0.388028219E-16
    0.359599785E-16
    0.340028835E-16
    0.395607237E-16
    0.419315078E-16
    0.284881830E-16
    0.277451305E-16
    0.303892862E-16
    0.450077857E-16
    0.286072315E-16
    0.331931369E-16
    0.390795403E-16
    0.474186015E-16
    0.297089924E-16
    0.376738583E-16
    0.330867618E-16
    0.445435274E-16
    0.347131243E-16
    0.328527128E-16
    0.345011518E-16
    0.413193847E-16
    0.327507846E-16
    0.405127519E-16
    0.375466759E-16
    0.367545478E-16
    0.409610549E-16
    0.427501811E-16
    0.384904846E-16
    0.310725094E-16
    0.376394637E-16
    0.353490894E-16
    0.436946674E-16
    0.273828893E-16
    0.337053963E-16
    0.425557514E-16
    0.456902621E-16
    0.324569511E-16
    0.436534563E-16
    0.320410492E-16
    0.415854538E-16
    0.381000476E-16
    0.306660099E-16
    0.345797588E-16
    0.325318787E-16
    0.419670646E-16
    0.435448129E-16
    0.416945693E-16
    0.334595046E-16
    0.464366348E-16
    0.403390272E-16
    0.360930449E-16
    0.337291951E-16
    0.385305613E-16
    0.330029901E-16
    0.403628135E-16
    0.513574251E-16
    0.403711866E-16
    0.485385226E-16
    0.357992437E-16
    0.484315232E-16
    0.466140065E-16
    0.327155242E-16
    0.359479111E-16
    0.464280573E-16
    0.483456710E-16
    0.562163183E-16
    0.532864913E-16
    0.457071702E-16
    0.577103995E-16
    0.419450492E-16
    0.419889350E-16
    0.498774912E-16
    0.400667487E-16
    0.440564013E-16
    0.579973337E-16
    0.715396333E-16
    0.580735365E-16
    0.600652115E-16
    0.523507373E-16
    0.664861983E-16
    0.585239350E-16
    0.510744344E-16
    0.665023959E-16
    0.538883045E-16
    0.629945958E-16
    0.709686118E-16
    0.701120461E-16
    0.625136653E-16
    0.769502508E-16
    0.629373558E-16
    0.896650068E-16
    0.838322279E-16
    0.756110469E-16
    0.782252791E-16
    0.652949807E-16
    0.761050927E-16
    0.571499931E-16
    0.734319044E-16
    0.688029710E-16
    0.570322965E-16
    0.755974623E-16
    0.594538969E-16
    0.692238655E-16
    0.584209242E-16
    0.562565177E-16
    0.575229555E-16
    0.570558521E-16
    0.541058651E-16
    0.445546350E-16
    0.547645233E-16
    0.385327516E-16
    0.331990149E-16
    0.470058466E-16
    0.282460813E-16
    0.380155217E-16
    0.298795045E-16
    0.271744743E-16
    0.314595922E-16
    0.267648485E-16
    0.244748423E-16
    0.277354828E-16
    0.285671312E-16
    0.223182931E-16
    0.241264303E-16
    0.265881199E-16
    0.260199364E-16
    0.193068106E-16
    0.274784748E-16
    0.233741265E-16
    0.254762472E-16
    0.209169314E-16
    0.265751924E-16
    0.235190681E-16
    0.241821771E-16
    0.228621682E-16
    0.251791169E-16
    0.243735171E-16
    0.204906722E-16
    0.247087837E-16
    0.237089909E-16
    0.242067269E-16
    0.192963551E-16
    0.267724454E-16
    0.218421815E-16
    0.232853850E-16
    0.214947480E-16
    0.259410636E-16
