 #tdnd tdcion
    0.115984250E-20
    0.110700015E-20
    0.104374535E-20
    0.972846680E-21
    0.896827960E-21
    0.817937185E-21
    0.738140535E-21
    0.659209474E-21
    0.582669709E-21
    0.509849541E-21
    0.441867293E-21
    0.379637084E-21
    0.323887435E-21
    0.275161947E-21
    0.233837048E-21
    0.200147291E-21
    0.174180433E-21
    0.155908097E-21
    0.145194968E-21
    0.141818409E-21
    0.145476734E-21
    0.155799127E-21
    0.172383980E-21
    0.194771983E-21
    0.222494223E-21
    0.255044536E-21
    0.291936973E-21
    0.332639543E-21
    0.376683153E-21
    0.423543472E-21
    0.472784394E-21
    0.523911109E-21
    0.576511352E-21
    0.630151750E-21
    0.684467454E-21
    0.739073094E-21
    0.793658432E-21
    0.847877011E-21
    0.901480152E-21
    0.954189658E-21
    0.100581638E-20
    0.105612423E-20
    0.110495446E-20
    0.115213334E-20
    0.119751888E-20
    0.124103463E-20
    0.128256697E-20
    0.132206269E-20
    0.135943181E-20
    0.139467922E-20
    0.142774617E-20
    0.145864890E-20
    0.148736069E-20
    0.151392078E-20
    0.153832085E-20
    0.156061900E-20
    0.158083930E-20
    0.159904098E-20
    0.161524901E-20
    0.162954239E-20
    0.164196009E-20
    0.165256943E-20
    0.166144979E-20
    0.166866887E-20
    0.167428889E-20
    0.167838336E-20
    0.168100819E-20
    0.168225640E-20
    0.168218299E-20
    0.168087864E-20
    0.167837972E-20
    0.167478901E-20
    0.167015102E-20
    0.166455275E-20
    0.165803930E-20
    0.165069663E-20
    0.164256533E-20
    0.163372947E-20
    0.162422824E-20
    0.161413893E-20
    0.160349668E-20
    0.159237885E-20
    0.158079747E-20
    0.156883817E-20
    0.155651291E-20
    0.154390472E-20
    0.153101104E-20
    0.151790788E-20
    0.150460877E-20
    0.149117559E-20
    0.147759983E-20
    0.146395285E-20
    0.145023397E-20
    0.143647756E-20
    0.142270480E-20
    0.140894775E-20
    0.139521213E-20
    0.138153548E-20
    0.136793195E-20
    0.135442035E-20
    0.134101324E-20
    0.132773573E-20
    0.131460269E-20
    0.130162281E-20
    0.128879995E-20
    0.127616611E-20
    0.126370662E-20
    0.125145097E-20
    0.123937778E-20
    0.122753213E-20
    0.121588285E-20
    0.120445406E-20
    0.119322785E-20
    0.118223563E-20
    0.117145664E-20
    0.116091205E-20
    0.115056860E-20
    0.114046683E-20
    0.113057471E-20
    0.112093441E-20
    0.111147799E-20
    0.110226946E-20
    0.109325656E-20
    0.108448988E-20
    0.107591896E-20
    0.106758127E-20
    0.105942557E-20
    0.105151007E-20
    0.104378425E-20
    0.103628827E-20
    0.102896308E-20
    0.102185475E-20
    0.101493554E-20
    0.100823139E-20
    0.100170422E-20
    0.995379401E-21
    0.989215971E-21
    0.983254979E-21
    0.977467690E-21
    0.971870522E-21
    0.966445531E-21
    0.961184622E-21
    0.956095644E-21
    0.951157225E-21
    0.946407015E-21
    0.941797925E-21
    0.937368054E-21
    0.933053882E-21
    0.928902254E-21
    0.924871778E-21
    0.921007613E-21
    0.917246502E-21
    0.913657416E-21
    0.910151348E-21
    0.906800803E-21
    0.903515018E-21
    0.900377535E-21
    0.897306018E-21
    0.894385558E-21
    0.891535785E-21
    0.888824573E-21
    0.886166492E-21
    0.883636405E-21
    0.881141758E-21
    0.878775118E-21
    0.876457879E-21
    0.874267373E-21
    0.872141278E-21
    0.870144404E-21
    0.868205122E-21
    0.866378751E-21
    0.864595613E-21
    0.862924947E-21
    0.861292713E-21
    0.859772069E-21
    0.858304264E-21
    0.856954717E-21
    0.855669992E-21
    0.854512901E-21
    0.853413752E-21
    0.852440294E-21
    0.851511956E-21
    0.850703685E-21
    0.849915092E-21
    0.849241813E-21
    0.848581267E-21
    0.848029257E-21
    0.847493612E-21
    0.847069460E-21
    0.846685709E-21
    0.846417922E-21
    0.846197387E-21
    0.846103285E-21
    0.846081491E-21
    0.846176649E-21
    0.846349838E-21
    0.846640127E-21
    0.847016385E-21
    0.847493841E-21
    0.848041815E-21
    0.848693119E-21
    0.849396477E-21
    0.850194142E-21
    0.851025560E-21
    0.851943646E-21
    0.852880446E-21
    0.853890840E-21
    0.854901052E-21
    0.855982213E-21
    0.857054883E-21
    0.858187491E-21
    0.859293593E-21
    0.860461519E-21
    0.861590981E-21
    0.862780727E-21
    0.863923743E-21
    0.865115239E-21
    0.866267247E-21
    0.867458041E-21
    0.868604502E-21
    0.869789581E-21
    0.870929712E-21
    0.872107520E-21
    0.873226772E-21
    0.874394985E-21
    0.875496471E-21
    0.876641821E-21
    0.877730653E-21
    0.878852511E-21
    0.879923308E-21
    0.881027564E-21
    0.882075478E-21
    0.883154724E-21
    0.884184582E-21
    0.885241797E-21
    0.886249487E-21
    0.887283757E-21
    0.888270206E-21
    0.889282192E-21
    0.890250796E-21
    0.891239597E-21
    0.892180988E-21
    0.893154807E-21
    0.894071364E-21
    0.895032454E-21
    0.895922055E-21
    0.896862707E-21
    0.897729499E-21
    0.898655335E-21
    0.899497894E-21
    0.900411334E-21
    0.901233606E-21
    0.902124598E-21
    0.902934150E-21
    0.903802490E-21
    0.904599971E-21
    0.905441628E-21
    0.906231094E-21
    0.907050771E-21
    0.907832680E-21
    0.908623996E-21
    0.909400945E-21
    0.910174106E-21
    0.910940665E-21
    0.911693928E-21
    0.912446840E-21
    0.913189175E-21
    0.913924311E-21
    0.914658796E-21
    0.915371951E-21
    0.916107360E-21
    0.916799700E-21
    0.917531075E-21
    0.918201991E-21
    0.918932086E-21
    0.919586104E-21
    0.920309073E-21
    0.920950099E-21
    0.921665936E-21
    0.922295787E-21
    0.923002694E-21
    0.923630416E-21
    0.924321654E-21
    0.924944519E-21
    0.925624621E-21
    0.926241574E-21
    0.926910966E-21
    0.927524431E-21
    0.928182572E-21
    0.928796503E-21
    0.929445797E-21
    0.930056033E-21
    0.930694605E-21
    0.931298524E-21
    0.931935108E-21
    0.932536485E-21
    0.933166438E-21
    0.933762686E-21
    0.934388876E-21
    0.934982081E-21
    0.935603651E-21
    0.936196838E-21
    0.936813294E-21
    0.937400132E-21
    0.938013400E-21
    0.938601567E-21
    0.939211278E-21
    0.939794209E-21
    0.940402282E-21
    0.940991035E-21
    0.941594840E-21
    0.942181364E-21
    0.942783385E-21
    0.943363912E-21
    0.943969438E-21
    0.944554653E-21
    0.945156196E-21
    0.945741032E-21
    0.946344540E-21
    0.946929128E-21
    0.947533866E-21
    0.948117965E-21
    0.948724990E-21
    0.949306368E-21
    0.949918322E-21
    0.950502534E-21
    0.951112295E-21
    0.951703836E-21
    0.952311013E-21
    0.952903383E-21
    0.953514446E-21
    0.954118370E-21
    0.954725246E-21
    0.955331032E-21
    0.955937895E-21
    0.956551296E-21
    0.957162881E-21
    0.957781101E-21
    0.958395039E-21
    0.959013749E-21
    0.959634400E-21
    0.960257152E-21
    0.960884160E-21
    0.961511445E-21
    0.962143899E-21
    0.962773179E-21
    0.963406672E-21
    0.964045454E-21
    0.964685248E-21
    0.965330979E-21
    0.965971446E-21
    0.966632307E-21
    0.967273122E-21
    0.967937968E-21
    0.968583975E-21
    0.969259058E-21
    0.969911116E-21
    0.970594781E-21
    0.971254387E-21
    0.971937645E-21
    0.972609173E-21
    0.973301263E-21
    0.973974412E-21
    0.974678762E-21
    0.975361461E-21
    0.976069075E-21
    0.976758749E-21
    0.977477048E-21
    0.978174797E-21
    0.978903756E-21
    0.979608009E-21
    0.980344940E-21
    0.981054768E-21
    0.981802962E-21
    0.982526476E-21
    0.983279208E-21
    0.984010994E-21
    0.984773262E-21
    0.985517196E-21
    0.986288461E-21
    0.987041877E-21
    0.987822653E-21
    0.988583370E-21
    0.989375705E-21
    0.990149463E-21
    0.990948797E-21
    0.991733187E-21
    0.992544909E-21
    0.993338886E-21
    0.994160321E-21
    0.994968368E-21
    0.995798022E-21
    0.996616971E-21
    0.997456477E-21
    0.998287829E-21
    0.999136681E-21
    0.999987325E-21
    0.100084253E-20
    0.100170419E-20
    0.100257262E-20
    0.100345039E-20
    0.100433077E-20
    0.100521318E-20
    0.100610683E-20
    0.100700473E-20
    0.100791173E-20
    0.100882244E-20
    0.100974311E-20
    0.101066446E-20
    0.101159544E-20
    0.101253356E-20
    0.101347777E-20
    0.101442639E-20
    0.101538878E-20
    0.101635000E-20
    0.101732713E-20
    0.101829695E-20
    0.101928761E-20
    0.102027389E-20
    0.102128366E-20
    0.102227852E-20
    0.102330700E-20
    0.102431000E-20
    0.102535931E-20
    0.102637656E-20
    0.102743608E-20
    0.102847043E-20
    0.102954300E-20
    0.103059661E-20
    0.103168106E-20
    0.103275376E-20
    0.103385052E-20
    0.103494220E-20
    0.103605402E-20
    0.103715917E-20
    0.103828575E-20
    0.103940893E-20
    0.104054981E-20
    0.104168657E-20
    0.104285379E-20
    0.104400134E-20
    0.104518867E-20
    0.104634588E-20
    0.104755816E-20
    0.104872762E-20
    0.104995801E-20
    0.105114042E-20
    0.105239400E-20
    0.105359250E-20
    0.105485808E-20
    0.105607941E-20
    0.105736068E-20
    0.105860622E-20
    0.105990079E-20
    0.106116775E-20
    0.106247362E-20
    0.106376491E-20
    0.106508741E-20
    0.106639548E-20
    0.106773920E-20
    0.106906569E-20
    0.107042900E-20
    0.107177310E-20
    0.107315978E-20
    0.107452140E-20
    0.107592628E-20
    0.107730602E-20
    0.107873102E-20
    0.108012965E-20
    0.108157457E-20
    0.108300119E-20
    0.108445726E-20
    0.108590755E-20
    0.108738381E-20
    0.108885608E-20
    0.109034769E-20
    0.109184764E-20
    0.109336115E-20
    0.109487867E-20
    0.109641476E-20
    0.109794984E-20
    0.109951261E-20
    0.110106603E-20
    0.110265415E-20
    0.110422401E-20
    0.110583612E-20
    0.110743299E-20
    0.110906169E-20
    0.111068473E-20
    0.111233104E-20
    0.111397845E-20
    0.111564782E-20
    0.111732512E-20
    0.111901384E-20
    0.112071700E-20
    0.112242590E-20
    0.112415043E-20
    0.112588226E-20
    0.112763194E-20
    0.112939040E-20
    0.113116246E-20
    0.113295053E-20
    0.113474685E-20
    0.113655367E-20
    0.113837337E-20
    0.114020993E-20
    0.114205823E-20
    0.114391287E-20
    0.114578787E-20
    0.114766328E-20
    0.114957224E-20
    0.115147319E-20
    0.115340962E-20
    0.115533641E-20
    0.115729559E-20
    0.115924972E-20
    0.116123398E-20
    0.116321635E-20
    0.116523266E-20
    0.116723933E-20
    0.116928029E-20
    0.117131983E-20
    0.117338399E-20
    0.117544734E-20
    0.117754266E-20
    0.117964120E-20
    0.118176447E-20
    0.118388930E-20
    0.118603750E-20
    0.118819091E-20
    0.119037323E-20
    0.119255517E-20
    0.119476671E-20
    0.119697327E-20
    0.119922328E-20
    0.120145917E-20
    0.120373738E-20
    0.120599899E-20
    0.120831801E-20
    0.121060047E-20
    0.121295387E-20
    0.121526948E-20
    0.121765895E-20
    0.121999490E-20
    0.122242265E-20
    0.122479608E-20
    0.122724943E-20
    0.122965464E-20
    0.123213920E-20
    0.123459015E-20
    0.123709640E-20
    0.123958271E-20
    0.124211498E-20
    0.124465058E-20
    0.124721145E-20
    0.124978385E-20
    0.125236972E-20
    0.125498093E-20
    0.125760265E-20
    0.126024866E-20
    0.126290746E-20
    0.126558895E-20
    0.126828631E-20
    0.127100104E-20
    0.127373769E-20
    0.127648514E-20
    0.127925322E-20
    0.128204817E-20
    0.128484830E-20
    0.128768219E-20
    0.129051994E-20
    0.129339429E-20
    0.129626502E-20
    0.129918799E-20
    0.130208538E-20
    0.130505515E-20
    0.130799179E-20
    0.131100208E-20
    0.131397779E-20
    0.131702300E-20
    0.132004729E-20
    0.132312595E-20
    0.132619916E-20
    0.132930863E-20
    0.133243115E-20
    0.133558301E-20
    0.133874552E-20
    0.134193840E-20
    0.134515071E-20
    0.134837954E-20
    0.135163426E-20
    0.135491339E-20
    0.135820938E-20
    0.136153540E-20
    0.136487110E-20
    0.136824547E-20
    0.137162180E-20
    0.137504850E-20
    0.137846436E-20
    0.138194279E-20
    0.138540294E-20
    0.138892673E-20
    0.139243273E-20
    0.139601393E-20
    0.139955830E-20
    0.140319322E-20
    0.140677917E-20
    0.141046873E-20
    0.141410419E-20
    0.141783769E-20
    0.142152551E-20
    0.142531164E-20
    0.142905001E-20
    0.143288903E-20
    0.143667764E-20
    0.144056544E-20
    0.144440845E-20
    0.144835424E-20
    0.145223899E-20
    0.145624603E-20
    0.146018478E-20
    0.146424448E-20
    0.146823550E-20
    0.147235199E-20
    0.147639733E-20
    0.148057707E-20
    0.148467197E-20
    0.148890871E-20
    0.149306235E-20
    0.149735166E-20
    0.150156951E-20
    0.150591125E-20
    0.151019754E-20
    0.151459420E-20
    0.151893238E-20
    0.152340061E-20
    0.152779363E-20
    0.153232496E-20
    0.153677206E-20
    0.154137488E-20
    0.154588227E-20
    0.155054795E-20
    0.155511789E-20
    0.155984693E-20
    0.156448063E-20
    0.156927814E-20
    0.157397976E-20
    0.157883673E-20
    0.158360723E-20
    0.158853392E-20
    0.159337225E-20
    0.159836001E-20
    0.160327274E-20
    0.160832867E-20
    0.161330945E-20
    0.161842962E-20
    0.162349333E-20
    0.162868164E-20
    0.163381657E-20
    0.163907691E-20
    0.164428197E-20
    0.164961537E-20
    0.165489996E-20
    0.166030937E-20
    0.166566031E-20
    0.167115506E-20
    0.167657969E-20
    0.168215161E-20
    0.168765737E-20
    0.169331083E-20
    0.169888482E-20
    0.170462636E-20
    0.171027546E-20
    0.171610080E-20
    0.172183468E-20
    0.172773725E-20
    0.173356005E-20
    0.173954212E-20
    0.174544979E-20
    0.175151272E-20
    0.175751680E-20
    0.176365734E-20
    0.176976021E-20
    0.177597909E-20
    0.178217534E-20
    0.178848359E-20
    0.179477266E-20
    0.180116855E-20
    0.180754537E-20
    0.181404586E-20
    0.182050504E-20
    0.182710811E-20
    0.183366331E-20
    0.184035354E-20
    0.184700830E-20
    0.185379567E-20
    0.186055336E-20
    0.186743346E-20
    0.187429998E-20
    0.188127800E-20
    0.188824684E-20
    0.189532076E-20
    0.190240199E-20
    0.190958011E-20
    0.191676393E-20
    0.192404837E-20
    0.193134487E-20
    0.193873204E-20
    0.194614189E-20
    0.195364270E-20
    0.196115347E-20
    0.196876939E-20
    0.197639959E-20
    0.198412872E-20
    0.199187508E-20
    0.199970764E-20
    0.200758631E-20
    0.201553466E-20
    0.202353450E-20
    0.203159723E-20
    0.203972711E-20
    0.204789699E-20
    0.205616659E-20
    0.206445399E-20
    0.207285177E-20
    0.208126685E-20
    0.208980037E-20
    0.209833998E-20
    0.210699520E-20
    0.211567656E-20
    0.212446311E-20
    0.213328853E-20
    0.214220099E-20
    0.215116542E-20
    0.216021596E-20
    0.216932315E-20
    0.217851372E-20
    0.218776359E-20
    0.219709078E-20
    0.220649108E-20
    0.221597402E-20
    0.222551668E-20
    0.223514956E-20
    0.224483763E-20
    0.225462365E-20
    0.226446524E-20
    0.227441617E-20
    0.228440263E-20
    0.229451087E-20
    0.230467088E-20
    0.231493790E-20
    0.232525382E-20
    0.233568862E-20
    0.234617214E-20
    0.235677012E-20
    0.236742214E-20
    0.237819075E-20
    0.238902269E-20
    0.239995667E-20
    0.241097297E-20
    0.242208733E-20
    0.243328444E-20
    0.244457352E-20
    0.245595805E-20
    0.246741974E-20
    0.247899663E-20
    0.249065489E-20
    0.250243335E-20
    0.251426884E-20
    0.252624452E-20
    0.253827287E-20
    0.255044617E-20
    0.256267862E-20
    0.257505448E-20
    0.258750012E-20
    0.260008070E-20
    0.261273509E-20
    0.262551634E-20
    0.263838577E-20
    0.265139396E-20
    0.266448193E-20
    0.267770473E-20
    0.269101604E-20
    0.270446531E-20
    0.271800462E-20
    0.273167377E-20
    0.274544875E-20
    0.275935791E-20
    0.277336845E-20
    0.278752404E-20
    0.280177206E-20
    0.281617262E-20
    0.283066709E-20
    0.284532119E-20
    0.286006712E-20
    0.287497618E-20
    0.288997342E-20
    0.290513785E-20
    0.292040736E-20
    0.293585078E-20
    0.295139340E-20
    0.296710235E-20
    0.298291499E-20
    0.299889700E-20
    0.301499601E-20
    0.303126204E-20
    0.304765156E-20
    0.306420531E-20
    0.308089053E-20
    0.309775045E-20
    0.311473423E-20
    0.313189622E-20
    0.314918939E-20
    0.316666686E-20
    0.318426493E-20
    0.320206382E-20
    0.321999153E-20
    0.323810705E-20
    0.325637530E-20
    0.327482123E-20
    0.329343087E-20
    0.331220678E-20
    0.333117069E-20
    0.335029080E-20
    0.336960933E-20
    0.338908277E-20
    0.340875842E-20
    0.342860727E-20
    0.344865262E-20
    0.346888828E-20
    0.348930246E-20
    0.350992021E-20
    0.353071423E-20
    0.355173730E-20
    0.357292394E-20
    0.359434405E-20
    0.361593959E-20
    0.363776939E-20
    0.365979082E-20
    0.368203971E-20
    0.370449315E-20
    0.372716638E-20
    0.375006264E-20
    0.377316780E-20
    0.379652419E-20
    0.382007331E-20
    0.384389676E-20
    0.386790735E-20
    0.389220119E-20
    0.391669675E-20
    0.394146871E-20
    0.396645427E-20
    0.399171052E-20
    0.401720813E-20
    0.404296268E-20
    0.406898019E-20
    0.409524688E-20
    0.412179876E-20
    0.414859528E-20
    0.417569596E-20
    0.420304249E-20
    0.423069461E-20
    0.425859748E-20
    0.428681567E-20
    0.431529618E-20
    0.434409755E-20
    0.437317055E-20
    0.440256876E-20
    0.443225244E-20
    0.446227517E-20
    0.449257977E-20
    0.452322090E-20
    0.455417127E-20
    0.458546877E-20
    0.461706948E-20
    0.464902836E-20
    0.468130892E-20
    0.471394406E-20
    0.474692953E-20
    0.478027032E-20
    0.481396461E-20
    0.484802687E-20
    0.488244513E-20
    0.491725773E-20
    0.495242002E-20
    0.498800040E-20
    0.502392605E-20
    0.506030166E-20
    0.509702513E-20
    0.513420294E-20
    0.517174114E-20
    0.520974237E-20
    0.524812404E-20
    0.528698190E-20
    0.532623481E-20
    0.536595606E-20
    0.540610930E-20
    0.544672709E-20
    0.548780040E-20
    0.552934452E-20
    0.557135974E-20
    0.561385448E-20
    0.565684661E-20
    0.570033011E-20
    0.574431484E-20
    0.578879804E-20
    0.583381238E-20
    0.587934560E-20
    0.592542824E-20
    0.597203890E-20
    0.601920395E-20
    0.606691686E-20
    0.611520680E-20
    0.616407077E-20
    0.621351139E-20
    0.626354332E-20
    0.631418510E-20
    0.636543090E-20
    0.641730949E-20
    0.646980466E-20
    0.652294455E-20
    0.657674057E-20
    0.663119001E-20
    0.668631219E-20
    0.674210760E-20
    0.679860499E-20
    0.685577990E-20
    0.691369802E-20
    0.697232717E-20
    0.703171202E-20
    0.709181148E-20
    0.715270331E-20
    0.721434371E-20
    0.727679954E-20
    0.734002343E-20
    0.740408340E-20
    0.746894834E-20
    0.753466175E-20
    0.760123737E-20
    0.766866481E-20
    0.773699230E-20
    0.780619428E-20
    0.787631751E-20
    0.794737485E-20
    0.801935962E-20
    0.809232455E-20
    0.816622193E-20
    0.824117517E-20
    0.831707101E-20
    0.839406257E-20
    0.847201534E-20
    0.855113433E-20
    0.863122978E-20
    0.871253089E-20
    0.879482499E-20
    0.887840135E-20
    0.896299635E-20
    0.904891380E-20
    0.913589757E-20
    0.922424064E-20
    0.931369101E-20
    0.940455599E-20
    0.949656208E-20
    0.959003399E-20
    0.968470079E-20
    0.978086770E-20
    0.987830631E-20
    0.997727030E-20
    0.100775885E-19
    0.101794424E-19
    0.102827437E-19
    0.103876172E-19
    0.104940196E-19
    0.106020270E-19
    0.107116333E-19
    0.108229061E-19
    0.109358367E-19
    0.110505171E-19
    0.111669052E-19
    0.112851186E-19
    0.114050970E-19
    0.115270028E-19
    0.116507082E-19
    0.117764543E-19
    0.119040524E-19
    0.120337752E-19
    0.121654263E-19
    0.122992906E-19
    0.124351989E-19
    0.125733813E-19
    0.127136819E-19
    0.128563644E-19
    0.130012632E-19
    0.131486361E-19
    0.132983300E-19
    0.134505657E-19
    0.136052590E-19
    0.137625829E-19
    0.139224920E-19
    0.140851116E-19
    0.142504560E-19
    0.144186027E-19
    0.145896197E-19
    0.147635634E-19
    0.149405006E-19
    0.151204990E-19
    0.153036182E-19
    0.154899680E-19
    0.156795869E-19
    0.158726010E-19
    0.160690587E-19
    0.162690755E-19
    0.164727602E-19
    0.166801804E-19
    0.168914824E-19
    0.171067238E-19
    0.173260178E-19
    0.175494743E-19
    0.177772136E-19
    0.180093021E-19
    0.182458617E-19
    0.184869477E-19
    0.187326681E-19
    0.189830197E-19
    0.192380637E-19
    0.194978470E-19
    0.197624051E-19
    0.200318278E-19
    0.203062391E-19
    0.205857468E-19
    0.208705223E-19
    0.211607703E-19
    0.214567139E-19
    0.217585088E-19
    0.220664131E-19
    0.223805368E-19
    0.227009372E-19
    0.230276612E-19
    0.233607104E-19
    0.237001734E-19
    0.240461281E-19
    0.243988033E-19
    0.247582753E-19
    0.251248095E-19
    0.254985478E-19
    0.258801189E-19
    0.262699457E-19
    0.266690969E-19
    0.270782139E-19
    0.274982843E-19
    0.279300550E-19
    0.283746758E-19
    0.288332021E-19
    0.293066003E-19
    0.297950652E-19
    0.302976562E-19
    0.308122273E-19
    0.313363176E-19
    0.318682450E-19
    0.324084084E-19
    0.329596846E-19
    0.335265138E-19
    0.341133309E-19
    0.347229554E-19
    0.353562030E-19
    0.360125635E-19
    0.366917937E-19
    0.373945580E-19
    0.381226792E-19
    0.388773831E-19
    0.396590993E-19
    0.404664244E-19
    0.412980700E-19
    0.421513827E-19
    0.430228709E-19
    0.439034391E-19
    0.447825582E-19
    0.456516630E-19
    0.465188547E-19
    0.474094937E-19
    0.483654760E-19
    0.494180119E-19
    0.505760028E-19
    0.518114879E-19
    0.530884630E-19
    0.543717355E-19
    0.556507216E-19
    0.569027599E-19
    0.581015467E-19
    0.591942918E-19
    0.601832185E-19
    0.611211664E-19
    0.621739551E-19
    0.635033174E-19
    0.652723869E-19
    0.674868482E-19
    0.701086376E-19
    0.729563136E-19
    0.759657498E-19
    0.790631964E-19
    0.824093754E-19
    0.861375499E-19
    0.905355685E-19
    0.957537675E-19
    0.102044284E-18
    0.109335631E-18
    0.117548524E-18
    0.126038871E-18
    0.134292322E-18
    0.141660735E-18
    0.148155254E-18
    0.153946588E-18
    0.159562692E-18
    0.164934061E-18
    0.170168801E-18
    0.174688914E-18
    0.179265256E-18
    0.183149376E-18
    0.188585717E-18
    0.193917841E-18
    0.203113368E-18
    0.213263781E-18
    0.229218565E-18
    0.246639248E-18
    0.271218664E-18
    0.298047658E-18
    0.334427849E-18
    0.370535175E-18
    0.416504107E-18
    0.454063178E-18
    0.500372388E-18
    0.528365550E-18
    0.567947315E-18
    0.581892598E-18
    0.621707923E-18
    0.636718886E-18
    0.711326410E-18
    0.729996731E-18
    0.870462585E-18
    0.872670045E-18
    0.107821835E-17
    0.111362100E-17
    0.142422138E-17
    0.161258604E-17
    0.214148148E-17
    0.248770037E-17
    0.339194876E-17
    0.380371364E-17
    0.532011296E-17
    0.602649213E-17
    0.835068749E-17
    0.100565646E-16
    0.133994379E-16
    0.169015989E-16
    0.220140848E-16
    0.281094544E-16
    0.364014900E-16
    0.466312146E-16
    0.606051671E-16
    0.772700328E-16
    0.101316682E-15
    0.128713432E-15
    0.168478675E-15
    0.215719597E-15
    0.279638145E-15
    0.360692731E-15
    0.466134673E-15
    0.599043135E-15
    0.779353069E-15
    0.991102575E-15
    0.129803765E-14
    0.164062450E-14
    0.214696087E-14
    0.271248209E-14
    0.353676625E-14
    0.447064931E-14
    0.580513934E-14
    0.735692323E-14
    0.947609382E-14
    0.120934237E-13
    0.154110572E-13
    0.197758722E-13
    0.250627275E-13
    0.321324004E-13
    0.407311435E-13
    0.519760645E-13
    0.660828185E-13
    0.838374858E-13
    0.106792525E-12
    0.135197309E-12
    0.171697514E-12
    0.217616269E-12
    0.275279187E-12
    0.348638602E-12
    0.440318820E-12
    0.555764920E-12
    0.701343215E-12
    0.882163003E-12
    0.111103682E-11
    0.139366228E-11
    0.174971105E-11
    0.219107264E-11
    0.273960610E-11
    0.342520307E-11
    0.426799115E-11
    0.532343155E-11
    0.661784407E-11
    0.822863297E-11
    0.102130446E-10
    0.126624219E-10
    0.156886830E-10
    0.194046630E-10
    0.240030106E-10
    0.296241810E-10
    0.365806108E-10
    0.450840658E-10
    0.555413437E-10
    0.683880516E-10
    0.840834654E-10
    0.103368402E-09
    0.126924936E-09
    0.155763724E-09
    0.190971130E-09
    0.234006277E-09
    0.286437913E-09
    0.350420971E-09
    0.428299545E-09
    0.523001513E-09
    0.638284903E-09
    0.778115088E-09
    0.947905684E-09
    0.115371036E-08
    0.140290623E-08
    0.170466566E-08
    0.206909700E-08
    0.250952853E-08
    0.304106755E-08
    0.368116614E-08
    0.445319756E-08
    0.538102291E-08
    0.649674734E-08
    0.783716944E-08
    0.944472654E-08
    0.113718193E-07
    0.136799646E-07
    0.164415188E-07
    0.197414569E-07
    0.236839344E-07
    0.283848734E-07
    0.339911203E-07
    0.406636358E-07
    0.486047600E-07
    0.580396840E-07
    0.692462336E-07
    0.825362889E-07
    0.982905446E-07
    0.116941266E-06
    0.139005825E-06
    0.165075011E-06
    0.195862295E-06
    0.232168680E-06
    0.274955372E-06
    0.325328564E-06
    0.384569493E-06
    0.454186632E-06
    0.535908219E-06
    0.631743462E-06
    0.744045657E-06
    0.875488826E-06
    0.102920439E-05
    0.120880820E-05
    0.141841506E-05
    0.166285948E-05
    0.194762032E-05
    0.227903780E-05
    0.266439495E-05
    0.311203381E-05
    0.363153224E-05
    0.423383314E-05
    0.493146087E-05
    0.573876396E-05
    0.667205525E-05
    0.774993482E-05
    0.899368976E-05
    0.104273869E-04
    0.120784568E-04
    0.139780732E-04
    0.161615138E-04
    0.186687408E-04
    0.215450413E-04
    0.248415541E-04
    0.286159705E-04
    0.329334776E-04
    0.378673924E-04
    0.435002974E-04
    0.499249511E-04
    0.572456457E-04
    0.655791288E-04
    0.750564385E-04
    0.858240618E-04
    0.980457783E-04
    0.111904674E-03
    0.127604389E-03
    0.145372470E-03
    0.165461939E-03
    0.188153420E-03
    0.213759500E-03
    0.242626087E-03
    0.275136549E-03
    0.311715392E-03
    0.352831220E-03
    0.399001326E-03
    0.450796681E-03
    0.508845641E-03
    0.573839124E-03
    0.646536407E-03
    0.727771192E-03
    0.818456208E-03
    0.919591558E-03
    0.103227011E-02
    0.115768530E-02
    0.129713922E-02
    0.145204954E-02
    0.162395953E-02
    0.181454528E-02
    0.202562599E-02
    0.225917327E-02
    0.251732123E-02
    0.280237775E-02
    0.311683237E-02
    0.346337155E-02
    0.384488765E-02
    0.426448886E-02
    0.472551466E-02
    0.523154759E-02
    0.578642136E-02
    0.639423747E-02
    0.705937618E-02
    0.778650698E-02
    0.858060465E-02
    0.944695762E-02
    0.103911799E-01
    0.114192233E-01
    0.125373896E-01
    0.137523383E-01
    0.150710939E-01
    0.165010593E-01
    0.180500212E-01
    0.197261544E-01
    0.215380307E-01
    0.234946171E-01
    0.256052824E-01
    0.278797974E-01
    0.303283284E-01
    0.329614391E-01
    0.357900811E-01
    0.388255857E-01
    0.420796558E-01
    0.455643486E-01
    0.492920597E-01
    0.532755071E-01
    0.575277043E-01
    0.620619359E-01
    0.668917260E-01
    0.720308098E-01
    0.774930963E-01
    0.832926263E-01
    0.894435263E-01
    0.959599633E-01
    0.102856098E+00
    0.110146028E+00
    0.117843720E+00
    0.125962958E+00
    0.134517279E+00
    0.143519893E+00
    0.152983620E+00
    0.162920816E+00
    0.173343285E+00
    0.184262210E+00
    0.195688061E+00
    0.207630518E+00
    0.220098379E+00
    0.233099477E+00
    0.246640593E+00
    0.260727362E+00
    0.275364190E+00
    0.290554166E+00
    0.306298978E+00
    0.322598827E+00
    0.339452343E+00
    0.356856513E+00
    0.374806605E+00
    0.393296092E+00
    0.412316595E+00
    0.431857815E+00
    0.451907485E+00
    0.472451326E+00
    0.493472999E+00
    0.514954076E+00
    0.536874016E+00
    0.559210152E+00
    0.581937689E+00
    0.605029709E+00
    0.628457179E+00
    0.652188980E+00
    0.676191944E+00
    0.700430904E+00
    0.724868750E+00
    0.749466498E+00
    0.774183366E+00
    0.798976881E+00
    0.823802974E+00
    0.848616089E+00
    0.873369311E+00
    0.898014508E+00
    0.922502470E+00
    0.946783060E+00
    0.970805382E+00
    0.994517947E+00
    0.101786886E+01
    0.104080598E+01
    0.106327715E+01
    0.108523035E+01
    0.110661391E+01
    0.112737673E+01
    0.114746844E+01
    0.116683964E+01
    0.118544208E+01
    0.120322887E+01
    0.122015466E+01
    0.123617585E+01
    0.125125078E+01
    0.126533989E+01
    0.127840590E+01
    0.129041399E+01
    0.130133192E+01
    0.131113022E+01
    0.131978229E+01
    0.132726451E+01
    0.133355641E+01
    0.133864067E+01
    0.134250327E+01
    0.134513355E+01
    0.134652423E+01
    0.134667143E+01
    0.134557475E+01
    0.134323721E+01
    0.133966529E+01
    0.133486885E+01
    0.132886111E+01
    0.132165858E+01
    0.131328101E+01
    0.130375127E+01
    0.129309525E+01
    0.128134175E+01
    0.126852235E+01
    0.125467128E+01
    0.123982524E+01
    0.122402326E+01
    0.120730652E+01
    0.118971818E+01
    0.117130318E+01
    0.115210808E+01
    0.113218082E+01
    0.111157054E+01
    0.109032741E+01
    0.106850238E+01
    0.104614701E+01
    0.102331326E+01
    0.100005329E+01
    0.976419252E+00
    0.952463141E+00
    0.928236563E+00
    0.903790578E+00
    0.879175530E+00
    0.854440874E+00
    0.829635021E+00
    0.804805195E+00
    0.779997301E+00
    0.755255787E+00
    0.730623524E+00
    0.706141709E+00
    0.681849773E+00
    0.657785290E+00
    0.633983904E+00
    0.610479270E+00
    0.587303004E+00
    0.564484642E+00
    0.542051616E+00
    0.520029238E+00
    0.498440683E+00
    0.477306994E+00
    0.456647103E+00
    0.436477848E+00
    0.416814000E+00
    0.397668299E+00
    0.379051506E+00
    0.360972452E+00
    0.343438097E+00
    0.326453594E+00
    0.310022355E+00
    0.294146123E+00
    0.278825063E+00
    0.264057833E+00
    0.249841659E+00
    0.236172433E+00
    0.223044802E+00
    0.210452242E+00
    0.198387154E+00
    0.186840954E+00
    0.175804159E+00
    0.165266468E+00
    0.155216852E+00
    0.145643638E+00
    0.136534589E+00
    0.127876984E+00
    0.119657685E+00
    0.111863220E+00
    0.104479849E+00
    0.974936336E-01
    0.908904970E-01
    0.846562840E-01
    0.787768131E-01
    0.732379355E-01
    0.680255835E-01
    0.631258061E-01
    0.585248174E-01
    0.542090346E-01
    0.501651076E-01
    0.463799504E-01
    0.428407695E-01
    0.395350879E-01
    0.364507606E-01
    0.335759972E-01
    0.308993759E-01
    0.284098487E-01
    0.260967581E-01
    0.239498406E-01
    0.219592309E-01
    0.201154638E-01
    0.184094727E-01
    0.168325948E-01
    0.153765615E-01
    0.140334922E-01
    0.127958949E-01
    0.116566559E-01
    0.106090295E-01
    0.964663249E-02
    0.876343200E-02
    0.795373275E-02
    0.721217330E-02
    0.653370835E-02
    0.591359517E-02
    0.534738950E-02
    0.483092604E-02
    0.436030942E-02
    0.393190080E-02
    0.354230612E-02
    0.318836472E-02
    0.286713523E-02
    0.257588616E-02
    0.231208334E-02
    0.207337838E-02
    0.185759879E-02
    0.166273715E-02
    0.148694041E-02
    0.132850061E-02
    0.118584572E-02
    0.105753076E-02
    0.942228095E-03
    0.838720411E-03
    0.745893214E-03
    0.662726478E-03
    0.588288361E-03
    0.521728415E-03
    0.462271197E-03
    0.409211047E-03
    0.361906317E-03
    0.319773863E-03
    0.282285369E-03
    0.248961056E-03
    0.219367824E-03
    0.193113608E-03
    0.169844024E-03
    0.149240416E-03
    0.131014844E-03
    0.114908595E-03
    0.100689237E-03
    0.881478050E-04
    0.770970748E-04
    0.673694458E-04
    0.588146264E-04
    0.512986476E-04
    0.447018657E-04
    0.389172226E-04
    0.338498746E-04
    0.294151174E-04
    0.255376681E-04
    0.221508523E-04
    0.191954204E-04
    0.166189342E-04
    0.143749279E-04
    0.124224567E-04
    0.107252333E-04
    0.925130314E-05
    0.797258614E-05
    0.686423429E-05
    0.590448351E-05
    0.507425863E-05
    0.435670577E-05
    0.373717317E-05
    0.320277831E-05
    0.274224556E-05
    0.234576744E-05
    0.200475796E-05
    0.171173420E-05
    0.146018488E-05
    0.124444828E-05
    0.105961071E-05
    0.901388779E-06
    0.766078370E-06
    0.650483947E-06
    0.551816370E-06
    0.467682783E-06
    0.396011302E-06
    0.335008959E-06
    0.283144580E-06
    0.239087876E-06
    0.201697884E-06
    0.169997636E-06
    0.143149071E-06
    0.120425521E-06
    0.101220118E-06
    0.849945265E-07
    0.713054947E-07
    0.597665525E-07
    0.500472056E-07
    0.418701963E-07
    0.349965462E-07
    0.292248103E-07
    0.243814390E-07
    0.203226131E-07
    0.169234891E-07
    0.140799497E-07
    0.117031383E-07
    0.971893576E-08
    0.806308492E-08
    0.668382927E-08
    0.553476455E-08
    0.457941488E-08
    0.378523651E-08
    0.312593074E-08
    0.257918332E-08
    0.212585696E-08
    0.175090665E-08
    0.144041259E-08
    0.118413445E-08
    0.972444998E-09
    0.797863715E-09
    0.654006126E-09
    0.535699226E-09
    0.438145744E-09
    0.358375214E-09
    0.292458953E-09
    0.238811078E-09
    0.194549181E-09
    0.158513217E-09
    0.128939344E-09
    0.104837622E-09
    0.851299076E-10
    0.690870830E-10
    0.559919309E-10
    0.453614575E-10
    0.366928478E-10
    0.296667301E-10
    0.239640767E-10
    0.193277909E-10
    0.155888514E-10
    0.125516644E-10
    0.100994105E-10
    0.812107183E-11
    0.652085783E-11
    0.523202429E-11
    0.419680539E-11
    0.335861751E-11
    0.268844620E-11
    0.215059385E-11
    0.171522756E-11
    0.137064286E-11
    0.109189146E-11
    0.869637578E-12
    0.692394629E-12
    0.549719446E-12
    0.437893859E-12
    0.345730674E-12
    0.275863493E-12
    0.217213645E-12
    0.172501842E-12
    0.136274138E-12
    0.107505090E-12
    0.849935508E-13
    0.669074217E-13
    0.527291438E-13
    0.415011864E-13
    0.326275338E-13
    0.256142444E-13
    0.201085401E-13
    0.158060010E-13
    0.122781187E-13
    0.976313830E-14
    0.745924301E-14
    0.599431739E-14
    0.453579689E-14
    0.365471334E-14
    0.275372456E-14
    0.222069707E-14
    0.166505243E-14
    0.134401969E-14
    0.100575021E-14
    0.807662929E-15
    0.608300249E-15
    0.482101480E-15
    0.365992134E-15
    0.289695399E-15
    0.216511534E-15
    0.176334131E-15
    0.126694609E-15
    0.107619655E-15
    0.741852927E-16
    0.653379972E-16
    0.437212324E-16
    0.393283875E-16
    0.257851804E-16
    0.241159637E-16
    0.151130952E-16
    0.151258020E-16
    0.893872797E-17
    0.943201456E-17
    0.544923282E-17
    0.575352019E-17
    0.359602181E-17
    0.350461636E-17
    0.245152760E-17
    0.219641037E-17
    0.166709422E-17
    0.137273389E-17
    0.118765467E-17
    0.855092703E-18
    0.834187961E-18
    0.578912276E-18
    0.557006719E-18
    0.426132335E-18
    0.393528015E-18
    0.341137404E-18
    0.317143867E-18
    0.303936673E-18
    0.296424295E-18
    0.287975559E-18
    0.287342854E-18
    0.269649541E-18
    0.263954079E-18
    0.249889523E-18
    0.239528685E-18
    0.228447332E-18
    0.210651878E-18
    0.194885174E-18
    0.170542999E-18
    0.153837364E-18
    0.131064884E-18
    0.120121347E-18
    0.104582204E-18
    0.100677806E-18
    0.920780879E-19
    0.924291748E-19
    0.876069756E-19
    0.880664927E-19
    0.837729366E-19
    0.820127024E-19
    0.769938014E-19
    0.734042017E-19
    0.681913603E-19
    0.644229277E-19
    0.601157088E-19
    0.574292778E-19
    0.545803433E-19
    0.531474783E-19
    0.513900864E-19
    0.504328688E-19
    0.487959388E-19
    0.474408011E-19
    0.454213217E-19
    0.436609350E-19
    0.415907823E-19
    0.398920199E-19
    0.381058181E-19
    0.366568332E-19
    0.352065108E-19
    0.340695727E-19
    0.330369045E-19
    0.323259371E-19
    0.317536966E-19
    0.313976520E-19
    0.310710327E-19
    0.308036237E-19
    0.304900527E-19
    0.301850970E-19
    0.298364338E-19
    0.294803989E-19
    0.290755538E-19
    0.286472702E-19
    0.281738910E-19
    0.276799460E-19
    0.271564536E-19
    0.266254923E-19
    0.260862675E-19
    0.255570272E-19
    0.250376861E-19
    0.245390720E-19
    0.240608466E-19
    0.236112783E-19
    0.231908653E-19
    0.228029758E-19
    0.224426568E-19
    0.221053563E-19
    0.217817262E-19
    0.214649429E-19
    0.211480985E-19
    0.208277748E-19
    0.205020866E-19
    0.201715955E-19
    0.198376122E-19
    0.195024142E-19
    0.191686548E-19
    0.188390066E-19
    0.185166762E-19
    0.182039200E-19
    0.179027501E-19
    0.176131412E-19
    0.173349704E-19
    0.170664446E-19
    0.168065986E-19
    0.165538100E-19
    0.163076898E-19
    0.160672364E-19
    0.158325494E-19
    0.156025853E-19
    0.153774748E-19
    0.151560853E-19
    0.149387579E-19
    0.147247173E-19
    0.145144355E-19
    0.143073962E-19
    0.141042044E-19
    0.139044231E-19
    0.137086192E-19
    0.135163058E-19
    0.133280137E-19
    0.131432010E-19
    0.129623623E-19
    0.127850551E-19
    0.126116318E-19
    0.124416481E-19
    0.122753601E-19
    0.121122867E-19
    0.119526575E-19
    0.117960961E-19
    0.116428034E-19
    0.114924320E-19
    0.113451768E-19
    0.112006700E-19
    0.110590998E-19
    0.109201798E-19
    0.107840142E-19
    0.106503373E-19
    0.105191692E-19
    0.103903267E-19
    0.102638805E-19
    0.101396160E-19
    0.100175917E-19
    0.989763656E-20
    0.977976285E-20
    0.966387384E-20
    0.954994299E-20
    0.943785479E-20
    0.932760418E-20
    0.921908295E-20
    0.911231337E-20
    0.900716514E-20
    0.890362026E-20
    0.880161769E-20
    0.870109919E-20
    0.860200972E-20
    0.850424590E-20
    0.840780762E-20
    0.831259776E-20
    0.821859448E-20
    0.812567880E-20
    0.803382062E-20
    0.794298530E-20
    0.785305624E-20
    0.776404226E-20
    0.767582059E-20
    0.758839390E-20
    0.750166761E-20
    0.741556253E-20
    0.733005721E-20
    0.724506804E-20
    0.716054060E-20
    0.707636629E-20
    0.699255872E-20
    0.690898845E-20
    0.682557788E-20
    0.674228351E-20
    0.665905132E-20
    0.657578901E-20
    0.649244884E-20
    0.640895950E-20
    0.632525362E-20
    0.624129626E-20
    0.615698185E-20
    0.607230038E-20
    0.598711382E-20
    0.590144200E-20
    0.581516221E-20
    0.572826215E-20
    0.564065422E-20
    0.555231129E-20
    0.546314825E-20
    0.537315989E-20
    0.528225069E-20
    0.519040554E-20
    0.509755993E-20
    0.500370427E-20
    0.490877627E-20
    0.481276557E-20
    0.471563907E-20
    0.461737690E-20
    0.451797192E-20
    0.441744127E-20
    0.431576269E-20
    0.421298385E-20
    0.410911787E-20
    0.400419800E-20
    0.389826028E-20
    0.379136997E-20
    0.368357163E-20
    0.357497079E-20
    0.346565677E-20
    0.335573891E-20
    0.324532715E-20
    0.313454639E-20
    0.302355760E-20
    0.291253608E-20
    0.280163810E-20
    0.269107605E-20
    0.258103491E-20
    0.247175370E-20
    0.236348891E-20
    0.225646588E-20
    0.215096249E-20
    0.204723742E-20
    0.194561898E-20
    0.184640357E-20
    0.174992340E-20
    0.165648851E-20
    0.156643093E-20
    0.148007814E-20
    0.139779706E-20
    0.131989063E-20
    0.124672289E-20
    0.117858436E-20
    0.111581843E-20
    0.105868322E-20
    0.100747203E-20
    0.962390737E-21
    0.923668051E-21
    0.891430017E-21
    0.865821142E-21
    0.846862559E-21
    0.834581048E-21
    0.828852715E-21
    0.829576796E-21
    0.836464443E-21
    0.849237361E-21
    0.867424231E-21
    0.890556585E-21
    0.917945036E-21
    0.948925283E-21
    0.982589153E-21
    0.101804695E-20
    0.105418226E-20
    0.108986841E-20
    0.112381802E-20
    0.115472527E-20
    0.118115009E-20
    0.120164210E-20
    0.121468224E-20
    0.121875680E-20
    0.121228287E-20
    0.119370171E-20
