 #tdnd tdcion
    0.195439193E-16
    0.202785547E-16
    0.199520308E-16
    0.214764663E-16
    0.179012425E-16
    0.194546744E-16
    0.199493458E-16
    0.165592222E-16
    0.219934612E-16
    0.175833760E-16
    0.172815059E-16
    0.207456196E-16
    0.166767467E-16
    0.170999521E-16
    0.183489683E-16
    0.178098654E-16
    0.153692101E-16
    0.181081185E-16
    0.199892932E-16
    0.161007841E-16
    0.164114945E-16
    0.183544294E-16
    0.181064389E-16
    0.165216940E-16
    0.159755803E-16
    0.170641152E-16
    0.191999498E-16
    0.171254293E-16
    0.165970038E-16
    0.198922880E-16
    0.184051882E-16
    0.161367823E-16
    0.184002265E-16
    0.207459605E-16
    0.159863053E-16
    0.180569119E-16
    0.207830003E-16
    0.190070700E-16
    0.200731146E-16
    0.193115313E-16
    0.194606485E-16
    0.193601881E-16
    0.232662612E-16
    0.180621732E-16
    0.184862397E-16
    0.251812611E-16
    0.210987021E-16
    0.184701935E-16
    0.221419611E-16
    0.264104220E-16
    0.180471578E-16
    0.208980049E-16
    0.254920693E-16
    0.223343976E-16
    0.217703710E-16
    0.239022115E-16
    0.239375417E-16
    0.209327725E-16
    0.271417968E-16
    0.235022413E-16
    0.198476329E-16
    0.261549288E-16
    0.277656741E-16
    0.212245103E-16
    0.221656124E-16
    0.295942178E-16
    0.248882299E-16
    0.214447367E-16
    0.262729931E-16
    0.262397221E-16
    0.249901404E-16
    0.253858701E-16
    0.265972246E-16
    0.227492658E-16
    0.272634050E-16
    0.303693155E-16
    0.212925693E-16
    0.241523755E-16
    0.296164395E-16
    0.296267590E-16
    0.194802860E-16
    0.283214169E-16
    0.293447430E-16
    0.261933103E-16
    0.242640123E-16
    0.254814901E-16
    0.308421860E-16
    0.246449059E-16
    0.284583900E-16
    0.220351399E-16
    0.303032160E-16
    0.272757516E-16
    0.288607497E-16
    0.207529761E-16
    0.270882703E-16
    0.330712950E-16
    0.222154554E-16
    0.259740992E-16
    0.255156954E-16
    0.322006294E-16
    0.208176980E-16
    0.287494652E-16
    0.233328657E-16
    0.295706374E-16
    0.251900189E-16
    0.226676154E-16
    0.268747252E-16
    0.253102930E-16
    0.299460977E-16
    0.191924444E-16
    0.270298975E-16
    0.230319109E-16
    0.305794061E-16
    0.185474340E-16
    0.247543761E-16
    0.249734630E-16
    0.240751337E-16
    0.248084247E-16
    0.213802458E-16
    0.249445015E-16
    0.219088414E-16
    0.272208493E-16
    0.164503961E-16
    0.246765511E-16
    0.230538498E-16
    0.244943892E-16
    0.184548113E-16
    0.214598214E-16
    0.253012582E-16
    0.219670002E-16
    0.205375977E-16
    0.178374311E-16
    0.245807296E-16
    0.206047027E-16
    0.222569813E-16
    0.174832734E-16
    0.218340898E-16
    0.238678553E-16
    0.203173468E-16
    0.173198586E-16
    0.198459442E-16
    0.255434784E-16
    0.176153555E-16
    0.179666654E-16
    0.192783995E-16
    0.258610049E-16
    0.185317874E-16
    0.179887738E-16
    0.185661745E-16
    0.235077937E-16
    0.204086288E-16
    0.173894876E-16
    0.179342923E-16
    0.223143059E-16
    0.224967080E-16
    0.171834219E-16
    0.179410664E-16
    0.217221342E-16
    0.230644166E-16
    0.166571663E-16
    0.179910218E-16
    0.207580256E-16
    0.233963719E-16
    0.171843982E-16
    0.194490847E-16
    0.194444971E-16
    0.230763116E-16
    0.186996075E-16
    0.194545593E-16
    0.187311274E-16
    0.228458655E-16
    0.196096936E-16
    0.180732612E-16
    0.207434889E-16
    0.226058865E-16
    0.205050043E-16
    0.163364753E-16
    0.233969132E-16
    0.214682449E-16
    0.200843948E-16
    0.166055039E-16
    0.246955062E-16
    0.203567969E-16
    0.196457903E-16
    0.198812169E-16
    0.227026899E-16
    0.202902909E-16
    0.201986263E-16
    0.224804501E-16
    0.182755480E-16
    0.216989978E-16
    0.218490095E-16
    0.223390326E-16
    0.162655186E-16
    0.241030145E-16
    0.225387905E-16
    0.195203666E-16
    0.184612890E-16
    0.244512800E-16
    0.211222352E-16
    0.173881202E-16
    0.237632501E-16
    0.224654989E-16
    0.185117393E-16
    0.191175712E-16
    0.276028514E-16
    0.186353054E-16
    0.176675217E-16
    0.220279925E-16
    0.264057967E-16
    0.174645535E-16
    0.200306510E-16
    0.232696529E-16
    0.230001820E-16
    0.189869132E-16
    0.233359688E-16
    0.214771337E-16
    0.208338203E-16
    0.223796114E-16
    0.243416870E-16
    0.180611348E-16
    0.229415753E-16
    0.258304018E-16
    0.227956129E-16
    0.178541770E-16
    0.248386618E-16
    0.253470990E-16
    0.209454435E-16
    0.218681722E-16
    0.262104656E-16
    0.236129185E-16
    0.192769917E-16
    0.285677831E-16
    0.248632073E-16
    0.217888044E-16
    0.202942505E-16
    0.310307633E-16
    0.221779660E-16
    0.233105441E-16
    0.242720555E-16
    0.304882002E-16
    0.217406815E-16
    0.234878755E-16
    0.262685132E-16
    0.264000381E-16
    0.251759263E-16
    0.256925357E-16
    0.265050764E-16
    0.225814728E-16
    0.307474562E-16
    0.248885629E-16
    0.245497390E-16
    0.236254924E-16
    0.326542140E-16
    0.218984409E-16
    0.241211002E-16
    0.284689575E-16
    0.332850060E-16
    0.195273256E-16
    0.222264327E-16
    0.319971244E-16
    0.291857857E-16
    0.204665119E-16
    0.251886894E-16
    0.314977043E-16
    0.269632185E-16
    0.234013450E-16
    0.232762875E-16
    0.283370058E-16
    0.284508117E-16
    0.265770428E-16
    0.215112762E-16
    0.238787164E-16
    0.312468141E-16
    0.298234553E-16
    0.182410849E-16
    0.218838071E-16
    0.318505802E-16
    0.283582948E-16
    0.186219662E-16
    0.237348993E-16
    0.295370294E-16
    0.284506361E-16
    0.199954533E-16
    0.224747126E-16
    0.257568874E-16
    0.275575014E-16
    0.242853750E-16
    0.231206802E-16
    0.223239604E-16
    0.265531970E-16
    0.269622964E-16
    0.208140809E-16
    0.235091295E-16
    0.243136055E-16
    0.271801933E-16
    0.212112126E-16
    0.252639354E-16
    0.229416697E-16
    0.272875239E-16
    0.206160832E-16
    0.270922476E-16
    0.218699505E-16
    0.245518156E-16
    0.231481376E-16
    0.284153467E-16
    0.233689229E-16
    0.226757770E-16
    0.232265451E-16
    0.274982279E-16
    0.264955395E-16
    0.208456796E-16
    0.244298432E-16
    0.265719311E-16
    0.290799538E-16
    0.213457454E-16
    0.244262460E-16
    0.240714751E-16
    0.314877299E-16
    0.235801855E-16
    0.226346011E-16
    0.225167685E-16
    0.334551875E-16
    0.282059884E-16
    0.208087294E-16
    0.195773316E-16
    0.335283134E-16
    0.315887354E-16
    0.196112572E-16
    0.208689865E-16
    0.334501558E-16
    0.321425480E-16
    0.209898555E-16
    0.194208356E-16
    0.311784082E-16
    0.328173770E-16
    0.260204919E-16
    0.199725233E-16
    0.276374174E-16
    0.302679736E-16
    0.322257343E-16
    0.183780002E-16
    0.256608164E-16
    0.310021696E-16
    0.355991309E-16
    0.168489049E-16
    0.245369229E-16
    0.310881979E-16
    0.370700232E-16
    0.179137073E-16
    0.245408525E-16
    0.315951008E-16
    0.331333839E-16
    0.216039265E-16
    0.258132682E-16
    0.309717484E-16
    0.309427840E-16
    0.261170045E-16
    0.245186698E-16
    0.296557479E-16
    0.304113524E-16
    0.303608533E-16
    0.237024476E-16
    0.271929400E-16
    0.324052649E-16
    0.308537345E-16
    0.231386346E-16
    0.275545707E-16
    0.356944750E-16
    0.280590560E-16
    0.238773477E-16
    0.271625061E-16
    0.369480661E-16
    0.254385759E-16
    0.279002451E-16
    0.279603972E-16
    0.348970641E-16
    0.232851375E-16
    0.323136347E-16
    0.274231977E-16
    0.321161374E-16
    0.252300863E-16
    0.349208049E-16
    0.248459232E-16
    0.301029376E-16
    0.284561233E-16
    0.351790083E-16
    0.245309621E-16
    0.295648637E-16
    0.305537071E-16
    0.312630808E-16
    0.261949765E-16
    0.314231907E-16
    0.314626167E-16
    0.267453727E-16
    0.309154311E-16
    0.300550463E-16
    0.302565065E-16
    0.245390209E-16
    0.362738942E-16
    0.297225877E-16
    0.283335886E-16
    0.237056825E-16
    0.382701712E-16
    0.269714694E-16
    0.286730785E-16
    0.269873314E-16
    0.365231111E-16
    0.272351956E-16
    0.278937133E-16
    0.288048935E-16
    0.322295785E-16
    0.282719934E-16
    0.293271550E-16
    0.311048393E-16
    0.282848548E-16
    0.300102959E-16
    0.283752106E-16
    0.297556362E-16
    0.283239871E-16
    0.302947809E-16
    0.295066484E-16
    0.276247971E-16
    0.305192131E-16
    0.279204067E-16
    0.286006982E-16
    0.249342281E-16
    0.360719294E-16
    0.250950870E-16
    0.291599138E-16
    0.218218693E-16
    0.378799992E-16
    0.231575126E-16
    0.302287718E-16
    0.209659581E-16
    0.379356991E-16
    0.241705449E-16
    0.302976956E-16
    0.184131923E-16
    0.341492960E-16
    0.285946636E-16
    0.308852885E-16
    0.194996982E-16
    0.299188954E-16
    0.315935855E-16
    0.288573356E-16
    0.207018895E-16
    0.263183167E-16
    0.341521876E-16
    0.288473726E-16
    0.260070361E-16
    0.210567877E-16
    0.324668470E-16
    0.286940670E-16
    0.317342030E-16
    0.183474195E-16
    0.311999948E-16
    0.294329845E-16
    0.356215122E-16
    0.147861137E-16
    0.309625798E-16
    0.294894789E-16
    0.368734916E-16
    0.183110372E-16
    0.304280146E-16
    0.262154452E-16
    0.353969656E-16
    0.235414301E-16
    0.300611604E-16
    0.238060067E-16
    0.345487269E-16
    0.317836926E-16
    0.255400073E-16
    0.224872378E-16
    0.328774283E-16
    0.360756087E-16
    0.243078740E-16
    0.249708834E-16
    0.308147744E-16
    0.366717285E-16
    0.230928180E-16
    0.298983626E-16
    0.270023485E-16
    0.335547500E-16
    0.286118429E-16
    0.323211874E-16
    0.235119228E-16
    0.306757785E-16
    0.334386363E-16
    0.326947354E-16
    0.209909058E-16
    0.297189565E-16
    0.379471241E-16
    0.301538333E-16
    0.233798398E-16
    0.283646678E-16
    0.377578224E-16
    0.281824147E-16
    0.273158841E-16
    0.287354367E-16
    0.351876997E-16
    0.281525457E-16
    0.316782441E-16
    0.263754750E-16
    0.323133470E-16
    0.299617538E-16
    0.334487722E-16
    0.272866784E-16
    0.297319401E-16
    0.318255479E-16
    0.317010783E-16
    0.275500714E-16
    0.293308123E-16
    0.332699478E-16
    0.295044024E-16
    0.304839822E-16
    0.274803551E-16
    0.341112294E-16
    0.260130022E-16
    0.322583883E-16
    0.281019378E-16
    0.338852232E-16
    0.235117411E-16
    0.326787278E-16
    0.290626986E-16
    0.342066913E-16
    0.220623964E-16
    0.312068313E-16
    0.304709697E-16
    0.327687779E-16
    0.220068893E-16
    0.291571503E-16
    0.340731936E-16
    0.299402128E-16
    0.236243077E-16
    0.274412688E-16
    0.326300370E-16
    0.292443963E-16
    0.269555052E-16
    0.260534958E-16
    0.321918653E-16
    0.277507508E-16
    0.294253168E-16
    0.249341056E-16
    0.284963302E-16
    0.307664315E-16
    0.311144752E-16
    0.248488413E-16
    0.264434655E-16
    0.322477217E-16
    0.297586450E-16
    0.260604714E-16
    0.246791356E-16
    0.350251898E-16
    0.284643483E-16
    0.263306476E-16
    0.261398597E-16
    0.353450944E-16
    0.263492930E-16
    0.282477719E-16
    0.272740294E-16
    0.327118921E-16
    0.279168489E-16
    0.277363976E-16
    0.296188916E-16
    0.310207525E-16
    0.302285946E-16
    0.264732388E-16
    0.312291580E-16
    0.262248199E-16
    0.351802619E-16
    0.249290408E-16
    0.316989781E-16
    0.260595316E-16
    0.372872087E-16
    0.223310019E-16
    0.326717414E-16
    0.255599908E-16
    0.368049633E-16
    0.243326183E-16
    0.307387541E-16
    0.283659498E-16
    0.329130846E-16
    0.267372930E-16
    0.299103901E-16
    0.302506971E-16
    0.277117124E-16
    0.322524168E-16
    0.261902878E-16
    0.318608854E-16
    0.270815785E-16
    0.341917119E-16
    0.232525431E-16
    0.338307309E-16
    0.267505615E-16
    0.314814589E-16
    0.244000728E-16
    0.344693552E-16
    0.299946651E-16
    0.268733064E-16
    0.271341943E-16
    0.333845904E-16
    0.307451047E-16
    0.227595941E-16
    0.328824099E-16
    0.310083207E-16
    0.299113009E-16
    0.243164749E-16
    0.342107652E-16
    0.279146823E-16
    0.295042278E-16
    0.284058468E-16
    0.310326931E-16
    0.278689520E-16
    0.286342405E-16
    0.337429995E-16
    0.250082255E-16
    0.296736675E-16
    0.279370362E-16
    0.346520761E-16
    0.203749066E-16
    0.351164666E-16
    0.270382093E-16
    0.325317617E-16
    0.205997791E-16
    0.349075785E-16
    0.247875985E-16
    0.299245959E-16
    0.241674917E-16
    0.330450856E-16
    0.258964244E-16
    0.265057516E-16
    0.286131699E-16
    0.272535602E-16
    0.266462072E-16
    0.237190243E-16
    0.308345533E-16
    0.221126967E-16
    0.296748152E-16
    0.224617783E-16
    0.311472057E-16
    0.204352424E-16
    0.304324868E-16
    0.186728357E-16
    0.290978313E-16
    0.211053695E-16
    0.295728222E-16
    0.184372127E-16
    0.278472026E-16
    0.233874036E-16
    0.256646349E-16
    0.191834401E-16
    0.256360652E-16
    0.245935522E-16
    0.237361640E-16
    0.194423390E-16
    0.230622976E-16
    0.258231399E-16
    0.224225600E-16
    0.230432682E-16
    0.201822969E-16
    0.245047923E-16
    0.219495911E-16
    0.251414706E-16
    0.190387121E-16
    0.229340634E-16
    0.240287664E-16
    0.243228000E-16
    0.178979323E-16
    0.239179003E-16
    0.239012528E-16
    0.260574440E-16
    0.178854272E-16
    0.233787668E-16
    0.233993928E-16
    0.254775810E-16
    0.203127291E-16
    0.229110360E-16
    0.232882930E-16
    0.233714815E-16
    0.232691065E-16
    0.252067061E-16
    0.216114404E-16
    0.239822475E-16
    0.243034479E-16
    0.229103129E-16
    0.231937440E-16
    0.230689105E-16
    0.272328675E-16
    0.201284580E-16
    0.275724263E-16
    0.213426118E-16
    0.279238109E-16
    0.196178209E-16
    0.302684698E-16
    0.208426902E-16
    0.260702181E-16
    0.183047927E-16
    0.340731672E-16
    0.217613369E-16
    0.263937328E-16
    0.184843049E-16
    0.333904235E-16
    0.224584733E-16
    0.269612221E-16
    0.211614778E-16
    0.276539717E-16
    0.270784255E-16
    0.277557858E-16
    0.226801429E-16
    0.232798897E-16
    0.336603570E-16
    0.265095658E-16
    0.230516366E-16
    0.202571412E-16
    0.375230846E-16
    0.261212342E-16
    0.258241773E-16
    0.194763709E-16
    0.382608569E-16
    0.258812785E-16
    0.286771622E-16
    0.210246144E-16
    0.349226097E-16
    0.260410923E-16
    0.323901234E-16
    0.239908576E-16
    0.303527142E-16
    0.296978056E-16
    0.333418647E-16
    0.254372132E-16
    0.270369240E-16
    0.331385130E-16
    0.308044141E-16
    0.286432302E-16
    0.276369774E-16
    0.337469892E-16
    0.295486333E-16
    0.312494607E-16
    0.280748469E-16
    0.328947085E-16
    0.281456267E-16
    0.319588676E-16
    0.305652238E-16
    0.312556400E-16
    0.278614125E-16
    0.322748431E-16
    0.344124593E-16
    0.287420658E-16
    0.283953866E-16
    0.295493248E-16
    0.361957609E-16
    0.275013654E-16
    0.289221557E-16
    0.281613566E-16
    0.378853519E-16
    0.274768858E-16
    0.288879649E-16
    0.288372617E-16
    0.349231151E-16
    0.262571673E-16
    0.299358732E-16
    0.287827420E-16
    0.314480100E-16
    0.289217135E-16
    0.301754850E-16
    0.282132825E-16
    0.287648843E-16
    0.316831677E-16
    0.273085333E-16
    0.275532587E-16
    0.272478251E-16
    0.329614940E-16
    0.250197294E-16
    0.287248385E-16
    0.286743944E-16
    0.322262821E-16
    0.213730773E-16
    0.306483307E-16
    0.310014877E-16
    0.281349103E-16
    0.189770893E-16
    0.336126094E-16
    0.312381753E-16
    0.268946989E-16
    0.201926966E-16
    0.338248874E-16
    0.288237320E-16
    0.280783216E-16
    0.209130079E-16
    0.303558044E-16
    0.278398316E-16
    0.303178315E-16
    0.223157095E-16
    0.259452110E-16
    0.296607299E-16
    0.315115756E-16
    0.229028163E-16
    0.202300116E-16
    0.321241387E-16
    0.304583144E-16
    0.236825394E-16
    0.181356074E-16
    0.343208960E-16
    0.272767097E-16
    0.274991459E-16
    0.191954796E-16
    0.323940519E-16
    0.235853028E-16
    0.307835970E-16
    0.210601301E-16
    0.297133430E-16
    0.238081758E-16
    0.323982203E-16
    0.233671897E-16
    0.275624235E-16
    0.259464750E-16
    0.315732489E-16
    0.241674016E-16
    0.252545132E-16
    0.275414697E-16
    0.292407384E-16
    0.262063139E-16
    0.246421693E-16
    0.285254480E-16
    0.262590926E-16
    0.290064480E-16
    0.230250092E-16
    0.260368984E-16
    0.254033784E-16
    0.294954232E-16
    0.210580505E-16
    0.249444039E-16
    0.277863106E-16
    0.282115084E-16
    0.200900911E-16
    0.251313184E-16
    0.282595529E-16
    0.270660669E-16
    0.196006576E-16
    0.252656082E-16
    0.267928222E-16
    0.278976931E-16
    0.218067665E-16
    0.253551250E-16
    0.259405371E-16
    0.286922579E-16
    0.244280870E-16
    0.226257495E-16
    0.256609254E-16
    0.294407399E-16
    0.250635529E-16
    0.194158955E-16
    0.277067500E-16
    0.307210603E-16
    0.235267006E-16
    0.192092521E-16
    0.282558673E-16
    0.298467320E-16
    0.205486123E-16
    0.217669527E-16
    0.248400533E-16
    0.286008968E-16
    0.204040131E-16
    0.247509041E-16
    0.210172196E-16
    0.284439199E-16
    0.234360899E-16
    0.231497789E-16
    0.186304100E-16
    0.296556755E-16
    0.263359921E-16
    0.185219724E-16
    0.193339594E-16
    0.335186937E-16
    0.261007583E-16
    0.166496516E-16
    0.234623041E-16
    0.364243150E-16
    0.237379542E-16
    0.184436338E-16
    0.280367756E-16
    0.330535476E-16
    0.250494520E-16
    0.218759290E-16
    0.314517345E-16
    0.269061801E-16
    0.333694620E-16
    0.247541377E-16
    0.299561440E-16
    0.239025423E-16
    0.421808403E-16
    0.265653913E-16
    0.229718170E-16
    0.271364508E-16
    0.456251302E-16
    0.273038076E-16
    0.184890025E-16
    0.342209598E-16
    0.433518539E-16
    0.276793425E-16
    0.226117373E-16
    0.365474453E-16
    0.372363138E-16
    0.278115809E-16
    0.339145485E-16
    0.313681355E-16
    0.327458954E-16
    0.318194193E-16
    0.445477454E-16
    0.268773589E-16
    0.316186915E-16
    0.400916577E-16
    0.470905441E-16
    0.288109725E-16
    0.307458387E-16
    0.486541911E-16
    0.424727526E-16
    0.365095901E-16
    0.324538050E-16
    0.530455279E-16
    0.403341658E-16
    0.430732805E-16
    0.396565910E-16
    0.496098865E-16
    0.444233946E-16
    0.432135833E-16
    0.475924613E-16
    0.433543948E-16
    0.506634814E-16
    0.415711256E-16
    0.506603838E-16
    0.454624060E-16
    0.520163670E-16
    0.451247927E-16
    0.483549701E-16
    0.566810114E-16
    0.477344776E-16
    0.524903212E-16
    0.476991377E-16
    0.668836639E-16
    0.454809832E-16
    0.592107558E-16
    0.577674984E-16
    0.703083645E-16
    0.513809718E-16
    0.633227798E-16
    0.761666072E-16
    0.694243382E-16
    0.609683316E-16
    0.681273842E-16
    0.918274823E-16
    0.711154892E-16
    0.681143668E-16
    0.782393368E-16
    0.988288312E-16
    0.786636205E-16
    0.738981705E-16
    0.905088149E-16
    0.100610784E-15
    0.881211771E-16
    0.836053408E-16
    0.100679985E-15
    0.103137806E-15
    0.971050312E-16
    0.987398887E-16
    0.109866907E-15
    0.111867913E-15
    0.108699273E-15
    0.118250734E-15
    0.122675605E-15
    0.125364669E-15
    0.125539089E-15
    0.140916298E-15
    0.143601703E-15
    0.144435728E-15
    0.144676276E-15
    0.168057996E-15
    0.171182054E-15
    0.171101834E-15
    0.166705672E-15
    0.196002313E-15
    0.205690956E-15
    0.201321284E-15
    0.198372859E-15
    0.220263919E-15
    0.246681142E-15
    0.234147642E-15
    0.242109025E-15
    0.244670422E-15
    0.286074225E-15
    0.274525096E-15
    0.293417173E-15
    0.284206614E-15
    0.312424306E-15
    0.327579940E-15
    0.341563875E-15
    0.351490919E-15
    0.333029102E-15
    0.387618420E-15
    0.391696494E-15
    0.429685460E-15
    0.381434836E-15
    0.438256996E-15
    0.461159602E-15
    0.497890324E-15
    0.477015889E-15
    0.485508287E-15
    0.548997065E-15
    0.562879793E-15
    0.604652690E-15
    0.566060901E-15
    0.639534773E-15
    0.651895796E-15
    0.724311760E-15
    0.712397525E-15
    0.733251544E-15
    0.779755608E-15
    0.825682595E-15
    0.897116743E-15
    0.866232173E-15
    0.923745052E-15
    0.947660435E-15
    0.106578773E-14
    0.106609692E-14
    0.107134159E-14
    0.111638877E-14
    0.120924184E-14
    0.130575140E-14
    0.125829502E-14
    0.132270261E-14
    0.137703862E-14
    0.152822669E-14
    0.152614911E-14
    0.156126634E-14
    0.162286753E-14
    0.173289945E-14
    0.186030808E-14
    0.186451455E-14
    0.194790936E-14
    0.199729855E-14
    0.221170325E-14
    0.226661126E-14
    0.232917911E-14
    0.239130161E-14
    0.257427850E-14
    0.274542658E-14
    0.277960180E-14
    0.290467680E-14
    0.301194027E-14
    0.324055312E-14
    0.332686517E-14
    0.349119241E-14
    0.358383425E-14
    0.375516126E-14
    0.395204237E-14
    0.414363118E-14
    0.428511875E-14
    0.437069385E-14
    0.463701684E-14
    0.488738366E-14
    0.508139966E-14
    0.516495567E-14
    0.542109300E-14
    0.575471018E-14
    0.597230541E-14
    0.614978672E-14
    0.639473428E-14
    0.675551635E-14
    0.701485356E-14
    0.729274671E-14
    0.761722132E-14
    0.792935687E-14
    0.823887690E-14
    0.860370754E-14
    0.904655339E-14
    0.934104466E-14
    0.965795541E-14
    0.101114652E-13
    0.106308027E-13
    0.109778469E-13
    0.113087291E-13
    0.118364893E-13
    0.123718647E-13
    0.127801894E-13
    0.132056143E-13
    0.137758502E-13
    0.143153042E-13
    0.147211742E-13
    0.153168866E-13
    0.159073557E-13
    0.164537021E-13
    0.168471638E-13
    0.175371121E-13
    0.182055038E-13
    0.186947439E-13
    0.191645047E-13
    0.197789864E-13
    0.205318138E-13
    0.209376321E-13
    0.215134175E-13
    0.220183814E-13
    0.226911995E-13
    0.230846547E-13
    0.236752600E-13
    0.242133354E-13
    0.246600709E-13
    0.251559847E-13
    0.257152827E-13
    0.264813438E-13
    0.269100907E-13
    0.277214268E-13
    0.285788738E-13
    0.299626229E-13
    0.311940523E-13
    0.330827996E-13
    0.354328549E-13
    0.387347653E-13
    0.428071890E-13
    0.480428487E-13
    0.551231888E-13
    0.641413127E-13
    0.760559880E-13
    0.906173098E-13
    0.110330299E-12
    0.134872023E-12
    0.166751572E-12
    0.205555374E-12
    0.256374133E-12
    0.319962780E-12
    0.399958418E-12
    0.498744922E-12
    0.622924367E-12
    0.779352785E-12
    0.971483159E-12
    0.121084736E-11
    0.150460243E-11
    0.187188299E-11
    0.231941974E-11
    0.287451122E-11
    0.355098368E-11
    0.438435053E-11
    0.539883146E-11
    0.664393758E-11
    0.816072218E-11
    0.100050601E-10
    0.122480505E-10
    0.149739727E-10
    0.182887259E-10
    0.222904483E-10
    0.271380389E-10
    0.329930634E-10
    0.400793557E-10
    0.486055436E-10
    0.588819577E-10
    0.712408168E-10
    0.861176615E-10
    0.103973977E-09
    0.125394525E-09
    0.151065384E-09
    0.181813194E-09
    0.218613389E-09
    0.262588942E-09
    0.315105590E-09
    0.377762369E-09
    0.452489882E-09
    0.541496364E-09
    0.647418714E-09
    0.773371971E-09
    0.923053014E-09
    0.110078021E-08
    0.131157438E-08
    0.156146239E-08
    0.185740587E-08
    0.220770287E-08
    0.262186160E-08
    0.311132599E-08
    0.368917124E-08
    0.437097238E-08
    0.517464949E-08
    0.612152165E-08
    0.723601438E-08
    0.854691381E-08
    0.100875824E-07
    0.118971994E-07
    0.140209031E-07
    0.165112837E-07
    0.194295776E-07
    0.228469872E-07
    0.268457730E-07
    0.315210884E-07
    0.369837450E-07
    0.433616263E-07
    0.508027274E-07
    0.594771760E-07
    0.695830703E-07
    0.813472260E-07
    0.950326116E-07
    0.110939614E-06
    0.129417923E-06
    0.150865252E-06
    0.175742593E-06
    0.204574221E-06
    0.237968796E-06
    0.276616682E-06
    0.321314038E-06
    0.372966563E-06
    0.432617800E-06
    0.501453781E-06
    0.580830371E-06
    0.672293924E-06
    0.777609607E-06
    0.898789741E-06
    0.103811530E-05
    0.119819073E-05
    0.138196738E-05
    0.159281006E-05
    0.183451485E-05
    0.211140329E-05
    0.242835728E-05
    0.279091892E-05
    0.320533480E-05
    0.367867456E-05
    0.421891627E-05
    0.483506419E-05
    0.553726469E-05
    0.633693381E-05
    0.724693491E-05
    0.828171480E-05
    0.945751964E-05
    0.107925612E-04
    0.123072838E-04
    0.140245840E-04
    0.159701023E-04
    0.181725240E-04
    0.206638917E-04
    0.234800198E-04
    0.266608233E-04
    0.302508695E-04
    0.342997109E-04
    0.388625883E-04
    0.440008202E-04
    0.497826564E-04
    0.562837270E-04
    0.635880097E-04
    0.717884592E-04
    0.809880886E-04
    0.913007662E-04
    0.102852339E-03
    0.115781771E-03
    0.130242344E-03
    0.146403073E-03
    0.164449902E-03
    0.184587576E-03
    0.207040988E-03
    0.232057320E-03
    0.259907453E-03
    0.290888592E-03
    0.325326003E-03
    0.363575822E-03
    0.406026980E-03
    0.453104463E-03
    0.505271817E-03
    0.563034496E-03
    0.626942616E-03
    0.697594782E-03
    0.775641612E-03
    0.861789673E-03
    0.956805142E-03
    0.106151835E-02
    0.117682833E-02
    0.130370755E-02
    0.144320644E-02
    0.159645878E-02
    0.176468720E-02
    0.194920895E-02
    0.215144112E-02
    0.237290694E-02
    0.261524224E-02
    0.288020209E-02
    0.316966690E-02
    0.348564915E-02
    0.383030110E-02
    0.420592168E-02
    0.461496381E-02
    0.506004087E-02
    0.554393565E-02
    0.606960700E-02
    0.664019825E-02
    0.725904288E-02
    0.792967415E-02
    0.865583134E-02
    0.944146822E-02
    0.102907581E-01
    0.112081027E-01
    0.121981376E-01
    0.132657401E-01
    0.144160328E-01
    0.156543905E-01
    0.169864448E-01
    0.184180889E-01
    0.199554803E-01
    0.216050438E-01
    0.233734737E-01
    0.252677358E-01
    0.272950662E-01
    0.294629705E-01
    0.317792217E-01
    0.342518581E-01
    0.368891769E-01
    0.396997292E-01
    0.426923097E-01
    0.458759524E-01
    0.492599148E-01
    0.528536688E-01
    0.566668819E-01
    0.607094057E-01
    0.649912546E-01
    0.695225864E-01
    0.743136786E-01
    0.793749040E-01
    0.847167075E-01
    0.903495717E-01
    0.962839912E-01
    0.102530431E+00
    0.109099305E+00
    0.116000923E+00
    0.123245464E+00
    0.130842922E+00
    0.138803075E+00
    0.147135428E+00
    0.155849180E+00
    0.164953150E+00
    0.174455756E+00
    0.184364940E+00
    0.194688130E+00
    0.205432172E+00
    0.216603282E+00
    0.228206992E+00
    0.240248090E+00
    0.252730562E+00
    0.265657533E+00
    0.279031225E+00
    0.292852881E+00
    0.307122731E+00
    0.321839911E+00
    0.337002448E+00
    0.352607175E+00
    0.368649713E+00
    0.385124390E+00
    0.402024245E+00
    0.419340946E+00
    0.437064790E+00
    0.455184635E+00
    0.473687912E+00
    0.492560575E+00
    0.511787100E+00
    0.531350458E+00
    0.551232119E+00
    0.571412056E+00
    0.591868736E+00
    0.612579148E+00
    0.633518795E+00
    0.654661761E+00
    0.675980697E+00
    0.697446901E+00
    0.719030312E+00
    0.740699629E+00
    0.762422305E+00
    0.784164670E+00
    0.805891943E+00
    0.827568376E+00
    0.849157289E+00
    0.870621200E+00
    0.891921884E+00
    0.913020516E+00
    0.933877757E+00
    0.954453880E+00
    0.974708878E+00
    0.994602591E+00
    0.101409485E+01
    0.103314557E+01
    0.105171492E+01
    0.106976344E+01
    0.108725217E+01
    0.110414281E+01
    0.112039784E+01
    0.113598062E+01
    0.115085562E+01
    0.116498846E+01
    0.117834608E+01
    0.119089686E+01
    0.120261076E+01
    0.121345940E+01
    0.122341622E+01
    0.123245653E+01
    0.124055769E+01
    0.124769910E+01
    0.125386240E+01
    0.125903146E+01
    0.126319247E+01
    0.126633403E+01
    0.126844718E+01
    0.126952545E+01
    0.126956485E+01
    0.126856396E+01
    0.126652390E+01
    0.126344834E+01
    0.125934347E+01
    0.125421803E+01
    0.124808320E+01
    0.124095268E+01
    0.123284249E+01
    0.122377105E+01
    0.121375901E+01
    0.120282924E+01
    0.119100668E+01
    0.117831832E+01
    0.116479303E+01
    0.115046147E+01
    0.113535600E+01
    0.111951053E+01
    0.110296042E+01
    0.108574228E+01
    0.106789395E+01
    0.104945423E+01
    0.103046286E+01
    0.101096029E+01
    0.990987565E+00
    0.970586192E+00
    0.949797994E+00
    0.928664938E+00
    0.907229037E+00
    0.885532173E+00
    0.863615995E+00
    0.841521756E+00
    0.819290213E+00
    0.796961484E+00
    0.774574944E+00
    0.752169106E+00
    0.729781520E+00
    0.707448673E+00
    0.685205894E+00
    0.663087277E+00
    0.641125596E+00
    0.619352242E+00
    0.597797154E+00
    0.576488770E+00
    0.555453984E+00
    0.534718097E+00
    0.514304797E+00
    0.494236128E+00
    0.474532485E+00
    0.455212593E+00
    0.436293515E+00
    0.417790655E+00
    0.399717773E+00
    0.382087002E+00
    0.364908870E+00
    0.348192339E+00
    0.331944831E+00
    0.316172278E+00
    0.300879157E+00
    0.286068554E+00
    0.271742196E+00
    0.257900532E+00
    0.244542765E+00
    0.231666944E+00
    0.219269991E+00
    0.207347805E+00
    0.195895291E+00
    0.184906460E+00
    0.174374466E+00
    0.164291698E+00
    0.154649829E+00
    0.145439897E+00
    0.136652358E+00
    0.128277155E+00
    0.120303785E+00
    0.112721354E+00
    0.105518641E+00
    0.986841466E-01
    0.922061621E-01
    0.860728082E-01
    0.802720958E-01
    0.747919605E-01
    0.696203248E-01
    0.647451247E-01
    0.601543585E-01
    0.558361139E-01
    0.517786134E-01
    0.479702367E-01
    0.443995519E-01
    0.410553375E-01
    0.379266103E-01
    0.350026432E-01
    0.322729817E-01
    0.297274593E-01
    0.273562119E-01
    0.251496879E-01
    0.230986566E-01
    0.211942134E-01
    0.194277872E-01
    0.177911401E-01
    0.162763727E-01
    0.148759189E-01
    0.135825498E-01
    0.123893644E-01
    0.112897920E-01
    0.102775815E-01
    0.934680071E-02
    0.849182331E-02
    0.770732654E-02
    0.698827962E-02
    0.632993767E-02
    0.572782972E-02
    0.517775041E-02
    0.467575065E-02
    0.421812698E-02
    0.380141190E-02
    0.342236194E-02
    0.307794989E-02
    0.276535270E-02
    0.248194296E-02
    0.222527696E-02
    0.199308662E-02
    0.178326899E-02
    0.159387751E-02
    0.142311246E-02
    0.126931203E-02
    0.113094441E-02
    0.100659898E-02
    0.894979181E-03
    0.794894054E-03
    0.705251782E-03
    0.625052356E-03
    0.553381466E-03
    0.489404105E-03
    0.432358460E-03
    0.381550875E-03
    0.336350075E-03
    0.296183044E-03
    0.260529425E-03
    0.228918173E-03
    0.200922637E-03
    0.176157688E-03
    0.154275443E-03
    0.134962582E-03
    0.117936903E-03
    0.102944798E-03
    0.897586072E-04
    0.781741842E-04
    0.680087873E-04
    0.590988717E-04
    0.512985001E-04
    0.444774465E-04
    0.385197729E-04
    0.333222663E-04
    0.287932348E-04
    0.248513779E-04
    0.214246050E-04
    0.184491701E-04
    0.158686349E-04
    0.136332911E-04
    0.116992416E-04
    0.100279140E-04
    0.858531689E-05
    0.734165838E-05
    0.627078619E-05
    0.534981476E-05
    0.455872258E-05
    0.388001129E-05
    0.329843016E-05
    0.280067807E-05
    0.237520382E-05
    0.201195413E-05
    0.170221134E-05
    0.143841517E-05
    0.121402830E-05
    0.102340719E-05
    0.861666031E-06
    0.724602742E-06
    0.608591233E-06
    0.510530120E-06
    0.427741414E-06
    0.357936491E-06
    0.299149544E-06
    0.249708013E-06
    0.208178669E-06
    0.173339311E-06
    0.144148988E-06
    0.119723262E-06
    0.993112944E-07
    0.822751922E-07
    0.680750754E-07
    0.562541919E-07
    0.464261507E-07
    0.382663158E-07
    0.315000869E-07
    0.258973583E-07
    0.212630484E-07
    0.174355103E-07
    0.142783528E-07
    0.116780390E-07
    0.953847470E-08
    0.778063857E-08
    0.633842572E-08
    0.515692389E-08
    0.419000163E-08
    0.339982695E-08
    0.275496794E-08
    0.222953994E-08
    0.180184334E-08
    0.145428133E-08
    0.117214275E-08
    0.943494824E-09
    0.758385017E-09
    0.608821253E-09
    0.488070448E-09
    0.390720044E-09
    0.312343323E-09
    0.249380555E-09
    0.198833698E-09
    0.158300149E-09
    0.125840183E-09
    0.999250219E-10
    0.792278477E-10
    0.627309436E-10
    0.495845098E-10
    0.391545108E-10
    0.308654836E-10
    0.243016921E-10
    0.191029511E-10
    0.149977222E-10
    0.117549598E-10
    0.920136500E-11
    0.719558533E-11
    0.561607262E-11
    0.437482616E-11
    0.340424889E-11
    0.264751086E-11
    0.205573866E-11
    0.159051295E-11
    0.123155806E-11
    0.951713161E-12
    0.735615581E-12
    0.565437079E-12
    0.435544088E-12
    0.334310649E-12
    0.256501261E-12
    0.196512516E-12
    0.150574993E-12
    0.115117290E-12
    0.873972826E-13
    0.668507167E-13
    0.511276580E-13
    0.388022738E-13
    0.292127401E-13
    0.221090441E-13
    0.170072954E-13
    0.127386850E-13
    0.966100724E-14
    0.722373269E-14
    0.555850445E-14
    0.410610510E-14
    0.311691383E-14
    0.234903452E-14
    0.174907876E-14
    0.127558722E-14
    0.964242904E-15
    0.762697445E-15
    0.556722939E-15
    0.399153774E-15
    0.311970664E-15
    0.242978100E-15
    0.185328683E-15
    0.124501842E-15
    0.109043236E-15
    0.833469936E-16
    0.683244642E-16
    0.515077962E-16
    0.531276407E-16
    0.507549749E-16
    0.364010562E-16
    0.299148536E-16
    0.348024853E-16
    0.399006035E-16
    0.249013656E-16
    0.259993423E-16
    0.294164899E-16
    0.355473890E-16
    0.265563480E-16
    0.246133244E-16
    0.282831056E-16
    0.355461773E-16
    0.310733764E-16
    0.231279809E-16
    0.306951770E-16
    0.329989681E-16
    0.338429291E-16
    0.236611548E-16
    0.301694156E-16
    0.306497195E-16
    0.380916622E-16
    0.228799456E-16
    0.283831054E-16
    0.286449153E-16
    0.368225351E-16
    0.245480129E-16
    0.282125788E-16
    0.318599574E-16
    0.319101743E-16
    0.300536978E-16
    0.298607598E-16
    0.298754590E-16
    0.321237464E-16
    0.377108506E-16
    0.256852638E-16
    0.366371098E-16
    0.299871274E-16
    0.328777803E-16
    0.275492307E-16
    0.333276834E-16
    0.308513497E-16
    0.308050597E-16
    0.310825745E-16
    0.364087453E-16
    0.334653507E-16
    0.287355862E-16
    0.379803988E-16
    0.324558849E-16
    0.397928584E-16
    0.261363765E-16
    0.375255555E-16
    0.368057786E-16
    0.325458482E-16
    0.291728189E-16
    0.387007613E-16
    0.347715687E-16
    0.347032981E-16
    0.350032481E-16
    0.324928191E-16
    0.422076438E-16
    0.298440245E-16
    0.391165526E-16
    0.305586508E-16
    0.404081372E-16
    0.381522727E-16
    0.378654284E-16
    0.306726378E-16
    0.430075053E-16
    0.406785184E-16
    0.355504027E-16
    0.326427046E-16
    0.341706457E-16
    0.468974750E-16
    0.295872203E-16
    0.373295037E-16
    0.360447653E-16
    0.431455251E-16
    0.383289542E-16
    0.417589462E-16
    0.328358732E-16
    0.400407103E-16
    0.417018199E-16
    0.406732675E-16
    0.355893231E-16
    0.304751275E-16
    0.475308221E-16
    0.379039323E-16
    0.355407832E-16
    0.340511547E-16
    0.449806571E-16
    0.403014571E-16
    0.394145222E-16
    0.379228757E-16
    0.385920222E-16
    0.344504942E-16
    0.384633607E-16
    0.437157134E-16
    0.298984082E-16
    0.398498094E-16
    0.431926015E-16
    0.402174832E-16
    0.364200565E-16
    0.363656694E-16
    0.367326003E-16
    0.385510018E-16
    0.418897897E-16
    0.291141896E-16
    0.357070330E-16
    0.369702347E-16
    0.427268117E-16
    0.291427784E-16
    0.414106268E-16
    0.419050802E-16
    0.375339634E-16
    0.363824366E-16
    0.314616941E-16
    0.359409399E-16
    0.295711706E-16
    0.346846981E-16
    0.320845960E-16
    0.488361184E-16
    0.289591206E-16
    0.384038286E-16
    0.338584171E-16
    0.379393034E-16
    0.325538854E-16
    0.298744551E-16
    0.347289407E-16
    0.402203033E-16
    0.372377720E-16
    0.201931683E-16
    0.366405997E-16
    0.359308271E-16
    0.357839580E-16
    0.241376488E-16
    0.484173420E-16
    0.391556379E-16
    0.302974506E-16
    0.311166113E-16
    0.314893096E-16
    0.285322640E-16
    0.307795094E-16
    0.345053709E-16
    0.308521967E-16
    0.439755709E-16
    0.359000203E-16
    0.370478383E-16
    0.250395703E-16
    0.388877217E-16
    0.349153324E-16
    0.279148233E-16
    0.315419377E-16
    0.394619952E-16
    0.338488414E-16
    0.268237393E-16
    0.413867030E-16
    0.349834285E-16
    0.334427431E-16
    0.346036893E-16
    0.455260944E-16
    0.283888234E-16
    0.337142422E-16
    0.361500829E-16
    0.267989610E-16
    0.371000714E-16
    0.363389603E-16
    0.387602080E-16
    0.352465648E-16
    0.408220995E-16
    0.388838513E-16
    0.364574367E-16
    0.298808596E-16
    0.356055264E-16
    0.362427321E-16
    0.325928517E-16
    0.417101111E-16
    0.360420850E-16
    0.407873674E-16
    0.350532005E-16
    0.424589392E-16
    0.418447325E-16
    0.326823786E-16
    0.366677828E-16
    0.400817532E-16
    0.323256049E-16
    0.404840477E-16
    0.413870204E-16
    0.322803954E-16
    0.446011496E-16
    0.444441146E-16
    0.425047422E-16
    0.437778448E-16
    0.330076225E-16
    0.328913197E-16
    0.489182289E-16
    0.358023825E-16
    0.331241261E-16
    0.407486427E-16
    0.500813635E-16
    0.402436804E-16
    0.432767870E-16
    0.456993053E-16
    0.375389150E-16
    0.374545506E-16
    0.387044207E-16
    0.411433118E-16
    0.352708874E-16
    0.414463711E-16
    0.374157481E-16
    0.474601054E-16
    0.445342924E-16
    0.474732221E-16
    0.431424549E-16
    0.341933520E-16
    0.399708241E-16
    0.397272459E-16
    0.285455424E-16
    0.354766802E-16
    0.440134996E-16
    0.388600034E-16
    0.502480187E-16
    0.563347010E-16
    0.484886919E-16
    0.390886182E-16
    0.432211359E-16
    0.333934215E-16
    0.320018476E-16
    0.330253211E-16
    0.441791976E-16
    0.357444855E-16
    0.466433473E-16
    0.638432563E-16
    0.552426905E-16
    0.471705932E-16
    0.526911072E-16
    0.534375322E-16
    0.384471849E-16
    0.451352485E-16
    0.402526579E-16
    0.414598069E-16
    0.366713589E-16
    0.481842108E-16
    0.501570392E-16
    0.466406121E-16
    0.667155485E-16
    0.616643159E-16
    0.594779153E-16
    0.737796397E-16
    0.779699586E-16
    0.587310662E-16
    0.651252833E-16
    0.704056584E-16
    0.654600146E-16
    0.637992654E-16
    0.597912931E-16
    0.669163971E-16
    0.547315611E-16
    0.453102059E-16
    0.617111042E-16
    0.502695007E-16
    0.576700870E-16
    0.721168709E-16
    0.580426411E-16
    0.592159571E-16
    0.562730608E-16
    0.524745823E-16
    0.522591657E-16
    0.468655210E-16
    0.629064187E-16
    0.524841208E-16
    0.367305585E-16
    0.501972387E-16
    0.317498504E-16
    0.333446567E-16
    0.373410237E-16
    0.312787706E-16
    0.293138239E-16
    0.256172114E-16
    0.291838129E-16
    0.195921402E-16
    0.202935811E-16
    0.251740013E-16
    0.267769269E-16
    0.181177963E-16
    0.197348647E-16
    0.247440398E-16
    0.161416364E-16
    0.220287413E-16
    0.180210787E-16
    0.205499383E-16
    0.212185549E-16
    0.240835964E-16
    0.181089931E-16
    0.157974777E-16
    0.307027001E-16
    0.165958407E-16
    0.156162374E-16
    0.232891277E-16
    0.249504271E-16
    0.174893967E-16
    0.164224276E-16
    0.293311483E-16
    0.181042965E-16
    0.212583015E-16
    0.210829218E-16
    0.192112691E-16
    0.251998810E-16
    0.186619660E-16
    0.201160579E-16
    0.204424379E-16
    0.265107539E-16
    0.186030562E-16
    0.162078777E-16
    0.289214640E-16
    0.172988414E-16
    0.185679300E-16
    0.245566983E-16
