 #tdnd tdcion
    0.296595169E-16
    0.240094856E-16
    0.217869775E-16
    0.267110387E-16
    0.190942912E-16
    0.288667451E-16
    0.233517735E-16
    0.206344253E-16
    0.289785897E-16
    0.202875956E-16
    0.287523282E-16
    0.216094405E-16
    0.199280245E-16
    0.309023233E-16
    0.173558933E-16
    0.284010882E-16
    0.235264835E-16
    0.192247639E-16
    0.327109685E-16
    0.163924910E-16
    0.262291181E-16
    0.245154985E-16
    0.190461439E-16
    0.302892890E-16
    0.177823232E-16
    0.260321628E-16
    0.239638276E-16
    0.221516233E-16
    0.259965357E-16
    0.182490454E-16
    0.282655816E-16
    0.199463644E-16
    0.239677755E-16
    0.238565116E-16
    0.193084882E-16
    0.301563114E-16
    0.170217339E-16
    0.241486865E-16
    0.238435902E-16
    0.213828687E-16
    0.254013366E-16
    0.174997858E-16
    0.263748080E-16
    0.207204683E-16
    0.253187373E-16
    0.200392580E-16
    0.185141829E-16
    0.306043086E-16
    0.155304033E-16
    0.245242606E-16
    0.208166541E-16
    0.206276349E-16
    0.263792558E-16
    0.179370886E-16
    0.220516183E-16
    0.200166843E-16
    0.275758831E-16
    0.160249594E-16
    0.206133907E-16
    0.253550248E-16
    0.162284285E-16
    0.271477779E-16
    0.158366737E-16
    0.219423036E-16
    0.232246866E-16
    0.216094779E-16
    0.183025729E-16
    0.174287964E-16
    0.281711869E-16
    0.144891793E-16
    0.244850965E-16
    0.185730351E-16
    0.192425406E-16
    0.262216029E-16
    0.170083317E-16
    0.186100578E-16
    0.181832590E-16
    0.278312182E-16
    0.147927683E-16
    0.218478583E-16
    0.210613553E-16
    0.173246176E-16
    0.275864672E-16
    0.135119667E-16
    0.192832901E-16
    0.204349268E-16
    0.254744695E-16
    0.166285965E-16
    0.185199192E-16
    0.231523485E-16
    0.168516773E-16
    0.259846573E-16
    0.127014621E-16
    0.202288396E-16
    0.222355999E-16
    0.224027652E-16
    0.180898491E-16
    0.159721738E-16
    0.246964304E-16
    0.163101015E-16
    0.233718111E-16
    0.144425062E-16
    0.202605274E-16
    0.233047740E-16
    0.182220005E-16
    0.196379356E-16
    0.156840138E-16
    0.236441776E-16
    0.168432299E-16
    0.207488292E-16
    0.169478840E-16
    0.200620123E-16
    0.220524408E-16
    0.151096544E-16
    0.216259113E-16
    0.163528242E-16
    0.209912372E-16
    0.183067644E-16
    0.185619813E-16
    0.187770473E-16
    0.193260002E-16
    0.196189235E-16
    0.151198947E-16
    0.219971870E-16
    0.171935987E-16
    0.185579748E-16
    0.190146695E-16
    0.180192410E-16
    0.182851743E-16
    0.181808402E-16
    0.188205176E-16
    0.163841218E-16
    0.202501379E-16
    0.178990599E-16
    0.165897766E-16
    0.191803923E-16
    0.181073118E-16
    0.163007584E-16
    0.177129293E-16
    0.190585401E-16
    0.169270200E-16
    0.181288580E-16
    0.178911392E-16
    0.157129772E-16
    0.188650428E-16
    0.173619853E-16
    0.160753506E-16
    0.174253222E-16
    0.187487723E-16
    0.168085651E-16
    0.169197111E-16
    0.180984855E-16
    0.160732826E-16
    0.175478729E-16
    0.168907067E-16
    0.180906514E-16
    0.170831806E-16
    0.182329848E-16
    0.166775856E-16
    0.170514703E-16
    0.193609926E-16
    0.166746811E-16
    0.169392805E-16
    0.176945364E-16
    0.202305921E-16
    0.174154035E-16
    0.181760403E-16
    0.179520898E-16
    0.182341292E-16
    0.205280248E-16
    0.173483506E-16
    0.186711924E-16
    0.193734330E-16
    0.218881082E-16
    0.175232620E-16
    0.188711843E-16
    0.211886133E-16
    0.199119094E-16
    0.210383244E-16
    0.183077198E-16
    0.213422100E-16
    0.209841198E-16
    0.237483270E-16
    0.172908839E-16
    0.202857184E-16
    0.240681990E-16
    0.214166419E-16
    0.215635771E-16
    0.201114955E-16
    0.231014486E-16
    0.208242647E-16
    0.253693329E-16
    0.182472249E-16
    0.228664255E-16
    0.241869650E-16
    0.221315174E-16
    0.212008888E-16
    0.230835824E-16
    0.242128204E-16
    0.197737828E-16
    0.250439207E-16
    0.200162436E-16
    0.251567552E-16
    0.227546055E-16
    0.234482300E-16
    0.192148359E-16
    0.249660136E-16
    0.242559577E-16
    0.206361408E-16
    0.232958795E-16
    0.216467136E-16
    0.242068145E-16
    0.216438712E-16
    0.253978428E-16
    0.183842354E-16
    0.237268556E-16
    0.228538708E-16
    0.223610708E-16
    0.218659624E-16
    0.229640978E-16
    0.216949440E-16
    0.204828606E-16
    0.257496623E-16
    0.192873232E-16
    0.211192530E-16
    0.217144497E-16
    0.231069856E-16
    0.211678022E-16
    0.223995351E-16
    0.206255960E-16
    0.188271820E-16
    0.252108194E-16
    0.201809250E-16
    0.198582164E-16
    0.205841845E-16
    0.231993658E-16
    0.203700082E-16
    0.210535692E-16
    0.209718435E-16
    0.186690811E-16
    0.230453593E-16
    0.206956495E-16
    0.205754868E-16
    0.198405348E-16
    0.241713831E-16
    0.171576297E-16
    0.200241157E-16
    0.233140908E-16
    0.219806380E-16
    0.190466841E-16
    0.198640261E-16
    0.198101169E-16
    0.231610508E-16
    0.254864099E-16
    0.149587075E-16
    0.176856065E-16
    0.253936202E-16
    0.264128218E-16
    0.157236365E-16
    0.194505837E-16
    0.196554644E-16
    0.267274523E-16
    0.240680057E-16
    0.163480355E-16
    0.157156907E-16
    0.279104310E-16
    0.272919382E-16
    0.139390978E-16
    0.193157278E-16
    0.242655423E-16
    0.263872134E-16
    0.204920335E-16
    0.179970550E-16
    0.174207731E-16
    0.289596697E-16
    0.271165923E-16
    0.131826247E-16
    0.189458304E-16
    0.297396260E-16
    0.220947868E-16
    0.187575744E-16
    0.204124133E-16
    0.230949681E-16
    0.247694557E-16
    0.260572592E-16
    0.134866303E-16
    0.224518727E-16
    0.306766415E-16
    0.200056956E-16
    0.158900676E-16
    0.243258628E-16
    0.294640320E-16
    0.188532119E-16
    0.247915037E-16
    0.161264068E-16
    0.256998150E-16
    0.279198783E-16
    0.228961234E-16
    0.146759837E-16
    0.282407872E-16
    0.290208258E-16
    0.168049072E-16
    0.244195347E-16
    0.241144660E-16
    0.254472278E-16
    0.232262850E-16
    0.251110308E-16
    0.198724476E-16
    0.297012254E-16
    0.258148831E-16
    0.184257555E-16
    0.248573434E-16
    0.315722557E-16
    0.234735653E-16
    0.211848958E-16
    0.263768243E-16
    0.279163617E-16
    0.266767716E-16
    0.249014756E-16
    0.210718728E-16
    0.298331619E-16
    0.321199130E-16
    0.219331709E-16
    0.217437375E-16
    0.292315885E-16
    0.332998249E-16
    0.254961241E-16
    0.244507370E-16
    0.231803220E-16
    0.350926892E-16
    0.277830035E-16
    0.255740673E-16
    0.247775616E-16
    0.332045991E-16
    0.304804277E-16
    0.259433369E-16
    0.253799765E-16
    0.303480686E-16
    0.358675897E-16
    0.247838415E-16
    0.264467496E-16
    0.288330149E-16
    0.385744114E-16
    0.248061802E-16
    0.287267221E-16
    0.271414426E-16
    0.354976696E-16
    0.321653790E-16
    0.261938153E-16
    0.270251360E-16
    0.351555813E-16
    0.365139734E-16
    0.212523368E-16
    0.307588044E-16
    0.328404003E-16
    0.371340480E-16
    0.250483233E-16
    0.280829869E-16
    0.298558491E-16
    0.391972798E-16
    0.316627411E-16
    0.208656654E-16
    0.305282993E-16
    0.377599622E-16
    0.326008454E-16
    0.227748096E-16
    0.308953800E-16
    0.337638754E-16
    0.345604808E-16
    0.257622726E-16
    0.226155215E-16
    0.346161074E-16
    0.384341869E-16
    0.255993052E-16
    0.219522952E-16
    0.308195990E-16
    0.368797684E-16
    0.277766992E-16
    0.251964769E-16
    0.240579187E-16
    0.350996281E-16
    0.327428390E-16
    0.233657095E-16
    0.231575714E-16
    0.327377925E-16
    0.328396040E-16
    0.212541582E-16
    0.272962202E-16
    0.263739547E-16
    0.336444441E-16
    0.259826133E-16
    0.240649194E-16
    0.225232840E-16
    0.339779439E-16
    0.279715693E-16
    0.203718508E-16
    0.280744590E-16
    0.281430711E-16
    0.271416285E-16
    0.230359110E-16
    0.276235182E-16
    0.246430565E-16
    0.304443586E-16
    0.237942816E-16
    0.213679111E-16
    0.268644402E-16
    0.325080314E-16
    0.217411935E-16
    0.226618580E-16
    0.283169821E-16
    0.256704125E-16
    0.239899932E-16
    0.261277075E-16
    0.243276492E-16
    0.264379903E-16
    0.295428820E-16
    0.188905651E-16
    0.239263181E-16
    0.281324275E-16
    0.293105845E-16
    0.183471151E-16
    0.276762351E-16
    0.252212402E-16
    0.241335875E-16
    0.251526390E-16
    0.243381440E-16
    0.246433698E-16
    0.257111337E-16
    0.269733106E-16
    0.169559692E-16
    0.303251873E-16
    0.251365679E-16
    0.232064259E-16
    0.209715521E-16
    0.287976084E-16
    0.249593257E-16
    0.207941128E-16
    0.254191369E-16
    0.217873115E-16
    0.297592180E-16
    0.235402609E-16
    0.207198316E-16
    0.195593364E-16
    0.325534664E-16
    0.244960926E-16
    0.185816296E-16
    0.241272573E-16
    0.248101979E-16
    0.279494246E-16
    0.212510575E-16
    0.218848606E-16
    0.211657613E-16
    0.312769158E-16
    0.246370160E-16
    0.169146668E-16
    0.241484860E-16
    0.267255080E-16
    0.261435664E-16
    0.214310021E-16
    0.230025266E-16
    0.215367302E-16
    0.277816596E-16
    0.259143884E-16
    0.182387588E-16
    0.248199050E-16
    0.256887300E-16
    0.254146745E-16
    0.196583934E-16
    0.262094790E-16
    0.213132350E-16
    0.257132369E-16
    0.266946317E-16
    0.182372529E-16
    0.250985077E-16
    0.241382304E-16
    0.265131422E-16
    0.182621353E-16
    0.281482953E-16
    0.209573350E-16
    0.240807137E-16
    0.243919731E-16
    0.223356766E-16
    0.231882643E-16
    0.252473907E-16
    0.256327617E-16
    0.156193386E-16
    0.292136650E-16
    0.227402104E-16
    0.244769279E-16
    0.213712570E-16
    0.248477046E-16
    0.208640145E-16
    0.260304112E-16
    0.252588294E-16
    0.181408435E-16
    0.259143016E-16
    0.270433644E-16
    0.223442152E-16
    0.186781835E-16
    0.272056358E-16
    0.229793639E-16
    0.265832439E-16
    0.235904432E-16
    0.206940426E-16
    0.213344411E-16
    0.313172379E-16
    0.231378328E-16
    0.198365545E-16
    0.245693278E-16
    0.277347178E-16
    0.236176412E-16
    0.228513220E-16
    0.248447799E-16
    0.216523963E-16
    0.309227528E-16
    0.231141762E-16
    0.224274820E-16
    0.204428345E-16
    0.334271193E-16
    0.219551037E-16
    0.237093154E-16
    0.241330053E-16
    0.261361761E-16
    0.258877354E-16
    0.239962020E-16
    0.265863787E-16
    0.199045585E-16
    0.321800155E-16
    0.218377078E-16
    0.260805590E-16
    0.212644957E-16
    0.317987116E-16
    0.212022201E-16
    0.240731755E-16
    0.277448965E-16
    0.246975943E-16
    0.259764649E-16
    0.237124160E-16
    0.279375244E-16
    0.200387045E-16
    0.319478461E-16
    0.219575992E-16
    0.247751536E-16
    0.256592920E-16
    0.290827105E-16
    0.215494566E-16
    0.244547716E-16
    0.303938851E-16
    0.226586377E-16
    0.266412096E-16
    0.258259954E-16
    0.248924116E-16
    0.246828002E-16
    0.302461478E-16
    0.235692263E-16
    0.240646708E-16
    0.304934659E-16
    0.248578630E-16
    0.235993580E-16
    0.291091998E-16
    0.283865509E-16
    0.246625841E-16
    0.266328379E-16
    0.272965836E-16
    0.246384949E-16
    0.325977072E-16
    0.261463322E-16
    0.243486993E-16
    0.272227112E-16
    0.316360003E-16
    0.262224714E-16
    0.261990348E-16
    0.302056307E-16
    0.253788074E-16
    0.323964675E-16
    0.260411261E-16
    0.271213642E-16
    0.270762453E-16
    0.341959447E-16
    0.261391169E-16
    0.273957315E-16
    0.287407707E-16
    0.277024711E-16
    0.323560531E-16
    0.275795463E-16
    0.281838150E-16
    0.261088868E-16
    0.341553524E-16
    0.267491262E-16
    0.297423725E-16
    0.270418576E-16
    0.286784594E-16
    0.301096817E-16
    0.305013787E-16
    0.280345800E-16
    0.261838049E-16
    0.321080592E-16
    0.271152394E-16
    0.297249023E-16
    0.273028129E-16
    0.303716497E-16
    0.273345618E-16
    0.313293719E-16
    0.252919044E-16
    0.279282378E-16
    0.313093449E-16
    0.284024176E-16
    0.270177067E-16
    0.279312433E-16
    0.303116233E-16
    0.265779681E-16
    0.303338613E-16
    0.241847122E-16
    0.315397770E-16
    0.286116511E-16
    0.286054858E-16
    0.234014254E-16
    0.319761990E-16
    0.302775725E-16
    0.257409121E-16
    0.272982332E-16
    0.257928964E-16
    0.347700431E-16
    0.266657127E-16
    0.277904283E-16
    0.211996719E-16
    0.358699262E-16
    0.303614484E-16
    0.251145274E-16
    0.250533342E-16
    0.302661852E-16
    0.324950425E-16
    0.257506097E-16
    0.291343566E-16
    0.220467235E-16
    0.365329217E-16
    0.282222962E-16
    0.259426015E-16
    0.247493548E-16
    0.337172989E-16
    0.288171217E-16
    0.234920938E-16
    0.332030705E-16
    0.236678727E-16
    0.328209125E-16
    0.252097424E-16
    0.302740051E-16
    0.242380424E-16
    0.325910233E-16
    0.267389525E-16
    0.230121422E-16
    0.345267619E-16
    0.257897232E-16
    0.272433199E-16
    0.223118146E-16
    0.371062010E-16
    0.212133595E-16
    0.297486677E-16
    0.245968835E-16
    0.277603719E-16
    0.292923133E-16
    0.281060761E-16
    0.237213008E-16
    0.212687372E-16
    0.392264721E-16
    0.202185039E-16
    0.267778121E-16
    0.226653692E-16
    0.330924495E-16
    0.219383159E-16
    0.301278057E-16
    0.229899426E-16
    0.235127474E-16
    0.316694951E-16
    0.249753010E-16
    0.245563801E-16
    0.228477791E-16
    0.324077583E-16
    0.194818884E-16
    0.300937399E-16
    0.246619111E-16
    0.255880347E-16
    0.221746626E-16
    0.308357563E-16
    0.244763203E-16
    0.235099638E-16
    0.263871692E-16
    0.241147274E-16
    0.279948958E-16
    0.266776853E-16
    0.235221512E-16
    0.197697306E-16
    0.329995161E-16
    0.266858762E-16
    0.218839926E-16
    0.211692650E-16
    0.297812321E-16
    0.269179310E-16
    0.261738727E-16
    0.206815967E-16
    0.229944249E-16
    0.311305569E-16
    0.281880419E-16
    0.196936036E-16
    0.207531194E-16
    0.313832312E-16
    0.267482768E-16
    0.232476973E-16
    0.209853218E-16
    0.269610111E-16
    0.276507344E-16
    0.264197210E-16
    0.197786090E-16
    0.231650391E-16
    0.300258741E-16
    0.253934443E-16
    0.215968436E-16
    0.225223581E-16
    0.290068720E-16
    0.240156311E-16
    0.243853231E-16
    0.214733566E-16
    0.255120471E-16
    0.265888320E-16
    0.238635400E-16
    0.224198542E-16
    0.242498039E-16
    0.276690905E-16
    0.206749259E-16
    0.250812944E-16
    0.233353659E-16
    0.264481374E-16
    0.215705727E-16
    0.248516716E-16
    0.229135919E-16
    0.267672828E-16
    0.234475560E-16
    0.198304817E-16
    0.262745933E-16
    0.263223070E-16
    0.244855053E-16
    0.180240074E-16
    0.281071552E-16
    0.235318431E-16
    0.276035262E-16
    0.197627018E-16
    0.229838634E-16
    0.260089530E-16
    0.302571887E-16
    0.210402480E-16
    0.185769829E-16
    0.303186385E-16
    0.272870012E-16
    0.249391807E-16
    0.197019903E-16
    0.275295261E-16
    0.264668693E-16
    0.312424584E-16
    0.203221155E-16
    0.220926053E-16
    0.295779822E-16
    0.320084938E-16
    0.218572545E-16
    0.226698437E-16
    0.289092634E-16
    0.291953976E-16
    0.276938533E-16
    0.234719965E-16
    0.249764534E-16
    0.277616508E-16
    0.327236995E-16
    0.225903554E-16
    0.261240399E-16
    0.264626389E-16
    0.320197723E-16
    0.244971615E-16
    0.278773187E-16
    0.255301644E-16
    0.278964344E-16
    0.295873196E-16
    0.273062336E-16
    0.285035312E-16
    0.246666098E-16
    0.314115329E-16
    0.261772200E-16
    0.309655639E-16
    0.250417535E-16
    0.290112227E-16
    0.265204164E-16
    0.314940603E-16
    0.290349398E-16
    0.256254917E-16
    0.264019343E-16
    0.300081939E-16
    0.311019664E-16
    0.243742440E-16
    0.272341038E-16
    0.256085626E-16
    0.308465012E-16
    0.267744493E-16
    0.270971914E-16
    0.209893951E-16
    0.299162580E-16
    0.286073477E-16
    0.241619031E-16
    0.236933479E-16
    0.251920916E-16
    0.270401214E-16
    0.232902852E-16
    0.289449475E-16
    0.190522971E-16
    0.248387130E-16
    0.267911586E-16
    0.266810191E-16
    0.217927715E-16
    0.221782545E-16
    0.259154922E-16
    0.224281932E-16
    0.303357776E-16
    0.185147947E-16
    0.206077729E-16
    0.268695479E-16
    0.307006407E-16
    0.193226692E-16
    0.183675426E-16
    0.283647828E-16
    0.238917654E-16
    0.268145592E-16
    0.175348730E-16
    0.218604731E-16
    0.250043349E-16
    0.310646983E-16
    0.157479574E-16
    0.183761693E-16
    0.277271310E-16
    0.251870409E-16
    0.193356715E-16
    0.188755562E-16
    0.241050579E-16
    0.203813895E-16
    0.277486749E-16
    0.159299501E-16
    0.203052249E-16
    0.211237838E-16
    0.276642373E-16
    0.151455973E-16
    0.214583972E-16
    0.217263952E-16
    0.198121474E-16
    0.246158332E-16
    0.202310657E-16
    0.197187693E-16
    0.161679803E-16
    0.313218011E-16
    0.171744471E-16
    0.212544583E-16
    0.186826315E-16
    0.259158468E-16
    0.223950113E-16
    0.241107495E-16
    0.188898396E-16
    0.192794405E-16
    0.305460995E-16
    0.229111309E-16
    0.194452961E-16
    0.199875352E-16
    0.305904034E-16
    0.217797536E-16
    0.252336245E-16
    0.202278257E-16
    0.254205803E-16
    0.242619717E-16
    0.292603415E-16
    0.178891220E-16
    0.236365699E-16
    0.279490804E-16
    0.252651768E-16
    0.235860870E-16
    0.215027618E-16
    0.294502448E-16
    0.199739891E-16
    0.336185089E-16
    0.175635802E-16
    0.276130432E-16
    0.243146347E-16
    0.321855505E-16
    0.236554214E-16
    0.240447386E-16
    0.329831754E-16
    0.229778420E-16
    0.372959460E-16
    0.224126746E-16
    0.327532959E-16
    0.268563555E-16
    0.393377228E-16
    0.300412999E-16
    0.289474423E-16
    0.372409474E-16
    0.309638582E-16
    0.409604653E-16
    0.314648921E-16
    0.365167549E-16
    0.322229068E-16
    0.442632472E-16
    0.357625466E-16
    0.356812215E-16
    0.391490927E-16
    0.380821136E-16
    0.402071164E-16
    0.385176615E-16
    0.406908361E-16
    0.345415985E-16
    0.484114632E-16
    0.349120761E-16
    0.465433132E-16
    0.403309055E-16
    0.467618109E-16
    0.379402040E-16
    0.452909388E-16
    0.535794222E-16
    0.380601395E-16
    0.570407332E-16
    0.353611236E-16
    0.632841535E-16
    0.515196075E-16
    0.589406894E-16
    0.435674554E-16
    0.549943713E-16
    0.733130722E-16
    0.498255676E-16
    0.647605898E-16
    0.485931783E-16
    0.759348139E-16
    0.682031163E-16
    0.671273086E-16
    0.586828764E-16
    0.670375165E-16
    0.819825910E-16
    0.653964461E-16
    0.687651389E-16
    0.736244657E-16
    0.748786575E-16
    0.785206565E-16
    0.790678747E-16
    0.800906880E-16
    0.821550796E-16
    0.769849034E-16
    0.891848475E-16
    0.851784426E-16
    0.986128907E-16
    0.816057899E-16
    0.911955697E-16
    0.111719366E-15
    0.102673076E-15
    0.107888250E-15
    0.929144156E-16
    0.125304341E-15
    0.118916364E-15
    0.119964980E-15
    0.124257889E-15
    0.122320754E-15
    0.152955842E-15
    0.130694303E-15
    0.154338681E-15
    0.148447134E-15
    0.159393194E-15
    0.161471204E-15
    0.160137930E-15
    0.193714472E-15
    0.172498192E-15
    0.188403721E-15
    0.187102262E-15
    0.216938389E-15
    0.217634715E-15
    0.202149106E-15
    0.222380612E-15
    0.233533164E-15
    0.250835557E-15
    0.242368492E-15
    0.247444261E-15
    0.273495107E-15
    0.276589257E-15
    0.285624232E-15
    0.293588828E-15
    0.304910492E-15
    0.318018902E-15
    0.309181743E-15
    0.353321951E-15
    0.354799924E-15
    0.365638920E-15
    0.364358150E-15
    0.398190143E-15
    0.433589116E-15
    0.421295678E-15
    0.435711386E-15
    0.455642752E-15
    0.498947741E-15
    0.510106412E-15
    0.512855477E-15
    0.549668779E-15
    0.577198883E-15
    0.593181369E-15
    0.629805054E-15
    0.633557182E-15
    0.692737190E-15
    0.659844295E-15
    0.745765120E-15
    0.753590840E-15
    0.795384348E-15
    0.796697705E-15
    0.816551578E-15
    0.925818513E-15
    0.889375085E-15
    0.959583197E-15
    0.926519875E-15
    0.105432218E-14
    0.106027707E-14
    0.108844325E-14
    0.113498742E-14
    0.117923473E-14
    0.126722125E-14
    0.127549479E-14
    0.133925728E-14
    0.141190390E-14
    0.143952057E-14
    0.154602043E-14
    0.156347171E-14
    0.169339448E-14
    0.170797734E-14
    0.179234723E-14
    0.191477733E-14
    0.194949335E-14
    0.209342474E-14
    0.205366108E-14
    0.228332068E-14
    0.230101641E-14
    0.244378018E-14
    0.247515634E-14
    0.259300324E-14
    0.276833377E-14
    0.282393775E-14
    0.295253572E-14
    0.301836972E-14
    0.318298179E-14
    0.335977820E-14
    0.340505845E-14
    0.360458994E-14
    0.364832327E-14
    0.392573218E-14
    0.402476943E-14
    0.419615978E-14
    0.437247084E-14
    0.446554759E-14
    0.481535641E-14
    0.486205753E-14
    0.521403592E-14
    0.524646639E-14
    0.556330068E-14
    0.577856406E-14
    0.607660191E-14
    0.629652753E-14
    0.645515050E-14
    0.675834762E-14
    0.714457240E-14
    0.737104389E-14
    0.769385414E-14
    0.778672843E-14
    0.836164228E-14
    0.860046118E-14
    0.901601041E-14
    0.922343143E-14
    0.956491122E-14
    0.101565721E-13
    0.103467048E-13
    0.109706460E-13
    0.110931732E-13
    0.117345702E-13
    0.120755712E-13
    0.126532694E-13
    0.131569990E-13
    0.134692977E-13
    0.140674538E-13
    0.145914854E-13
    0.152467177E-13
    0.158362830E-13
    0.160469911E-13
    0.170034186E-13
    0.173176191E-13
    0.184299500E-13
    0.184757016E-13
    0.193884028E-13
    0.199248013E-13
    0.206979607E-13
    0.215079213E-13
    0.218002985E-13
    0.228136596E-13
    0.232181000E-13
    0.244131461E-13
    0.249147248E-13
    0.256847813E-13
    0.265327302E-13
    0.274949313E-13
    0.287830206E-13
    0.296140491E-13
    0.308555842E-13
    0.325272204E-13
    0.343068937E-13
    0.366545758E-13
    0.384998278E-13
    0.423632480E-13
    0.458839862E-13
    0.513110037E-13
    0.565215743E-13
    0.645243167E-13
    0.741833272E-13
    0.862124819E-13
    0.101428589E-12
    0.119376643E-12
    0.144343959E-12
    0.173039089E-12
    0.211971869E-12
    0.256502530E-12
    0.315641729E-12
    0.386536040E-12
    0.477863532E-12
    0.589097957E-12
    0.725192480E-12
    0.895311519E-12
    0.110407346E-11
    0.136659107E-11
    0.168046731E-11
    0.207016973E-11
    0.254436168E-11
    0.313422785E-11
    0.384651997E-11
    0.471608827E-11
    0.577145337E-11
    0.706772423E-11
    0.863581544E-11
    0.105418610E-10
    0.128406968E-10
    0.156402236E-10
    0.190169569E-10
    0.231049200E-10
    0.280278322E-10
    0.339679012E-10
    0.411202859E-10
    0.497203159E-10
    0.600778042E-10
    0.724903207E-10
    0.873984005E-10
    0.105223128E-09
    0.126635236E-09
    0.152204056E-09
    0.182803601E-09
    0.219248975E-09
    0.262847607E-09
    0.314770264E-09
    0.376677434E-09
    0.450221461E-09
    0.537766980E-09
    0.641814698E-09
    0.765326367E-09
    0.911825414E-09
    0.108536446E-08
    0.129115519E-08
    0.153448336E-08
    0.182242445E-08
    0.216234985E-08
    0.256410123E-08
    0.303784366E-08
    0.359648467E-08
    0.425442900E-08
    0.502911573E-08
    0.594040333E-08
    0.701134611E-08
    0.826928181E-08
    0.974579857E-08
    0.114775453E-07
    0.135069328E-07
    0.158833433E-07
    0.186647630E-07
    0.219173202E-07
    0.257180094E-07
    0.301558738E-07
    0.353342632E-07
    0.413732757E-07
    0.484087280E-07
    0.566014309E-07
    0.661322360E-07
    0.772157461E-07
    0.900912446E-07
    0.105041127E-06
    0.122384619E-06
    0.142492738E-06
    0.165788961E-06
    0.192757675E-06
    0.223958983E-06
    0.260026782E-06
    0.301696181E-06
    0.349795898E-06
    0.405285520E-06
    0.469249206E-06
    0.542931712E-06
    0.627746967E-06
    0.725307802E-06
    0.837451669E-06
    0.966261725E-06
    0.111411189E-05
    0.128369226E-05
    0.147806119E-05
    0.170067988E-05
    0.195546859E-05
    0.224686858E-05
    0.257989988E-05
    0.296024026E-05
    0.339429148E-05
    0.388927866E-05
    0.445335505E-05
    0.509569288E-05
    0.582663270E-05
    0.665777017E-05
    0.760217496E-05
    0.867448653E-05
    0.989116436E-05
    0.112706160E-04
    0.128334832E-04
    0.146028626E-04
    0.166045749E-04
    0.188674857E-04
    0.214237611E-04
    0.243093559E-04
    0.275642605E-04
    0.312330924E-04
    0.353653792E-04
    0.400162744E-04
    0.452469604E-04
    0.511254023E-04
    0.577268910E-04
    0.651348535E-04
    0.734416533E-04
    0.827493936E-04
    0.931709594E-04
    0.104830850E-03
    0.117866541E-03
    0.132429375E-03
    0.148686162E-03
    0.166820209E-03
    0.187033189E-03
    0.209546388E-03
    0.234602734E-03
    0.262468401E-03
    0.293434945E-03
    0.327821415E-03
    0.365976455E-03
    0.408281036E-03
    0.455150597E-03
    0.507038388E-03
    0.564437632E-03
    0.627885440E-03
    0.697965273E-03
    0.775311256E-03
    0.860611051E-03
    0.954610312E-03
    0.105811642E-02
    0.117200293E-02
    0.129721414E-02
    0.143476941E-02
    0.158576867E-02
    0.175139688E-02
    0.193293029E-02
    0.213174085E-02
    0.234930312E-02
    0.258719925E-02
    0.284712613E-02
    0.313090081E-02
    0.344046770E-02
    0.377790483E-02
    0.414543105E-02
    0.454541273E-02
    0.498037093E-02
    0.545298857E-02
    0.596611754E-02
    0.652278624E-02
    0.712620635E-02
    0.777978077E-02
    0.848710968E-02
    0.925199899E-02
    0.100784656E-01
    0.109707459E-01
    0.119333002E-01
    0.129708207E-01
    0.140882356E-01
    0.152907160E-01
    0.165836794E-01
    0.179727944E-01
    0.194639850E-01
    0.210634319E-01
    0.227775779E-01
    0.246131241E-01
    0.265770366E-01
    0.286765390E-01
    0.309191182E-01
    0.333125145E-01
    0.358647228E-01
    0.385839833E-01
    0.414787775E-01
    0.445578197E-01
    0.478300434E-01
    0.513045958E-01
    0.549908175E-01
    0.588982365E-01
    0.630365401E-01
    0.674155674E-01
    0.720452785E-01
    0.769357409E-01
    0.820970978E-01
    0.875395440E-01
    0.932732982E-01
    0.993085677E-01
    0.105655524E+00
    0.112324255E+00
    0.119324741E+00
    0.126666803E+00
    0.134360075E+00
    0.142413949E+00
    0.150837537E+00
    0.159639623E+00
    0.168828613E+00
    0.178412491E+00
    0.188398757E+00
    0.198794394E+00
    0.209605790E+00
    0.220838713E+00
    0.232498227E+00
    0.244588665E+00
    0.257113552E+00
    0.270075568E+00
    0.283476483E+00
    0.297317105E+00
    0.311597236E+00
    0.326315609E+00
    0.341469852E+00
    0.357056424E+00
    0.373070592E+00
    0.389506362E+00
    0.406356469E+00
    0.423612313E+00
    0.441263946E+00
    0.459300034E+00
    0.477707833E+00
    0.496473178E+00
    0.515580450E+00
    0.535012588E+00
    0.554751061E+00
    0.574775895E+00
    0.595065651E+00
    0.615597467E+00
    0.636347053E+00
    0.657288731E+00
    0.678395461E+00
    0.699638878E+00
    0.720989352E+00
    0.742416010E+00
    0.763886831E+00
    0.785368677E+00
    0.806827394E+00
    0.828227865E+00
    0.849534114E+00
    0.870709383E+00
    0.891716232E+00
    0.912516647E+00
    0.933072131E+00
    0.953343835E+00
    0.973292650E+00
    0.992879355E+00
    0.101206471E+01
    0.103080960E+01
    0.104907517E+01
    0.106682292E+01
    0.108401488E+01
    0.110061372E+01
    0.111658288E+01
    0.113188669E+01
    0.114649055E+01
    0.116036098E+01
    0.117346583E+01
    0.118577432E+01
    0.119725722E+01
    0.120788696E+01
    0.121763768E+01
    0.122648541E+01
    0.123440812E+01
    0.124138582E+01
    0.124740064E+01
    0.125243692E+01
    0.125648126E+01
    0.125952260E+01
    0.126155223E+01
    0.126256388E+01
    0.126255370E+01
    0.126152033E+01
    0.125946487E+01
    0.125639092E+01
    0.125230452E+01
    0.124721419E+01
    0.124113085E+01
    0.123406782E+01
    0.122604075E+01
    0.121706757E+01
    0.120716842E+01
    0.119636557E+01
    0.118468336E+01
    0.117214809E+01
    0.115878790E+01
    0.114463273E+01
    0.112971412E+01
    0.111406518E+01
    0.109772039E+01
    0.108071555E+01
    0.106308756E+01
    0.104487437E+01
    0.102611480E+01
    0.100684839E+01
    0.987115309E+00
    0.966956150E+00
    0.946411855E+00
    0.925523534E+00
    0.904332349E+00
    0.882879352E+00
    0.861205392E+00
    0.839350959E+00
    0.817356076E+00
    0.795260157E+00
    0.773101909E+00
    0.750919231E+00
    0.728749090E+00
    0.706627440E+00
    0.684589112E+00
    0.662667759E+00
    0.640895756E+00
    0.619304143E+00
    0.597922552E+00
    0.576779167E+00
    0.555900666E+00
    0.535312190E+00
    0.515037302E+00
    0.495097973E+00
    0.475514561E+00
    0.456305796E+00
    0.437488787E+00
    0.419079020E+00
    0.401090373E+00
    0.383535127E+00
    0.366423988E+00
    0.349766127E+00
    0.333569203E+00
    0.317839402E+00
    0.302581480E+00
    0.287798813E+00
    0.273493450E+00
    0.259666158E+00
    0.246316484E+00
    0.233442807E+00
    0.221042417E+00
    0.209111560E+00
    0.197645505E+00
    0.186638610E+00
    0.176084395E+00
    0.165975599E+00
    0.156304246E+00
    0.147061710E+00
    0.138238780E+00
    0.129825728E+00
    0.121812364E+00
    0.114188094E+00
    0.106941986E+00
    0.100062821E+00
    0.935391536E-01
    0.873593546E-01
    0.815116666E-01
    0.759842517E-01
    0.707652348E-01
    0.658427454E-01
    0.612049552E-01
    0.568401182E-01
    0.527366019E-01
    0.488829205E-01
    0.452677605E-01
    0.418800089E-01
    0.387087759E-01
    0.357434142E-01
    0.329735396E-01
    0.303890438E-01
    0.279801115E-01
    0.257372268E-01
    0.236511877E-01
    0.217131091E-01
    0.199144316E-01
    0.182469210E-01
    0.167026738E-01
    0.152741155E-01
    0.139540013E-01
    0.127354117E-01
    0.116117496E-01
    0.105767367E-01
    0.962440724E-02
    0.874910198E-02
    0.794545923E-02
    0.720840980E-02
    0.653316651E-02
    0.591521710E-02
    0.535031292E-02
    0.483446096E-02
    0.436391377E-02
    0.393515942E-02
    0.354491172E-02
    0.319009938E-02
    0.286785740E-02
    0.257551573E-02
    0.231059078E-02
    0.207077434E-02
    0.185392538E-02
    0.165805984E-02
    0.148134230E-02
    0.132207679E-02
    0.117869849E-02
    0.104976552E-02
    0.933951117E-03
    0.830036126E-03
    0.736901766E-03
    0.653522669E-03
    0.578960416E-03
    0.512357334E-03
    0.452930543E-03
    0.399966475E-03
    0.352815320E-03
    0.310886593E-03
    0.273643864E-03
    0.240601089E-03
    0.211317714E-03
    0.185395694E-03
    0.162475220E-03
    0.142231994E-03
    0.124373720E-03
    0.108637490E-03
    0.947871210E-04
    0.826106016E-04
    0.719180902E-04
    0.625395155E-04
    0.543230295E-04
    0.471329471E-04
    0.408484351E-04
    0.353618334E-04
    0.305774593E-04
    0.264103210E-04
    0.227850622E-04
    0.196349426E-04
    0.169009305E-04
    0.145308611E-04
    0.124787436E-04
    0.107040226E-04
    0.917105247E-05
    0.784847131E-05
    0.670878575E-05
    0.572787972E-05
    0.488464481E-05
    0.416064789E-05
    0.353976680E-05
    0.300798269E-05
    0.255303907E-05
    0.216432969E-05
    0.183260346E-05
    0.154986861E-05
    0.130917367E-05
    0.110452598E-05
    0.930741651E-06
    0.783350985E-06
    0.658498375E-06
    0.552869872E-06
    0.463616724E-06
    0.388297597E-06
    0.324812634E-06
    0.271372939E-06
    0.226444518E-06
    0.188720815E-06
    0.157085593E-06
    0.130588868E-06
    0.108427742E-06
    0.899131390E-07
    0.744673884E-07
    0.615952178E-07
    0.508852106E-07
    0.419834720E-07
    0.345952189E-07
    0.284701245E-07
    0.234000047E-07
    0.192080511E-07
    0.157468761E-07
    0.128922350E-07
    0.105420264E-07
    0.860871286E-08
    0.702103904E-08
    0.571833103E-08
    0.465157002E-08
    0.377885818E-08
    0.306569335E-08
    0.248391970E-08
    0.200979773E-08
    0.162423766E-08
    0.131069483E-08
    0.105633924E-08
    0.850182091E-09
    0.683393333E-09
    0.548546624E-09
    0.439724409E-09
    0.352012498E-09
    0.281459330E-09
    0.224662425E-09
    0.179151426E-09
    0.142612434E-09
    0.113430290E-09
    0.900398627E-10
    0.713978613E-10
    0.565406571E-10
    0.447106101E-10
    0.353152494E-10
    0.278371123E-10
    0.219282606E-10
    0.172406403E-10
    0.135395343E-10
    0.106176756E-10
    0.831391361E-11
    0.650026348E-11
    0.507677792E-11
    0.395598567E-11
    0.308511162E-11
    0.239364866E-11
    0.186225869E-11
    0.143925154E-11
    0.111691897E-11
    0.861672321E-12
    0.665996045E-12
    0.512995642E-12
    0.394457700E-12
    0.303142767E-12
    0.233064729E-12
    0.178490830E-12
    0.136750835E-12
    0.103820449E-12
    0.796487305E-13
    0.606838264E-13
    0.461594229E-13
    0.352398588E-13
    0.264733867E-13
    0.204221071E-13
    0.151355070E-13
    0.117425077E-13
    0.874035443E-14
    0.667422503E-14
    0.489890195E-14
    0.376395844E-14
    0.286508871E-14
    0.224094454E-14
    0.156460016E-14
    0.124714931E-14
    0.908009721E-15
    0.768786862E-15
    0.520477108E-15
    0.406614360E-15
    0.317213392E-15
    0.244756618E-15
    0.198134276E-15
    0.148676673E-15
    0.128930786E-15
    0.116561254E-15
    0.818944092E-16
    0.671055314E-16
    0.544531495E-16
    0.589724111E-16
    0.447778881E-16
    0.368156943E-16
    0.394361859E-16
    0.450279896E-16
    0.483105961E-16
    0.481050718E-16
    0.292145607E-16
    0.327481022E-16
    0.376393210E-16
    0.360450581E-16
    0.293146222E-16
    0.338998816E-16
    0.384559325E-16
    0.354674084E-16
    0.468526088E-16
    0.312344453E-16
    0.375274009E-16
    0.368035056E-16
    0.406885699E-16
    0.275440696E-16
    0.371060841E-16
    0.285879445E-16
    0.334276856E-16
    0.380233569E-16
    0.388236453E-16
    0.397089801E-16
    0.360867825E-16
    0.458354474E-16
    0.353382447E-16
    0.305256339E-16
    0.296307391E-16
    0.319449030E-16
    0.315718415E-16
    0.401141427E-16
    0.338063171E-16
    0.366277896E-16
    0.455208227E-16
    0.408187886E-16
    0.280747631E-16
    0.387276014E-16
    0.348726967E-16
    0.332557199E-16
    0.329875955E-16
    0.304375799E-16
    0.396387040E-16
    0.381785675E-16
    0.358454377E-16
    0.340274575E-16
    0.401582703E-16
    0.467397021E-16
    0.344340308E-16
    0.269369997E-16
    0.421087308E-16
    0.378425989E-16
    0.354573286E-16
    0.284494721E-16
    0.371616570E-16
    0.374133035E-16
    0.540330751E-16
    0.331495133E-16
    0.298671064E-16
    0.534044676E-16
    0.368461830E-16
    0.372093613E-16
    0.277354067E-16
    0.362570767E-16
    0.383523427E-16
    0.461056526E-16
    0.408641326E-16
    0.382993344E-16
    0.458839748E-16
    0.503880287E-16
    0.295229485E-16
    0.357303613E-16
    0.393324462E-16
    0.349278291E-16
    0.407873437E-16
    0.462581143E-16
    0.450702993E-16
    0.367989524E-16
    0.552451267E-16
    0.290963837E-16
    0.442474669E-16
    0.419685456E-16
    0.416043388E-16
    0.359677384E-16
    0.447068651E-16
    0.454110054E-16
    0.354689744E-16
    0.441743695E-16
    0.395777722E-16
    0.473995692E-16
    0.471325652E-16
    0.552028752E-16
    0.310462081E-16
    0.423691700E-16
    0.442221402E-16
    0.318313411E-16
    0.428520821E-16
    0.386966237E-16
    0.526818734E-16
    0.567756232E-16
    0.525722231E-16
    0.354626265E-16
    0.374546524E-16
    0.513091575E-16
    0.283335692E-16
    0.482530567E-16
    0.316087274E-16
    0.645583529E-16
    0.512420975E-16
    0.484142196E-16
    0.370259227E-16
    0.345551897E-16
    0.687250929E-16
    0.296784607E-16
    0.444484063E-16
    0.429428697E-16
    0.587661532E-16
    0.397673235E-16
    0.456743136E-16
    0.315536774E-16
    0.444058880E-16
    0.663835039E-16
    0.464814015E-16
    0.402029868E-16
    0.603775762E-16
    0.452613015E-16
    0.343333033E-16
    0.384503315E-16
    0.330550454E-16
    0.495645808E-16
    0.411372988E-16
    0.636475985E-16
    0.430546147E-16
    0.578491211E-16
    0.520021122E-16
    0.299983952E-16
    0.395250218E-16
    0.423834026E-16
    0.405552919E-16
    0.362975267E-16
    0.531153135E-16
    0.403432218E-16
    0.470763859E-16
    0.574561241E-16
    0.306578791E-16
    0.410206287E-16
    0.420136304E-16
    0.448059895E-16
    0.533023864E-16
    0.307852424E-16
    0.365668531E-16
    0.446441944E-16
    0.505407491E-16
    0.329801840E-16
    0.321681439E-16
    0.340509136E-16
    0.556163004E-16
    0.543869262E-16
    0.260222447E-16
    0.422423891E-16
    0.455183398E-16
    0.459086927E-16
    0.329874349E-16
    0.312074706E-16
    0.373204859E-16
    0.479961483E-16
    0.377701607E-16
    0.363878147E-16
    0.473120918E-16
    0.387625472E-16
    0.485258970E-16
    0.309320499E-16
    0.390530467E-16
    0.493221748E-16
    0.363518106E-16
    0.327332445E-16
    0.441293303E-16
    0.435276335E-16
    0.316319398E-16
    0.571029927E-16
    0.276447974E-16
    0.410541383E-16
    0.500165827E-16
    0.382482088E-16
    0.389418429E-16
    0.472025257E-16
    0.394865807E-16
    0.344722332E-16
    0.604742670E-16
    0.333302366E-16
    0.388507236E-16
    0.453292029E-16
    0.441757100E-16
    0.418005294E-16
    0.405028288E-16
    0.470553621E-16
    0.432775177E-16
    0.545738090E-16
    0.481069675E-16
    0.358999016E-16
    0.509620350E-16
    0.497286136E-16
    0.399957542E-16
    0.332987312E-16
    0.568748792E-16
    0.426898652E-16
    0.428983648E-16
    0.565674069E-16
    0.480063522E-16
    0.465831372E-16
    0.619553921E-16
    0.343049431E-16
    0.452265095E-16
    0.649280602E-16
    0.388845786E-16
    0.396021005E-16
    0.497158408E-16
    0.436234864E-16
    0.349028439E-16
    0.608021586E-16
    0.400291925E-16
    0.397486314E-16
    0.687210692E-16
    0.470787424E-16
    0.494779868E-16
    0.692866277E-16
    0.351379181E-16
    0.376485390E-16
    0.552767533E-16
    0.362975853E-16
    0.297251958E-16
    0.549891167E-16
    0.412949313E-16
    0.335447744E-16
    0.551125912E-16
    0.497151463E-16
    0.521349281E-16
    0.783669192E-16
    0.472821280E-16
    0.621293343E-16
    0.809472036E-16
    0.544596949E-16
    0.505519724E-16
    0.664901347E-16
    0.764750788E-16
    0.572020953E-16
    0.632753685E-16
    0.792063673E-16
    0.553547039E-16
    0.431152013E-16
    0.599473459E-16
    0.600804506E-16
    0.499452567E-16
    0.669072564E-16
    0.643901643E-16
    0.515326630E-16
    0.536433778E-16
    0.525267896E-16
    0.562914835E-16
    0.476587090E-16
    0.468189605E-16
    0.489936294E-16
    0.465782795E-16
    0.366181864E-16
    0.326780522E-16
    0.431817517E-16
    0.310458277E-16
    0.246708356E-16
    0.272721971E-16
    0.276677091E-16
    0.233400726E-16
    0.211648541E-16
    0.224095094E-16
    0.210394538E-16
    0.194626066E-16
    0.175073212E-16
    0.168321156E-16
    0.188876075E-16
    0.148353504E-16
    0.202353756E-16
    0.170518439E-16
    0.141276907E-16
    0.198435041E-16
    0.168055156E-16
    0.145965690E-16
    0.168605110E-16
    0.166488275E-16
    0.166537115E-16
    0.187035404E-16
    0.159522921E-16
    0.175553281E-16
    0.195398145E-16
    0.157325455E-16
    0.176468227E-16
    0.170780363E-16
    0.182397017E-16
    0.191513798E-16
    0.184137781E-16
    0.198115019E-16
    0.181076334E-16
    0.213454653E-16
    0.172587149E-16
    0.189509448E-16
    0.226737281E-16
    0.163557081E-16
    0.242001627E-16
    0.201559645E-16
    0.193059775E-16
    0.258513322E-16
    0.157791829E-16
    0.248884783E-16
    0.239299263E-16
    0.175728452E-16
    0.275114976E-16
    0.195061145E-16
    0.247442351E-16
    0.261907246E-16
    0.173582078E-16
