 #tdnd tdcion
    0.336449413E-16
    0.531946379E-16
    0.326776911E-16
    0.370359865E-16
    0.340620463E-16
    0.355543539E-16
    0.424567716E-16
    0.307174450E-16
    0.409550620E-16
    0.355138381E-16
    0.341647710E-16
    0.342385136E-16
    0.275445527E-16
    0.385385743E-16
    0.318216348E-16
    0.335138655E-16
    0.325175115E-16
    0.244509157E-16
    0.342103189E-16
    0.287000522E-16
    0.330233372E-16
    0.329240845E-16
    0.217608531E-16
    0.321069656E-16
    0.286913035E-16
    0.303691456E-16
    0.333498537E-16
    0.215835413E-16
    0.320314405E-16
    0.300551637E-16
    0.236712412E-16
    0.312904808E-16
    0.247063022E-16
    0.318463796E-16
    0.313009881E-16
    0.173499474E-16
    0.271986659E-16
    0.281120621E-16
    0.275154369E-16
    0.295258875E-16
    0.172502508E-16
    0.251093063E-16
    0.295591239E-16
    0.205263244E-16
    0.241500726E-16
    0.216838832E-16
    0.246535848E-16
    0.277062500E-16
    0.162640782E-16
    0.199604914E-16
    0.259743304E-16
    0.239732254E-16
    0.228311474E-16
    0.166535222E-16
    0.192859935E-16
    0.263522391E-16
    0.223567726E-16
    0.182608182E-16
    0.206325698E-16
    0.218064592E-16
    0.218623328E-16
    0.204566698E-16
    0.158257466E-16
    0.239550077E-16
    0.253200302E-16
    0.162917887E-16
    0.208169652E-16
    0.168414356E-16
    0.216584846E-16
    0.264817608E-16
    0.133589121E-16
    0.230136192E-16
    0.212841488E-16
    0.164191664E-16
    0.246427902E-16
    0.147202679E-16
    0.228017690E-16
    0.248176458E-16
    0.139722852E-16
    0.216938720E-16
    0.191160586E-16
    0.203470690E-16
    0.233210319E-16
    0.173694698E-16
    0.200686796E-16
    0.220446538E-16
    0.182033775E-16
    0.178052847E-16
    0.226305643E-16
    0.206665672E-16
    0.214758519E-16
    0.197888372E-16
    0.142461095E-16
    0.245098126E-16
    0.206633174E-16
    0.179231850E-16
    0.227022617E-16
    0.167554241E-16
    0.240832585E-16
    0.194707568E-16
    0.150947279E-16
    0.232027030E-16
    0.211051896E-16
    0.226215570E-16
    0.176889480E-16
    0.177990358E-16
    0.219124984E-16
    0.228618248E-16
    0.211266904E-16
    0.159094031E-16
    0.237380345E-16
    0.204730080E-16
    0.215357184E-16
    0.200361412E-16
    0.159146842E-16
    0.282032880E-16
    0.201927844E-16
    0.205528077E-16
    0.188915426E-16
    0.186997570E-16
    0.269877143E-16
    0.184758440E-16
    0.223660104E-16
    0.182003830E-16
    0.241902884E-16
    0.235482740E-16
    0.159449644E-16
    0.243303823E-16
    0.172199807E-16
    0.269640062E-16
    0.207911075E-16
    0.170912905E-16
    0.246250968E-16
    0.181392084E-16
    0.253338630E-16
    0.170040387E-16
    0.226126201E-16
    0.215898018E-16
    0.206548119E-16
    0.237167259E-16
    0.134317975E-16
    0.276232395E-16
    0.175964324E-16
    0.214394687E-16
    0.230427572E-16
    0.143478872E-16
    0.274335978E-16
    0.162747438E-16
    0.206578682E-16
    0.200717036E-16
    0.206103477E-16
    0.225203562E-16
    0.166347057E-16
    0.218774275E-16
    0.150826934E-16
    0.255176528E-16
    0.180703359E-16
    0.166618223E-16
    0.239849292E-16
    0.140575523E-16
    0.241013386E-16
    0.164387138E-16
    0.177507234E-16
    0.216208463E-16
    0.178540081E-16
    0.197911596E-16
    0.156851914E-16
    0.212349722E-16
    0.164375923E-16
    0.205147866E-16
    0.186672388E-16
    0.154089270E-16
    0.224577620E-16
    0.142262672E-16
    0.183573754E-16
    0.198590286E-16
    0.179922181E-16
    0.194977733E-16
    0.162861298E-16
    0.163024085E-16
    0.192246191E-16
    0.203095508E-16
    0.157771038E-16
    0.177536857E-16
    0.191929756E-16
    0.183277860E-16
    0.194826017E-16
    0.151118150E-16
    0.165526209E-16
    0.228556934E-16
    0.182978951E-16
    0.169775070E-16
    0.174458651E-16
    0.168669725E-16
    0.235256311E-16
    0.179605387E-16
    0.158790937E-16
    0.192120487E-16
    0.198703139E-16
    0.212124038E-16
    0.168824847E-16
    0.180268285E-16
    0.196894237E-16
    0.236718369E-16
    0.176510595E-16
    0.161367877E-16
    0.212694649E-16
    0.192193751E-16
    0.254913559E-16
    0.156740862E-16
    0.175659035E-16
    0.232035152E-16
    0.195757609E-16
    0.224423171E-16
    0.159941499E-16
    0.209356944E-16
    0.221200478E-16
    0.230021053E-16
    0.172534279E-16
    0.174021126E-16
    0.242206958E-16
    0.183986151E-16
    0.251468328E-16
    0.153459355E-16
    0.189634917E-16
    0.251948061E-16
    0.178553110E-16
    0.218497467E-16
    0.172880037E-16
    0.211435475E-16
    0.211591181E-16
    0.217230601E-16
    0.167922336E-16
    0.184920168E-16
    0.245485170E-16
    0.167653961E-16
    0.232358216E-16
    0.166029550E-16
    0.171945355E-16
    0.247447243E-16
    0.177410882E-16
    0.187511701E-16
    0.194829696E-16
    0.185850701E-16
    0.206331174E-16
    0.209456833E-16
    0.149047618E-16
    0.181957005E-16
    0.234486389E-16
    0.172590029E-16
    0.197304940E-16
    0.171260209E-16
    0.147717859E-16
    0.251699377E-16
    0.180046805E-16
    0.147170665E-16
    0.198763509E-16
    0.173231059E-16
    0.208779945E-16
    0.192349708E-16
    0.133596412E-16
    0.177259284E-16
    0.238811274E-16
    0.163923216E-16
    0.164282634E-16
    0.169727155E-16
    0.157881521E-16
    0.245885455E-16
    0.169448925E-16
    0.127444859E-16
    0.197206271E-16
    0.191694939E-16
    0.181388415E-16
    0.180766264E-16
    0.143204666E-16
    0.190028427E-16
    0.224752137E-16
    0.147921977E-16
    0.153168511E-16
    0.196758704E-16
    0.189782578E-16
    0.191962165E-16
    0.173989978E-16
    0.143392624E-16
    0.211786657E-16
    0.212295060E-16
    0.143442047E-16
    0.185450416E-16
    0.200172418E-16
    0.187401750E-16
    0.206148855E-16
    0.159999217E-16
    0.165444127E-16
    0.247096172E-16
    0.192827061E-16
    0.161619408E-16
    0.210354183E-16
    0.184634520E-16
    0.214602607E-16
    0.219928229E-16
    0.155871826E-16
    0.218504836E-16
    0.243227016E-16
    0.171693339E-16
    0.207208133E-16
    0.214917977E-16
    0.207798450E-16
    0.248447469E-16
    0.192512664E-16
    0.176470969E-16
    0.257088370E-16
    0.236669333E-16
    0.195731772E-16
    0.225524458E-16
    0.205542100E-16
    0.244075202E-16
    0.262873566E-16
    0.176036227E-16
    0.210081804E-16
    0.266536262E-16
    0.241252323E-16
    0.230491050E-16
    0.213431567E-16
    0.198284715E-16
    0.274540808E-16
    0.267442080E-16
    0.192750248E-16
    0.236775120E-16
    0.233085451E-16
    0.244027624E-16
    0.254570622E-16
    0.218709660E-16
    0.235130876E-16
    0.260880621E-16
    0.231131455E-16
    0.208557514E-16
    0.264808011E-16
    0.253581216E-16
    0.244963134E-16
    0.219893922E-16
    0.204929323E-16
    0.278686657E-16
    0.277147382E-16
    0.220994011E-16
    0.195299648E-16
    0.244529854E-16
    0.283997151E-16
    0.261734866E-16
    0.209750826E-16
    0.193349635E-16
    0.272382324E-16
    0.287287188E-16
    0.233649191E-16
    0.203365468E-16
    0.224315964E-16
    0.275939968E-16
    0.265243926E-16
    0.233487152E-16
    0.207064064E-16
    0.246263099E-16
    0.259862674E-16
    0.243813856E-16
    0.247767919E-16
    0.233825623E-16
    0.234451396E-16
    0.234047025E-16
    0.255732427E-16
    0.253915636E-16
    0.256643762E-16
    0.196533656E-16
    0.233202800E-16
    0.275406546E-16
    0.258243759E-16
    0.243730248E-16
    0.176451396E-16
    0.264345877E-16
    0.276572765E-16
    0.258625723E-16
    0.191135328E-16
    0.210404688E-16
    0.286970232E-16
    0.266606641E-16
    0.239322838E-16
    0.158534580E-16
    0.266040464E-16
    0.281037876E-16
    0.254831861E-16
    0.205530918E-16
    0.189920632E-16
    0.280238877E-16
    0.254254908E-16
    0.246829633E-16
    0.194675326E-16
    0.244743409E-16
    0.259665183E-16
    0.208692034E-16
    0.254988289E-16
    0.227626614E-16
    0.258935214E-16
    0.230459901E-16
    0.179672559E-16
    0.268912762E-16
    0.265743793E-16
    0.246508010E-16
    0.187428514E-16
    0.210010208E-16
    0.278466035E-16
    0.261173727E-16
    0.241931588E-16
    0.155440112E-16
    0.263695907E-16
    0.277900321E-16
    0.230036212E-16
    0.223591607E-16
    0.188815494E-16
    0.288107514E-16
    0.253132926E-16
    0.234472373E-16
    0.184803994E-16
    0.251867077E-16
    0.287596844E-16
    0.206644380E-16
    0.264220462E-16
    0.179868130E-16
    0.273063404E-16
    0.273188447E-16
    0.200087897E-16
    0.263994478E-16
    0.220635918E-16
    0.267564195E-16
    0.218700012E-16
    0.261184344E-16
    0.237669899E-16
    0.245108132E-16
    0.276434358E-16
    0.169690838E-16
    0.304664833E-16
    0.245485434E-16
    0.243595845E-16
    0.260857252E-16
    0.205983207E-16
    0.272714995E-16
    0.270925438E-16
    0.262697972E-16
    0.204011657E-16
    0.281334256E-16
    0.245694994E-16
    0.259450548E-16
    0.297504277E-16
    0.185860293E-16
    0.291801167E-16
    0.276410337E-16
    0.237408608E-16
    0.277818676E-16
    0.245482928E-16
    0.264590746E-16
    0.284808361E-16
    0.263898605E-16
    0.221628115E-16
    0.305941134E-16
    0.286399978E-16
    0.233176799E-16
    0.295023725E-16
    0.225502783E-16
    0.310876506E-16
    0.310745593E-16
    0.208440805E-16
    0.264815919E-16
    0.304034612E-16
    0.305238320E-16
    0.260443335E-16
    0.245017502E-16
    0.240216188E-16
    0.362793145E-16
    0.307539951E-16
    0.186960973E-16
    0.259995595E-16
    0.304659019E-16
    0.354473934E-16
    0.275758495E-16
    0.172587107E-16
    0.245296885E-16
    0.399182017E-16
    0.318729856E-16
    0.210083379E-16
    0.190387595E-16
    0.283425079E-16
    0.414002294E-16
    0.281428577E-16
    0.169292315E-16
    0.200274939E-16
    0.369218096E-16
    0.350393930E-16
    0.245175888E-16
    0.165118751E-16
    0.241374563E-16
    0.402279048E-16
    0.277429707E-16
    0.218787752E-16
    0.172269553E-16
    0.320052185E-16
    0.351365169E-16
    0.233015973E-16
    0.206743595E-16
    0.205632134E-16
    0.363895276E-16
    0.278443808E-16
    0.222317302E-16
    0.190737444E-16
    0.273507259E-16
    0.337025245E-16
    0.223228166E-16
    0.238860945E-16
    0.185849187E-16
    0.322524533E-16
    0.280655149E-16
    0.205648434E-16
    0.239564084E-16
    0.228756403E-16
    0.313211921E-16
    0.226530883E-16
    0.232978556E-16
    0.210587278E-16
    0.287171175E-16
    0.280418592E-16
    0.187974715E-16
    0.259647141E-16
    0.214344011E-16
    0.297570532E-16
    0.252850726E-16
    0.198221481E-16
    0.234653373E-16
    0.263238182E-16
    0.274355156E-16
    0.213736424E-16
    0.241209103E-16
    0.215990363E-16
    0.281804371E-16
    0.264262115E-16
    0.191244361E-16
    0.244346481E-16
    0.258684266E-16
    0.254944443E-16
    0.244161349E-16
    0.211534761E-16
    0.221490360E-16
    0.288056359E-16
    0.252661957E-16
    0.206197019E-16
    0.229446525E-16
    0.248501004E-16
    0.251882498E-16
    0.263760345E-16
    0.198316586E-16
    0.216817930E-16
    0.284675601E-16
    0.230184646E-16
    0.229972159E-16
    0.220747964E-16
    0.232179082E-16
    0.254888769E-16
    0.255824263E-16
    0.187902001E-16
    0.222321109E-16
    0.272268183E-16
    0.215863602E-16
    0.248768982E-16
    0.196407150E-16
    0.215869480E-16
    0.263768058E-16
    0.236223110E-16
    0.193735203E-16
    0.224829752E-16
    0.231464626E-16
    0.222143353E-16
    0.253800511E-16
    0.176790427E-16
    0.222199636E-16
    0.244482797E-16
    0.215194674E-16
    0.214434443E-16
    0.218033957E-16
    0.201088013E-16
    0.235613557E-16
    0.230430778E-16
    0.179061404E-16
    0.246772246E-16
    0.200960121E-16
    0.212764101E-16
    0.225648613E-16
    0.204892747E-16
    0.220953462E-16
    0.224145875E-16
    0.194569737E-16
    0.202866841E-16
    0.258007943E-16
    0.187479281E-16
    0.223408646E-16
    0.203610217E-16
    0.200570096E-16
    0.262864391E-16
    0.203156807E-16
    0.184225679E-16
    0.221982913E-16
    0.236878267E-16
    0.216765851E-16
    0.231375696E-16
    0.174001478E-16
    0.217784567E-16
    0.276845677E-16
    0.191845336E-16
    0.209874673E-16
    0.214602142E-16
    0.214644052E-16
    0.263940788E-16
    0.216963731E-16
    0.178606355E-16
    0.232636341E-16
    0.259170909E-16
    0.210977616E-16
    0.234037341E-16
    0.200416006E-16
    0.209479243E-16
    0.296977002E-16
    0.194507792E-16
    0.216139753E-16
    0.230892268E-16
    0.228835038E-16
    0.263021075E-16
    0.223698145E-16
    0.207368574E-16
    0.215411440E-16
    0.296912457E-16
    0.204174149E-16
    0.240928074E-16
    0.222848848E-16
    0.207445359E-16
    0.314969147E-16
    0.204049312E-16
    0.226877150E-16
    0.221271830E-16
    0.266825377E-16
    0.253258958E-16
    0.239500799E-16
    0.220928133E-16
    0.204542465E-16
    0.327599354E-16
    0.207836216E-16
    0.243160450E-16
    0.228194096E-16
    0.231328701E-16
    0.306475546E-16
    0.226899930E-16
    0.223205010E-16
    0.218877900E-16
    0.301025949E-16
    0.238830317E-16
    0.251290514E-16
    0.230762723E-16
    0.210113278E-16
    0.330009700E-16
    0.217027500E-16
    0.236616486E-16
    0.240932664E-16
    0.255163722E-16
    0.273264737E-16
    0.244894421E-16
    0.232699336E-16
    0.215139636E-16
    0.322408547E-16
    0.208395964E-16
    0.259019015E-16
    0.247785382E-16
    0.212718842E-16
    0.306716573E-16
    0.219383835E-16
    0.252234696E-16
    0.229314163E-16
    0.282152092E-16
    0.211087044E-16
    0.273361173E-16
    0.249814080E-16
    0.195521053E-16
    0.325170700E-16
    0.173262229E-16
    0.287538457E-16
    0.241140319E-16
    0.227408889E-16
    0.248133739E-16
    0.247378007E-16
    0.262232686E-16
    0.207842357E-16
    0.298964978E-16
    0.152603985E-16
    0.312768603E-16
    0.246386603E-16
    0.196082318E-16
    0.288708025E-16
    0.181843498E-16
    0.285568488E-16
    0.237483428E-16
    0.246511730E-16
    0.191483228E-16
    0.280370713E-16
    0.236008632E-16
    0.211816214E-16
    0.300803139E-16
    0.144876677E-16
    0.295920445E-16
    0.237690155E-16
    0.213419736E-16
    0.265627868E-16
    0.205658113E-16
    0.234199272E-16
    0.242363819E-16
    0.283166763E-16
    0.183014279E-16
    0.262272617E-16
    0.206026623E-16
    0.226541225E-16
    0.328639357E-16
    0.168095986E-16
    0.237866258E-16
    0.229977359E-16
    0.258808161E-16
    0.273949755E-16
    0.217916779E-16
    0.191117711E-16
    0.248870670E-16
    0.327088751E-16
    0.198923826E-16
    0.233038834E-16
    0.191374171E-16
    0.262609224E-16
    0.328011071E-16
    0.203674697E-16
    0.197664450E-16
    0.231661975E-16
    0.284100647E-16
    0.257806183E-16
    0.237563697E-16
    0.170587127E-16
    0.273115902E-16
    0.287457581E-16
    0.222544464E-16
    0.223532199E-16
    0.197690710E-16
    0.274493374E-16
    0.269677995E-16
    0.247864915E-16
    0.182204090E-16
    0.259679216E-16
    0.234817330E-16
    0.254645268E-16
    0.261042931E-16
    0.181521829E-16
    0.291144430E-16
    0.224648049E-16
    0.256999144E-16
    0.225791948E-16
    0.230991317E-16
    0.243375253E-16
    0.258679381E-16
    0.264248274E-16
    0.192274401E-16
    0.278958814E-16
    0.197726420E-16
    0.268626582E-16
    0.246992206E-16
    0.204568346E-16
    0.262644008E-16
    0.233403229E-16
    0.237495903E-16
    0.212872750E-16
    0.239545353E-16
    0.211443469E-16
    0.272149476E-16
    0.215338747E-16
    0.197356354E-16
    0.248711764E-16
    0.220124838E-16
    0.233750318E-16
    0.214211209E-16
    0.210504102E-16
    0.230100787E-16
    0.267364429E-16
    0.190526233E-16
    0.210786249E-16
    0.219967750E-16
    0.241213423E-16
    0.254549807E-16
    0.206176592E-16
    0.210070344E-16
    0.228211191E-16
    0.281307901E-16
    0.197620044E-16
    0.230497345E-16
    0.209461154E-16
    0.264786749E-16
    0.277610706E-16
    0.196123553E-16
    0.228728558E-16
    0.213306691E-16
    0.310416921E-16
    0.217456688E-16
    0.231182600E-16
    0.226947805E-16
    0.250909336E-16
    0.295517684E-16
    0.194767365E-16
    0.237439501E-16
    0.226185808E-16
    0.303599544E-16
    0.244440600E-16
    0.224261954E-16
    0.236005213E-16
    0.235218905E-16
    0.300072780E-16
    0.232519335E-16
    0.233726318E-16
    0.253447108E-16
    0.262160865E-16
    0.272865911E-16
    0.260785681E-16
    0.224655591E-16
    0.263119804E-16
    0.278981979E-16
    0.298489233E-16
    0.249454235E-16
    0.262604212E-16
    0.254047282E-16
    0.292367500E-16
    0.337684029E-16
    0.223688620E-16
    0.323419565E-16
    0.247906185E-16
    0.352500759E-16
    0.308134425E-16
    0.257448055E-16
    0.331119191E-16
    0.277759034E-16
    0.401767901E-16
    0.253837791E-16
    0.369108686E-16
    0.275559338E-16
    0.359937634E-16
    0.366604033E-16
    0.253905012E-16
    0.440154863E-16
    0.259929324E-16
    0.413889236E-16
    0.306064593E-16
    0.349262370E-16
    0.381269651E-16
    0.333516802E-16
    0.389977457E-16
    0.279422128E-16
    0.487248852E-16
    0.285179662E-16
    0.426759185E-16
    0.353434782E-16
    0.305661814E-16
    0.494788412E-16
    0.329189421E-16
    0.455410164E-16
    0.344935752E-16
    0.446109982E-16
    0.360800344E-16
    0.485347434E-16
    0.434035242E-16
    0.321818432E-16
    0.552573095E-16
    0.351139354E-16
    0.582039917E-16
    0.428842456E-16
    0.391465262E-16
    0.453472441E-16
    0.528664698E-16
    0.524759165E-16
    0.421973917E-16
    0.526071996E-16
    0.378381268E-16
    0.633081836E-16
    0.481432676E-16
    0.424460625E-16
    0.504997164E-16
    0.489162918E-16
    0.533214282E-16
    0.551248245E-16
    0.477653984E-16
    0.446138873E-16
    0.544254028E-16
    0.491232748E-16
    0.546773810E-16
    0.514135865E-16
    0.494568395E-16
    0.483988108E-16
    0.672639115E-16
    0.480454188E-16
    0.564280430E-16
    0.496392072E-16
    0.489310007E-16
    0.715890935E-16
    0.509054467E-16
    0.659687593E-16
    0.536412194E-16
    0.665287166E-16
    0.581091207E-16
    0.585660582E-16
    0.642346520E-16
    0.594776635E-16
    0.748212813E-16
    0.631573709E-16
    0.676226080E-16
    0.748113489E-16
    0.543220758E-16
    0.682079605E-16
    0.643365932E-16
    0.700179929E-16
    0.925385094E-16
    0.595482832E-16
    0.796643706E-16
    0.588242266E-16
    0.762852027E-16
    0.770759953E-16
    0.672611963E-16
    0.892333962E-16
    0.679952488E-16
    0.105171718E-15
    0.735081713E-16
    0.747122875E-16
    0.773110813E-16
    0.759045737E-16
    0.108667742E-15
    0.100292765E-15
    0.879468335E-16
    0.100701355E-15
    0.876246962E-16
    0.107574734E-15
    0.999838763E-16
    0.948918142E-16
    0.130883597E-15
    0.104076271E-15
    0.149916516E-15
    0.995102337E-16
    0.124976196E-15
    0.125422634E-15
    0.115378827E-15
    0.171699451E-15
    0.125786230E-15
    0.171053374E-15
    0.133680388E-15
    0.156322705E-15
    0.167321391E-15
    0.153410391E-15
    0.172201352E-15
    0.171098848E-15
    0.191585116E-15
    0.209779475E-15
    0.166391696E-15
    0.192184577E-15
    0.199061577E-15
    0.201915976E-15
    0.246788959E-15
    0.179912249E-15
    0.264904602E-15
    0.211767154E-15
    0.253358214E-15
    0.237856368E-15
    0.239233582E-15
    0.299893273E-15
    0.240934111E-15
    0.315016178E-15
    0.277702732E-15
    0.325368943E-15
    0.314532219E-15
    0.297096491E-15
    0.350867133E-15
    0.382526730E-15
    0.371114916E-15
    0.386662049E-15
    0.365633367E-15
    0.442383120E-15
    0.451707237E-15
    0.429206012E-15
    0.472023550E-15
    0.451450259E-15
    0.570916193E-15
    0.485771468E-15
    0.558376283E-15
    0.537886846E-15
    0.573555673E-15
    0.632414009E-15
    0.587687430E-15
    0.682505668E-15
    0.647024227E-15
    0.689319991E-15
    0.697091679E-15
    0.743309513E-15
    0.789010453E-15
    0.784142665E-15
    0.795460180E-15
    0.863360538E-15
    0.894786594E-15
    0.955003338E-15
    0.914901482E-15
    0.977814240E-15
    0.105878881E-14
    0.107394145E-14
    0.116970687E-14
    0.110466542E-14
    0.125987088E-14
    0.123522391E-14
    0.134449438E-14
    0.137412366E-14
    0.142669367E-14
    0.150818353E-14
    0.150674451E-14
    0.164045273E-14
    0.167851328E-14
    0.176179297E-14
    0.176753756E-14
    0.185565143E-14
    0.196689620E-14
    0.207623064E-14
    0.206089220E-14
    0.216802327E-14
    0.222492861E-14
    0.239878202E-14
    0.244425590E-14
    0.246581922E-14
    0.266919711E-14
    0.267170009E-14
    0.292154672E-14
    0.282732380E-14
    0.311175573E-14
    0.315609620E-14
    0.330875681E-14
    0.341310864E-14
    0.350250707E-14
    0.381043793E-14
    0.381038937E-14
    0.399878834E-14
    0.408357816E-14
    0.439201921E-14
    0.452349249E-14
    0.468164462E-14
    0.475148559E-14
    0.510694122E-14
    0.524951540E-14
    0.547667602E-14
    0.559737757E-14
    0.584474707E-14
    0.621009466E-14
    0.623642460E-14
    0.666672947E-14
    0.669888152E-14
    0.726875676E-14
    0.727139220E-14
    0.763920650E-14
    0.794683154E-14
    0.830951122E-14
    0.866010419E-14
    0.876924619E-14
    0.929776443E-14
    0.963850947E-14
    0.101773349E-13
    0.102580024E-13
    0.108328887E-13
    0.111916793E-13
    0.119066371E-13
    0.120813090E-13
    0.126073039E-13
    0.131117657E-13
    0.137220255E-13
    0.143177624E-13
    0.145750241E-13
    0.154389177E-13
    0.158274730E-13
    0.167353039E-13
    0.170185164E-13
    0.179001195E-13
    0.185126480E-13
    0.193078913E-13
    0.199615840E-13
    0.206610909E-13
    0.216968296E-13
    0.223655940E-13
    0.234012325E-13
    0.240501381E-13
    0.254498541E-13
    0.263145753E-13
    0.276233357E-13
    0.285860278E-13
    0.302509756E-13
    0.318619253E-13
    0.335170436E-13
    0.354048929E-13
    0.374906590E-13
    0.406321329E-13
    0.433476465E-13
    0.470766403E-13
    0.509232933E-13
    0.564496073E-13
    0.628590828E-13
    0.699472558E-13
    0.791347342E-13
    0.898428037E-13
    0.104225093E-12
    0.120813865E-12
    0.140982096E-12
    0.166298863E-12
    0.197140737E-12
    0.236404509E-12
    0.283002237E-12
    0.340649907E-12
    0.411821875E-12
    0.499750049E-12
    0.607883380E-12
    0.739710396E-12
    0.899774296E-12
    0.109907492E-11
    0.134049695E-11
    0.163770313E-11
    0.199756176E-11
    0.243514764E-11
    0.297485643E-11
    0.362230683E-11
    0.441993766E-11
    0.537394939E-11
    0.654281943E-11
    0.795404118E-11
    0.966013747E-11
    0.117314872E-10
    0.142145701E-10
    0.172326402E-10
    0.208477997E-10
    0.252236596E-10
    0.304739604E-10
    0.367872648E-10
    0.443660243E-10
    0.534557196E-10
    0.643709413E-10
    0.774245191E-10
    0.930522718E-10
    0.111705591E-09
    0.134041848E-09
    0.160663756E-09
    0.192450188E-09
    0.230244353E-09
    0.275299343E-09
    0.328905946E-09
    0.392618375E-09
    0.468304676E-09
    0.558001325E-09
    0.664539516E-09
    0.790668182E-09
    0.940126985E-09
    0.111678244E-08
    0.132565947E-08
    0.157249546E-08
    0.186380040E-08
    0.220750612E-08
    0.261234619E-08
    0.308936423E-08
    0.365065542E-08
    0.431096366E-08
    0.508671060E-08
    0.599773744E-08
    0.706669204E-08
    0.832035645E-08
    0.978939371E-08
    0.115093424E-07
    0.135219841E-07
    0.158748311E-07
    0.186247909E-07
    0.218348816E-07
    0.255809938E-07
    0.299478249E-07
    0.350361142E-07
    0.409608135E-07
    0.478533780E-07
    0.558681300E-07
    0.651778862E-07
    0.759887977E-07
    0.885304890E-07
    0.103072397E-06
    0.119919802E-06
    0.139423893E-06
    0.161991735E-06
    0.188081628E-06
    0.218227344E-06
    0.253028238E-06
    0.293180305E-06
    0.339472762E-06
    0.392807355E-06
    0.454213574E-06
    0.524857928E-06
    0.606079723E-06
    0.699394683E-06
    0.806530854E-06
    0.929445869E-06
    0.107036238E-05
    0.123180887E-05
    0.141664550E-05
    0.162811311E-05
    0.186987407E-05
    0.214607228E-05
    0.246139782E-05
    0.282113881E-05
    0.323125957E-05
    0.369848258E-05
    0.423037870E-05
    0.483548584E-05
    0.552338221E-05
    0.630484542E-05
    0.719196051E-05
    0.819830204E-05
    0.933909170E-05
    0.106313565E-04
    0.120941754E-04
    0.137488543E-04
    0.156192396E-04
    0.177319346E-04
    0.201166132E-04
    0.228063639E-04
    0.258380083E-04
    0.292525783E-04
    0.330956508E-04
    0.374178872E-04
    0.422755056E-04
    0.477308543E-04
    0.538530817E-04
    0.607186953E-04
    0.684123854E-04
    0.770277181E-04
    0.866680676E-04
    0.974475530E-04
    0.109491929E-03
    0.122939799E-03
    0.137943639E-03
    0.154671226E-03
    0.173306913E-03
    0.194053009E-03
    0.217131528E-03
    0.242785622E-03
    0.271281764E-03
    0.302911284E-03
    0.337992674E-03
    0.376873745E-03
    0.419933871E-03
    0.467586867E-03
    0.520283039E-03
    0.578512662E-03
    0.642808478E-03
    0.713749215E-03
    0.791962903E-03
    0.878130003E-03
    0.972988004E-03
    0.107733429E-02
    0.119203142E-02
    0.131801037E-02
    0.145627582E-02
    0.160791083E-02
    0.177408119E-02
    0.195604165E-02
    0.215513975E-02
    0.237282320E-02
    0.261064407E-02
    0.287026552E-02
    0.315346777E-02
    0.346215375E-02
    0.379835723E-02
    0.416424692E-02
    0.456213548E-02
    0.499448430E-02
    0.546391201E-02
    0.597320089E-02
    0.652530274E-02
    0.712334768E-02
    0.777064891E-02
    0.847071234E-02
    0.922724055E-02
    0.100441408E-01
    0.109255312E-01
    0.118757467E-01
    0.128993461E-01
    0.140011151E-01
    0.151860737E-01
    0.164594797E-01
    0.178268335E-01
    0.192938817E-01
    0.208666182E-01
    0.225512891E-01
    0.243543916E-01
    0.262826773E-01
    0.283431484E-01
    0.305430580E-01
    0.328899083E-01
    0.353914450E-01
    0.380556547E-01
    0.408907546E-01
    0.439051890E-01
    0.471076180E-01
    0.505069067E-01
    0.541121141E-01
    0.579324753E-01
    0.619773916E-01
    0.662564075E-01
    0.707791952E-01
    0.755555293E-01
    0.805952662E-01
    0.859083199E-01
    0.915046310E-01
    0.973941416E-01
    0.103586759E+00
    0.110092329E+00
    0.116920595E+00
    0.124081165E+00
    0.131583471E+00
    0.139436725E+00
    0.147649885E+00
    0.156231602E+00
    0.165190179E+00
    0.174533523E+00
    0.184269096E+00
    0.194403869E+00
    0.204944265E+00
    0.215896113E+00
    0.227264592E+00
    0.239054187E+00
    0.251268626E+00
    0.263910833E+00
    0.276982876E+00
    0.290485915E+00
    0.304420150E+00
    0.318784774E+00
    0.333577925E+00
    0.348796634E+00
    0.364436789E+00
    0.380493086E+00
    0.396958997E+00
    0.413826726E+00
    0.431087176E+00
    0.448729931E+00
    0.466743216E+00
    0.485113887E+00
    0.503827401E+00
    0.522867817E+00
    0.542217783E+00
    0.561858536E+00
    0.581769901E+00
    0.601930303E+00
    0.622316784E+00
    0.642905022E+00
    0.663669362E+00
    0.684582841E+00
    0.705617233E+00
    0.726743098E+00
    0.747929834E+00
    0.769145732E+00
    0.790358037E+00
    0.811533034E+00
    0.832636110E+00
    0.853631852E+00
    0.874484121E+00
    0.895156153E+00
    0.915610663E+00
    0.935809941E+00
    0.955715972E+00
    0.975290529E+00
    0.994495310E+00
    0.101329204E+01
    0.103164262E+01
    0.104950922E+01
    0.106685440E+01
    0.108364129E+01
    0.109983366E+01
    0.111539607E+01
    0.113029399E+01
    0.114449395E+01
    0.115796361E+01
    0.117067195E+01
    0.118258932E+01
    0.119368759E+01
    0.120394027E+01
    0.121332257E+01
    0.122181154E+01
    0.122938616E+01
    0.123602737E+01
    0.124171822E+01
    0.124644393E+01
    0.125019189E+01
    0.125295180E+01
    0.125471565E+01
    0.125547779E+01
    0.125523495E+01
    0.125398627E+01
    0.125173329E+01
    0.124847995E+01
    0.124423262E+01
    0.123900000E+01
    0.123279319E+01
    0.122562556E+01
    0.121751278E+01
    0.120847270E+01
    0.119852533E+01
    0.118769274E+01
    0.117599899E+01
    0.116347004E+01
    0.115013364E+01
    0.113601926E+01
    0.112115796E+01
    0.110558226E+01
    0.108932604E+01
    0.107242442E+01
    0.105491364E+01
    0.103683090E+01
    0.101821425E+01
    0.999102447E+00
    0.979534829E+00
    0.959551178E+00
    0.939191569E+00
    0.918496255E+00
    0.897505532E+00
    0.876259593E+00
    0.854798421E+00
    0.833161644E+00
    0.811388434E+00
    0.789517382E+00
    0.767586382E+00
    0.745632531E+00
    0.723692028E+00
    0.701800081E+00
    0.679990819E+00
    0.658297202E+00
    0.636750962E+00
    0.615382519E+00
    0.594220940E+00
    0.573293864E+00
    0.552627474E+00
    0.532246451E+00
    0.512173941E+00
    0.492431540E+00
    0.473039264E+00
    0.454015551E+00
    0.435377253E+00
    0.417139639E+00
    0.399316406E+00
    0.381919690E+00
    0.364960102E+00
    0.348446731E+00
    0.332387203E+00
    0.316787694E+00
    0.301652987E+00
    0.286986510E+00
    0.272790385E+00
    0.259065482E+00
    0.245811472E+00
    0.233026883E+00
    0.220709164E+00
    0.208854737E+00
    0.197459069E+00
    0.186516726E+00
    0.176021444E+00
    0.165966185E+00
    0.156343208E+00
    0.147144127E+00
    0.138359977E+00
    0.129981270E+00
    0.121998062E+00
    0.114400007E+00
    0.107176420E+00
    0.100316320E+00
    0.938084984E-01
    0.876415598E-01
    0.818039749E-01
    0.762841284E-01
    0.710703549E-01
    0.661509919E-01
    0.615144088E-01
    0.571490504E-01
    0.530434644E-01
    0.491863345E-01
    0.455665120E-01
    0.421730358E-01
    0.389951609E-01
    0.360223735E-01
    0.332444145E-01
    0.306512930E-01
    0.282332994E-01
    0.259810182E-01
    0.238853360E-01
    0.219374512E-01
    0.201288776E-01
    0.184514489E-01
    0.168973204E-01
    0.154589718E-01
    0.141292036E-01
    0.129011380E-01
    0.117682120E-01
    0.107241780E-01
    0.976309468E-02
    0.887932274E-02
    0.806751766E-02
    0.732262156E-02
    0.663985775E-02
    0.601471845E-02
    0.544295894E-02
    0.492058640E-02
    0.444385182E-02
    0.400924008E-02
    0.361345892E-02
    0.325343105E-02
    0.292628282E-02
    0.262933585E-02
    0.236009613E-02
    0.211624508E-02
    0.189563043E-02
    0.169625695E-02
    0.151627731E-02
    0.135398372E-02
    0.120779926E-02
    0.107627055E-02
    0.958059008E-03
    0.851933907E-03
    0.756765148E-03
    0.671516383E-03
    0.595238890E-03
    0.527064446E-03
    0.466200442E-03
    0.411923722E-03
    0.363575776E-03
    0.320557414E-03
    0.282324119E-03
    0.248382050E-03
    0.218283621E-03
    0.191623898E-03
    0.168036748E-03
    0.147191791E-03
    0.128791264E-03
    0.112567099E-03
    0.982782337E-04
    0.857082420E-04
    0.746630806E-04
    0.649689981E-04
    0.564705328E-04
    0.490288201E-04
    0.425200429E-04
    0.368338664E-04
    0.318721416E-04
    0.275475743E-04
    0.237827828E-04
    0.205091553E-04
    0.176659807E-04
    0.151995459E-04
    0.130624546E-04
    0.112129345E-04
    0.961419692E-05
    0.823387627E-05
    0.704354551E-05
    0.601828808E-05
    0.513627529E-05
    0.437840223E-05
    0.372797530E-05
    0.317043760E-05
    0.269310789E-05
    0.228493914E-05
    0.193633256E-05
    0.163895834E-05
    0.138560334E-05
    0.117001455E-05
    0.986783548E-06
    0.831245321E-06
    0.699379731E-06
    0.587724092E-06
    0.493295723E-06
    0.413533693E-06
    0.346246851E-06
    0.289554435E-06
    0.241849468E-06
    0.201754255E-06
    0.168099384E-06
    0.139885582E-06
    0.116263539E-06
    0.965101336E-07
    0.800131161E-07
    0.662536163E-07
    0.547917973E-07
    0.452557058E-07
    0.373321488E-07
    0.307574759E-07
    0.253086399E-07
    0.207987859E-07
    0.170702124E-07
    0.139927541E-07
    0.114553099E-07
    0.936627099E-08
    0.764801702E-08
    0.623696942E-08
    0.507986283E-08
    0.413196634E-08
    0.335671121E-08
    0.272316253E-08
    0.220647934E-08
    0.178539535E-08
    0.144282646E-08
    0.116444490E-08
    0.938566212E-09
    0.755499402E-09
    0.607305344E-09
    0.487535799E-09
    0.390897324E-09
    0.313005479E-09
    0.250264529E-09
    0.199856522E-09
    0.159352410E-09
    0.126952994E-09
    0.100945314E-09
    0.801999847E-10
    0.635982376E-10
    0.503827881E-10
    0.398574638E-10
    0.314788715E-10
    0.248440277E-10
    0.195662915E-10
    0.153954692E-10
    0.120937998E-10
    0.948843913E-11
    0.743801904E-11
    0.581854437E-11
    0.454455878E-11
    0.354775094E-11
    0.276158957E-11
    0.215160851E-11
    0.167043155E-11
    0.129648759E-11
    0.100582028E-11
    0.775733161E-12
    0.601606392E-12
    0.462551847E-12
    0.357616945E-12
    0.274721248E-12
    0.210200107E-12
    0.161846978E-12
    0.123407631E-12
    0.948063787E-13
    0.724609359E-13
    0.547994585E-13
    0.420277985E-13
    0.315340745E-13
    0.241722095E-13
    0.184085296E-13
    0.137372191E-13
    0.105518340E-13
    0.774051995E-14
    0.597260504E-14
    0.456754192E-14
    0.339187652E-14
    0.264100569E-14
    0.185878912E-14
    0.142447253E-14
    0.112999004E-14
    0.843222612E-15
    0.688105514E-15
    0.450943503E-15
    0.375180616E-15
    0.297956083E-15
    0.232774704E-15
    0.188051534E-15
    0.137821427E-15
    0.109177862E-15
    0.998807861E-16
    0.783013248E-16
    0.871415867E-16
    0.619722329E-16
    0.505162078E-16
    0.493515182E-16
    0.370815718E-16
    0.582563166E-16
    0.425047333E-16
    0.406050416E-16
    0.416739079E-16
    0.319279371E-16
    0.386416297E-16
    0.281057522E-16
    0.358955618E-16
    0.459641656E-16
    0.350652049E-16
    0.330189863E-16
    0.322952466E-16
    0.331557914E-16
    0.310180975E-16
    0.324930333E-16
    0.277230488E-16
    0.354923883E-16
    0.467574381E-16
    0.313945635E-16
    0.308809607E-16
    0.281745058E-16
    0.285184124E-16
    0.400782715E-16
    0.277182764E-16
    0.246120672E-16
    0.395535713E-16
    0.360186190E-16
    0.330491989E-16
    0.300120431E-16
    0.256396148E-16
    0.344299098E-16
    0.376395554E-16
    0.285758010E-16
    0.283383733E-16
    0.360309986E-16
    0.260054027E-16
    0.361498611E-16
    0.282864609E-16
    0.224579459E-16
    0.429678385E-16
    0.273920907E-16
    0.337901663E-16
    0.317271887E-16
    0.318549857E-16
    0.303843339E-16
    0.281425624E-16
    0.303378528E-16
    0.270000842E-16
    0.397924842E-16
    0.194795089E-16
    0.361755151E-16
    0.336725123E-16
    0.310136512E-16
    0.435432143E-16
    0.206390636E-16
    0.337263892E-16
    0.325870893E-16
    0.312692687E-16
    0.236707229E-16
    0.293805390E-16
    0.333723947E-16
    0.353010584E-16
    0.402071386E-16
    0.216372787E-16
    0.391295860E-16
    0.340677132E-16
    0.332215778E-16
    0.409001772E-16
    0.290371664E-16
    0.338083309E-16
    0.357495807E-16
    0.260578983E-16
    0.256755087E-16
    0.363968642E-16
    0.321448754E-16
    0.382641314E-16
    0.455187616E-16
    0.416495985E-16
    0.424000483E-16
    0.358605895E-16
    0.254846119E-16
    0.328572066E-16
    0.331864638E-16
    0.322856528E-16
    0.377676389E-16
    0.317512412E-16
    0.500941175E-16
    0.470684096E-16
    0.335961301E-16
    0.343341768E-16
    0.395766622E-16
    0.370511816E-16
    0.421370101E-16
    0.437696251E-16
    0.367420333E-16
    0.462864590E-16
    0.408659951E-16
    0.287871164E-16
    0.346117215E-16
    0.336132344E-16
    0.401439056E-16
    0.471280184E-16
    0.426975825E-16
    0.562480111E-16
    0.447902958E-16
    0.317871419E-16
    0.301919533E-16
    0.372369670E-16
    0.363974966E-16
    0.382728258E-16
    0.445649783E-16
    0.347090802E-16
    0.579473790E-16
    0.465517378E-16
    0.304818252E-16
    0.357766752E-16
    0.393228679E-16
    0.514607614E-16
    0.430840585E-16
    0.380371579E-16
    0.356353854E-16
    0.564136784E-16
    0.477568557E-16
    0.375104634E-16
    0.331783190E-16
    0.421963820E-16
    0.504748516E-16
    0.537136473E-16
    0.363782724E-16
    0.360623116E-16
    0.544615610E-16
    0.432822014E-16
    0.467143524E-16
    0.293349877E-16
    0.431723172E-16
    0.449431769E-16
    0.559631329E-16
    0.431637539E-16
    0.410509234E-16
    0.480916278E-16
    0.334973064E-16
    0.533700274E-16
    0.361371296E-16
    0.404211661E-16
    0.442979664E-16
    0.496003885E-16
    0.446346732E-16
    0.555732836E-16
    0.465935752E-16
    0.365693231E-16
    0.531659720E-16
    0.397387553E-16
    0.428116019E-16
    0.377052077E-16
    0.531804208E-16
    0.501674411E-16
    0.567951302E-16
    0.427657065E-16
    0.487858219E-16
    0.484049672E-16
    0.351555680E-16
    0.487064659E-16
    0.300240927E-16
    0.511235837E-16
    0.607059048E-16
    0.479764302E-16
    0.343800885E-16
    0.513943267E-16
    0.544939367E-16
    0.410256939E-16
    0.451905883E-16
    0.362458593E-16
    0.379801740E-16
    0.469980945E-16
    0.466849157E-16
    0.351888101E-16
    0.439007409E-16
    0.688123368E-16
    0.535612826E-16
    0.338735146E-16
    0.469000987E-16
    0.341923928E-16
    0.394558965E-16
    0.487081087E-16
    0.402636459E-16
    0.374972618E-16
    0.556240060E-16
    0.581508378E-16
    0.365880953E-16
    0.555911113E-16
    0.419417695E-16
    0.429339989E-16
    0.509195228E-16
    0.420228524E-16
    0.355447952E-16
    0.334400111E-16
    0.453599067E-16
    0.568361137E-16
    0.509820993E-16
    0.488592401E-16
    0.501326900E-16
    0.420058864E-16
    0.435394313E-16
    0.367629301E-16
    0.382908725E-16
    0.510875385E-16
    0.568939576E-16
    0.315896947E-16
    0.359594788E-16
    0.569369413E-16
    0.491347310E-16
    0.451332061E-16
    0.512241790E-16
    0.451180304E-16
    0.486088875E-16
    0.541948516E-16
    0.352641492E-16
    0.576972925E-16
    0.495229331E-16
    0.500390284E-16
    0.469131363E-16
    0.436745639E-16
    0.603440497E-16
    0.510332160E-16
    0.372708794E-16
    0.785887571E-16
    0.603782714E-16
    0.455680827E-16
    0.578273526E-16
    0.577004123E-16
    0.475801059E-16
    0.558809146E-16
    0.488986238E-16
    0.664806284E-16
    0.684482164E-16
    0.604031879E-16
    0.667217610E-16
    0.688282820E-16
    0.732918943E-16
    0.800460812E-16
    0.581741009E-16
    0.718225562E-16
    0.631266092E-16
    0.564223001E-16
    0.659388191E-16
    0.804765954E-16
    0.534184627E-16
    0.803095708E-16
    0.643914174E-16
    0.393259338E-16
    0.628747021E-16
    0.430793957E-16
    0.413369673E-16
    0.900149366E-16
    0.475028414E-16
    0.493922010E-16
    0.538000766E-16
    0.465344048E-16
    0.414959631E-16
    0.365896183E-16
    0.404043251E-16
    0.554965459E-16
    0.435375082E-16
    0.362172464E-16
    0.280689250E-16
    0.396195380E-16
    0.380455417E-16
    0.382278170E-16
    0.308234864E-16
    0.319974835E-16
    0.342541261E-16
    0.348782131E-16
    0.375191372E-16
    0.251246630E-16
    0.360216726E-16
    0.394104213E-16
    0.249118417E-16
    0.319426899E-16
    0.265640938E-16
    0.375436553E-16
    0.449695037E-16
    0.224791273E-16
    0.294353088E-16
    0.296341988E-16
    0.319600850E-16
    0.393798026E-16
    0.254212730E-16
    0.340571172E-16
    0.371701976E-16
    0.274252677E-16
    0.300836314E-16
    0.302517028E-16
    0.403491538E-16
    0.389162531E-16
    0.273492998E-16
    0.293399932E-16
    0.354444787E-16
    0.407959156E-16
    0.345649304E-16
    0.345435572E-16
    0.397777062E-16
    0.362234097E-16
    0.333326532E-16
    0.282089235E-16
    0.417747585E-16
    0.472901643E-16
    0.330146237E-16
    0.306873431E-16
    0.286807445E-16
    0.427208572E-16
    0.401379012E-16
    0.263311374E-16
    0.375940078E-16
    0.333997742E-16
    0.392190496E-16
    0.303514128E-16
    0.262890641E-16
    0.495778896E-16
    0.341055945E-16
    0.349631155E-16
    0.299250606E-16
