 #tdnd tdcion
    0.336749259E-16
    0.307506084E-16
    0.212040404E-16
    0.334973170E-16
    0.350524280E-16
    0.339548277E-16
    0.182918690E-16
    0.287546298E-16
    0.345361989E-16
    0.325295393E-16
    0.269313735E-16
    0.199637435E-16
    0.330338757E-16
    0.351620574E-16
    0.316715446E-16
    0.222614514E-16
    0.290821261E-16
    0.310078177E-16
    0.349287845E-16
    0.317785076E-16
    0.220871829E-16
    0.318463969E-16
    0.287481538E-16
    0.345339154E-16
    0.316663671E-16
    0.258094494E-16
    0.287878914E-16
    0.302533214E-16
    0.347121262E-16
    0.305576665E-16
    0.307344453E-16
    0.235431202E-16
    0.320657905E-16
    0.361981187E-16
    0.303269329E-16
    0.332898968E-16
    0.204182106E-16
    0.340081486E-16
    0.398510782E-16
    0.312916129E-16
    0.321050649E-16
    0.213188237E-16
    0.357118720E-16
    0.404817609E-16
    0.317310115E-16
    0.296578394E-16
    0.257682435E-16
    0.352520337E-16
    0.354899008E-16
    0.321199002E-16
    0.292709894E-16
    0.310182566E-16
    0.335891347E-16
    0.284167278E-16
    0.331339335E-16
    0.313548091E-16
    0.342337305E-16
    0.318013298E-16
    0.227382372E-16
    0.344814057E-16
    0.345671575E-16
    0.357310878E-16
    0.305878460E-16
    0.201471872E-16
    0.353721222E-16
    0.381058717E-16
    0.363002195E-16
    0.296108835E-16
    0.195576646E-16
    0.352677708E-16
    0.412658746E-16
    0.365962228E-16
    0.291785349E-16
    0.208342820E-16
    0.340414983E-16
    0.419522803E-16
    0.361139854E-16
    0.296972609E-16
    0.246632246E-16
    0.318211559E-16
    0.393371143E-16
    0.342170381E-16
    0.310785103E-16
    0.300143303E-16
    0.299488633E-16
    0.348670084E-16
    0.314635904E-16
    0.322721359E-16
    0.353721827E-16
    0.284185776E-16
    0.302770293E-16
    0.282927604E-16
    0.329360814E-16
    0.397287259E-16
    0.275075426E-16
    0.272291076E-16
    0.255260823E-16
    0.316931830E-16
    0.420207569E-16
    0.271411552E-16
    0.258067134E-16
    0.239007571E-16
    0.295792615E-16
    0.423750076E-16
    0.271582385E-16
    0.257647232E-16
    0.233008653E-16
    0.269265191E-16
    0.403150981E-16
    0.267498632E-16
    0.267049269E-16
    0.241286571E-16
    0.248607115E-16
    0.366279076E-16
    0.253892834E-16
    0.273853950E-16
    0.253730715E-16
    0.242376096E-16
    0.324278580E-16
    0.234164406E-16
    0.282226408E-16
    0.265496839E-16
    0.243041490E-16
    0.279667208E-16
    0.207336631E-16
    0.293249799E-16
    0.275223060E-16
    0.247616192E-16
    0.245674989E-16
    0.178676506E-16
    0.299813947E-16
    0.281031110E-16
    0.253392498E-16
    0.228074642E-16
    0.157638327E-16
    0.298407315E-16
    0.279204303E-16
    0.257193167E-16
    0.229025114E-16
    0.153950384E-16
    0.286692101E-16
    0.261049699E-16
    0.256278285E-16
    0.247230512E-16
    0.171678466E-16
    0.273308783E-16
    0.235311051E-16
    0.248604929E-16
    0.264040906E-16
    0.201293262E-16
    0.266405073E-16
    0.214701662E-16
    0.242120909E-16
    0.271900258E-16
    0.224509102E-16
    0.264714478E-16
    0.208141928E-16
    0.246715678E-16
    0.271072998E-16
    0.231214772E-16
    0.262650585E-16
    0.219533264E-16
    0.259978230E-16
    0.263824284E-16
    0.225164132E-16
    0.259616758E-16
    0.241294466E-16
    0.280444110E-16
    0.251974486E-16
    0.215828300E-16
    0.256038506E-16
    0.265822744E-16
    0.297556125E-16
    0.235432809E-16
    0.211017618E-16
    0.258731786E-16
    0.286963777E-16
    0.310652305E-16
    0.215520698E-16
    0.211509515E-16
    0.263790857E-16
    0.298274976E-16
    0.319858078E-16
    0.199817084E-16
    0.219345775E-16
    0.271906613E-16
    0.291069476E-16
    0.324889538E-16
    0.193166548E-16
    0.230793099E-16
    0.281546631E-16
    0.271101014E-16
    0.324705818E-16
    0.197906770E-16
    0.239682998E-16
    0.290815928E-16
    0.247695364E-16
    0.315752940E-16
    0.208091399E-16
    0.248303545E-16
    0.299267862E-16
    0.229500631E-16
    0.300561428E-16
    0.222572875E-16
    0.244705223E-16
    0.301560822E-16
    0.224725407E-16
    0.281579035E-16
    0.236308636E-16
    0.241447731E-16
    0.298243032E-16
    0.231543814E-16
    0.258496574E-16
    0.243108331E-16
    0.241744801E-16
    0.293567873E-16
    0.237710458E-16
    0.239743471E-16
    0.242545459E-16
    0.247725571E-16
    0.290168589E-16
    0.242729445E-16
    0.221499036E-16
    0.233406177E-16
    0.256430315E-16
    0.293001376E-16
    0.241284644E-16
    0.213075781E-16
    0.221943156E-16
    0.259791080E-16
    0.303164185E-16
    0.232080819E-16
    0.211505748E-16
    0.221466719E-16
    0.249810696E-16
    0.312156185E-16
    0.218924099E-16
    0.216155578E-16
    0.230898715E-16
    0.232125422E-16
    0.313433123E-16
    0.205996824E-16
    0.222805512E-16
    0.251493454E-16
    0.217966810E-16
    0.304997966E-16
    0.198036206E-16
    0.225321379E-16
    0.270898720E-16
    0.216013602E-16
    0.281158992E-16
    0.199702418E-16
    0.221068534E-16
    0.279737190E-16
    0.226805095E-16
    0.257016866E-16
    0.207921534E-16
    0.216337875E-16
    0.273924100E-16
    0.240711512E-16
    0.236022853E-16
    0.218492095E-16
    0.217802598E-16
    0.257327056E-16
    0.246243044E-16
    0.225719953E-16
    0.225941101E-16
    0.227788338E-16
    0.239181402E-16
    0.237421194E-16
    0.215496961E-16
    0.230636725E-16
    0.242363816E-16
    0.229703030E-16
    0.219378819E-16
    0.204072404E-16
    0.236700580E-16
    0.248039640E-16
    0.234544096E-16
    0.202976406E-16
    0.185416002E-16
    0.243439226E-16
    0.237510753E-16
    0.248878518E-16
    0.194187017E-16
    0.165299801E-16
    0.248442493E-16
    0.213209948E-16
    0.261757098E-16
    0.199442464E-16
    0.155034838E-16
    0.244735764E-16
    0.188472073E-16
    0.262773051E-16
    0.210516430E-16
    0.155981271E-16
    0.232592400E-16
    0.173917157E-16
    0.248515075E-16
    0.221767729E-16
    0.169369799E-16
    0.213694029E-16
    0.175810964E-16
    0.223605896E-16
    0.224321836E-16
    0.186121588E-16
    0.199574833E-16
    0.186822060E-16
    0.201478705E-16
    0.214848489E-16
    0.199441240E-16
    0.193153800E-16
    0.199078215E-16
    0.192950239E-16
    0.197705375E-16
    0.204180254E-16
    0.197218367E-16
    0.206618640E-16
    0.197705857E-16
    0.175783318E-16
    0.199326552E-16
    0.203639912E-16
    0.211908298E-16
    0.212349747E-16
    0.161421093E-16
    0.188522297E-16
    0.209938147E-16
    0.218404202E-16
    0.223736060E-16
    0.152034069E-16
    0.177918071E-16
    0.210946145E-16
    0.231725562E-16
    0.223302008E-16
    0.152479859E-16
    0.174743136E-16
    0.207630140E-16
    0.245438122E-16
    0.208904078E-16
    0.157236461E-16
    0.182521616E-16
    0.202466525E-16
    0.256284786E-16
    0.188253444E-16
    0.164834830E-16
    0.198923900E-16
    0.198873733E-16
    0.253812181E-16
    0.170489568E-16
    0.171790710E-16
    0.219343264E-16
    0.197346344E-16
    0.238938528E-16
    0.164466016E-16
    0.176439256E-16
    0.235228611E-16
    0.197319261E-16
    0.218922248E-16
    0.168807915E-16
    0.179411264E-16
    0.243894508E-16
    0.196908898E-16
    0.203085480E-16
    0.174034702E-16
    0.184809873E-16
    0.239348091E-16
    0.198498675E-16
    0.196184860E-16
    0.174022209E-16
    0.194893250E-16
    0.225409117E-16
    0.202919350E-16
    0.194012598E-16
    0.168673412E-16
    0.209658590E-16
    0.204333895E-16
    0.212282459E-16
    0.187695568E-16
    0.167558296E-16
    0.220280724E-16
    0.185961658E-16
    0.218464344E-16
    0.175372068E-16
    0.178732310E-16
    0.220731405E-16
    0.177552313E-16
    0.216061734E-16
    0.164118528E-16
    0.198720941E-16
    0.209795568E-16
    0.179012284E-16
    0.200316031E-16
    0.163721049E-16
    0.216019280E-16
    0.197668206E-16
    0.183991694E-16
    0.179735314E-16
    0.177221389E-16
    0.218844167E-16
    0.194326169E-16
    0.182323487E-16
    0.167601389E-16
    0.193853079E-16
    0.209228340E-16
    0.202733774E-16
    0.172945100E-16
    0.170160593E-16
    0.203325903E-16
    0.197711274E-16
    0.214112103E-16
    0.166901511E-16
    0.180340507E-16
    0.202844508E-16
    0.195015535E-16
    0.216537525E-16
    0.172122821E-16
    0.185682705E-16
    0.204327148E-16
    0.199442611E-16
    0.211683189E-16
    0.189506066E-16
    0.181618375E-16
    0.215988282E-16
    0.200272988E-16
    0.205077401E-16
    0.204341140E-16
    0.179120184E-16
    0.239007715E-16
    0.194296889E-16
    0.205273226E-16
    0.202678144E-16
    0.198340213E-16
    0.254118628E-16
    0.183728639E-16
    0.209112619E-16
    0.189090749E-16
    0.243377101E-16
    0.250292063E-16
    0.180021858E-16
    0.206177022E-16
    0.180216922E-16
    0.295007940E-16
    0.227468450E-16
    0.188258742E-16
    0.193731276E-16
    0.193015682E-16
    0.329195436E-16
    0.201822178E-16
    0.199493287E-16
    0.179278050E-16
    0.226776004E-16
    0.326627386E-16
    0.189770241E-16
    0.210077460E-16
    0.178281567E-16
    0.260628887E-16
    0.297668920E-16
    0.191151068E-16
    0.221334987E-16
    0.192547897E-16
    0.272927250E-16
    0.265189165E-16
    0.200068650E-16
    0.242067572E-16
    0.210209632E-16
    0.263020284E-16
    0.243920760E-16
    0.209784101E-16
    0.272069577E-16
    0.215340616E-16
    0.248382787E-16
    0.230713608E-16
    0.225563290E-16
    0.301364485E-16
    0.206861609E-16
    0.244481774E-16
    0.217037142E-16
    0.254795753E-16
    0.310730709E-16
    0.196052440E-16
    0.255026297E-16
    0.200684919E-16
    0.292663974E-16
    0.290612987E-16
    0.204436341E-16
    0.265995997E-16
    0.192298918E-16
    0.319605775E-16
    0.256427808E-16
    0.239018119E-16
    0.259619566E-16
    0.202550323E-16
    0.318031288E-16
    0.227832031E-16
    0.285809495E-16
    0.238075921E-16
    0.228470825E-16
    0.287935228E-16
    0.224331712E-16
    0.322996081E-16
    0.215209181E-16
    0.249558740E-16
    0.245860670E-16
    0.241058991E-16
    0.336288040E-16
    0.207395325E-16
    0.250491006E-16
    0.219263024E-16
    0.261733802E-16
    0.327074038E-16
    0.215192307E-16
    0.225655637E-16
    0.217958765E-16
    0.269118998E-16
    0.306838256E-16
    0.228976921E-16
    0.197878987E-16
    0.231181833E-16
    0.258775709E-16
    0.289599607E-16
    0.234617097E-16
    0.183376143E-16
    0.239857201E-16
    0.239585832E-16
    0.275096761E-16
    0.228830319E-16
    0.192388754E-16
    0.229905792E-16
    0.224439919E-16
    0.263358080E-16
    0.219810686E-16
    0.216793801E-16
    0.203456099E-16
    0.217315020E-16
    0.248507436E-16
    0.214617608E-16
    0.233752061E-16
    0.178083581E-16
    0.216967345E-16
    0.235289706E-16
    0.220229338E-16
    0.235109205E-16
    0.164757288E-16
    0.218094583E-16
    0.224115712E-16
    0.228903309E-16
    0.216750118E-16
    0.170491627E-16
    0.220300983E-16
    0.216480793E-16
    0.236863588E-16
    0.195463206E-16
    0.185033083E-16
    0.225114873E-16
    0.208755406E-16
    0.234357798E-16
    0.188120451E-16
    0.196103855E-16
    0.232695655E-16
    0.201793759E-16
    0.220540472E-16
    0.202885125E-16
    0.200374935E-16
    0.240124487E-16
    0.192921679E-16
    0.201695112E-16
    0.231752742E-16
    0.199618841E-16
    0.239829385E-16
    0.187935757E-16
    0.184285562E-16
    0.259743746E-16
    0.205330380E-16
    0.230809630E-16
    0.188080141E-16
    0.180101059E-16
    0.266309801E-16
    0.216042677E-16
    0.217996650E-16
    0.193993460E-16
    0.190158909E-16
    0.249209577E-16
    0.229390518E-16
    0.212889193E-16
    0.206707833E-16
    0.211728329E-16
    0.214606517E-16
    0.233596856E-16
    0.218523231E-16
    0.221933907E-16
    0.235588038E-16
    0.179302843E-16
    0.229140625E-16
    0.235690811E-16
    0.241234661E-16
    0.251429547E-16
    0.157636572E-16
    0.222335795E-16
    0.252650730E-16
    0.257200760E-16
    0.251639159E-16
    0.153787414E-16
    0.229002597E-16
    0.266158796E-16
    0.265707149E-16
    0.238143145E-16
    0.165593298E-16
    0.255823622E-16
    0.274751634E-16
    0.261516020E-16
    0.216264167E-16
    0.181732646E-16
    0.297591282E-16
    0.286234884E-16
    0.245127590E-16
    0.195630877E-16
    0.201322331E-16
    0.338661229E-16
    0.302073686E-16
    0.226869006E-16
    0.180337980E-16
    0.222595130E-16
    0.360310060E-16
    0.316361534E-16
    0.218226316E-16
    0.175610953E-16
    0.251371283E-16
    0.356747805E-16
    0.318670620E-16
    0.225933807E-16
    0.181679869E-16
    0.283697722E-16
    0.334562768E-16
    0.301755635E-16
    0.245991894E-16
    0.201484070E-16
    0.313073481E-16
    0.311452905E-16
    0.268701738E-16
    0.263779817E-16
    0.233430829E-16
    0.331929608E-16
    0.298368238E-16
    0.235978908E-16
    0.268106326E-16
    0.267982397E-16
    0.337223994E-16
    0.300337946E-16
    0.215554460E-16
    0.260440066E-16
    0.293847150E-16
    0.336506306E-16
    0.306203616E-16
    0.218465596E-16
    0.249629059E-16
    0.302471514E-16
    0.332330018E-16
    0.305134232E-16
    0.239435079E-16
    0.249621258E-16
    0.304831007E-16
    0.327288981E-16
    0.289122755E-16
    0.265287366E-16
    0.260510174E-16
    0.316933219E-16
    0.319970035E-16
    0.262542975E-16
    0.280990624E-16
    0.277051441E-16
    0.346362667E-16
    0.313705593E-16
    0.238852650E-16
    0.280040756E-16
    0.292815919E-16
    0.379489070E-16
    0.308994223E-16
    0.239840466E-16
    0.269567424E-16
    0.309047304E-16
    0.389027749E-16
    0.299651318E-16
    0.268038568E-16
    0.272360269E-16
    0.334446322E-16
    0.363127458E-16
    0.277227749E-16
    0.312174025E-16
    0.303169126E-16
    0.369837414E-16
    0.320822716E-16
    0.241795251E-16
    0.339801787E-16
    0.360289342E-16
    0.399849804E-16
    0.289435273E-16
    0.219062059E-16
    0.338324877E-16
    0.417555549E-16
    0.405200816E-16
    0.284201527E-16
    0.234813453E-16
    0.321316581E-16
    0.443586127E-16
    0.377875077E-16
    0.288254829E-16
    0.286713183E-16
    0.325985465E-16
    0.424118472E-16
    0.335122570E-16
    0.287521598E-16
    0.338418303E-16
    0.373359405E-16
    0.375811748E-16
    0.304527761E-16
    0.277168280E-16
    0.354889288E-16
    0.440915035E-16
    0.324664679E-16
    0.302009827E-16
    0.268705042E-16
    0.338260489E-16
    0.489938239E-16
    0.302035180E-16
    0.324519875E-16
    0.265395009E-16
    0.313734374E-16
    0.488594455E-16
    0.318461807E-16
    0.353691382E-16
    0.259913751E-16
    0.305157312E-16
    0.443772128E-16
    0.357245381E-16
    0.383713499E-16
    0.256302574E-16
    0.312351912E-16
    0.378728715E-16
    0.394952821E-16
    0.399566637E-16
    0.263096592E-16
    0.326719994E-16
    0.318716632E-16
    0.405337124E-16
    0.388513208E-16
    0.284902950E-16
    0.351486142E-16
    0.290067515E-16
    0.395389226E-16
    0.345390935E-16
    0.302812792E-16
    0.370836941E-16
    0.307743449E-16
    0.375294097E-16
    0.289920377E-16
    0.304025570E-16
    0.363097058E-16
    0.362744898E-16
    0.368577646E-16
    0.257228282E-16
    0.290212557E-16
    0.321582995E-16
    0.414133329E-16
    0.371264493E-16
    0.273906810E-16
    0.278307247E-16
    0.271969498E-16
    0.412499053E-16
    0.370791379E-16
    0.335153085E-16
    0.274133412E-16
    0.261099491E-16
    0.358222690E-16
    0.342160998E-16
    0.412077305E-16
    0.276553523E-16
    0.298715754E-16
    0.288930966E-16
    0.294233450E-16
    0.452235199E-16
    0.280156789E-16
    0.351343019E-16
    0.256736031E-16
    0.266518735E-16
    0.414393656E-16
    0.285628572E-16
    0.382393929E-16
    0.262766506E-16
    0.299747738E-16
    0.324336885E-16
    0.278306599E-16
    0.370940898E-16
    0.275884977E-16
    0.376754238E-16
    0.246250678E-16
    0.256563225E-16
    0.337069913E-16
    0.271165778E-16
    0.443804536E-16
    0.229615955E-16
    0.241122425E-16
    0.291468086E-16
    0.257457882E-16
    0.457960071E-16
    0.256527670E-16
    0.253474912E-16
    0.249536018E-16
    0.258562779E-16
    0.427249022E-16
    0.295864188E-16
    0.287020079E-16
    0.224142745E-16
    0.280677330E-16
    0.376340078E-16
    0.329624548E-16
    0.311497573E-16
    0.224340162E-16
    0.315865755E-16
    0.331571839E-16
    0.345640150E-16
    0.320401337E-16
    0.242178468E-16
    0.366320894E-16
    0.301714205E-16
    0.340009346E-16
    0.306769552E-16
    0.259691626E-16
    0.419105774E-16
    0.297368845E-16
    0.322112107E-16
    0.276013404E-16
    0.271768748E-16
    0.462613681E-16
    0.312835897E-16
    0.309222956E-16
    0.248741688E-16
    0.280924111E-16
    0.487110270E-16
    0.334186830E-16
    0.296167845E-16
    0.253431688E-16
    0.288723310E-16
    0.509400378E-16
    0.343193830E-16
    0.296415475E-16
    0.285983294E-16
    0.316822462E-16
    0.516989285E-16
    0.338781950E-16
    0.318749945E-16
    0.312459267E-16
    0.371787366E-16
    0.507354871E-16
    0.326824873E-16
    0.366867465E-16
    0.323513492E-16
    0.438105752E-16
    0.476824444E-16
    0.312788077E-16
    0.419640029E-16
    0.326447573E-16
    0.489965875E-16
    0.435349001E-16
    0.312360530E-16
    0.442553281E-16
    0.346045113E-16
    0.519614466E-16
    0.411266889E-16
    0.326835286E-16
    0.412554167E-16
    0.396735405E-16
    0.514563182E-16
    0.456099185E-16
    0.341287454E-16
    0.362580255E-16
    0.449789163E-16
    0.496091277E-16
    0.556357621E-16
    0.356535662E-16
    0.351721625E-16
    0.479645811E-16
    0.503634357E-16
    0.628726762E-16
    0.393383888E-16
    0.376818609E-16
    0.512610455E-16
    0.536651560E-16
    0.643111431E-16
    0.455549751E-16
    0.407506800E-16
    0.579137583E-16
    0.552567255E-16
    0.614205361E-16
    0.548068925E-16
    0.423671496E-16
    0.671829019E-16
    0.534074000E-16
    0.577134578E-16
    0.656620697E-16
    0.431604808E-16
    0.754837952E-16
    0.510759184E-16
    0.581808888E-16
    0.717121653E-16
    0.477917401E-16
    0.783746314E-16
    0.537868830E-16
    0.645732345E-16
    0.710354218E-16
    0.585017458E-16
    0.762850601E-16
    0.639073933E-16
    0.697726079E-16
    0.699616778E-16
    0.738151610E-16
    0.784066661E-16
    0.781498845E-16
    0.700879355E-16
    0.730750937E-16
    0.914037908E-16
    0.893105113E-16
    0.916746103E-16
    0.709745391E-16
    0.835748345E-16
    0.109267837E-15
    0.106021364E-15
    0.102184661E-15
    0.800226707E-16
    0.103410255E-15
    0.123591663E-15
    0.123853228E-15
    0.111005322E-15
    0.102832095E-15
    0.122663040E-15
    0.137996575E-15
    0.135144217E-15
    0.128841061E-15
    0.134057121E-15
    0.132792335E-15
    0.155311391E-15
    0.139764786E-15
    0.160700903E-15
    0.160082285E-15
    0.140893404E-15
    0.172261490E-15
    0.151374891E-15
    0.198964173E-15
    0.173961810E-15
    0.161627609E-15
    0.187827361E-15
    0.181936234E-15
    0.232746187E-15
    0.186953786E-15
    0.203267692E-15
    0.205389712E-15
    0.231924598E-15
    0.252495020E-15
    0.227991083E-15
    0.257944255E-15
    0.238975476E-15
    0.285988103E-15
    0.266905045E-15
    0.306243926E-15
    0.309042736E-15
    0.302467208E-15
    0.323618959E-15
    0.305413175E-15
    0.394545923E-15
    0.357511132E-15
    0.385237784E-15
    0.349164233E-15
    0.382139423E-15
    0.460967836E-15
    0.423370105E-15
    0.458270098E-15
    0.396066117E-15
    0.474902552E-15
    0.504407332E-15
    0.517168762E-15
    0.514057110E-15
    0.493056382E-15
    0.557625781E-15
    0.561715157E-15
    0.627412450E-15
    0.580297951E-15
    0.636580195E-15
    0.632228386E-15
    0.672541217E-15
    0.734581899E-15
    0.699391323E-15
    0.794385654E-15
    0.736524102E-15
    0.832289277E-15
    0.849444291E-15
    0.889580148E-15
    0.946397047E-15
    0.907654366E-15
    0.100502807E-14
    0.100960147E-14
    0.111617694E-14
    0.111280041E-14
    0.113066880E-14
    0.118477438E-14
    0.123077170E-14
    0.134467033E-14
    0.132360448E-14
    0.137329975E-14
    0.140067736E-14
    0.150515478E-14
    0.156944681E-14
    0.159456089E-14
    0.162783395E-14
    0.169370013E-14
    0.180324095E-14
    0.182511327E-14
    0.192409290E-14
    0.193386007E-14
    0.207263721E-14
    0.212343451E-14
    0.216952064E-14
    0.231393496E-14
    0.233689167E-14
    0.250703508E-14
    0.251388245E-14
    0.262526453E-14
    0.279174970E-14
    0.283317008E-14
    0.299271618E-14
    0.301768327E-14
    0.319427168E-14
    0.336725034E-14
    0.340810526E-14
    0.355769201E-14
    0.366546916E-14
    0.385600030E-14
    0.403827873E-14
    0.405732639E-14
    0.426187548E-14
    0.444246639E-14
    0.461299404E-14
    0.481847550E-14
    0.484054517E-14
    0.514633077E-14
    0.532687289E-14
    0.550317894E-14
    0.575892372E-14
    0.585468942E-14
    0.621132655E-14
    0.637771250E-14
    0.658478167E-14
    0.695070773E-14
    0.713388112E-14
    0.748595845E-14
    0.770103072E-14
    0.794182838E-14
    0.846815411E-14
    0.867993553E-14
    0.903529604E-14
    0.938629594E-14
    0.963603932E-14
    0.103584049E-13
    0.105080654E-13
    0.109878790E-13
    0.114601350E-13
    0.117311910E-13
    0.126082400E-13
    0.127348120E-13
    0.134469593E-13
    0.139652235E-13
    0.143331183E-13
    0.152695859E-13
    0.155823652E-13
    0.164415286E-13
    0.170931034E-13
    0.176019375E-13
    0.186286101E-13
    0.192901159E-13
    0.201833432E-13
    0.212011272E-13
    0.218573817E-13
    0.232082042E-13
    0.242627383E-13
    0.253071779E-13
    0.269783634E-13
    0.278680865E-13
    0.299569296E-13
    0.314819539E-13
    0.332448066E-13
    0.359323460E-13
    0.375771912E-13
    0.410735467E-13
    0.437186712E-13
    0.473936991E-13
    0.520497480E-13
    0.559661508E-13
    0.625813938E-13
    0.685449669E-13
    0.768321259E-13
    0.865668397E-13
    0.966659782E-13
    0.111286752E-12
    0.126593928E-12
    0.146709137E-12
    0.170491735E-12
    0.197434272E-12
    0.233517699E-12
    0.274317733E-12
    0.325867627E-12
    0.387893197E-12
    0.460729406E-12
    0.554099560E-12
    0.663545716E-12
    0.798510421E-12
    0.963142816E-12
    0.115785635E-11
    0.140270277E-11
    0.169255321E-11
    0.204716022E-11
    0.247952644E-11
    0.299320842E-11
    0.362908875E-11
    0.438538534E-11
    0.530558832E-11
    0.642153099E-11
    0.775136477E-11
    0.937714759E-11
    0.113148217E-10
    0.136602558E-10
    0.164847036E-10
    0.198573320E-10
    0.239378663E-10
    0.288062338E-10
    0.346601688E-10
    0.416770209E-10
    0.500484596E-10
    0.600992217E-10
    0.720805738E-10
    0.863949324E-10
    0.103498918E-09
    0.123842753E-09
    0.148139351E-09
    0.177014844E-09
    0.211357853E-09
    0.252237157E-09
    0.300701914E-09
    0.358317173E-09
    0.426545351E-09
    0.507400806E-09
    0.603251407E-09
    0.716499897E-09
    0.850573214E-09
    0.100876070E-08
    0.119562328E-08
    0.141615864E-08
    0.167594580E-08
    0.198217531E-08
    0.234236086E-08
    0.276628082E-08
    0.326459110E-08
    0.384972950E-08
    0.453672860E-08
    0.534224535E-08
    0.628674717E-08
    0.739288230E-08
    0.868748359E-08
    0.102017689E-07
    0.119716064E-07
    0.140389335E-07
    0.164518431E-07
    0.192660486E-07
    0.225463849E-07
    0.263672159E-07
    0.308142733E-07
    0.359871712E-07
    0.419994940E-07
    0.489837528E-07
    0.570904273E-07
    0.664933512E-07
    0.773937021E-07
    0.900193971E-07
    0.104636130E-06
    0.121542711E-06
    0.141086795E-06
    0.163665097E-06
    0.189728512E-06
    0.219798063E-06
    0.254459174E-06
    0.294392643E-06
    0.340366250E-06
    0.393256894E-06
    0.454065820E-06
    0.523923123E-06
    0.604132381E-06
    0.696155930E-06
    0.801665203E-06
    0.922551480E-06
    0.106095616E-05
    0.121932453E-05
    0.140039604E-05
    0.160729268E-05
    0.184352604E-05
    0.211307461E-05
    0.242043591E-05
    0.277065491E-05
    0.316944397E-05
    0.362321325E-05
    0.413919850E-05
    0.472552771E-05
    0.539131117E-05
    0.614680485E-05
    0.700348862E-05
    0.797426052E-05
    0.907353985E-05
    0.103174604E-04
    0.117240783E-04
    0.133135620E-04
    0.151084394E-04
    0.171338230E-04
    0.194177040E-04
    0.219912722E-04
    0.248892408E-04
    0.281502020E-04
    0.318170302E-04
    0.359373247E-04
    0.405638942E-04
    0.457552920E-04
    0.515763129E-04
    0.580987081E-04
    0.654017664E-04
    0.735731229E-04
    0.827095119E-04
    0.929175581E-04
    0.104314858E-03
    0.117030809E-03
    0.131207830E-03
    0.147002459E-03
    0.164586528E-03
    0.184148773E-03
    0.205895944E-03
    0.230054675E-03
    0.256872930E-03
    0.286621828E-03
    0.319597814E-03
    0.356124239E-03
    0.396553995E-03
    0.441271495E-03
    0.490695248E-03
    0.545280804E-03
    0.605522839E-03
    0.671958860E-03
    0.745171660E-03
    0.825793056E-03
    0.914507459E-03
    0.101205481E-02
    0.111923535E-02
    0.123691278E-02
    0.136601918E-02
    0.150755937E-02
    0.166261466E-02
    0.183234896E-02
    0.201801240E-02
    0.222094790E-02
    0.244259578E-02
    0.268449883E-02
    0.294830921E-02
    0.323579303E-02
    0.354883792E-02
    0.388945814E-02
    0.425980041E-02
    0.466215187E-02
    0.509894489E-02
    0.557276575E-02
    0.608635925E-02
    0.664263576E-02
    0.724467885E-02
    0.789575076E-02
    0.859930059E-02
    0.935896864E-02
    0.101785932E-01
    0.110622179E-01
    0.120140961E-01
    0.130386986E-01
    0.141407156E-01
    0.153250633E-01
    0.165968890E-01
    0.179615741E-01
    0.194247384E-01
    0.209922404E-01
    0.226701808E-01
    0.244649049E-01
    0.263830015E-01
    0.284313036E-01
    0.306168836E-01
    0.329470545E-01
    0.354293652E-01
    0.380715957E-01
    0.408817504E-01
    0.438680491E-01
    0.470389210E-01
    0.504029938E-01
    0.539690812E-01
    0.577461692E-01
    0.617433986E-01
    0.659700535E-01
    0.704355392E-01
    0.751493628E-01
    0.801211095E-01
    0.853604179E-01
    0.908769583E-01
    0.966804013E-01
    0.102780389E+00
    0.109186502E+00
    0.115908225E+00
    0.122954918E+00
    0.130335772E+00
    0.138059773E+00
    0.146135659E+00
    0.154571882E+00
    0.163376561E+00
    0.172557441E+00
    0.182121841E+00
    0.192076610E+00
    0.202428078E+00
    0.213182011E+00
    0.224343552E+00
    0.235917181E+00
    0.247906655E+00
    0.260314967E+00
    0.273144291E+00
    0.286395932E+00
    0.300070278E+00
    0.314166750E+00
    0.328683763E+00
    0.343618673E+00
    0.358967737E+00
    0.374726071E+00
    0.390887611E+00
    0.407445084E+00
    0.424389963E+00
    0.441712450E+00
    0.459401439E+00
    0.477444505E+00
    0.495827878E+00
    0.514536434E+00
    0.533553686E+00
    0.552861776E+00
    0.572441486E+00
    0.592272234E+00
    0.612332095E+00
    0.632597815E+00
    0.653044834E+00
    0.673647321E+00
    0.694378204E+00
    0.715209216E+00
    0.736110942E+00
    0.757052874E+00
    0.778003469E+00
    0.798930216E+00
    0.819799711E+00
    0.840577729E+00
    0.861229317E+00
    0.881718869E+00
    0.902010229E+00
    0.922066790E+00
    0.941851588E+00
    0.961327421E+00
    0.980456946E+00
    0.999202803E+00
    0.101752773E+01
    0.103539466E+01
    0.105276690E+01
    0.106960816E+01
    0.108588279E+01
    0.110155578E+01
    0.111659298E+01
    0.113096119E+01
    0.114462824E+01
    0.115756318E+01
    0.116973632E+01
    0.118111940E+01
    0.119168568E+01
    0.120141002E+01
    0.121026902E+01
    0.121824105E+01
    0.122530642E+01
    0.123144738E+01
    0.123664826E+01
    0.124089547E+01
    0.124417762E+01
    0.124648553E+01
    0.124781229E+01
    0.124815326E+01
    0.124750616E+01
    0.124587101E+01
    0.124325020E+01
    0.123964843E+01
    0.123507274E+01
    0.122953247E+01
    0.122303923E+01
    0.121560686E+01
    0.120725138E+01
    0.119799096E+01
    0.118784580E+01
    0.117683810E+01
    0.116499197E+01
    0.115233334E+01
    0.113888985E+01
    0.112469077E+01
    0.110976690E+01
    0.109415044E+01
    0.107787486E+01
    0.106097482E+01
    0.104348601E+01
    0.102544505E+01
    0.100688935E+01
    0.987856964E+00
    0.968386502E+00
    0.948516950E+00
    0.928287572E+00
    0.907737763E+00
    0.886906936E+00
    0.865834385E+00
    0.844559163E+00
    0.823119968E+00
    0.801555017E+00
    0.779901952E+00
    0.758197713E+00
    0.736478448E+00
    0.714779414E+00
    0.693134886E+00
    0.671578077E+00
    0.650141052E+00
    0.628854665E+00
    0.607748489E+00
    0.586850761E+00
    0.566188335E+00
    0.545786627E+00
    0.525669595E+00
    0.505859694E+00
    0.486377865E+00
    0.467243513E+00
    0.448474501E+00
    0.430087147E+00
    0.412096224E+00
    0.394514980E+00
    0.377355139E+00
    0.360626939E+00
    0.344339143E+00
    0.328499081E+00
    0.313112683E+00
    0.298184510E+00
    0.283717821E+00
    0.269714589E+00
    0.256175580E+00
    0.243100388E+00
    0.230487494E+00
    0.218334336E+00
    0.206637342E+00
    0.195392023E+00
    0.184593003E+00
    0.174234100E+00
    0.164308386E+00
    0.154808236E+00
    0.145725410E+00
    0.137051089E+00
    0.128775960E+00
    0.120890254E+00
    0.113383813E+00
    0.106246150E+00
    0.994664879E-01
    0.930338274E-01
    0.869369846E-01
    0.811646461E-01
    0.757054129E-01
    0.705478376E-01
    0.656804737E-01
    0.610919047E-01
    0.567707867E-01
    0.527058769E-01
    0.488860640E-01
    0.453003972E-01
    0.419381108E-01
    0.387886469E-01
    0.358416762E-01
    0.330871141E-01
    0.305151381E-01
    0.281162018E-01
    0.258810432E-01
    0.238006985E-01
    0.218665046E-01
    0.200701085E-01
    0.184034704E-01
    0.168588635E-01
    0.154288798E-01
    0.141064236E-01
    0.128847149E-01
    0.117572837E-01
    0.107179652E-01
    0.976089867E-02
    0.888051671E-02
    0.807154302E-02
    0.732898223E-02
    0.664811311E-02
    0.602448145E-02
    0.545388949E-02
    0.493238841E-02
    0.445626832E-02
    0.402204883E-02
    0.362647084E-02
    0.326648526E-02
    0.293924457E-02
    0.264209296E-02
    0.237255665E-02
    0.212833558E-02
    0.190729301E-02
    0.170744743E-02
    0.152696373E-02
    0.136414417E-02
    0.121742132E-02
    0.108534872E-02
    0.966594516E-03
    0.859933283E-03
    0.764239216E-03
    0.678479719E-03
    0.601708377E-03
    0.533059617E-03
    0.471742224E-03
    0.417034221E-03
    0.368277678E-03
    0.324873676E-03
    0.286278007E-03
    0.251996439E-03
    0.221581029E-03
    0.194626127E-03
    0.170765032E-03
    0.149666520E-03
    0.131031907E-03
    0.114592129E-03
    0.100105188E-03
    0.873536983E-04
    0.761425425E-04
    0.662969971E-04
    0.576605906E-04
    0.500935950E-04
    0.434712018E-04
    0.376821712E-04
    0.326275316E-04
    0.282191952E-04
    0.243790477E-04
    0.210377011E-04
    0.181337779E-04
    0.156129798E-04
    0.134273052E-04
    0.115344597E-04
    0.989710213E-05
    0.848244935E-05
    0.726164561E-05
    0.620937890E-05
    0.530346070E-05
    0.452446052E-05
    0.385540636E-05
    0.328146395E-05
    0.278970093E-05
    0.236885542E-05
    0.200913996E-05
    0.170204415E-05
    0.144018816E-05
    0.121717484E-05
    0.102747332E-05
    0.866311980E-06
    0.729555835E-06
    0.613657361E-06
    0.515548735E-06
    0.432606600E-06
    0.362572915E-06
    0.303508371E-06
    0.253759916E-06
    0.211907048E-06
    0.176742939E-06
    0.147234293E-06
    0.122501451E-06
    0.101799552E-06
    0.844921426E-07
    0.700412527E-07
    0.579896500E-07
    0.479520818E-07
    0.396031839E-07
    0.326678402E-07
    0.269129354E-07
    0.221440662E-07
    0.181972510E-07
    0.149354653E-07
    0.122432084E-07
    0.100231832E-07
    0.819549092E-08
    0.669248244E-08
    0.545829216E-08
    0.444608457E-08
    0.361682666E-08
    0.293864891E-08
    0.238452463E-08
    0.193234092E-08
    0.156389232E-08
    0.126407926E-08
    0.102052571E-08
    0.822780997E-09
    0.662395179E-09
    0.532603861E-09
    0.427733250E-09
    0.343094801E-09
    0.274818795E-09
    0.219778133E-09
    0.175572995E-09
    0.140079944E-09
    0.111622692E-09
    0.888104927E-10
    0.705650691E-10
    0.560048772E-10
    0.443883122E-10
    0.351246105E-10
    0.277665387E-10
    0.219262699E-10
    0.172898867E-10
    0.136055683E-10
    0.106881691E-10
    0.839677107E-11
    0.659158699E-11
    0.516103007E-11
    0.403197911E-11
    0.314505526E-11
    0.245830518E-11
    0.191567520E-11
    0.148946833E-11
    0.115433530E-11
    0.895909415E-12
    0.694620347E-12
    0.536510189E-12
    0.414288135E-12
    0.319959078E-12
    0.247544702E-12
    0.189669115E-12
    0.145029709E-12
    0.111508569E-12
    0.860919010E-13
    0.659218683E-13
    0.495174419E-13
    0.376509567E-13
    0.289452164E-13
    0.225071641E-13
    0.168165902E-13
    0.126834026E-13
    0.957791825E-14
    0.733454710E-14
    0.553889920E-14
    0.396485546E-14
    0.310657038E-14
    0.230233366E-14
    0.173845260E-14
    0.125895880E-14
    0.966125283E-15
    0.824390268E-15
    0.609165750E-15
    0.393528305E-15
    0.288971852E-15
    0.244581507E-15
    0.203041098E-15
    0.154483996E-15
    0.896000866E-16
    0.111044832E-15
    0.962094085E-16
    0.875581544E-16
    0.782853076E-16
    0.503498607E-16
    0.613123569E-16
    0.407606416E-16
    0.425631815E-16
    0.379286895E-16
    0.436576110E-16
    0.438776721E-16
    0.341888998E-16
    0.381465702E-16
    0.377538825E-16
    0.556850567E-16
    0.321714687E-16
    0.317853914E-16
    0.415136971E-16
    0.335454459E-16
    0.378143741E-16
    0.344997940E-16
    0.339098223E-16
    0.281738856E-16
    0.332641690E-16
    0.423378104E-16
    0.322896973E-16
    0.366011314E-16
    0.368267511E-16
    0.400872992E-16
    0.402429565E-16
    0.306202081E-16
    0.370673813E-16
    0.357496877E-16
    0.279211649E-16
    0.336889253E-16
    0.368045609E-16
    0.288406111E-16
    0.271370411E-16
    0.450898832E-16
    0.365355000E-16
    0.310665607E-16
    0.357643227E-16
    0.367051760E-16
    0.356214587E-16
    0.410432488E-16
    0.329368528E-16
    0.294502135E-16
    0.255582715E-16
    0.324186423E-16
    0.394436041E-16
    0.287604034E-16
    0.325564211E-16
    0.342453438E-16
    0.456178747E-16
    0.352110768E-16
    0.310588620E-16
    0.305607419E-16
    0.294090621E-16
    0.339123712E-16
    0.392002272E-16
    0.283143126E-16
    0.319286042E-16
    0.403289323E-16
    0.365565191E-16
    0.362704440E-16
    0.249776017E-16
    0.308042681E-16
    0.365522854E-16
    0.403120186E-16
    0.354965659E-16
    0.355175122E-16
    0.273556643E-16
    0.391627601E-16
    0.377802181E-16
    0.254899851E-16
    0.352667212E-16
    0.303826800E-16
    0.470307814E-16
    0.386546967E-16
    0.437479652E-16
    0.319001284E-16
    0.317013293E-16
    0.349105703E-16
    0.376993254E-16
    0.299521819E-16
    0.333469096E-16
    0.381990111E-16
    0.434544532E-16
    0.529938818E-16
    0.368652008E-16
    0.365809748E-16
    0.349127326E-16
    0.367886982E-16
    0.410765960E-16
    0.454209692E-16
    0.317086729E-16
    0.378619471E-16
    0.464108676E-16
    0.397511771E-16
    0.517088897E-16
    0.293272888E-16
    0.367562930E-16
    0.464786772E-16
    0.428950069E-16
    0.516414363E-16
    0.427880165E-16
    0.417860744E-16
    0.454181177E-16
    0.327513907E-16
    0.497126651E-16
    0.372485010E-16
    0.345167671E-16
    0.549525619E-16
    0.405974847E-16
    0.481805850E-16
    0.475017642E-16
    0.429636516E-16
    0.505053424E-16
    0.377197550E-16
    0.307142401E-16
    0.516642618E-16
    0.338924007E-16
    0.513916377E-16
    0.510068322E-16
    0.348412633E-16
    0.558640904E-16
    0.363952035E-16
    0.591727142E-16
    0.332881097E-16
    0.316426953E-16
    0.454548989E-16
    0.390395141E-16
    0.469345583E-16
    0.375254357E-16
    0.454193947E-16
    0.432509694E-16
    0.541399067E-16
    0.400041699E-16
    0.371371510E-16
    0.331995999E-16
    0.411764992E-16
    0.561452633E-16
    0.303549663E-16
    0.329159898E-16
    0.394922711E-16
    0.461943396E-16
    0.564562662E-16
    0.276015755E-16
    0.311015275E-16
    0.341599939E-16
    0.471441698E-16
    0.550835749E-16
    0.327769479E-16
    0.348775892E-16
    0.316200411E-16
    0.500195326E-16
    0.436706079E-16
    0.304796733E-16
    0.224832806E-16
    0.374298599E-16
    0.358457814E-16
    0.436411651E-16
    0.471494844E-16
    0.341469688E-16
    0.441004056E-16
    0.348449309E-16
    0.452448673E-16
    0.255372000E-16
    0.329126062E-16
    0.365106008E-16
    0.247427838E-16
    0.341398192E-16
    0.358381430E-16
    0.448323521E-16
    0.473203637E-16
    0.353800318E-16
    0.350007626E-16
    0.299870676E-16
    0.326970758E-16
    0.424213446E-16
    0.309574926E-16
    0.236209524E-16
    0.248687093E-16
    0.395918925E-16
    0.503558784E-16
    0.402487024E-16
    0.310539070E-16
    0.340654622E-16
    0.253635720E-16
    0.449293074E-16
    0.468217306E-16
    0.248945249E-16
    0.309115187E-16
    0.285290168E-16
    0.476860466E-16
    0.416110333E-16
    0.408513363E-16
    0.399587437E-16
    0.273365123E-16
    0.324695752E-16
    0.481735495E-16
    0.342039057E-16
    0.513518436E-16
    0.342183363E-16
    0.387920566E-16
    0.369292903E-16
    0.498537541E-16
    0.527151574E-16
    0.423319218E-16
    0.377026360E-16
    0.436479855E-16
    0.412942476E-16
    0.493609114E-16
    0.522275580E-16
    0.464071303E-16
    0.506615090E-16
    0.386566400E-16
    0.479156789E-16
    0.485126105E-16
    0.503289276E-16
    0.503329435E-16
    0.491158639E-16
    0.471696276E-16
    0.688632854E-16
    0.574782928E-16
    0.616756285E-16
    0.525347633E-16
    0.610871360E-16
    0.591949141E-16
    0.447213123E-16
    0.359877038E-16
    0.575432342E-16
    0.521033561E-16
    0.649017949E-16
    0.649816383E-16
    0.693306447E-16
    0.708133627E-16
    0.635244185E-16
    0.628181556E-16
    0.694641891E-16
    0.677295549E-16
    0.595309968E-16
    0.605429900E-16
    0.798789318E-16
    0.697717462E-16
    0.645804281E-16
    0.594860198E-16
    0.612924925E-16
    0.545430878E-16
    0.398194038E-16
    0.532316575E-16
    0.697343823E-16
    0.508904120E-16
    0.506162970E-16
    0.509520294E-16
    0.454920043E-16
    0.428892260E-16
    0.425616556E-16
    0.557812778E-16
    0.394197692E-16
    0.405473666E-16
    0.430925160E-16
    0.439675720E-16
    0.371711999E-16
    0.272629636E-16
    0.316907815E-16
    0.429527960E-16
    0.285668619E-16
    0.333012400E-16
    0.280007489E-16
    0.274138088E-16
    0.354882981E-16
    0.300122112E-16
    0.275018971E-16
    0.261060149E-16
    0.233401843E-16
    0.321631097E-16
    0.302916757E-16
    0.246971404E-16
    0.265436559E-16
    0.254525686E-16
    0.305283023E-16
    0.289622288E-16
    0.227847519E-16
    0.274994339E-16
    0.247444622E-16
    0.273023518E-16
    0.311553183E-16
    0.228375891E-16
    0.261320079E-16
    0.253513394E-16
    0.265788536E-16
    0.318998805E-16
    0.231886261E-16
    0.252239379E-16
    0.277802838E-16
    0.262559995E-16
    0.312396566E-16
    0.253188748E-16
    0.258219198E-16
    0.292072170E-16
    0.253015521E-16
    0.291046103E-16
    0.253805812E-16
    0.260138421E-16
    0.302446382E-16
    0.244481112E-16
    0.275350209E-16
    0.258230152E-16
    0.294717083E-16
    0.300993740E-16
    0.240240398E-16
    0.282220370E-16
    0.256372314E-16
    0.330571557E-16
    0.257449911E-16
    0.227412722E-16
    0.284771129E-16
    0.258538419E-16
    0.352032632E-16
    0.204821597E-16
    0.251865015E-16
    0.305541945E-16
    0.303537532E-16
    0.301194333E-16
    0.199412219E-16
    0.299315435E-16
    0.295377390E-16
    0.349367508E-16
    0.207333629E-16
    0.266929069E-16
    0.337578386E-16
