 #tdnd tdcion
    0.234207965E-16
    0.226522101E-16
    0.295939352E-16
    0.294147414E-16
    0.235987788E-16
    0.237976546E-16
    0.279431442E-16
    0.273152053E-16
    0.235894704E-16
    0.289423413E-16
    0.259495387E-16
    0.264910736E-16
    0.264998638E-16
    0.251855051E-16
    0.277313712E-16
    0.316599548E-16
    0.240137225E-16
    0.202084137E-16
    0.329539498E-16
    0.304707416E-16
    0.269061789E-16
    0.245036940E-16
    0.213649118E-16
    0.296060151E-16
    0.389633143E-16
    0.227019068E-16
    0.191343135E-16
    0.287457741E-16
    0.313449561E-16
    0.361119110E-16
    0.254395660E-16
    0.157591228E-16
    0.293234540E-16
    0.409688940E-16
    0.272693704E-16
    0.231087308E-16
    0.208782980E-16
    0.288638651E-16
    0.415555185E-16
    0.258174764E-16
    0.164782600E-16
    0.252640961E-16
    0.343083099E-16
    0.324965953E-16
    0.280303703E-16
    0.160082006E-16
    0.246371479E-16
    0.393216529E-16
    0.264655323E-16
    0.253385288E-16
    0.211623498E-16
    0.235281161E-16
    0.360954270E-16
    0.276659150E-16
    0.200203341E-16
    0.247841796E-16
    0.255763205E-16
    0.278817439E-16
    0.299116957E-16
    0.186911444E-16
    0.239598987E-16
    0.276798756E-16
    0.233096469E-16
    0.282832378E-16
    0.218447708E-16
    0.213334673E-16
    0.269021863E-16
    0.238864637E-16
    0.243317432E-16
    0.251189134E-16
    0.190012150E-16
    0.249222952E-16
    0.256885380E-16
    0.214117608E-16
    0.255161710E-16
    0.183794362E-16
    0.233575959E-16
    0.259798096E-16
    0.210303950E-16
    0.236672685E-16
    0.197339503E-16
    0.227971564E-16
    0.253840434E-16
    0.219712398E-16
    0.212001020E-16
    0.223757200E-16
    0.215172350E-16
    0.251877688E-16
    0.231687018E-16
    0.181378501E-16
    0.256442093E-16
    0.202763655E-16
    0.251451611E-16
    0.242673036E-16
    0.153115324E-16
    0.274767228E-16
    0.207417117E-16
    0.245330232E-16
    0.250799664E-16
    0.147320909E-16
    0.272161939E-16
    0.240017957E-16
    0.229081643E-16
    0.254314796E-16
    0.170891670E-16
    0.242400689E-16
    0.282251175E-16
    0.211747905E-16
    0.245105059E-16
    0.217215724E-16
    0.199433238E-16
    0.312603111E-16
    0.211482429E-16
    0.216405270E-16
    0.262826969E-16
    0.170205624E-16
    0.323205462E-16
    0.229146738E-16
    0.181150930E-16
    0.289011366E-16
    0.177892905E-16
    0.315597127E-16
    0.249320701E-16
    0.154722755E-16
    0.288432114E-16
    0.222365057E-16
    0.284856802E-16
    0.261029676E-16
    0.155207757E-16
    0.262831649E-16
    0.276215503E-16
    0.241101141E-16
    0.260648220E-16
    0.186866703E-16
    0.223383927E-16
    0.317826742E-16
    0.201629801E-16
    0.265377890E-16
    0.231631585E-16
    0.184283241E-16
    0.341481505E-16
    0.180276852E-16
    0.273154177E-16
    0.263330228E-16
    0.162445884E-16
    0.345049199E-16
    0.186204556E-16
    0.274641951E-16
    0.268376006E-16
    0.163410697E-16
    0.333441531E-16
    0.204519952E-16
    0.261778696E-16
    0.251531198E-16
    0.185883120E-16
    0.309267809E-16
    0.235942609E-16
    0.242424826E-16
    0.232588797E-16
    0.223518363E-16
    0.276833510E-16
    0.279026422E-16
    0.226326198E-16
    0.225165855E-16
    0.261741787E-16
    0.250458555E-16
    0.328327199E-16
    0.217541559E-16
    0.224363270E-16
    0.296758141E-16
    0.229178678E-16
    0.369058895E-16
    0.213847547E-16
    0.230034470E-16
    0.322669187E-16
    0.215479446E-16
    0.384443167E-16
    0.212794280E-16
    0.233175018E-16
    0.341368929E-16
    0.212192401E-16
    0.373793247E-16
    0.223264315E-16
    0.242497710E-16
    0.359844237E-16
    0.216791603E-16
    0.342934393E-16
    0.246896593E-16
    0.258396003E-16
    0.375056852E-16
    0.234153167E-16
    0.311035639E-16
    0.287501227E-16
    0.280392835E-16
    0.385793141E-16
    0.256919360E-16
    0.284174727E-16
    0.328593463E-16
    0.304409863E-16
    0.387841716E-16
    0.280979066E-16
    0.268588389E-16
    0.364827947E-16
    0.325117326E-16
    0.375062238E-16
    0.299387299E-16
    0.264904412E-16
    0.387322010E-16
    0.340979732E-16
    0.355289103E-16
    0.314858976E-16
    0.271066917E-16
    0.395697383E-16
    0.353939976E-16
    0.329207678E-16
    0.327390317E-16
    0.283623173E-16
    0.397388131E-16
    0.362654923E-16
    0.304263839E-16
    0.342241635E-16
    0.298666140E-16
    0.389585211E-16
    0.367888804E-16
    0.282164549E-16
    0.355674684E-16
    0.309749795E-16
    0.381111911E-16
    0.366914536E-16
    0.264129346E-16
    0.366889682E-16
    0.314564124E-16
    0.369903005E-16
    0.361428721E-16
    0.250217040E-16
    0.370914949E-16
    0.314995590E-16
    0.360945059E-16
    0.350772401E-16
    0.242292466E-16
    0.369138123E-16
    0.309849874E-16
    0.355032149E-16
    0.337618355E-16
    0.237820674E-16
    0.358787604E-16
    0.306749305E-16
    0.348854406E-16
    0.321363563E-16
    0.237146571E-16
    0.344391301E-16
    0.303011153E-16
    0.341867934E-16
    0.302656954E-16
    0.235419297E-16
    0.325471585E-16
    0.302750758E-16
    0.329413297E-16
    0.283553921E-16
    0.232821333E-16
    0.307170945E-16
    0.304836638E-16
    0.313173849E-16
    0.264686946E-16
    0.226491231E-16
    0.292655660E-16
    0.307133061E-16
    0.293771591E-16
    0.251437157E-16
    0.219726103E-16
    0.286082721E-16
    0.310221070E-16
    0.273400845E-16
    0.240539428E-16
    0.211507173E-16
    0.288512607E-16
    0.308408712E-16
    0.255935652E-16
    0.235124793E-16
    0.207053549E-16
    0.297152446E-16
    0.303680302E-16
    0.240676931E-16
    0.228064155E-16
    0.205642241E-16
    0.308435577E-16
    0.292227981E-16
    0.234037002E-16
    0.221316888E-16
    0.210869164E-16
    0.315481178E-16
    0.275554954E-16
    0.232376045E-16
    0.211918971E-16
    0.219940204E-16
    0.316706723E-16
    0.256441428E-16
    0.238433873E-16
    0.204283788E-16
    0.231892306E-16
    0.309455160E-16
    0.237293601E-16
    0.244047107E-16
    0.198663231E-16
    0.242885454E-16
    0.294937222E-16
    0.227141402E-16
    0.246965893E-16
    0.197434766E-16
    0.251168336E-16
    0.274097191E-16
    0.226748685E-16
    0.241929043E-16
    0.197182370E-16
    0.255735460E-16
    0.249964606E-16
    0.238159872E-16
    0.231907730E-16
    0.197528273E-16
    0.257035456E-16
    0.225207078E-16
    0.253962407E-16
    0.218584460E-16
    0.195318939E-16
    0.255343677E-16
    0.206566378E-16
    0.266890525E-16
    0.207860627E-16
    0.193047376E-16
    0.250804593E-16
    0.195071312E-16
    0.270576650E-16
    0.199098050E-16
    0.190999437E-16
    0.245401214E-16
    0.192788109E-16
    0.266811165E-16
    0.196390797E-16
    0.190896802E-16
    0.239651332E-16
    0.194187367E-16
    0.258741896E-16
    0.196847482E-16
    0.190311189E-16
    0.237003858E-16
    0.195365476E-16
    0.254117063E-16
    0.205642541E-16
    0.187735737E-16
    0.236964417E-16
    0.190697236E-16
    0.253979515E-16
    0.221366988E-16
    0.181703428E-16
    0.237866916E-16
    0.184310844E-16
    0.256726752E-16
    0.242226331E-16
    0.174887548E-16
    0.236733135E-16
    0.177966170E-16
    0.259499717E-16
    0.263656438E-16
    0.172574364E-16
    0.230024556E-16
    0.180118571E-16
    0.257380542E-16
    0.274590415E-16
    0.177945960E-16
    0.219600980E-16
    0.191989273E-16
    0.252883993E-16
    0.275816084E-16
    0.193760381E-16
    0.208137029E-16
    0.211625624E-16
    0.245842820E-16
    0.264394912E-16
    0.214873996E-16
    0.202020488E-16
    0.235881546E-16
    0.238961212E-16
    0.251409165E-16
    0.238345740E-16
    0.203791577E-16
    0.255098336E-16
    0.233841054E-16
    0.244628116E-16
    0.257482953E-16
    0.212998423E-16
    0.269623687E-16
    0.228798831E-16
    0.249224825E-16
    0.270413678E-16
    0.226728388E-16
    0.273182789E-16
    0.226570707E-16
    0.267257366E-16
    0.277329317E-16
    0.239203330E-16
    0.270725271E-16
    0.225368375E-16
    0.291198143E-16
    0.278968105E-16
    0.248039272E-16
    0.262330827E-16
    0.227942229E-16
    0.317024360E-16
    0.278354189E-16
    0.249907127E-16
    0.253601086E-16
    0.233160806E-16
    0.333402519E-16
    0.277513828E-16
    0.249066935E-16
    0.247392511E-16
    0.239979192E-16
    0.339036051E-16
    0.276116747E-16
    0.243816540E-16
    0.245101013E-16
    0.248544397E-16
    0.331211744E-16
    0.276367903E-16
    0.242730385E-16
    0.250190617E-16
    0.256062853E-16
    0.311809345E-16
    0.272617431E-16
    0.241655577E-16
    0.257932591E-16
    0.263803369E-16
    0.291302252E-16
    0.270551615E-16
    0.247848633E-16
    0.272897407E-16
    0.269927466E-16
    0.273314222E-16
    0.264788891E-16
    0.254725562E-16
    0.287526223E-16
    0.276683043E-16
    0.269313642E-16
    0.264608566E-16
    0.266218854E-16
    0.307182127E-16
    0.282272744E-16
    0.278237966E-16
    0.267571401E-16
    0.278269233E-16
    0.324654424E-16
    0.289532801E-16
    0.298489681E-16
    0.278695769E-16
    0.291153936E-16
    0.341828722E-16
    0.298116240E-16
    0.321135042E-16
    0.292554443E-16
    0.304553831E-16
    0.353710601E-16
    0.308662137E-16
    0.337790911E-16
    0.304719932E-16
    0.316462898E-16
    0.358319985E-16
    0.321095681E-16
    0.343621942E-16
    0.309140673E-16
    0.325243174E-16
    0.355208185E-16
    0.332456956E-16
    0.339433042E-16
    0.299842551E-16
    0.329968595E-16
    0.345227702E-16
    0.339774610E-16
    0.329030582E-16
    0.282519153E-16
    0.326701688E-16
    0.331311429E-16
    0.340771386E-16
    0.321021568E-16
    0.258507287E-16
    0.318065996E-16
    0.317802546E-16
    0.334338710E-16
    0.315793247E-16
    0.241210908E-16
    0.303726469E-16
    0.305711361E-16
    0.321686767E-16
    0.317114986E-16
    0.232717216E-16
    0.289015535E-16
    0.297302172E-16
    0.307499174E-16
    0.318156389E-16
    0.238324063E-16
    0.278882972E-16
    0.290759167E-16
    0.293477669E-16
    0.317735437E-16
    0.251738181E-16
    0.275222031E-16
    0.285891891E-16
    0.283797699E-16
    0.312170126E-16
    0.268277535E-16
    0.280050014E-16
    0.282065948E-16
    0.278480319E-16
    0.302286763E-16
    0.280847386E-16
    0.287180636E-16
    0.280873923E-16
    0.276231487E-16
    0.290320495E-16
    0.287482358E-16
    0.293012683E-16
    0.281006241E-16
    0.277823645E-16
    0.279839447E-16
    0.289627751E-16
    0.289751623E-16
    0.284379718E-16
    0.280257771E-16
    0.271024719E-16
    0.291135266E-16
    0.277440197E-16
    0.286384770E-16
    0.286900283E-16
    0.267005629E-16
    0.295061948E-16
    0.257422051E-16
    0.286199768E-16
    0.294559290E-16
    0.264148850E-16
    0.301234006E-16
    0.235919744E-16
    0.283385235E-16
    0.305814858E-16
    0.263486164E-16
    0.307860891E-16
    0.220286751E-16
    0.277044680E-16
    0.315447899E-16
    0.263151077E-16
    0.310030300E-16
    0.214539925E-16
    0.274549665E-16
    0.321976134E-16
    0.262122266E-16
    0.306994060E-16
    0.219697872E-16
    0.277818405E-16
    0.322693907E-16
    0.261953639E-16
    0.299366601E-16
    0.232972570E-16
    0.290560760E-16
    0.316715169E-16
    0.259957288E-16
    0.290068982E-16
    0.249487963E-16
    0.314152463E-16
    0.307421924E-16
    0.258459625E-16
    0.285062953E-16
    0.264653170E-16
    0.340239779E-16
    0.297959909E-16
    0.256680898E-16
    0.284609876E-16
    0.276117331E-16
    0.367734426E-16
    0.290990278E-16
    0.256694025E-16
    0.290392211E-16
    0.281582226E-16
    0.386200430E-16
    0.288868929E-16
    0.261526005E-16
    0.299711058E-16
    0.282020860E-16
    0.395021977E-16
    0.287852725E-16
    0.271863413E-16
    0.311099642E-16
    0.277285973E-16
    0.393088922E-16
    0.287987374E-16
    0.289985322E-16
    0.323613835E-16
    0.268962128E-16
    0.381415519E-16
    0.285476474E-16
    0.313690579E-16
    0.337424367E-16
    0.259467192E-16
    0.365920354E-16
    0.281657983E-16
    0.340572402E-16
    0.352521504E-16
    0.249772382E-16
    0.346772984E-16
    0.278299427E-16
    0.367095824E-16
    0.367426069E-16
    0.244226920E-16
    0.328355191E-16
    0.275825405E-16
    0.389833806E-16
    0.380088080E-16
    0.242215558E-16
    0.311155804E-16
    0.277843982E-16
    0.407187986E-16
    0.385672407E-16
    0.246172536E-16
    0.295749727E-16
    0.279957434E-16
    0.418346434E-16
    0.384233639E-16
    0.253868927E-16
    0.284762299E-16
    0.285331505E-16
    0.423832337E-16
    0.374101374E-16
    0.264650164E-16
    0.277465587E-16
    0.286795238E-16
    0.424147746E-16
    0.359876593E-16
    0.275538798E-16
    0.275359900E-16
    0.287539044E-16
    0.420980021E-16
    0.344366784E-16
    0.287212201E-16
    0.276438751E-16
    0.283495097E-16
    0.415075425E-16
    0.329969219E-16
    0.296957376E-16
    0.279243572E-16
    0.277196364E-16
    0.408900178E-16
    0.319852726E-16
    0.307375943E-16
    0.280907875E-16
    0.269471451E-16
    0.402137168E-16
    0.313621025E-16
    0.316172236E-16
    0.280343577E-16
    0.262043390E-16
    0.396342957E-16
    0.314075063E-16
    0.324093748E-16
    0.275195597E-16
    0.256033112E-16
    0.389634756E-16
    0.319737517E-16
    0.331090503E-16
    0.264941173E-16
    0.251704016E-16
    0.380746426E-16
    0.329861695E-16
    0.334684537E-16
    0.247088333E-16
    0.248548803E-16
    0.368728531E-16
    0.341326883E-16
    0.335621692E-16
    0.224726212E-16
    0.245219843E-16
    0.353296385E-16
    0.349867804E-16
    0.332717966E-16
    0.200315234E-16
    0.244266961E-16
    0.337150079E-16
    0.354721564E-16
    0.324444290E-16
    0.182493542E-16
    0.246688015E-16
    0.320608979E-16
    0.350940858E-16
    0.317115001E-16
    0.174786876E-16
    0.258277568E-16
    0.304360140E-16
    0.340794746E-16
    0.308490201E-16
    0.179549997E-16
    0.277857335E-16
    0.284514203E-16
    0.320775148E-16
    0.305149515E-16
    0.192454573E-16
    0.303945881E-16
    0.261010173E-16
    0.294158853E-16
    0.304900809E-16
    0.208002873E-16
    0.329744776E-16
    0.234999999E-16
    0.264298851E-16
    0.305474870E-16
    0.220969471E-16
    0.352685961E-16
    0.211165704E-16
    0.236567622E-16
    0.307110924E-16
    0.226219109E-16
    0.375321203E-16
    0.195533577E-16
    0.217652278E-16
    0.302197159E-16
    0.227249451E-16
    0.395292798E-16
    0.189539322E-16
    0.210058940E-16
    0.295859686E-16
    0.223230794E-16
    0.416686668E-16
    0.192412732E-16
    0.212946286E-16
    0.286167752E-16
    0.218774283E-16
    0.431916359E-16
    0.198918845E-16
    0.227708200E-16
    0.280168546E-16
    0.212598053E-16
    0.441463755E-16
    0.204613659E-16
    0.252921225E-16
    0.277270111E-16
    0.205641084E-16
    0.447043101E-16
    0.210943281E-16
    0.286699806E-16
    0.276399307E-16
    0.201839855E-16
    0.447940156E-16
    0.221628600E-16
    0.319978681E-16
    0.274519854E-16
    0.203687956E-16
    0.452780680E-16
    0.237681456E-16
    0.344506195E-16
    0.266866661E-16
    0.216200851E-16
    0.456293215E-16
    0.254112541E-16
    0.355269522E-16
    0.257070526E-16
    0.238414928E-16
    0.455590082E-16
    0.266173846E-16
    0.353560968E-16
    0.245352899E-16
    0.267447016E-16
    0.441747088E-16
    0.277748862E-16
    0.345612101E-16
    0.240705587E-16
    0.298277124E-16
    0.414317906E-16
    0.287519940E-16
    0.341891160E-16
    0.240601358E-16
    0.323400504E-16
    0.383357342E-16
    0.299389822E-16
    0.351110332E-16
    0.242070099E-16
    0.345635743E-16
    0.358217856E-16
    0.304715186E-16
    0.372877917E-16
    0.248392265E-16
    0.350560537E-16
    0.348145773E-16
    0.304622702E-16
    0.397233284E-16
    0.267674079E-16
    0.337913957E-16
    0.348951980E-16
    0.298524914E-16
    0.418679214E-16
    0.296292899E-16
    0.310090142E-16
    0.345868187E-16
    0.294574069E-16
    0.433780182E-16
    0.323923846E-16
    0.282235453E-16
    0.325861553E-16
    0.300405583E-16
    0.440802556E-16
    0.342606497E-16
    0.261640254E-16
    0.296410364E-16
    0.307899429E-16
    0.441544478E-16
    0.352394743E-16
    0.249326319E-16
    0.277475300E-16
    0.310762067E-16
    0.440506841E-16
    0.355985990E-16
    0.249870095E-16
    0.277268929E-16
    0.310476914E-16
    0.433795026E-16
    0.360161430E-16
    0.262964812E-16
    0.299908706E-16
    0.308644518E-16
    0.419182727E-16
    0.367225281E-16
    0.281487183E-16
    0.343688381E-16
    0.296311005E-16
    0.404779215E-16
    0.374551643E-16
    0.300498785E-16
    0.391241618E-16
    0.277266432E-16
    0.378670170E-16
    0.390267924E-16
    0.316202684E-16
    0.423715335E-16
    0.263444739E-16
    0.333943795E-16
    0.422288220E-16
    0.321150728E-16
    0.430039193E-16
    0.257024957E-16
    0.289756309E-16
    0.445192267E-16
    0.330372705E-16
    0.415957754E-16
    0.260648441E-16
    0.267804298E-16
    0.442934204E-16
    0.355773854E-16
    0.391481749E-16
    0.277709082E-16
    0.274363737E-16
    0.427966018E-16
    0.385367467E-16
    0.389183786E-16
    0.302745418E-16
    0.307022604E-16
    0.416391677E-16
    0.404599814E-16
    0.416609757E-16
    0.333396125E-16
    0.351472890E-16
    0.413609126E-16
    0.420038474E-16
    0.455284083E-16
    0.376163639E-16
    0.368129144E-16
    0.435309995E-16
    0.418000917E-16
    0.499654161E-16
    0.423477908E-16
    0.356093541E-16
    0.476995759E-16
    0.410814432E-16
    0.535288832E-16
    0.466880218E-16
    0.337149500E-16
    0.520309482E-16
    0.434546170E-16
    0.535308155E-16
    0.516653950E-16
    0.325160890E-16
    0.565051008E-16
    0.492922580E-16
    0.515978521E-16
    0.548739833E-16
    0.355356870E-16
    0.591210040E-16
    0.572433837E-16
    0.516171074E-16
    0.550508704E-16
    0.451076520E-16
    0.598178647E-16
    0.659462532E-16
    0.561391349E-16
    0.542647466E-16
    0.575197227E-16
    0.633933250E-16
    0.735665618E-16
    0.671595598E-16
    0.555555043E-16
    0.708320523E-16
    0.720202913E-16
    0.788063031E-16
    0.828271453E-16
    0.626701906E-16
    0.834915894E-16
    0.848939717E-16
    0.849302888E-16
    0.966455438E-16
    0.787211067E-16
    0.928718887E-16
    0.101697096E-15
    0.928233214E-16
    0.106334529E-15
    0.100283918E-15
    0.102029548E-15
    0.117754371E-15
    0.102952934E-15
    0.111675463E-15
    0.123172140E-15
    0.112968676E-15
    0.130307396E-15
    0.117107558E-15
    0.115777626E-15
    0.144856888E-15
    0.126550406E-15
    0.143388926E-15
    0.134654950E-15
    0.128016181E-15
    0.163144295E-15
    0.147973123E-15
    0.160617754E-15
    0.159109988E-15
    0.153567339E-15
    0.182427541E-15
    0.178012605E-15
    0.183801607E-15
    0.195601438E-15
    0.191721296E-15
    0.207284602E-15
    0.215032735E-15
    0.215748863E-15
    0.238596185E-15
    0.241321571E-15
    0.237260095E-15
    0.260000693E-15
    0.254209332E-15
    0.284263170E-15
    0.295183050E-15
    0.275766073E-15
    0.308535469E-15
    0.296957695E-15
    0.330633076E-15
    0.344649203E-15
    0.328126029E-15
    0.354959174E-15
    0.352013379E-15
    0.371165024E-15
    0.391519426E-15
    0.396009587E-15
    0.402229002E-15
    0.425977929E-15
    0.418413892E-15
    0.440181982E-15
    0.484400287E-15
    0.456934853E-15
    0.519431064E-15
    0.492134032E-15
    0.502160422E-15
    0.592444193E-15
    0.533567376E-15
    0.630348144E-15
    0.598270853E-15
    0.593584185E-15
    0.706790253E-15
    0.647781498E-15
    0.751948038E-15
    0.739347621E-15
    0.722763093E-15
    0.820460488E-15
    0.798571488E-15
    0.877535951E-15
    0.905849666E-15
    0.898764450E-15
    0.936255868E-15
    0.981498459E-15
    0.100579828E-14
    0.108130680E-14
    0.111805458E-14
    0.107247123E-14
    0.118852280E-14
    0.115426331E-14
    0.126799093E-14
    0.136040860E-14
    0.126332276E-14
    0.140791662E-14
    0.135466934E-14
    0.148065361E-14
    0.162470317E-14
    0.152846248E-14
    0.165922975E-14
    0.162160653E-14
    0.174124230E-14
    0.190497488E-14
    0.188324322E-14
    0.195864504E-14
    0.198047855E-14
    0.206547696E-14
    0.219918328E-14
    0.231540071E-14
    0.231449471E-14
    0.243526138E-14
    0.246275190E-14
    0.254656857E-14
    0.278909139E-14
    0.275322728E-14
    0.294449885E-14
    0.294669993E-14
    0.297000356E-14
    0.331353324E-14
    0.326921241E-14
    0.351645443E-14
    0.351964044E-14
    0.351982590E-14
    0.388461875E-14
    0.388759617E-14
    0.415140639E-14
    0.422539037E-14
    0.425579833E-14
    0.453813794E-14
    0.464748861E-14
    0.488370791E-14
    0.509547137E-14
    0.520601850E-14
    0.536105868E-14
    0.557798481E-14
    0.581900497E-14
    0.613117696E-14
    0.639011298E-14
    0.639878565E-14
    0.674695225E-14
    0.701601052E-14
    0.738447981E-14
    0.778239994E-14
    0.773879544E-14
    0.817355892E-14
    0.854406049E-14
    0.886120998E-14
    0.940703518E-14
    0.944220999E-14
    0.993380381E-14
    0.104297760E-13
    0.106538089E-13
    0.113127184E-13
    0.115917847E-13
    0.121301581E-13
    0.127281152E-13
    0.129534349E-13
    0.136941275E-13
    0.143272381E-13
    0.149348646E-13
    0.156151010E-13
    0.160236223E-13
    0.169272019E-13
    0.179006933E-13
    0.187268930E-13
    0.194631908E-13
    0.203692633E-13
    0.215231837E-13
    0.228897490E-13
    0.241097355E-13
    0.251162921E-13
    0.268267684E-13
    0.285331118E-13
    0.303880577E-13
    0.324542493E-13
    0.341620655E-13
    0.372199562E-13
    0.400294858E-13
    0.430165156E-13
    0.467715427E-13
    0.503236624E-13
    0.557835370E-13
    0.611033001E-13
    0.669618159E-13
    0.745327647E-13
    0.825979559E-13
    0.933262576E-13
    0.104798762E-12
    0.117990859E-12
    0.134884313E-12
    0.154083809E-12
    0.177795516E-12
    0.204834716E-12
    0.237239379E-12
    0.277452364E-12
    0.325084293E-12
    0.381928760E-12
    0.449258603E-12
    0.531213250E-12
    0.631416068E-12
    0.751344961E-12
    0.894287095E-12
    0.106531640E-11
    0.127480075E-11
    0.152818403E-11
    0.183231871E-11
    0.219595973E-11
    0.263209498E-11
    0.316525058E-11
    0.380620653E-11
    0.457447781E-11
    0.549590955E-11
    0.659999032E-11
    0.794042920E-11
    0.954795725E-11
    0.114684819E-10
    0.137746975E-10
    0.165304825E-10
    0.198537635E-10
    0.238262803E-10
    0.285631864E-10
    0.342380855E-10
    0.410031572E-10
    0.491076437E-10
    0.587682176E-10
    0.702578627E-10
    0.839783428E-10
    0.100285836E-09
    0.119716774E-09
    0.142802396E-09
    0.170189136E-09
    0.202762016E-09
    0.241356904E-09
    0.287138737E-09
    0.341338755E-09
    0.405457573E-09
    0.481400733E-09
    0.571101255E-09
    0.677077287E-09
    0.802109340E-09
    0.949553705E-09
    0.112349665E-08
    0.132827904E-08
    0.156932915E-08
    0.185273109E-08
    0.218585740E-08
    0.257732816E-08
    0.303670267E-08
    0.357550835E-08
    0.420684924E-08
    0.494645601E-08
    0.581240616E-08
    0.682519090E-08
    0.800899848E-08
    0.939146813E-08
    0.110055431E-07
    0.128885880E-07
    0.150836238E-07
    0.176405841E-07
    0.206167441E-07
    0.240797158E-07
    0.281057455E-07
    0.327831541E-07
    0.382134388E-07
    0.445131742E-07
    0.518184657E-07
    0.602826810E-07
    0.700834672E-07
    0.814238245E-07
    0.945363758E-07
    0.109690638E-06
    0.127189896E-06
    0.147384830E-06
    0.170674231E-06
    0.197514218E-06
    0.228428657E-06
    0.264007733E-06
    0.304930407E-06
    0.351966666E-06
    0.405993935E-06
    0.468013578E-06
    0.539153302E-06
    0.620704161E-06
    0.714125948E-06
    0.821075333E-06
    0.943433313E-06
    0.108331613E-05
    0.124313367E-05
    0.142560309E-05
    0.163379543E-05
    0.187118130E-05
    0.214165904E-05
    0.244964476E-05
    0.280010333E-05
    0.319862113E-05
    0.365148825E-05
    0.416575190E-05
    0.474935432E-05
    0.541119939E-05
    0.616126033E-05
    0.701072684E-05
    0.797209912E-05
    0.905939440E-05
    0.102882787E-04
    0.116762242E-04
    0.132427637E-04
    0.150096460E-04
    0.170011415E-04
    0.192442886E-04
    0.217691145E-04
    0.246090622E-04
    0.278012454E-04
    0.313868761E-04
    0.354117171E-04
    0.399263780E-04
    0.449870044E-04
    0.506556796E-04
    0.570010297E-04
    0.640989711E-04
    0.720331387E-04
    0.808959167E-04
    0.907890964E-04
    0.101824673E-03
    0.114126071E-03
    0.127828729E-03
    0.143081595E-03
    0.160048168E-03
    0.178907540E-03
    0.199856258E-03
    0.223109174E-03
    0.248901502E-03
    0.277490404E-03
    0.309156361E-03
    0.344205827E-03
    0.382972521E-03
    0.425820063E-03
    0.473144400E-03
    0.525375485E-03
    0.582980983E-03
    0.646468100E-03
    0.716386919E-03
    0.793333802E-03
    0.877953590E-03
    0.970944307E-03
    0.107305992E-02
    0.118511417E-02
    0.130798536E-02
    0.144261893E-02
    0.159003339E-02
    0.175132405E-02
    0.192766737E-02
    0.212032712E-02
    0.233065758E-02
    0.256011033E-02
    0.281023930E-02
    0.308270532E-02
    0.337928359E-02
    0.370186763E-02
    0.405247637E-02
    0.443326074E-02
    0.484650793E-02
    0.529464995E-02
    0.578026807E-02
    0.630609984E-02
    0.687504673E-02
    0.749017776E-02
    0.815473833E-02
    0.887215518E-02
    0.964604189E-02
    0.104802076E-01
    0.113786587E-01
    0.123456075E-01
    0.133854767E-01
    0.145029021E-01
    0.157027418E-01
    0.169900749E-01
    0.183702082E-01
    0.198486795E-01
    0.214312566E-01
    0.231239445E-01
    0.249329810E-01
    0.268648386E-01
    0.289262266E-01
    0.311240835E-01
    0.334655813E-01
    0.359581165E-01
    0.386093050E-01
    0.414269816E-01
    0.444191844E-01
    0.475941537E-01
    0.509603176E-01
    0.545262774E-01
    0.583008039E-01
    0.622928106E-01
    0.665113480E-01
    0.709655793E-01
    0.756647582E-01
    0.806182176E-01
    0.858353331E-01
    0.913255088E-01
    0.970981460E-01
    0.103162608E+00
    0.109528205E+00
    0.116204144E+00
    0.123199508E+00
    0.130523218E+00
    0.138183983E+00
    0.146190283E+00
    0.154550308E+00
    0.163271928E+00
    0.172362649E+00
    0.181829557E+00
    0.191679293E+00
    0.201917985E+00
    0.212551217E+00
    0.223583977E+00
    0.235020597E+00
    0.246864728E+00
    0.259119268E+00
    0.271786330E+00
    0.284867191E+00
    0.298362232E+00
    0.312270917E+00
    0.326591723E+00
    0.341322114E+00
    0.356458497E+00
    0.371996165E+00
    0.387929289E+00
    0.404250859E+00
    0.420952664E+00
    0.438025267E+00
    0.455457960E+00
    0.473238768E+00
    0.491354416E+00
    0.509790318E+00
    0.528530577E+00
    0.547557960E+00
    0.566853923E+00
    0.586398602E+00
    0.606170829E+00
    0.626148153E+00
    0.646306842E+00
    0.666621939E+00
    0.687067276E+00
    0.707615519E+00
    0.728238220E+00
    0.748905847E+00
    0.769587865E+00
    0.790252786E+00
    0.810868236E+00
    0.831401039E+00
    0.851817274E+00
    0.872082385E+00
    0.892161252E+00
    0.912018293E+00
    0.931617559E+00
    0.950922827E+00
    0.969897722E+00
    0.988505813E+00
    0.100671073E+01
    0.102447627E+01
    0.104176653E+01
    0.105854599E+01
    0.107477968E+01
    0.109043325E+01
    0.110547311E+01
    0.111986655E+01
    0.113358185E+01
    0.114658841E+01
    0.115885681E+01
    0.117035899E+01
    0.118106831E+01
    0.119095965E+01
    0.120000954E+01
    0.120819621E+01
    0.121549970E+01
    0.122190195E+01
    0.122738683E+01
    0.123194027E+01
    0.123555026E+01
    0.123820691E+01
    0.123990256E+01
    0.124063171E+01
    0.124039114E+01
    0.123917988E+01
    0.123699921E+01
    0.123385271E+01
    0.122974620E+01
    0.122468777E+01
    0.121868770E+01
    0.121175849E+01
    0.120391475E+01
    0.119517322E+01
    0.118555265E+01
    0.117507376E+01
    0.116375916E+01
    0.115163328E+01
    0.113872229E+01
    0.112505395E+01
    0.111065760E+01
    0.109556395E+01
    0.107980507E+01
    0.106341421E+01
    0.104642570E+01
    0.102887486E+01
    0.101079782E+01
    0.992231439E+00
    0.973213159E+00
    0.953780890E+00
    0.933972880E+00
    0.913827578E+00
    0.893383524E+00
    0.872679222E+00
    0.851753013E+00
    0.830642966E+00
    0.809386753E+00
    0.788021548E+00
    0.766583919E+00
    0.745109719E+00
    0.723634000E+00
    0.702190912E+00
    0.680813621E+00
    0.659534236E+00
    0.638383723E+00
    0.617391850E+00
    0.596587122E+00
    0.575996720E+00
    0.555646471E+00
    0.535560791E+00
    0.515762664E+00
    0.496273608E+00
    0.477113655E+00
    0.458301348E+00
    0.439853716E+00
    0.421786292E+00
    0.404113109E+00
    0.386846706E+00
    0.369998158E+00
    0.353577086E+00
    0.337591688E+00
    0.322048777E+00
    0.306953800E+00
    0.292310899E+00
    0.278122935E+00
    0.264391548E+00
    0.251117201E+00
    0.238299229E+00
    0.225935903E+00
    0.214024474E+00
    0.202561237E+00
    0.191541592E+00
    0.180960095E+00
    0.170810530E+00
    0.161085955E+00
    0.151778772E+00
    0.142880784E+00
    0.134383249E+00
    0.126276948E+00
    0.118552229E+00
    0.111199072E+00
    0.104207139E+00
    0.975658243E-01
    0.912643106E-01
    0.852916079E-01
    0.796366072E-01
    0.742881199E-01
    0.692349208E-01
    0.644657872E-01
    0.599695331E-01
    0.557350453E-01
    0.517513147E-01
    0.480074640E-01
    0.444927772E-01
    0.411967192E-01
    0.381089621E-01
    0.352194020E-01
    0.325181769E-01
    0.299956823E-01
    0.276425828E-01
    0.254498242E-01
    0.234086421E-01
    0.215105682E-01
    0.197474368E-01
    0.181113872E-01
    0.165948674E-01
    0.151906339E-01
    0.138917505E-01
    0.126915877E-01
    0.115838189E-01
    0.105624172E-01
    0.962164998E-02
    0.875607319E-02
    0.796052485E-02
    0.723011859E-02
    0.656023549E-02
    0.594651668E-02
    0.538485421E-02
    0.487138240E-02
    0.440246934E-02
    0.397470764E-02
    0.358490485E-02
    0.323007478E-02
    0.290742722E-02
    0.261435953E-02
    0.234844745E-02
    0.210743534E-02
    0.188922837E-02
    0.169188281E-02
    0.151359784E-02
    0.135270804E-02
    0.120767393E-02
    0.107707586E-02
    0.959605485E-03
    0.854058621E-03
    0.759329338E-03
    0.674401979E-03
    0.598346198E-03
    0.530310483E-03
    0.469516076E-03
    0.415252592E-03
    0.366871917E-03
    0.323784154E-03
    0.285453096E-03
    0.251391456E-03
    0.221157606E-03
    0.194351331E-03
    0.170610636E-03
    0.149608615E-03
    0.131050230E-03
    0.114669618E-03
    0.100227594E-03
    0.875090812E-04
    0.763210957E-04
    0.664906957E-04
    0.578629125E-04
    0.502993054E-04
    0.436761911E-04
    0.378831948E-04
    0.328221859E-04
    0.284056826E-04
    0.245560808E-04
    0.212045127E-04
    0.182898461E-04
    0.157581389E-04
    0.135615887E-04
    0.116580469E-04
    0.100103853E-04
    0.858582644E-05
    0.735563342E-05
    0.629452880E-05
    0.538033360E-05
    0.459366162E-05
    0.391750515E-05
    0.333702973E-05
    0.283929028E-05
    0.241299529E-05
    0.204832680E-05
    0.173675723E-05
    0.147085981E-05
    0.124421910E-05
    0.105126948E-05
    0.887195437E-06
    0.747854979E-06
    0.629654408E-06
    0.529507009E-06
    0.444764879E-06
    0.373136276E-06
    0.312675099E-06
    0.261698394E-06
    0.218768580E-06
    0.182664837E-06
    0.152334248E-06
    0.126887576E-06
    0.105565142E-06
    0.877182063E-07
    0.728013859E-07
    0.603476736E-07
    0.499629094E-07
    0.413151984E-07
    0.341224352E-07
    0.281474171E-07
    0.231904814E-07
    0.190825863E-07
    0.156826806E-07
    0.128732398E-07
    0.105535628E-07
    0.864143062E-08
    0.706690733E-08
    0.577170208E-08
    0.470848522E-08
    0.383607868E-08
    0.312139234E-08
    0.253683648E-08
    0.205887079E-08
    0.166907740E-08
    0.135126505E-08
    0.109257217E-08
    0.882367568E-09
    0.711667378E-09
    0.573258687E-09
    0.461168709E-09
    0.370538347E-09
    0.297308592E-09
    0.238300093E-09
    0.190697857E-09
    0.152405808E-09
    0.121693696E-09
    0.969883629E-10
    0.772561077E-10
    0.614281414E-10
    0.487698246E-10
    0.387035713E-10
    0.306334875E-10
    0.242387649E-10
    0.191439087E-10
    0.150996840E-10
    0.118988782E-10
    0.935989936E-11
    0.735488080E-11
    0.577432210E-11
    0.453149183E-11
    0.354194488E-11
    0.277115884E-11
    0.216165956E-11
    0.168328964E-11
    0.131505817E-11
    0.101695533E-11
    0.792684718E-12
    0.615131334E-12
    0.475834158E-12
    0.370397904E-12
    0.284548893E-12
    0.220479463E-12
    0.169976583E-12
    0.130036614E-12
    0.995331540E-13
    0.763907585E-13
    0.587107909E-13
    0.449348499E-13
    0.346632084E-13
    0.259247970E-13
    0.204241516E-13
    0.154624620E-13
    0.115446850E-13
    0.890554624E-14
    0.639869959E-14
    0.504792975E-14
    0.377277499E-14
    0.273456079E-14
    0.222771379E-14
    0.165926787E-14
    0.132435881E-14
    0.963339665E-15
    0.714217077E-15
    0.536974342E-15
    0.430321479E-15
    0.282730903E-15
    0.198163512E-15
    0.181085528E-15
    0.126961190E-15
    0.126121303E-15
    0.877919373E-16
    0.729273156E-16
    0.854212293E-16
    0.605578191E-16
    0.475498524E-16
    0.486346545E-16
    0.331734552E-16
    0.515483074E-16
    0.378674007E-16
    0.293544790E-16
    0.437345342E-16
    0.386637351E-16
    0.509169367E-16
    0.388138286E-16
    0.287269368E-16
    0.457396902E-16
    0.343959468E-16
    0.391717298E-16
    0.335393463E-16
    0.319294551E-16
    0.586298942E-16
    0.336713883E-16
    0.429953000E-16
    0.372654231E-16
    0.291029584E-16
    0.401660035E-16
    0.320391563E-16
    0.370990949E-16
    0.367747225E-16
    0.322968860E-16
    0.482519562E-16
    0.349893797E-16
    0.395944551E-16
    0.323189097E-16
    0.320654218E-16
    0.484632902E-16
    0.343823289E-16
    0.388451609E-16
    0.422322048E-16
    0.401018685E-16
    0.278834537E-16
    0.321090973E-16
    0.355675469E-16
    0.313043247E-16
    0.346340772E-16
    0.419086268E-16
    0.367422495E-16
    0.494558533E-16
    0.333215195E-16
    0.410102122E-16
    0.299360641E-16
    0.352715078E-16
    0.298751227E-16
    0.368926770E-16
    0.444349783E-16
    0.300573401E-16
    0.313982229E-16
    0.492414527E-16
    0.261501569E-16
    0.320230842E-16
    0.335950392E-16
    0.383325565E-16
    0.365822002E-16
    0.368962997E-16
    0.442266688E-16
    0.346281786E-16
    0.373125084E-16
    0.302523360E-16
    0.288628759E-16
    0.321334401E-16
    0.317467760E-16
    0.339669266E-16
    0.437968065E-16
    0.364471593E-16
    0.341457316E-16
    0.364284331E-16
    0.491808601E-16
    0.207138230E-16
    0.303064398E-16
    0.374533185E-16
    0.318245632E-16
    0.365945558E-16
    0.363634485E-16
    0.333822850E-16
    0.345556256E-16
    0.297989424E-16
    0.454619643E-16
    0.314797653E-16
    0.314326975E-16
    0.408436036E-16
    0.359564270E-16
    0.442068529E-16
    0.282829097E-16
    0.272328484E-16
    0.405323299E-16
    0.302924741E-16
    0.293959206E-16
    0.364195501E-16
    0.354705114E-16
    0.393460909E-16
    0.424588948E-16
    0.473898957E-16
    0.319242579E-16
    0.316419146E-16
    0.370169743E-16
    0.406396360E-16
    0.293346996E-16
    0.280202145E-16
    0.401834418E-16
    0.347650455E-16
    0.382004937E-16
    0.434624533E-16
    0.353820138E-16
    0.450897606E-16
    0.330922823E-16
    0.401703844E-16
    0.447009489E-16
    0.305351768E-16
    0.413552622E-16
    0.393088771E-16
    0.298359759E-16
    0.356163841E-16
    0.345241101E-16
    0.500839668E-16
    0.416883491E-16
    0.306068193E-16
    0.447461835E-16
    0.409324340E-16
    0.374640094E-16
    0.503658852E-16
    0.356099618E-16
    0.316657059E-16
    0.343085845E-16
    0.422239593E-16
    0.487781997E-16
    0.358037479E-16
    0.421176073E-16
    0.409494832E-16
    0.322964405E-16
    0.427457335E-16
    0.443917792E-16
    0.418990367E-16
    0.356384720E-16
    0.386300487E-16
    0.402703834E-16
    0.426454457E-16
    0.535842551E-16
    0.361149061E-16
    0.396140366E-16
    0.269537674E-16
    0.380647471E-16
    0.508003115E-16
    0.376030166E-16
    0.436501154E-16
    0.343626412E-16
    0.423393952E-16
    0.522555624E-16
    0.356294377E-16
    0.541219902E-16
    0.305151676E-16
    0.347221336E-16
    0.380320301E-16
    0.373236252E-16
    0.448562323E-16
    0.420884003E-16
    0.522767872E-16
    0.357262153E-16
    0.341362852E-16
    0.554809129E-16
    0.439034665E-16
    0.446831371E-16
    0.308085022E-16
    0.355096288E-16
    0.406817587E-16
    0.446928676E-16
    0.532965099E-16
    0.371167179E-16
    0.346698780E-16
    0.478831534E-16
    0.511699030E-16
    0.424919706E-16
    0.386651213E-16
    0.389885898E-16
    0.475393159E-16
    0.462149595E-16
    0.400742450E-16
    0.434470296E-16
    0.440168184E-16
    0.438985499E-16
    0.445998938E-16
    0.426058581E-16
    0.363370938E-16
    0.395803338E-16
    0.622331590E-16
    0.454235880E-16
    0.338728664E-16
    0.458942741E-16
    0.578844929E-16
    0.496281487E-16
    0.419337279E-16
    0.458958226E-16
    0.329083510E-16
    0.437051501E-16
    0.596913895E-16
    0.551538735E-16
    0.342752380E-16
    0.409192767E-16
    0.711382269E-16
    0.421647661E-16
    0.392531210E-16
    0.523220593E-16
    0.415510419E-16
    0.559551333E-16
    0.427246112E-16
    0.555067075E-16
    0.402402651E-16
    0.513058604E-16
    0.768015887E-16
    0.437332456E-16
    0.474689280E-16
    0.587980598E-16
    0.598563308E-16
    0.488206805E-16
    0.524618288E-16
    0.748919191E-16
    0.506701336E-16
    0.581966628E-16
    0.669342461E-16
    0.698860761E-16
    0.635890681E-16
    0.681971020E-16
    0.750901356E-16
    0.575045059E-16
    0.794425141E-16
    0.658288589E-16
    0.526893149E-16
    0.640690728E-16
    0.589026240E-16
    0.654198292E-16
    0.443082350E-16
    0.477497411E-16
    0.678925292E-16
    0.524444168E-16
    0.475543231E-16
    0.486326003E-16
    0.699749120E-16
    0.398718235E-16
    0.377254498E-16
    0.466477603E-16
    0.420214170E-16
    0.469017285E-16
    0.439960688E-16
    0.420816772E-16
    0.386616245E-16
    0.468504151E-16
    0.383075305E-16
    0.277062447E-16
    0.314202868E-16
    0.238476312E-16
    0.376899371E-16
    0.378863142E-16
    0.250176498E-16
    0.250741879E-16
    0.260203161E-16
    0.343937265E-16
    0.259504248E-16
    0.188725232E-16
    0.200675387E-16
    0.258362051E-16
    0.344905898E-16
    0.243692618E-16
    0.157142046E-16
    0.193413962E-16
    0.277613841E-16
    0.282950714E-16
    0.201251962E-16
    0.178925045E-16
    0.202082685E-16
    0.299770198E-16
    0.241402452E-16
    0.178397234E-16
    0.208241712E-16
    0.219858646E-16
    0.267520635E-16
    0.207432849E-16
    0.183857771E-16
    0.232340323E-16
    0.234574925E-16
    0.215394303E-16
    0.205218913E-16
    0.219203354E-16
    0.232821052E-16
    0.218896837E-16
    0.182667011E-16
    0.219466054E-16
    0.260275018E-16
    0.217576541E-16
    0.185250026E-16
    0.196798125E-16
    0.236617179E-16
    0.260971846E-16
    0.208288791E-16
    0.160386029E-16
    0.229834116E-16
    0.259247453E-16
    0.234815140E-16
    0.201600941E-16
    0.183318329E-16
    0.242714645E-16
    0.250878582E-16
    0.235729100E-16
    0.190919761E-16
    0.227336871E-16
    0.231050281E-16
    0.233367611E-16
    0.255528434E-16
    0.200911301E-16
    0.227088585E-16
    0.209075728E-16
    0.263702513E-16
    0.250557934E-16
    0.236961388E-16
    0.190838819E-16
    0.229138868E-16
    0.302170342E-16
    0.245268769E-16
    0.212224924E-16
    0.184792507E-16
    0.309095558E-16
    0.290718160E-16
    0.239725997E-16
    0.185902139E-16
    0.254026329E-16
    0.319244701E-16
    0.266480587E-16
