 #tdnd tdcion
    0.281690412E-16
    0.343940147E-16
    0.262379080E-16
    0.310090039E-16
    0.302927117E-16
    0.311477143E-16
    0.243353357E-16
    0.281947292E-16
    0.276896864E-16
    0.298653408E-16
    0.275043690E-16
    0.270603225E-16
    0.213013978E-16
    0.281963945E-16
    0.271783576E-16
    0.307700271E-16
    0.196261178E-16
    0.232181364E-16
    0.219331476E-16
    0.331879980E-16
    0.235009693E-16
    0.213095595E-16
    0.182322816E-16
    0.281186039E-16
    0.254912771E-16
    0.246471934E-16
    0.222575144E-16
    0.162005496E-16
    0.255067150E-16
    0.244160490E-16
    0.286586477E-16
    0.145759680E-16
    0.209470236E-16
    0.198454597E-16
    0.310997835E-16
    0.222742832E-16
    0.182824241E-16
    0.175606198E-16
    0.239773877E-16
    0.267004069E-16
    0.209036853E-16
    0.237015864E-16
    0.142042265E-16
    0.248200030E-16
    0.221771200E-16
    0.287627492E-16
    0.176376652E-16
    0.184660910E-16
    0.201689435E-16
    0.289712173E-16
    0.252395330E-16
    0.169657824E-16
    0.214105988E-16
    0.216479327E-16
    0.294243033E-16
    0.195490892E-16
    0.235188322E-16
    0.193079487E-16
    0.260624864E-16
    0.213111562E-16
    0.271703048E-16
    0.218073073E-16
    0.212353479E-16
    0.239289036E-16
    0.247713230E-16
    0.279974405E-16
    0.193674611E-16
    0.238327809E-16
    0.225933496E-16
    0.321013727E-16
    0.183952311E-16
    0.247684976E-16
    0.229405727E-16
    0.280092365E-16
    0.258090134E-16
    0.212465826E-16
    0.256334953E-16
    0.244893339E-16
    0.296382499E-16
    0.192777126E-16
    0.312380848E-16
    0.188386992E-16
    0.289181799E-16
    0.248616030E-16
    0.252198461E-16
    0.267017041E-16
    0.209680282E-16
    0.278501480E-16
    0.252640811E-16
    0.317523859E-16
    0.163430491E-16
    0.313789035E-16
    0.222779962E-16
    0.305133877E-16
    0.266236989E-16
    0.191228542E-16
    0.293764332E-16
    0.235559213E-16
    0.304148069E-16
    0.213779380E-16
    0.290443689E-16
    0.185002766E-16
    0.328708222E-16
    0.247030517E-16
    0.252038563E-16
    0.286368729E-16
    0.191406396E-16
    0.334339725E-16
    0.239931633E-16
    0.288109338E-16
    0.207165418E-16
    0.292773749E-16
    0.227616155E-16
    0.306892753E-16
    0.254135522E-16
    0.204598240E-16
    0.316307420E-16
    0.210661797E-16
    0.336381927E-16
    0.233280266E-16
    0.259814993E-16
    0.241919320E-16
    0.314315496E-16
    0.261887732E-16
    0.271227718E-16
    0.258762754E-16
    0.211869331E-16
    0.365498243E-16
    0.217740393E-16
    0.300459673E-16
    0.233371880E-16
    0.261594343E-16
    0.300575793E-16
    0.295055713E-16
    0.267506177E-16
    0.257023354E-16
    0.286868934E-16
    0.244405516E-16
    0.375362276E-16
    0.232702049E-16
    0.284088119E-16
    0.257577377E-16
    0.270734563E-16
    0.349184407E-16
    0.266024853E-16
    0.263338843E-16
    0.252729061E-16
    0.312728702E-16
    0.285293064E-16
    0.331383502E-16
    0.247506590E-16
    0.285662141E-16
    0.297380197E-16
    0.272120382E-16
    0.350018333E-16
    0.280242605E-16
    0.282603268E-16
    0.257736546E-16
    0.296562817E-16
    0.320294396E-16
    0.318102496E-16
    0.247785012E-16
    0.254769516E-16
    0.297082116E-16
    0.298237760E-16
    0.321444291E-16
    0.262826279E-16
    0.276695635E-16
    0.268070698E-16
    0.299155484E-16
    0.312113267E-16
    0.323764402E-16
    0.264177595E-16
    0.234354919E-16
    0.289071341E-16
    0.316565157E-16
    0.339430234E-16
    0.227549253E-16
    0.230023649E-16
    0.255537607E-16
    0.325546537E-16
    0.296391929E-16
    0.240923118E-16
    0.246456228E-16
    0.224880472E-16
    0.323163371E-16
    0.271904051E-16
    0.305272434E-16
    0.241544711E-16
    0.214174975E-16
    0.289597505E-16
    0.298758046E-16
    0.326551537E-16
    0.214959980E-16
    0.222766462E-16
    0.240094891E-16
    0.329794048E-16
    0.275858768E-16
    0.219331105E-16
    0.229446931E-16
    0.204717878E-16
    0.322897322E-16
    0.238151047E-16
    0.264543221E-16
    0.232015765E-16
    0.210050312E-16
    0.292039625E-16
    0.268645494E-16
    0.295176263E-16
    0.243551676E-16
    0.232449531E-16
    0.258877742E-16
    0.309607153E-16
    0.278633439E-16
    0.259175183E-16
    0.234568321E-16
    0.230355701E-16
    0.303778190E-16
    0.256013029E-16
    0.255897529E-16
    0.238898890E-16
    0.223896294E-16
    0.277408414E-16
    0.268191618E-16
    0.255855246E-16
    0.289256769E-16
    0.246902504E-16
    0.275467354E-16
    0.293813046E-16
    0.289096935E-16
    0.336928157E-16
    0.264408902E-16
    0.274198011E-16
    0.283800955E-16
    0.325473851E-16
    0.300944925E-16
    0.269143934E-16
    0.258974125E-16
    0.253606050E-16
    0.324931881E-16
    0.240148678E-16
    0.313995879E-16
    0.257872992E-16
    0.259634940E-16
    0.300169764E-16
    0.277575545E-16
    0.381084474E-16
    0.275073415E-16
    0.294422951E-16
    0.275707864E-16
    0.376382213E-16
    0.365485640E-16
    0.289555319E-16
    0.302417797E-16
    0.255951593E-16
    0.396889675E-16
    0.280553526E-16
    0.313712925E-16
    0.269286009E-16
    0.251386159E-16
    0.326500542E-16
    0.262197061E-16
    0.352844682E-16
    0.246864140E-16
    0.289430407E-16
    0.273431761E-16
    0.343362267E-16
    0.371166180E-16
    0.274831485E-16
    0.333027677E-16
    0.274623795E-16
    0.397444526E-16
    0.344374627E-16
    0.318028659E-16
    0.312286794E-16
    0.277423277E-16
    0.346623648E-16
    0.304687086E-16
    0.317001698E-16
    0.240050558E-16
    0.275901923E-16
    0.269381089E-16
    0.299026673E-16
    0.302876412E-16
    0.233321099E-16
    0.310371308E-16
    0.268252635E-16
    0.333236170E-16
    0.336110019E-16
    0.312459826E-16
    0.336135379E-16
    0.301870557E-16
    0.340229979E-16
    0.372999386E-16
    0.334146952E-16
    0.272781233E-16
    0.291641755E-16
    0.287338595E-16
    0.334698433E-16
    0.263577768E-16
    0.200357689E-16
    0.278718255E-16
    0.248674676E-16
    0.281740765E-16
    0.266427705E-16
    0.249427420E-16
    0.311456764E-16
    0.287593202E-16
    0.296604331E-16
    0.376309824E-16
    0.328057912E-16
    0.307547777E-16
    0.331247283E-16
    0.312469356E-16
    0.401970557E-16
    0.276160309E-16
    0.226845679E-16
    0.318482416E-16
    0.268724081E-16
    0.294320538E-16
    0.205886779E-16
    0.203739465E-16
    0.317173119E-16
    0.260269013E-16
    0.247552082E-16
    0.294163242E-16
    0.287019462E-16
    0.345614591E-16
    0.316135569E-16
    0.302932126E-16
    0.406431109E-16
    0.307629709E-16
    0.308263161E-16
    0.337239466E-16
    0.314416562E-16
    0.351235264E-16
    0.223956372E-16
    0.238295413E-16
    0.321188103E-16
    0.271255260E-16
    0.249669073E-16
    0.227629068E-16
    0.265128237E-16
    0.346401156E-16
    0.278586312E-16
    0.271367993E-16
    0.339253856E-16
    0.329700883E-16
    0.359123070E-16
    0.307546906E-16
    0.327024650E-16
    0.361383808E-16
    0.299390123E-16
    0.297138007E-16
    0.298283513E-16
    0.310480894E-16
    0.278895157E-16
    0.251378050E-16
    0.257388115E-16
    0.305614360E-16
    0.290165412E-16
    0.260050513E-16
    0.290051991E-16
    0.297440908E-16
    0.330332250E-16
    0.303126450E-16
    0.306382286E-16
    0.323978558E-16
    0.326306069E-16
    0.301994475E-16
    0.298996813E-16
    0.305984458E-16
    0.290217362E-16
    0.319673269E-16
    0.257293171E-16
    0.288002110E-16
    0.272487281E-16
    0.290058093E-16
    0.340199380E-16
    0.273246380E-16
    0.301464368E-16
    0.272980700E-16
    0.346966807E-16
    0.362238469E-16
    0.308816089E-16
    0.306917043E-16
    0.283193125E-16
    0.353549258E-16
    0.334053451E-16
    0.308245597E-16
    0.295267262E-16
    0.271331734E-16
    0.290682017E-16
    0.317724834E-16
    0.317720349E-16
    0.304259930E-16
    0.260993974E-16
    0.259785238E-16
    0.356073123E-16
    0.355436828E-16
    0.326294646E-16
    0.265424854E-16
    0.285918054E-16
    0.369952607E-16
    0.363410963E-16
    0.323524413E-16
    0.274029309E-16
    0.296081485E-16
    0.308055152E-16
    0.335714968E-16
    0.326652382E-16
    0.296203322E-16
    0.262031163E-16
    0.257994426E-16
    0.343051584E-16
    0.371346658E-16
    0.331377389E-16
    0.238005071E-16
    0.290137146E-16
    0.385268253E-16
    0.403203477E-16
    0.347286755E-16
    0.263020260E-16
    0.325986848E-16
    0.385860614E-16
    0.369098842E-16
    0.326799261E-16
    0.310299019E-16
    0.286362672E-16
    0.329505654E-16
    0.322521090E-16
    0.313153216E-16
    0.337806466E-16
    0.225184508E-16
    0.282324209E-16
    0.335597513E-16
    0.325152188E-16
    0.330542211E-16
    0.238744763E-16
    0.275235220E-16
    0.374857847E-16
    0.331535810E-16
    0.306941949E-16
    0.320859174E-16
    0.271465272E-16
    0.356725646E-16
    0.317213657E-16
    0.299293268E-16
    0.374516739E-16
    0.253471811E-16
    0.274256927E-16
    0.299334517E-16
    0.307769300E-16
    0.355650598E-16
    0.256078099E-16
    0.205296985E-16
    0.301186926E-16
    0.324445283E-16
    0.330118690E-16
    0.309282923E-16
    0.215438392E-16
    0.323961600E-16
    0.345572687E-16
    0.343931967E-16
    0.364929547E-16
    0.269384943E-16
    0.323521502E-16
    0.334093125E-16
    0.344094007E-16
    0.349241376E-16
    0.285662474E-16
    0.271819936E-16
    0.285233049E-16
    0.300768079E-16
    0.301760808E-16
    0.271622483E-16
    0.236389708E-16
    0.275915032E-16
    0.288765015E-16
    0.315875915E-16
    0.284753909E-16
    0.265186814E-16
    0.320010340E-16
    0.335026751E-16
    0.358520123E-16
    0.292863885E-16
    0.296758902E-16
    0.329875118E-16
    0.367457867E-16
    0.339778942E-16
    0.265113026E-16
    0.284973714E-16
    0.277565084E-16
    0.361826025E-16
    0.300894086E-16
    0.258966564E-16
    0.277267161E-16
    0.247896314E-16
    0.364676859E-16
    0.332354449E-16
    0.305982993E-16
    0.295611504E-16
    0.273302986E-16
    0.358433057E-16
    0.398558613E-16
    0.340085924E-16
    0.296698887E-16
    0.293130829E-16
    0.311499780E-16
    0.424412759E-16
    0.318384072E-16
    0.275617327E-16
    0.279376592E-16
    0.263757748E-16
    0.404214910E-16
    0.295193199E-16
    0.278709892E-16
    0.272033938E-16
    0.270368353E-16
    0.376976353E-16
    0.317495887E-16
    0.315419615E-16
    0.286132436E-16
    0.311837933E-16
    0.357131676E-16
    0.370991871E-16
    0.335340826E-16
    0.304022124E-16
    0.323323913E-16
    0.345951447E-16
    0.400834714E-16
    0.300656143E-16
    0.309361139E-16
    0.290816092E-16
    0.354828585E-16
    0.384335792E-16
    0.246917113E-16
    0.324858340E-16
    0.259566663E-16
    0.385126249E-16
    0.351318944E-16
    0.239921751E-16
    0.360471044E-16
    0.269344588E-16
    0.399407163E-16
    0.347510844E-16
    0.279253035E-16
    0.372691895E-16
    0.298763520E-16
    0.361367856E-16
    0.365606817E-16
    0.305736302E-16
    0.325950439E-16
    0.326803724E-16
    0.289348445E-16
    0.377523207E-16
    0.298333339E-16
    0.270604105E-16
    0.358742381E-16
    0.252309880E-16
    0.375268238E-16
    0.300299516E-16
    0.285591442E-16
    0.396327743E-16
    0.276341347E-16
    0.366081817E-16
    0.327071744E-16
    0.344689120E-16
    0.390521811E-16
    0.309335975E-16
    0.333894100E-16
    0.326573846E-16
    0.363274162E-16
    0.328032776E-16
    0.314527252E-16
    0.297021742E-16
    0.293589786E-16
    0.341120844E-16
    0.284565711E-16
    0.332209554E-16
    0.294240281E-16
    0.286079367E-16
    0.337050930E-16
    0.317581648E-16
    0.372525638E-16
    0.314709793E-16
    0.317288510E-16
    0.349388730E-16
    0.369159891E-16
    0.372858594E-16
    0.308331027E-16
    0.341866704E-16
    0.326876656E-16
    0.371338570E-16
    0.312252688E-16
    0.286923058E-16
    0.349614864E-16
    0.290391955E-16
    0.362627894E-16
    0.274581392E-16
    0.321737438E-16
    0.368637144E-16
    0.288649587E-16
    0.390234667E-16
    0.297858855E-16
    0.380119244E-16
    0.365255634E-16
    0.304489967E-16
    0.398840957E-16
    0.323506205E-16
    0.376929631E-16
    0.323028211E-16
    0.311343412E-16
    0.362480309E-16
    0.332423923E-16
    0.332363160E-16
    0.314841547E-16
    0.334541341E-16
    0.333148012E-16
    0.363723010E-16
    0.319844944E-16
    0.381235058E-16
    0.354877456E-16
    0.332498067E-16
    0.394190302E-16
    0.324427683E-16
    0.436666745E-16
    0.324483536E-16
    0.325305671E-16
    0.382620056E-16
    0.308860265E-16
    0.420201240E-16
    0.282382759E-16
    0.313111409E-16
    0.371855561E-16
    0.305425241E-16
    0.382536830E-16
    0.315444399E-16
    0.320231325E-16
    0.403882905E-16
    0.330039212E-16
    0.362391629E-16
    0.383045803E-16
    0.315027744E-16
    0.421864484E-16
    0.342530815E-16
    0.336135518E-16
    0.386686431E-16
    0.283507977E-16
    0.389676533E-16
    0.339091405E-16
    0.317323515E-16
    0.331971663E-16
    0.281118121E-16
    0.354332824E-16
    0.353056122E-16
    0.330513905E-16
    0.288141601E-16
    0.324016084E-16
    0.337092245E-16
    0.365620027E-16
    0.346976692E-16
    0.285222164E-16
    0.334649176E-16
    0.311311018E-16
    0.345966274E-16
    0.329868306E-16
    0.311196090E-16
    0.275407127E-16
    0.295860093E-16
    0.323777043E-16
    0.296925708E-16
    0.353990092E-16
    0.209474772E-16
    0.328892481E-16
    0.315881636E-16
    0.270331216E-16
    0.382155770E-16
    0.202265564E-16
    0.365229119E-16
    0.286577786E-16
    0.248323116E-16
    0.369202496E-16
    0.240373568E-16
    0.336284882E-16
    0.241966063E-16
    0.244699016E-16
    0.335379060E-16
    0.279090936E-16
    0.274143539E-16
    0.244988065E-16
    0.266869445E-16
    0.300466722E-16
    0.291743487E-16
    0.250305505E-16
    0.297926025E-16
    0.265192832E-16
    0.261856360E-16
    0.283949863E-16
    0.264220000E-16
    0.335386506E-16
    0.213304486E-16
    0.234457833E-16
    0.275116166E-16
    0.269008601E-16
    0.333198615E-16
    0.172776555E-16
    0.248129585E-16
    0.271602513E-16
    0.251565768E-16
    0.328877988E-16
    0.207855164E-16
    0.267839599E-16
    0.263210757E-16
    0.226878727E-16
    0.336903485E-16
    0.280990807E-16
    0.244633492E-16
    0.246607086E-16
    0.213026189E-16
    0.337218918E-16
    0.318514050E-16
    0.206925315E-16
    0.243112730E-16
    0.219603343E-16
    0.315320607E-16
    0.315695179E-16
    0.219861479E-16
    0.254733775E-16
    0.244124487E-16
    0.277725206E-16
    0.310569094E-16
    0.272770984E-16
    0.257477243E-16
    0.262197443E-16
    0.237102754E-16
    0.316083591E-16
    0.298967023E-16
    0.243760343E-16
    0.269169994E-16
    0.213586748E-16
    0.322691105E-16
    0.279871095E-16
    0.238628435E-16
    0.282000940E-16
    0.215939562E-16
    0.324495585E-16
    0.249047282E-16
    0.255148982E-16
    0.296957210E-16
    0.234160195E-16
    0.310863709E-16
    0.238043371E-16
    0.277311814E-16
    0.293156097E-16
    0.257756783E-16
    0.276990535E-16
    0.264632023E-16
    0.285376333E-16
    0.276432003E-16
    0.280682120E-16
    0.238384682E-16
    0.329587709E-16
    0.270255185E-16
    0.278092576E-16
    0.288843024E-16
    0.225677197E-16
    0.394363780E-16
    0.238295375E-16
    0.309298354E-16
    0.278282506E-16
    0.233601136E-16
    0.412052664E-16
    0.217457902E-16
    0.352400462E-16
    0.270451451E-16
    0.235680389E-16
    0.380227314E-16
    0.242119288E-16
    0.380490735E-16
    0.282028792E-16
    0.221957036E-16
    0.324272011E-16
    0.317898344E-16
    0.353848944E-16
    0.309706654E-16
    0.214381791E-16
    0.267082325E-16
    0.401435729E-16
    0.276531605E-16
    0.353396700E-16
    0.236948310E-16
    0.230485734E-16
    0.433402120E-16
    0.212171307E-16
    0.408166873E-16
    0.280119330E-16
    0.227761915E-16
    0.399212629E-16
    0.227255158E-16
    0.425173282E-16
    0.321433502E-16
    0.249432680E-16
    0.342063493E-16
    0.293939539E-16
    0.387429145E-16
    0.347661984E-16
    0.288804910E-16
    0.309467338E-16
    0.346117353E-16
    0.333028156E-16
    0.364836596E-16
    0.331864547E-16
    0.305829799E-16
    0.362716597E-16
    0.301113519E-16
    0.365832149E-16
    0.352642873E-16
    0.313700092E-16
    0.358169245E-16
    0.299972972E-16
    0.338184394E-16
    0.345747770E-16
    0.332320685E-16
    0.347105505E-16
    0.324951014E-16
    0.293363083E-16
    0.346247477E-16
    0.350886111E-16
    0.341343962E-16
    0.355391612E-16
    0.272139178E-16
    0.357113741E-16
    0.358360460E-16
    0.349409769E-16
    0.382124944E-16
    0.305465274E-16
    0.342744779E-16
    0.371320843E-16
    0.371021941E-16
    0.402509492E-16
    0.356909810E-16
    0.318276417E-16
    0.402893253E-16
    0.408752211E-16
    0.409877800E-16
    0.389041551E-16
    0.325504092E-16
    0.442328108E-16
    0.448880315E-16
    0.399745930E-16
    0.408638244E-16
    0.366395030E-16
    0.475722960E-16
    0.458670198E-16
    0.407760636E-16
    0.419981989E-16
    0.420223189E-16
    0.482364461E-16
    0.442987340E-16
    0.455433925E-16
    0.440781987E-16
    0.442066840E-16
    0.466230121E-16
    0.463773681E-16
    0.499060870E-16
    0.491634383E-16
    0.411668247E-16
    0.468808339E-16
    0.524474732E-16
    0.514452085E-16
    0.539050659E-16
    0.389752989E-16
    0.509883208E-16
    0.580433594E-16
    0.510553127E-16
    0.563982465E-16
    0.446857441E-16
    0.572523265E-16
    0.612050190E-16
    0.529757863E-16
    0.605448143E-16
    0.541342211E-16
    0.683150327E-16
    0.610902122E-16
    0.608190368E-16
    0.697795325E-16
    0.596615057E-16
    0.821958473E-16
    0.660764512E-16
    0.690586618E-16
    0.823983029E-16
    0.637688029E-16
    0.914986111E-16
    0.856289395E-16
    0.716796749E-16
    0.946901957E-16
    0.726596373E-16
    0.935826780E-16
    0.111238503E-15
    0.751318816E-16
    0.993703488E-16
    0.915157869E-16
    0.909380711E-16
    0.124638429E-15
    0.900592164E-16
    0.965233994E-16
    0.112841899E-15
    0.965093800E-16
    0.123156405E-15
    0.113820455E-15
    0.103522218E-15
    0.120473740E-15
    0.119161124E-15
    0.119359112E-15
    0.134340538E-15
    0.128676685E-15
    0.123012642E-15
    0.146646644E-15
    0.134442158E-15
    0.144978990E-15
    0.162231560E-15
    0.143008534E-15
    0.164089723E-15
    0.175448232E-15
    0.159524434E-15
    0.189164016E-15
    0.185189381E-15
    0.177099569E-15
    0.216159247E-15
    0.199603944E-15
    0.201957996E-15
    0.234660103E-15
    0.206208848E-15
    0.237573117E-15
    0.255514631E-15
    0.219558612E-15
    0.265508397E-15
    0.259048599E-15
    0.257144347E-15
    0.293850456E-15
    0.266276398E-15
    0.277009290E-15
    0.316650571E-15
    0.297312899E-15
    0.308415798E-15
    0.329507062E-15
    0.310246933E-15
    0.354954686E-15
    0.368323009E-15
    0.325555326E-15
    0.382029176E-15
    0.389744342E-15
    0.382210187E-15
    0.449071293E-15
    0.391421400E-15
    0.422328317E-15
    0.492489998E-15
    0.439563295E-15
    0.507035223E-15
    0.514655728E-15
    0.482646642E-15
    0.587177091E-15
    0.540896518E-15
    0.567911613E-15
    0.639855764E-15
    0.597700774E-15
    0.664332356E-15
    0.662178589E-15
    0.667201329E-15
    0.738233731E-15
    0.755660985E-15
    0.762743803E-15
    0.768947168E-15
    0.808654394E-15
    0.833539809E-15
    0.902044510E-15
    0.925116222E-15
    0.865186466E-15
    0.972814879E-15
    0.974092652E-15
    0.102437695E-14
    0.111053719E-14
    0.102001808E-14
    0.113288960E-14
    0.118553429E-14
    0.116696302E-14
    0.128075440E-14
    0.125590289E-14
    0.132863005E-14
    0.142350465E-14
    0.138102713E-14
    0.145425340E-14
    0.153312341E-14
    0.161424147E-14
    0.165727855E-14
    0.167461986E-14
    0.168726086E-14
    0.180615936E-14
    0.196500178E-14
    0.194307490E-14
    0.198260501E-14
    0.204254942E-14
    0.208318632E-14
    0.232165143E-14
    0.230733542E-14
    0.230641129E-14
    0.245839540E-14
    0.247205217E-14
    0.265568821E-14
    0.273140565E-14
    0.270569553E-14
    0.288685579E-14
    0.299711966E-14
    0.304793056E-14
    0.317118091E-14
    0.323424256E-14
    0.338194488E-14
    0.359302038E-14
    0.363032874E-14
    0.364234899E-14
    0.388967169E-14
    0.402662625E-14
    0.424539837E-14
    0.439070455E-14
    0.432578683E-14
    0.461056462E-14
    0.488915886E-14
    0.500702697E-14
    0.525238364E-14
    0.528795565E-14
    0.550132895E-14
    0.588538877E-14
    0.602250192E-14
    0.618758730E-14
    0.646960249E-14
    0.667408436E-14
    0.699143965E-14
    0.730376853E-14
    0.732957963E-14
    0.776996609E-14
    0.817268435E-14
    0.834237716E-14
    0.877061911E-14
    0.886643365E-14
    0.921524995E-14
    0.996234900E-14
    0.101294196E-13
    0.105178762E-13
    0.108331533E-13
    0.111626502E-13
    0.120146817E-13
    0.125203012E-13
    0.128030327E-13
    0.133630526E-13
    0.139312863E-13
    0.147522930E-13
    0.155975127E-13
    0.161165587E-13
    0.167835996E-13
    0.179096572E-13
    0.188138734E-13
    0.198471743E-13
    0.210090885E-13
    0.219272268E-13
    0.237115633E-13
    0.252039268E-13
    0.263884836E-13
    0.284495971E-13
    0.302715054E-13
    0.328169487E-13
    0.356140461E-13
    0.375085864E-13
    0.408102482E-13
    0.445081282E-13
    0.487335642E-13
    0.536839395E-13
    0.579302898E-13
    0.635889731E-13
    0.709932617E-13
    0.791200030E-13
    0.885781832E-13
    0.983207065E-13
    0.109999884E-12
    0.124953607E-12
    0.142614309E-12
    0.162432730E-12
    0.185175131E-12
    0.212158684E-12
    0.244758858E-12
    0.285050239E-12
    0.330757627E-12
    0.384744122E-12
    0.450179426E-12
    0.526864451E-12
    0.621852255E-12
    0.732784414E-12
    0.863703858E-12
    0.102534420E-11
    0.121306397E-11
    0.144295113E-11
    0.171692769E-11
    0.203975633E-11
    0.243836985E-11
    0.290639308E-11
    0.346840910E-11
    0.414681660E-11
    0.494637765E-11
    0.592446233E-11
    0.708554012E-11
    0.846555414E-11
    0.101299304E-10
    0.121017100E-10
    0.144824955E-10
    0.173259592E-10
    0.206949596E-10
    0.247313310E-10
    0.295328968E-10
    0.352733677E-10
    0.421247958E-10
    0.502483244E-10
    0.599159028E-10
    0.714113943E-10
    0.850919648E-10
    0.101335423E-09
    0.120607278E-09
    0.143436707E-09
    0.170492017E-09
    0.202596226E-09
    0.240539221E-09
    0.285449525E-09
    0.338530834E-09
    0.401145984E-09
    0.475229949E-09
    0.562489215E-09
    0.665370050E-09
    0.786705190E-09
    0.929297365E-09
    0.109732441E-08
    0.129476772E-08
    0.152657491E-08
    0.179915850E-08
    0.211858426E-08
    0.249334114E-08
    0.293260759E-08
    0.344647441E-08
    0.404850283E-08
    0.475216368E-08
    0.557441020E-08
    0.653520567E-08
    0.765581696E-08
    0.896350554E-08
    0.104877530E-07
    0.122625816E-07
    0.143293432E-07
    0.167328730E-07
    0.195273338E-07
    0.227743072E-07
    0.265431147E-07
    0.309163118E-07
    0.359867658E-07
    0.418617752E-07
    0.486654371E-07
    0.565379295E-07
    0.656418221E-07
    0.761633667E-07
    0.883149712E-07
    0.102339991E-06
    0.118516922E-06
    0.137162746E-06
    0.158641205E-06
    0.183367551E-06
    0.211811657E-06
    0.244513607E-06
    0.282084813E-06
    0.325221164E-06
    0.374719221E-06
    0.431474689E-06
    0.496511396E-06
    0.570991296E-06
    0.656222890E-06
    0.753704078E-06
    0.865115828E-06
    0.992364391E-06
    0.113761453E-05
    0.130329165E-05
    0.149215461E-05
    0.170730587E-05
    0.195223337E-05
    0.223089220E-05
    0.254770350E-05
    0.290765816E-05
    0.331637170E-05
    0.378012307E-05
    0.430599727E-05
    0.490191217E-05
    0.557673934E-05
    0.634044478E-05
    0.720413763E-05
    0.818027549E-05
    0.928276854E-05
    0.105271176E-04
    0.119306664E-04
    0.135127113E-04
    0.152947619E-04
    0.173007797E-04
    0.195573673E-04
    0.220941350E-04
    0.249439617E-04
    0.281433111E-04
    0.317326598E-04
    0.357568044E-04
    0.402653610E-04
    0.453132427E-04
    0.509611257E-04
    0.572760482E-04
    0.643319906E-04
    0.722105124E-04
    0.810015315E-04
    0.908040460E-04
    0.101726954E-03
    0.113889986E-03
    0.127424627E-03
    0.142475185E-03
    0.159199972E-03
    0.177772407E-03
    0.198382351E-03
    0.221237536E-03
    0.246564938E-03
    0.274612547E-03
    0.305650954E-03
    0.339975103E-03
    0.377906406E-03
    0.419794600E-03
    0.466020068E-03
    0.516996264E-03
    0.573171839E-03
    0.635033624E-03
    0.703109169E-03
    0.777969621E-03
    0.860233165E-03
    0.950567771E-03
    0.104969486E-02
    0.115839298E-02
    0.127750112E-02
    0.140792324E-02
    0.155063195E-02
    0.170667267E-02
    0.187716861E-02
    0.206332467E-02
    0.226643276E-02
    0.248787680E-02
    0.272913711E-02
    0.299179663E-02
    0.327754555E-02
    0.358818707E-02
    0.392564371E-02
    0.429196186E-02
    0.468931872E-02
    0.512002784E-02
    0.558654476E-02
    0.609147414E-02
    0.663757476E-02
    0.722776589E-02
    0.786513397E-02
    0.855293724E-02
    0.929461317E-02
    0.100937833E-01
    0.109542585E-01
    0.118800456E-01
    0.128753509E-01
    0.139445860E-01
    0.150923728E-01
    0.163235455E-01
    0.176431568E-01
    0.190564789E-01
    0.205690069E-01
    0.221864617E-01
    0.239147893E-01
    0.257601628E-01
    0.277289819E-01
    0.298278707E-01
    0.320636774E-01
    0.344434702E-01
    0.369745326E-01
    0.396643600E-01
    0.425206506E-01
    0.455513005E-01
    0.487643933E-01
    0.521681893E-01
    0.557711149E-01
    0.595817483E-01
    0.636088050E-01
    0.678611226E-01
    0.723476407E-01
    0.770773833E-01
    0.820594358E-01
    0.873029231E-01
    0.928169849E-01
    0.986107493E-01
    0.104693304E+00
    0.111073667E+00
    0.117760754E+00
    0.124763348E+00
    0.132090063E+00
    0.139749307E+00
    0.147749244E+00
    0.156097755E+00
    0.164802402E+00
    0.173870378E+00
    0.183308472E+00
    0.193123020E+00
    0.203319862E+00
    0.213904297E+00
    0.224881039E+00
    0.236254167E+00
    0.248027081E+00
    0.260202455E+00
    0.272782189E+00
    0.285767370E+00
    0.299158221E+00
    0.312954057E+00
    0.327153247E+00
    0.341753164E+00
    0.356750157E+00
    0.372139507E+00
    0.387915389E+00
    0.404070843E+00
    0.420597744E+00
    0.437486771E+00
    0.454727390E+00
    0.472307828E+00
    0.490215055E+00
    0.508434777E+00
    0.526951425E+00
    0.545748149E+00
    0.564806827E+00
    0.584108057E+00
    0.603631179E+00
    0.623354289E+00
    0.643254256E+00
    0.663306754E+00
    0.683486288E+00
    0.703766235E+00
    0.724118889E+00
    0.744515505E+00
    0.764926359E+00
    0.785320805E+00
    0.805667331E+00
    0.825933648E+00
    0.846086750E+00
    0.866092999E+00
    0.885918217E+00
    0.905527756E+00
    0.924886613E+00
    0.943959521E+00
    0.962711033E+00
    0.981105663E+00
    0.999107947E+00
    0.101668258E+01
    0.103379454E+01
    0.105040916E+01
    0.106649227E+01
    0.108201031E+01
    0.109693041E+01
    0.111122058E+01
    0.112484972E+01
    0.113778781E+01
    0.115000600E+01
    0.116147666E+01
    0.117217357E+01
    0.118207197E+01
    0.119114863E+01
    0.119938201E+01
    0.120675227E+01
    0.121324137E+01
    0.121883321E+01
    0.122351357E+01
    0.122727028E+01
    0.123009322E+01
    0.123197435E+01
    0.123290782E+01
    0.123288989E+01
    0.123191904E+01
    0.122999595E+01
    0.122712348E+01
    0.122330673E+01
    0.121855294E+01
    0.121287152E+01
    0.120627405E+01
    0.119877416E+01
    0.119038756E+01
    0.118113193E+01
    0.117102688E+01
    0.116009392E+01
    0.114835630E+01
    0.113583900E+01
    0.112256862E+01
    0.110857326E+01
    0.109388245E+01
    0.107852706E+01
    0.106253913E+01
    0.104595182E+01
    0.102879927E+01
    0.101111649E+01
    0.992939207E+00
    0.974303797E+00
    0.955247128E+00
    0.935806439E+00
    0.916019234E+00
    0.895923145E+00
    0.875555827E+00
    0.854954825E+00
    0.834157467E+00
    0.813200756E+00
    0.792121248E+00
    0.770954964E+00
    0.749737277E+00
    0.728502811E+00
    0.707285379E+00
    0.686117859E+00
    0.665032138E+00
    0.644059044E+00
    0.623228242E+00
    0.602568227E+00
    0.582106222E+00
    0.561868141E+00
    0.541878573E+00
    0.522160701E+00
    0.502736314E+00
    0.483625771E+00
    0.464847959E+00
    0.446420331E+00
    0.428358857E+00
    0.410678050E+00
    0.393390984E+00
    0.376509264E+00
    0.360043093E+00
    0.344001266E+00
    0.328391201E+00
    0.313218992E+00
    0.298489415E+00
    0.284205982E+00
    0.270370994E+00
    0.256985566E+00
    0.244049699E+00
    0.231562312E+00
    0.219521303E+00
    0.207923607E+00
    0.196765244E+00
    0.186041387E+00
    0.175746411E+00
    0.165873950E+00
    0.156416962E+00
    0.147367783E+00
    0.138718187E+00
    0.130459436E+00
    0.122582345E+00
    0.115077329E+00
    0.107934458E+00
    0.101143515E+00
    0.946940335E-01
    0.885753544E-01
    0.827766728E-01
    0.772870718E-01
    0.720955789E-01
    0.671911915E-01
    0.625629201E-01
    0.581998284E-01
    0.540910521E-01
    0.502258419E-01
    0.465935846E-01
    0.431838253E-01
    0.399863014E-01
    0.369909506E-01
    0.341879359E-01
    0.315676623E-01
    0.291207849E-01
    0.268382293E-01
    0.247111959E-01
    0.227311681E-01
    0.208899224E-01
    0.191795290E-01
    0.175923581E-01
    0.161210813E-01
    0.147586701E-01
    0.134983967E-01
    0.123338311E-01
    0.112588391E-01
    0.102675771E-01
    0.935448840E-02
    0.851429592E-02
    0.774199694E-02
    0.703285660E-02
    0.638239873E-02
    0.578640013E-02
    0.524088076E-02
    0.474209498E-02
    0.428652492E-02
    0.387086877E-02
    0.349203386E-02
    0.314712731E-02
    0.283344542E-02
    0.254846720E-02
    0.228984332E-02
    0.205538815E-02
    0.184307193E-02
    0.165101066E-02
    0.147745938E-02
    0.132080353E-02
    0.117955086E-02
    0.105232498E-02
    0.937857083E-03
    0.834979685E-03
    0.742619828E-03
    0.659792465E-03
    0.585594867E-03
    0.519200511E-03
    0.459853811E-03
    0.406864838E-03
    0.359604484E-03
    0.317499797E-03
    0.280029659E-03
    0.246720812E-03
    0.217143835E-03
    0.190909744E-03
    0.167666575E-03
    0.147096143E-03
    0.128911494E-03
    0.112853802E-03
    0.986901631E-04
    0.862112101E-04
    0.752288064E-04
    0.655744137E-04
    0.570969919E-04
    0.496614354E-04
    0.431471343E-04
    0.374463444E-04
    0.324631679E-04
    0.281122359E-04
    0.243176289E-04
    0.210120287E-04
    0.181356823E-04
    0.156357221E-04
    0.134654045E-04
    0.115834152E-04
    0.995334143E-05
    0.854308608E-05
    0.732442059E-05
    0.627253809E-05
    0.536566669E-05
    0.458472491E-05
    0.391300524E-05
    0.333591622E-05
    0.284070093E-05
    0.241624282E-05
    0.205286252E-05
    0.174212888E-05
    0.147673719E-05
    0.125033603E-05
    0.105742123E-05
    0.893241581E-06
    0.753675471E-06
    0.635179437E-06
    0.534693384E-06
    0.449577632E-06
    0.377570919E-06
    0.316725661E-06
    0.265373214E-06
    0.222086987E-06
    0.185641229E-06
    0.154993212E-06
    0.129251963E-06
    0.107657808E-06
    0.895652066E-07
    0.744243673E-07
    0.617693484E-07
    0.512049726E-07
    0.423968177E-07
    0.350616686E-07
    0.289604436E-07
    0.238921943E-07
    0.196870321E-07
    0.162024360E-07
    0.133186220E-07
    0.109345390E-07
    0.896644808E-08
    0.734371474E-08
    0.600722846E-08
    0.490811760E-08
    0.400500501E-08
    0.326404973E-08
    0.265695503E-08
    0.216001459E-08
    0.175391684E-08
    0.142236599E-08
    0.115207722E-08
    0.932044405E-09
    0.753053301E-09
    0.607705864E-09
    0.489761713E-09
    0.394217402E-09
    0.316938335E-09
    0.254437680E-09
    0.204038712E-09
    0.163392837E-09
    0.130690724E-09
    0.104429787E-09
    0.833160734E-10
    0.664032856E-10
    0.528480728E-10
    0.420005934E-10
    0.333448928E-10
    0.264280771E-10
    0.209238138E-10
    0.165428070E-10
    0.130644014E-10
    0.103062065E-10
    0.811600265E-11
    0.639026399E-11
    0.501884255E-11
    0.393985867E-11
    0.308825950E-11
    0.241153782E-11
    0.188615292E-11
    0.146995779E-11
    0.114477345E-11
    0.893262996E-12
    0.692895156E-12
    0.538873592E-12
    0.418387673E-12
    0.323610561E-12
    0.251004125E-12
    0.193858904E-12
    0.149213369E-12
    0.114732808E-12
    0.882856259E-13
    0.677303020E-13
    0.521075125E-13
    0.403971316E-13
    0.306495926E-13
    0.238167101E-13
    0.182253702E-13
    0.136962868E-13
    0.106693026E-13
    0.799860296E-14
    0.604393240E-14
    0.470930656E-14
    0.339788432E-14
    0.261121136E-14
    0.205206191E-14
    0.152986364E-14
    0.119038373E-14
    0.912960015E-15
    0.648145773E-15
    0.507389590E-15
    0.401072920E-15
    0.286294608E-15
    0.241035903E-15
    0.200072177E-15
    0.123583737E-15
    0.113431637E-15
    0.922812258E-16
    0.611392433E-16
    0.780747063E-16
    0.668108880E-16
    0.469241505E-16
    0.543044231E-16
    0.361062049E-16
    0.532179169E-16
    0.485128983E-16
    0.282208569E-16
    0.355429336E-16
    0.298835271E-16
    0.515277216E-16
    0.389981829E-16
    0.286688910E-16
    0.392317020E-16
    0.352744686E-16
    0.370893349E-16
    0.287204647E-16
    0.289340735E-16
    0.361287083E-16
    0.388076936E-16
    0.469222238E-16
    0.416679086E-16
    0.400919339E-16
    0.281467882E-16
    0.394229668E-16
    0.259915456E-16
    0.347967739E-16
    0.312160888E-16
    0.304924452E-16
    0.405962915E-16
    0.363617998E-16
    0.378780235E-16
    0.426895494E-16
    0.271826268E-16
    0.310846848E-16
    0.331062055E-16
    0.420240673E-16
    0.292512745E-16
    0.367933173E-16
    0.326006263E-16
    0.447499763E-16
    0.280443407E-16
    0.283781266E-16
    0.305857089E-16
    0.332434669E-16
    0.325894247E-16
    0.297411632E-16
    0.418419399E-16
    0.477291518E-16
    0.359624531E-16
    0.338059036E-16
    0.322782524E-16
    0.413897977E-16
    0.244554372E-16
    0.292728149E-16
    0.299298982E-16
    0.371080440E-16
    0.354846813E-16
    0.366852312E-16
    0.397042345E-16
    0.434103425E-16
    0.328565052E-16
    0.309896617E-16
    0.371571451E-16
    0.400482884E-16
    0.388257134E-16
    0.307753760E-16
    0.320935493E-16
    0.404877279E-16
    0.372356069E-16
    0.384575868E-16
    0.230066317E-16
    0.437667108E-16
    0.324950785E-16
    0.402645715E-16
    0.435503540E-16
    0.417578976E-16
    0.399663396E-16
    0.314535498E-16
    0.392511979E-16
    0.389517746E-16
    0.370064356E-16
    0.367948179E-16
    0.318233608E-16
    0.317169961E-16
    0.464346117E-16
    0.543011653E-16
    0.245411269E-16
    0.473202394E-16
    0.334114563E-16
    0.389324833E-16
    0.450617373E-16
    0.361560585E-16
    0.458733020E-16
    0.335112002E-16
    0.409859622E-16
    0.371170395E-16
    0.433208888E-16
    0.429632009E-16
    0.407889761E-16
    0.319817381E-16
    0.336095839E-16
    0.614147062E-16
    0.309206122E-16
    0.433853068E-16
    0.478547575E-16
    0.364522775E-16
    0.429370298E-16
    0.348190815E-16
    0.455377615E-16
    0.372122226E-16
    0.465440178E-16
    0.363423617E-16
    0.422467329E-16
    0.449250757E-16
    0.445376112E-16
    0.457997597E-16
    0.321055741E-16
    0.505411598E-16
    0.391820545E-16
    0.324682023E-16
    0.461330382E-16
    0.455884252E-16
    0.453764476E-16
    0.418394140E-16
    0.454721969E-16
    0.347701382E-16
    0.467941756E-16
    0.424160055E-16
    0.397696335E-16
    0.397995141E-16
    0.355653526E-16
    0.464305388E-16
    0.387961804E-16
    0.489860607E-16
    0.480184660E-16
    0.469383290E-16
    0.381368462E-16
    0.412618556E-16
    0.401665082E-16
    0.364243770E-16
    0.512315398E-16
    0.385121938E-16
    0.271795119E-16
    0.459011829E-16
    0.422068072E-16
    0.477267939E-16
    0.461430325E-16
    0.475427178E-16
    0.447513919E-16
    0.360146166E-16
    0.324841521E-16
    0.629217712E-16
    0.379827767E-16
    0.390279573E-16
    0.316093192E-16
    0.401175585E-16
    0.437708247E-16
    0.419456948E-16
    0.448314575E-16
    0.410167469E-16
    0.422786636E-16
    0.509118133E-16
    0.374645708E-16
    0.554777950E-16
    0.381794279E-16
    0.484542130E-16
    0.384873372E-16
    0.403619995E-16
    0.364083659E-16
    0.371403306E-16
    0.314360874E-16
    0.510302125E-16
    0.493503474E-16
    0.394855166E-16
    0.434862401E-16
    0.384038177E-16
    0.572011269E-16
    0.497027572E-16
    0.418394242E-16
    0.310915292E-16
    0.368541027E-16
    0.427714114E-16
    0.327584126E-16
    0.422235946E-16
    0.411869740E-16
    0.439144793E-16
    0.428223950E-16
    0.378654042E-16
    0.594222754E-16
    0.323837773E-16
    0.402240141E-16
    0.345141061E-16
    0.527747647E-16
    0.345904406E-16
    0.327081778E-16
    0.333729861E-16
    0.466366705E-16
    0.478752406E-16
    0.424657540E-16
    0.467209578E-16
    0.395866819E-16
    0.499307986E-16
    0.322444872E-16
    0.473311115E-16
    0.396184071E-16
    0.348449420E-16
    0.409949386E-16
    0.336694761E-16
    0.654221842E-16
    0.474675767E-16
    0.457466828E-16
    0.537166283E-16
    0.669448366E-16
    0.609659857E-16
    0.483224729E-16
    0.634397588E-16
    0.393583591E-16
    0.780170628E-16
    0.537773134E-16
    0.542108589E-16
    0.609588911E-16
    0.552749773E-16
    0.609346218E-16
    0.479449007E-16
    0.594309235E-16
    0.513104375E-16
    0.606108135E-16
    0.502343628E-16
    0.482985267E-16
    0.680388191E-16
    0.486853437E-16
    0.390231575E-16
    0.405473920E-16
    0.644618475E-16
    0.461043312E-16
    0.337814722E-16
    0.547199834E-16
    0.412045379E-16
    0.384205841E-16
    0.420381249E-16
    0.406347920E-16
    0.237145525E-16
    0.434806077E-16
    0.395735343E-16
    0.331836216E-16
    0.320225575E-16
    0.277640990E-16
    0.244181317E-16
    0.272159627E-16
    0.356741193E-16
    0.205864778E-16
    0.222038117E-16
    0.254246511E-16
    0.353108523E-16
    0.216777988E-16
    0.188343996E-16
    0.199352365E-16
    0.172260887E-16
    0.278291544E-16
    0.245857695E-16
    0.200747934E-16
    0.150852038E-16
    0.236889584E-16
    0.217804072E-16
    0.263908327E-16
    0.205795904E-16
    0.127665903E-16
    0.209950591E-16
    0.250250617E-16
    0.259609268E-16
    0.188905187E-16
    0.170476723E-16
    0.157592621E-16
    0.283399540E-16
    0.249693404E-16
    0.182717054E-16
    0.174857928E-16
    0.187234192E-16
    0.263986548E-16
    0.266419053E-16
    0.200881913E-16
    0.142375222E-16
    0.240712709E-16
    0.222977192E-16
    0.272693783E-16
    0.215984985E-16
    0.143474178E-16
    0.216622787E-16
    0.274692323E-16
    0.251743128E-16
    0.207843018E-16
    0.202530196E-16
    0.171475718E-16
    0.311096050E-16
    0.256955039E-16
    0.199224706E-16
    0.195922332E-16
    0.217774520E-16
    0.267555619E-16
    0.289202102E-16
    0.219835787E-16
    0.155343480E-16
    0.279461985E-16
    0.265759605E-16
    0.273089024E-16
    0.233337037E-16
    0.203830600E-16
    0.239018356E-16
    0.305553894E-16
    0.280035980E-16
    0.211344610E-16
    0.252474351E-16
    0.229856785E-16
    0.320702785E-16
    0.296988153E-16
    0.238890081E-16
    0.202345774E-16
    0.307237139E-16
    0.323651835E-16
    0.263740266E-16
    0.279385355E-16
    0.219891987E-16
    0.310350104E-16
    0.295550134E-16
    0.348506338E-16
    0.219696377E-16
    0.306710337E-16
    0.249451921E-16
    0.372111152E-16
    0.273979106E-16
    0.323877587E-16
    0.219476243E-16
    0.360802208E-16
    0.294733606E-16
    0.335368177E-16
