 #tdnd tdcion
    0.278333221E-16
    0.394647542E-16
    0.266282739E-16
    0.326608095E-16
    0.334596650E-16
    0.305241209E-16
    0.394643633E-16
    0.237875549E-16
    0.330004589E-16
    0.280740327E-16
    0.432654433E-16
    0.289806713E-16
    0.315183625E-16
    0.278927607E-16
    0.320471700E-16
    0.284508465E-16
    0.385506514E-16
    0.298544035E-16
    0.270547167E-16
    0.297061809E-16
    0.276952202E-16
    0.339871691E-16
    0.305792640E-16
    0.343635229E-16
    0.260359203E-16
    0.319160208E-16
    0.268646523E-16
    0.328218844E-16
    0.311486959E-16
    0.350933323E-16
    0.218849370E-16
    0.324461902E-16
    0.251696920E-16
    0.289574170E-16
    0.335458693E-16
    0.347409054E-16
    0.210022169E-16
    0.309928094E-16
    0.291434157E-16
    0.313641113E-16
    0.303570138E-16
    0.339143992E-16
    0.243679939E-16
    0.270804711E-16
    0.352138660E-16
    0.350469003E-16
    0.247879930E-16
    0.326672318E-16
    0.262207701E-16
    0.235085968E-16
    0.372139786E-16
    0.359751702E-16
    0.266960583E-16
    0.317604129E-16
    0.267703767E-16
    0.254245644E-16
    0.317812224E-16
    0.375458858E-16
    0.299108719E-16
    0.272522223E-16
    0.315184829E-16
    0.286992193E-16
    0.266720038E-16
    0.381926233E-16
    0.285339327E-16
    0.240890765E-16
    0.316532039E-16
    0.324976459E-16
    0.271600495E-16
    0.382553775E-16
    0.250975082E-16
    0.218031497E-16
    0.280495372E-16
    0.388345656E-16
    0.296145164E-16
    0.348870543E-16
    0.279323173E-16
    0.240577814E-16
    0.223319190E-16
    0.433388562E-16
    0.277898823E-16
    0.311505021E-16
    0.302443512E-16
    0.287930270E-16
    0.218439493E-16
    0.417744750E-16
    0.234981920E-16
    0.255238857E-16
    0.276840837E-16
    0.365864120E-16
    0.270041665E-16
    0.392293990E-16
    0.254364476E-16
    0.239406774E-16
    0.199398069E-16
    0.383354317E-16
    0.282930874E-16
    0.304777189E-16
    0.287142748E-16
    0.295997654E-16
    0.200560779E-16
    0.367929113E-16
    0.280537148E-16
    0.246265843E-16
    0.254294835E-16
    0.334879608E-16
    0.268025489E-16
    0.292364628E-16
    0.259870098E-16
    0.246871258E-16
    0.189240119E-16
    0.332801646E-16
    0.385416462E-16
    0.259412531E-16
    0.248273294E-16
    0.307361374E-16
    0.173089852E-16
    0.259310081E-16
    0.385146500E-16
    0.228272016E-16
    0.226957338E-16
    0.340658847E-16
    0.280615385E-16
    0.252014011E-16
    0.330295945E-16
    0.253496385E-16
    0.174925878E-16
    0.267336368E-16
    0.375388607E-16
    0.288701456E-16
    0.252494435E-16
    0.279089010E-16
    0.196697344E-16
    0.204507299E-16
    0.384409838E-16
    0.336090024E-16
    0.195333317E-16
    0.277754822E-16
    0.251941390E-16
    0.227256027E-16
    0.306204837E-16
    0.313836919E-16
    0.195723460E-16
    0.243937264E-16
    0.299302520E-16
    0.338719190E-16
    0.247555770E-16
    0.291424225E-16
    0.236929125E-16
    0.200270727E-16
    0.273592828E-16
    0.380854092E-16
    0.246787882E-16
    0.265895114E-16
    0.274535800E-16
    0.230046886E-16
    0.248009322E-16
    0.333666978E-16
    0.271849643E-16
    0.219266536E-16
    0.276069123E-16
    0.285353523E-16
    0.268286921E-16
    0.247836317E-16
    0.300383429E-16
    0.195693612E-16
    0.247934878E-16
    0.307883094E-16
    0.296468560E-16
    0.209401564E-16
    0.331733740E-16
    0.206774289E-16
    0.250654143E-16
    0.267630561E-16
    0.287000246E-16
    0.229536672E-16
    0.298481922E-16
    0.234965405E-16
    0.299157580E-16
    0.248800543E-16
    0.260342539E-16
    0.249499695E-16
    0.240616904E-16
    0.244853397E-16
    0.309941441E-16
    0.249383563E-16
    0.251093129E-16
    0.292657825E-16
    0.217479199E-16
    0.263932736E-16
    0.264798721E-16
    0.237654436E-16
    0.270407344E-16
    0.291980778E-16
    0.228267568E-16
    0.300508700E-16
    0.235848122E-16
    0.239273021E-16
    0.252561152E-16
    0.259098838E-16
    0.242580213E-16
    0.296119841E-16
    0.268754275E-16
    0.262584011E-16
    0.256466789E-16
    0.244589198E-16
    0.259217043E-16
    0.229481717E-16
    0.255731657E-16
    0.286118604E-16
    0.267159605E-16
    0.267308689E-16
    0.295825203E-16
    0.174620347E-16
    0.250652549E-16
    0.281430750E-16
    0.280204365E-16
    0.262109212E-16
    0.284252056E-16
    0.244603073E-16
    0.263548049E-16
    0.243354349E-16
    0.281803873E-16
    0.236111766E-16
    0.211209880E-16
    0.285704980E-16
    0.292665538E-16
    0.263170864E-16
    0.307519588E-16
    0.240039869E-16
    0.152261692E-16
    0.283056127E-16
    0.273426960E-16
    0.299672381E-16
    0.302556729E-16
    0.232905275E-16
    0.194746040E-16
    0.264224294E-16
    0.246388130E-16
    0.331285674E-16
    0.248806214E-16
    0.210001653E-16
    0.284032715E-16
    0.292062654E-16
    0.257872558E-16
    0.313115025E-16
    0.202197866E-16
    0.192853546E-16
    0.295612326E-16
    0.264804283E-16
    0.321377037E-16
    0.312629727E-16
    0.176360951E-16
    0.215401701E-16
    0.267399121E-16
    0.237438952E-16
    0.356266960E-16
    0.287813705E-16
    0.188424597E-16
    0.259245237E-16
    0.271862963E-16
    0.263017130E-16
    0.298830925E-16
    0.244429869E-16
    0.231931250E-16
    0.284113196E-16
    0.259620623E-16
    0.336440654E-16
    0.260411038E-16
    0.190341850E-16
    0.273087481E-16
    0.274375823E-16
    0.224402057E-16
    0.368142701E-16
    0.276204135E-16
    0.176246247E-16
    0.261076484E-16
    0.280506479E-16
    0.258871222E-16
    0.293017523E-16
    0.289797139E-16
    0.239842989E-16
    0.240988260E-16
    0.262465395E-16
    0.346326780E-16
    0.212710458E-16
    0.234579542E-16
    0.324607903E-16
    0.267029000E-16
    0.221983518E-16
    0.364618394E-16
    0.223607913E-16
    0.185150045E-16
    0.306428212E-16
    0.304682030E-16
    0.259313317E-16
    0.292753875E-16
    0.276006434E-16
    0.225400114E-16
    0.228418818E-16
    0.288531074E-16
    0.348117434E-16
    0.210395171E-16
    0.258786356E-16
    0.343578607E-16
    0.239683031E-16
    0.230837681E-16
    0.358745918E-16
    0.202092032E-16
    0.209848830E-16
    0.355858825E-16
    0.318901483E-16
    0.258946872E-16
    0.287049366E-16
    0.245701809E-16
    0.222664036E-16
    0.255374153E-16
    0.328535491E-16
    0.331146728E-16
    0.243037326E-16
    0.266926115E-16
    0.321918283E-16
    0.223421771E-16
    0.261865489E-16
    0.342179362E-16
    0.236748185E-16
    0.243682306E-16
    0.362143922E-16
    0.310057601E-16
    0.249554231E-16
    0.290497376E-16
    0.247864752E-16
    0.241505448E-16
    0.281521944E-16
    0.355860496E-16
    0.287054659E-16
    0.289145003E-16
    0.269098097E-16
    0.291128084E-16
    0.224444857E-16
    0.299968663E-16
    0.300357816E-16
    0.300869358E-16
    0.266149656E-16
    0.336822820E-16
    0.287059903E-16
    0.243837538E-16
    0.286701985E-16
    0.281747178E-16
    0.255630388E-16
    0.289846883E-16
    0.349403300E-16
    0.242184046E-16
    0.316075461E-16
    0.286311454E-16
    0.267149733E-16
    0.230634748E-16
    0.305396852E-16
    0.250518570E-16
    0.342403933E-16
    0.298165247E-16
    0.301109668E-16
    0.267429120E-16
    0.237047937E-16
    0.259140675E-16
    0.311554710E-16
    0.272179276E-16
    0.288187265E-16
    0.321208505E-16
    0.229241561E-16
    0.299880408E-16
    0.321672652E-16
    0.248370395E-16
    0.230783737E-16
    0.283741441E-16
    0.228345670E-16
    0.335336684E-16
    0.360016383E-16
    0.264806256E-16
    0.251992260E-16
    0.229049413E-16
    0.230229041E-16
    0.317194782E-16
    0.313673464E-16
    0.283130987E-16
    0.295744768E-16
    0.241832033E-16
    0.267335016E-16
    0.341207891E-16
    0.238963717E-16
    0.238144508E-16
    0.262340723E-16
    0.244873952E-16
    0.311428530E-16
    0.416287877E-16
    0.235350609E-16
    0.241552793E-16
    0.226437346E-16
    0.236393626E-16
    0.301115921E-16
    0.362842378E-16
    0.290584083E-16
    0.269401499E-16
    0.260425759E-16
    0.260109248E-16
    0.321394813E-16
    0.248090281E-16
    0.263848408E-16
    0.257287296E-16
    0.280266626E-16
    0.303810210E-16
    0.418239824E-16
    0.225607652E-16
    0.242511731E-16
    0.245848316E-16
    0.265972056E-16
    0.298705009E-16
    0.373391383E-16
    0.299276070E-16
    0.256540789E-16
    0.279205544E-16
    0.278606163E-16
    0.299783087E-16
    0.265873796E-16
    0.286298011E-16
    0.273474490E-16
    0.299102300E-16
    0.321951376E-16
    0.374448867E-16
    0.251129825E-16
    0.254328296E-16
    0.267043855E-16
    0.288861018E-16
    0.317093804E-16
    0.354723003E-16
    0.319663324E-16
    0.248872096E-16
    0.291608805E-16
    0.285619525E-16
    0.300387863E-16
    0.306512397E-16
    0.303495252E-16
    0.270208261E-16
    0.311299097E-16
    0.315500441E-16
    0.336048346E-16
    0.320478512E-16
    0.256859133E-16
    0.283141826E-16
    0.284855986E-16
    0.331646443E-16
    0.335532254E-16
    0.341097501E-16
    0.247369441E-16
    0.315178400E-16
    0.262670947E-16
    0.323408285E-16
    0.337087724E-16
    0.284856245E-16
    0.286905610E-16
    0.315208766E-16
    0.310098141E-16
    0.305139473E-16
    0.361955499E-16
    0.248495386E-16
    0.298509420E-16
    0.284384139E-16
    0.345632195E-16
    0.306750454E-16
    0.331347636E-16
    0.260710611E-16
    0.305582561E-16
    0.288907181E-16
    0.320374848E-16
    0.344514226E-16
    0.265935386E-16
    0.278937986E-16
    0.311032940E-16
    0.325512254E-16
    0.274891881E-16
    0.377697323E-16
    0.244673979E-16
    0.267750759E-16
    0.289429704E-16
    0.332959707E-16
    0.308616817E-16
    0.334104453E-16
    0.257899156E-16
    0.271668020E-16
    0.297300136E-16
    0.306182835E-16
    0.360041027E-16
    0.276571033E-16
    0.254994486E-16
    0.274307895E-16
    0.322667720E-16
    0.272838283E-16
    0.373900211E-16
    0.257240697E-16
    0.245295480E-16
    0.255144926E-16
    0.333906126E-16
    0.312304381E-16
    0.340540065E-16
    0.258738489E-16
    0.239701199E-16
    0.311815810E-16
    0.286457774E-16
    0.348262966E-16
    0.293394778E-16
    0.239834038E-16
    0.244511696E-16
    0.370078832E-16
    0.250563385E-16
    0.319511083E-16
    0.283704672E-16
    0.236411960E-16
    0.276990509E-16
    0.364454163E-16
    0.286194138E-16
    0.276084568E-16
    0.277304524E-16
    0.242700284E-16
    0.351371867E-16
    0.279768493E-16
    0.316248500E-16
    0.263126199E-16
    0.250103171E-16
    0.267826580E-16
    0.389956818E-16
    0.256291626E-16
    0.260202256E-16
    0.296273263E-16
    0.247271329E-16
    0.324313220E-16
    0.338329924E-16
    0.305148568E-16
    0.222172781E-16
    0.283590221E-16
    0.270215705E-16
    0.328302821E-16
    0.272446866E-16
    0.350671943E-16
    0.269946864E-16
    0.226622285E-16
    0.306887553E-16
    0.321541716E-16
    0.276744643E-16
    0.305277497E-16
    0.318660437E-16
    0.215598786E-16
    0.340669142E-16
    0.298156297E-16
    0.314781494E-16
    0.256461465E-16
    0.291577998E-16
    0.261438729E-16
    0.296511275E-16
    0.300427878E-16
    0.347951980E-16
    0.293730591E-16
    0.236443395E-16
    0.313322660E-16
    0.277642003E-16
    0.287613843E-16
    0.320460210E-16
    0.327162504E-16
    0.236813135E-16
    0.328890289E-16
    0.309604953E-16
    0.296365101E-16
    0.265394587E-16
    0.336198929E-16
    0.261706847E-16
    0.305757806E-16
    0.322055873E-16
    0.321172666E-16
    0.269054144E-16
    0.298159678E-16
    0.322003537E-16
    0.267129769E-16
    0.286745211E-16
    0.338155963E-16
    0.325353444E-16
    0.250219841E-16
    0.366000114E-16
    0.276180158E-16
    0.292824394E-16
    0.314824770E-16
    0.345258991E-16
    0.234516518E-16
    0.344341928E-16
    0.288584133E-16
    0.328764338E-16
    0.282127410E-16
    0.296252718E-16
    0.329846333E-16
    0.266270523E-16
    0.309360767E-16
    0.325679053E-16
    0.312478272E-16
    0.225659575E-16
    0.383720197E-16
    0.239593764E-16
    0.291872735E-16
    0.295346643E-16
    0.335246813E-16
    0.230463963E-16
    0.332119310E-16
    0.313551977E-16
    0.271608263E-16
    0.270899804E-16
    0.304027885E-16
    0.298437927E-16
    0.267322416E-16
    0.364465828E-16
    0.239693537E-16
    0.279269465E-16
    0.236766349E-16
    0.340521051E-16
    0.260477930E-16
    0.305374794E-16
    0.249762146E-16
    0.309220014E-16
    0.245031085E-16
    0.320431844E-16
    0.325773899E-16
    0.225189610E-16
    0.270085586E-16
    0.273991052E-16
    0.274710532E-16
    0.262373948E-16
    0.351363145E-16
    0.238406258E-16
    0.295958886E-16
    0.221112668E-16
    0.320975750E-16
    0.245590580E-16
    0.299620316E-16
    0.281639489E-16
    0.280467762E-16
    0.219272734E-16
    0.323072782E-16
    0.272372998E-16
    0.218251953E-16
    0.325074376E-16
    0.234711579E-16
    0.270467803E-16
    0.270016332E-16
    0.282200256E-16
    0.225451197E-16
    0.359213575E-16
    0.213357271E-16
    0.305292176E-16
    0.243304218E-16
    0.232285963E-16
    0.273574396E-16
    0.324912328E-16
    0.230262533E-16
    0.297457169E-16
    0.278392234E-16
    0.194804094E-16
    0.361343345E-16
    0.254792349E-16
    0.260752000E-16
    0.274978805E-16
    0.262880056E-16
    0.177504038E-16
    0.391815584E-16
    0.248724652E-16
    0.284442058E-16
    0.297985410E-16
    0.218019570E-16
    0.238847524E-16
    0.341325985E-16
    0.265685370E-16
    0.278959216E-16
    0.292805659E-16
    0.227075883E-16
    0.329922201E-16
    0.275389766E-16
    0.275070720E-16
    0.273353203E-16
    0.252810481E-16
    0.245644933E-16
    0.360703177E-16
    0.276657595E-16
    0.286031962E-16
    0.288124003E-16
    0.260907823E-16
    0.249866962E-16
    0.277401649E-16
    0.287704151E-16
    0.269978291E-16
    0.282258967E-16
    0.309061546E-16
    0.289116066E-16
    0.269449255E-16
    0.299991442E-16
    0.258498427E-16
    0.252875255E-16
    0.283530000E-16
    0.297624290E-16
    0.288150505E-16
    0.303364674E-16
    0.282070679E-16
    0.285667600E-16
    0.250151162E-16
    0.288856892E-16
    0.301533659E-16
    0.282111127E-16
    0.306019432E-16
    0.289205533E-16
    0.302285272E-16
    0.271475876E-16
    0.311168042E-16
    0.275442222E-16
    0.299047869E-16
    0.248341912E-16
    0.341997840E-16
    0.295217294E-16
    0.334564120E-16
    0.348220324E-16
    0.271874790E-16
    0.259423022E-16
    0.318262229E-16
    0.282357560E-16
    0.320577074E-16
    0.377521179E-16
    0.252196528E-16
    0.313939871E-16
    0.315576121E-16
    0.297841344E-16
    0.346480589E-16
    0.333774771E-16
    0.228934312E-16
    0.316811908E-16
    0.303092938E-16
    0.316279967E-16
    0.404384334E-16
    0.256961199E-16
    0.255210471E-16
    0.288393239E-16
    0.307455360E-16
    0.335857482E-16
    0.453135081E-16
    0.229542207E-16
    0.269800505E-16
    0.310808073E-16
    0.314576781E-16
    0.346224254E-16
    0.353578193E-16
    0.295994327E-16
    0.253463267E-16
    0.376055166E-16
    0.359685842E-16
    0.413262514E-16
    0.251535267E-16
    0.311483493E-16
    0.258596700E-16
    0.382824597E-16
    0.342329922E-16
    0.424930654E-16
    0.311434197E-16
    0.275061341E-16
    0.321369529E-16
    0.390800992E-16
    0.288110712E-16
    0.352263290E-16
    0.407168674E-16
    0.246226152E-16
    0.383371871E-16
    0.403647926E-16
    0.315227507E-16
    0.283972402E-16
    0.365035293E-16
    0.272466680E-16
    0.397716783E-16
    0.358365766E-16
    0.400827237E-16
    0.388196838E-16
    0.259458148E-16
    0.343835413E-16
    0.376496838E-16
    0.288375375E-16
    0.314087132E-16
    0.457285351E-16
    0.287422056E-16
    0.406872349E-16
    0.393786594E-16
    0.355265469E-16
    0.249750092E-16
    0.356382078E-16
    0.359263757E-16
    0.368188255E-16
    0.344017531E-16
    0.408689322E-16
    0.344140012E-16
    0.366012861E-16
    0.406473932E-16
    0.323481634E-16
    0.303622831E-16
    0.327741480E-16
    0.426420394E-16
    0.461346121E-16
    0.401632577E-16
    0.317368198E-16
    0.397157646E-16
    0.296408124E-16
    0.460844543E-16
    0.460154581E-16
    0.350282519E-16
    0.313862588E-16
    0.487585161E-16
    0.434217898E-16
    0.505419465E-16
    0.388994378E-16
    0.334534636E-16
    0.328328668E-16
    0.457492835E-16
    0.523824625E-16
    0.500325638E-16
    0.356204243E-16
    0.415839837E-16
    0.387931368E-16
    0.498353449E-16
    0.456991442E-16
    0.406288904E-16
    0.373060269E-16
    0.448395446E-16
    0.406308849E-16
    0.588633822E-16
    0.384972380E-16
    0.380576570E-16
    0.454032613E-16
    0.430916659E-16
    0.409334437E-16
    0.548979102E-16
    0.389241196E-16
    0.452349645E-16
    0.527568216E-16
    0.443801124E-16
    0.476796078E-16
    0.452074753E-16
    0.496371654E-16
    0.528374508E-16
    0.575301242E-16
    0.475746795E-16
    0.538541672E-16
    0.537277181E-16
    0.601220324E-16
    0.602475575E-16
    0.635807807E-16
    0.509283349E-16
    0.563022226E-16
    0.777817335E-16
    0.582523653E-16
    0.727955456E-16
    0.672987535E-16
    0.610752480E-16
    0.657192185E-16
    0.876436107E-16
    0.581808167E-16
    0.794774141E-16
    0.664566969E-16
    0.774064528E-16
    0.828572584E-16
    0.750246846E-16
    0.750710608E-16
    0.775339675E-16
    0.765417771E-16
    0.840568910E-16
    0.856434039E-16
    0.684447773E-16
    0.899278343E-16
    0.810235125E-16
    0.108335152E-15
    0.777419265E-16
    0.825859660E-16
    0.869404702E-16
    0.923736682E-16
    0.100076732E-15
    0.124763412E-15
    0.742072626E-16
    0.101567544E-15
    0.114345254E-15
    0.110859992E-15
    0.129480741E-15
    0.111009752E-15
    0.934854636E-16
    0.135522517E-15
    0.135261208E-15
    0.147229447E-15
    0.144562767E-15
    0.113950594E-15
    0.134235002E-15
    0.164977878E-15
    0.156330882E-15
    0.170124607E-15
    0.140431705E-15
    0.164033323E-15
    0.168684705E-15
    0.192803447E-15
    0.178437858E-15
    0.173076157E-15
    0.157534996E-15
    0.213743668E-15
    0.185854580E-15
    0.221426303E-15
    0.192348394E-15
    0.195393801E-15
    0.217861109E-15
    0.224247009E-15
    0.213012857E-15
    0.232118110E-15
    0.215058336E-15
    0.248968037E-15
    0.274614722E-15
    0.234649407E-15
    0.264105875E-15
    0.246539565E-15
    0.282493579E-15
    0.306009452E-15
    0.294837297E-15
    0.279399131E-15
    0.318247703E-15
    0.302265412E-15
    0.378865546E-15
    0.351065911E-15
    0.331952753E-15
    0.351403033E-15
    0.373193292E-15
    0.398503917E-15
    0.441963774E-15
    0.400528449E-15
    0.420854199E-15
    0.424856161E-15
    0.464205570E-15
    0.483746369E-15
    0.485736483E-15
    0.483673025E-15
    0.521559578E-15
    0.500730477E-15
    0.581558581E-15
    0.535931142E-15
    0.579447284E-15
    0.592361986E-15
    0.614633098E-15
    0.596721532E-15
    0.685623117E-15
    0.605375981E-15
    0.732930311E-15
    0.710304320E-15
    0.719815844E-15
    0.734118751E-15
    0.785174909E-15
    0.754279652E-15
    0.883640410E-15
    0.846666181E-15
    0.862274936E-15
    0.904160297E-15
    0.943347298E-15
    0.960874700E-15
    0.102100782E-14
    0.103657016E-14
    0.103973332E-14
    0.111158990E-14
    0.115495007E-14
    0.115895426E-14
    0.120810033E-14
    0.126317078E-14
    0.126296875E-14
    0.136001906E-14
    0.136955391E-14
    0.136566212E-14
    0.146138421E-14
    0.150529943E-14
    0.152568734E-14
    0.162064375E-14
    0.159381098E-14
    0.164204776E-14
    0.174055362E-14
    0.178901504E-14
    0.181640723E-14
    0.188871175E-14
    0.191066975E-14
    0.198218169E-14
    0.204004036E-14
    0.215602377E-14
    0.213120996E-14
    0.226652333E-14
    0.233777546E-14
    0.235891962E-14
    0.245214494E-14
    0.258353032E-14
    0.256107265E-14
    0.282217298E-14
    0.281145236E-14
    0.285985702E-14
    0.300512480E-14
    0.310211633E-14
    0.319825319E-14
    0.345457295E-14
    0.337925907E-14
    0.356049565E-14
    0.364531336E-14
    0.383605728E-14
    0.398386555E-14
    0.410964336E-14
    0.417503188E-14
    0.436880809E-14
    0.440846725E-14
    0.479364014E-14
    0.476679416E-14
    0.497486801E-14
    0.518735443E-14
    0.522801180E-14
    0.544612825E-14
    0.578116125E-14
    0.565463077E-14
    0.617217263E-14
    0.625284083E-14
    0.634068000E-14
    0.673688415E-14
    0.682916343E-14
    0.699831675E-14
    0.755154944E-14
    0.752013155E-14
    0.791239719E-14
    0.818234185E-14
    0.837856005E-14
    0.891085678E-14
    0.916555228E-14
    0.950640700E-14
    0.996508725E-14
    0.101799421E-13
    0.108857621E-13
    0.113595047E-13
    0.116738616E-13
    0.126130563E-13
    0.128159075E-13
    0.136513412E-13
    0.146146090E-13
    0.150318164E-13
    0.160833240E-13
    0.172756847E-13
    0.176910733E-13
    0.195993741E-13
    0.204597422E-13
    0.217565723E-13
    0.236607518E-13
    0.251929511E-13
    0.269359930E-13
    0.298053067E-13
    0.313360264E-13
    0.346889887E-13
    0.374702153E-13
    0.409267529E-13
    0.450009016E-13
    0.495404647E-13
    0.541034466E-13
    0.607090811E-13
    0.662609580E-13
    0.749168355E-13
    0.831116772E-13
    0.932149818E-13
    0.105086914E-12
    0.118511710E-12
    0.133413841E-12
    0.153467411E-12
    0.172613099E-12
    0.198813977E-12
    0.227860117E-12
    0.260693065E-12
    0.301801326E-12
    0.349179405E-12
    0.401987748E-12
    0.470479679E-12
    0.545581244E-12
    0.635676594E-12
    0.746366550E-12
    0.870144110E-12
    0.102147367E-11
    0.120296771E-11
    0.141131078E-11
    0.166454937E-11
    0.196527799E-11
    0.231294432E-11
    0.274048663E-11
    0.323866808E-11
    0.383191805E-11
    0.454136709E-11
    0.537828937E-11
    0.637047677E-11
    0.756472706E-11
    0.896395292E-11
    0.106427492E-10
    0.126253035E-10
    0.149781485E-10
    0.177743054E-10
    0.210981357E-10
    0.250256816E-10
    0.297060842E-10
    0.352190990E-10
    0.417738680E-10
    0.495263617E-10
    0.587056442E-10
    0.695667111E-10
    0.824134750E-10
    0.975602653E-10
    0.115499258E-09
    0.136635891E-09
    0.161601175E-09
    0.191056644E-09
    0.225731012E-09
    0.266585688E-09
    0.314710868E-09
    0.371278827E-09
    0.437856874E-09
    0.516105147E-09
    0.607912940E-09
    0.715787342E-09
    0.842271581E-09
    0.990543507E-09
    0.116435886E-08
    0.136784577E-08
    0.160588506E-08
    0.188449125E-08
    0.220990598E-08
    0.259013015E-08
    0.303407516E-08
    0.355187690E-08
    0.415563215E-08
    0.485935971E-08
    0.567844730E-08
    0.663201682E-08
    0.774100457E-08
    0.902991043E-08
    0.105273738E-07
    0.122657694E-07
    0.142821794E-07
    0.166207059E-07
    0.193300706E-07
    0.224678126E-07
    0.260993864E-07
    0.302992261E-07
    0.351535840E-07
    0.407615634E-07
    0.472352107E-07
    0.547047284E-07
    0.633169123E-07
    0.732401618E-07
    0.846679543E-07
    0.978194397E-07
    0.112946323E-06
    0.130334079E-06
    0.150306961E-06
    0.173236309E-06
    0.199543163E-06
    0.229705651E-06
    0.264270659E-06
    0.303851400E-06
    0.349149775E-06
    0.400960503E-06
    0.460179723E-06
    0.527828833E-06
    0.605060317E-06
    0.693168660E-06
    0.793632986E-06
    0.908108865E-06
    0.103846678E-05
    0.118682846E-05
    0.135556463E-05
    0.154735133E-05
    0.176521637E-05
    0.201253116E-05
    0.229311139E-05
    0.261124003E-05
    0.297169366E-05
    0.337986318E-05
    0.384177987E-05
    0.436416310E-05
    0.495458863E-05
    0.562148705E-05
    0.637426584E-05
    0.722348706E-05
    0.818087294E-05
    0.925950296E-05
    0.104740029E-04
    0.118405794E-04
    0.133772992E-04
    0.151042893E-04
    0.170438055E-04
    0.192206367E-04
    0.216622832E-04
    0.243991487E-04
    0.274650026E-04
    0.308971983E-04
    0.347369595E-04
    0.390299842E-04
    0.438266648E-04
    0.491825787E-04
    0.551591272E-04
    0.618238642E-04
    0.692511479E-04
    0.775229275E-04
    0.867291609E-04
    0.969687172E-04
    0.108350200E-03
    0.120992591E-03
    0.135026342E-03
    0.150594433E-03
    0.167853150E-03
    0.186973510E-03
    0.208142369E-03
    0.231563574E-03
    0.257459607E-03
    0.286073023E-03
    0.317667834E-03
    0.352531491E-03
    0.390976536E-03
    0.433342338E-03
    0.479997535E-03
    0.531341943E-03
    0.587808738E-03
    0.649867196E-03
    0.718024966E-03
    0.792830643E-03
    0.874877148E-03
    0.964804209E-03
    0.106330154E-02
    0.117111254E-02
    0.128903710E-02
    0.141793544E-02
    0.155873237E-02
    0.171242038E-02
    0.188006410E-02
    0.206280484E-02
    0.226186402E-02
    0.247854843E-02
    0.271425518E-02
    0.297047534E-02
    0.324880005E-02
    0.355092510E-02
    0.387865536E-02
    0.423391138E-02
    0.461873427E-02
    0.503529020E-02
    0.548587757E-02
    0.597293111E-02
    0.649902735E-02
    0.706689187E-02
    0.767940318E-02
    0.833959837E-02
    0.905067980E-02
    0.981601829E-02
    0.106391593E-01
    0.115238294E-01
    0.124739381E-01
    0.134935842E-01
    0.145870605E-01
    0.157588547E-01
    0.170136563E-01
    0.183563585E-01
    0.197920593E-01
    0.213260658E-01
    0.229638943E-01
    0.247112697E-01
    0.265741293E-01
    0.285586196E-01
    0.306710942E-01
    0.329181145E-01
    0.353064428E-01
    0.378430395E-01
    0.405350604E-01
    0.433898466E-01
    0.464149182E-01
    0.496179677E-01
    0.530068457E-01
    0.565895532E-01
    0.603742299E-01
    0.643691360E-01
    0.685826400E-01
    0.730232018E-01
    0.776993507E-01
    0.826196708E-01
    0.877927777E-01
    0.932272923E-01
    0.989318211E-01
    0.104914927E+00
    0.111185102E+00
    0.117750741E+00
    0.124620107E+00
    0.131801303E+00
    0.139302235E+00
    0.147130579E+00
    0.155293745E+00
    0.163798842E+00
    0.172652636E+00
    0.181861510E+00
    0.191431430E+00
    0.201367896E+00
    0.211675906E+00
    0.222359916E+00
    0.233423787E+00
    0.244870755E+00
    0.256703381E+00
    0.268923509E+00
    0.281532226E+00
    0.294529825E+00
    0.307915754E+00
    0.321688584E+00
    0.335845971E+00
    0.350384613E+00
    0.365300224E+00
    0.380587494E+00
    0.396240060E+00
    0.412250479E+00
    0.428610200E+00
    0.445309542E+00
    0.462337677E+00
    0.479682608E+00
    0.497331162E+00
    0.515268976E+00
    0.533480495E+00
    0.551948969E+00
    0.570656461E+00
    0.589583849E+00
    0.608710843E+00
    0.628016000E+00
    0.647476743E+00
    0.667069398E+00
    0.686769218E+00
    0.706550420E+00
    0.726386234E+00
    0.746248940E+00
    0.766109931E+00
    0.785939763E+00
    0.805708221E+00
    0.825384383E+00
    0.844936694E+00
    0.864333036E+00
    0.883540817E+00
    0.902527048E+00
    0.921258432E+00
    0.939701460E+00
    0.957822493E+00
    0.975587871E+00
    0.992964008E+00
    0.100991749E+01
    0.102641518E+01
    0.104242433E+01
    0.105791267E+01
    0.107284852E+01
    0.108720090E+01
    0.110093962E+01
    0.111403543E+01
    0.112646004E+01
    0.113818627E+01
    0.114918818E+01
    0.115944108E+01
    0.116892169E+01
    0.117760819E+01
    0.118548033E+01
    0.119251947E+01
    0.119870870E+01
    0.120403285E+01
    0.120847862E+01
    0.121203455E+01
    0.121469114E+01
    0.121644087E+01
    0.121727821E+01
    0.121719967E+01
    0.121620381E+01
    0.121429128E+01
    0.121146475E+01
    0.120772900E+01
    0.120309084E+01
    0.119755912E+01
    0.119114469E+01
    0.118386039E+01
    0.117572095E+01
    0.116674303E+01
    0.115694508E+01
    0.114634731E+01
    0.113497166E+01
    0.112284163E+01
    0.110998230E+01
    0.109642017E+01
    0.108218312E+01
    0.106730028E+01
    0.105180194E+01
    0.103571945E+01
    0.101908510E+01
    0.100193205E+01
    0.984294160E+00
    0.966205938E+00
    0.947702376E+00
    0.928818868E+00
    0.909591084E+00
    0.890054859E+00
    0.870246082E+00
    0.850200583E+00
    0.829954029E+00
    0.809541812E+00
    0.788998956E+00
    0.768360010E+00
    0.747658948E+00
    0.726929093E+00
    0.706203020E+00
    0.685512465E+00
    0.664888275E+00
    0.644360308E+00
    0.623957377E+00
    0.603707204E+00
    0.583636339E+00
    0.563770127E+00
    0.544132675E+00
    0.524746788E+00
    0.505633959E+00
    0.486814350E+00
    0.468306742E+00
    0.450128557E+00
    0.432295839E+00
    0.414823234E+00
    0.397724024E+00
    0.381010121E+00
    0.364692066E+00
    0.348779084E+00
    0.333279075E+00
    0.318198648E+00
    0.303543170E+00
    0.289316781E+00
    0.275522433E+00
    0.262161952E+00
    0.249236055E+00
    0.236744411E+00
    0.224685695E+00
    0.213057620E+00
    0.201857004E+00
    0.191079820E+00
    0.180721240E+00
    0.170775703E+00
    0.161236962E+00
    0.152098135E+00
    0.143351768E+00
    0.134989879E+00
    0.127004022E+00
    0.119385327E+00
    0.112124560E+00
    0.105212170E+00
    0.986383307E-01
    0.923929986E-01
    0.864659500E-01
    0.808468222E-01
    0.755251624E-01
    0.704904589E-01
    0.657321784E-01
    0.612398083E-01
    0.570028792E-01
    0.530109990E-01
    0.492538861E-01
    0.457213843E-01
    0.424034948E-01
    0.392903976E-01
    0.363724630E-01
    0.336402775E-01
    0.310846560E-01
    0.286966503E-01
    0.264675690E-01
    0.243889810E-01
    0.224527227E-01
    0.206509098E-01
    0.189759361E-01
    0.174204786E-01
    0.159775014E-01
    0.146402522E-01
    0.134022644E-01
    0.122573550E-01
    0.111996207E-01
    0.102234354E-01
    0.932344477E-02
    0.849456131E-02
    0.773195892E-02
    0.703106543E-02
    0.638755703E-02
    0.579734968E-02
    0.525659153E-02
    0.476165618E-02
    0.430913281E-02
    0.389581884E-02
    0.351871197E-02
    0.317499986E-02
    0.286205344E-02
    0.257741801E-02
    0.231880366E-02
    0.208407886E-02
    0.187126107E-02
    0.167850864E-02
    0.150411425E-02
    0.134649610E-02
    0.120419084E-02
    0.107584718E-02
    0.960217933E-03
    0.856154208E-03
    0.762598974E-03
    0.678580516E-03
    0.603207192E-03
    0.535661701E-03
    0.475195754E-03
    0.421125451E-03
    0.372826128E-03
    0.329728217E-03
    0.291312978E-03
    0.257108477E-03
    0.226686109E-03
    0.199656938E-03
    0.175668437E-03
    0.154401701E-03
    0.135568337E-03
    0.118908058E-03
    0.104186238E-03
    0.911914780E-04
    0.797337241E-04
    0.696422767E-04
    0.607639081E-04
    0.529614118E-04
    0.461119495E-04
    0.401057095E-04
    0.348447264E-04
    0.302416158E-04
    0.262185645E-04
    0.227063913E-04
    0.196436043E-04
    0.169756841E-04
    0.146543240E-04
    0.126367541E-04
    0.108851844E-04
    0.936624028E-05
    0.805049706E-05
    0.691206103E-05
    0.592814516E-05
    0.507873440E-05
    0.434627155E-05
    0.371536265E-05
    0.317254794E-05
    0.270605768E-05
    0.230561387E-05
    0.196225770E-05
    0.166818475E-05
    0.141660865E-05
    0.120163662E-05
    0.101815029E-05
    0.861718700E-06
    0.728505657E-06
    0.615195618E-06
    0.518928309E-06
    0.437233775E-06
    0.367983967E-06
    0.309353184E-06
    0.259769177E-06
    0.217886064E-06
    0.182549719E-06
    0.152769686E-06
    0.127701383E-06
    0.106625302E-06
    0.889254585E-07
    0.740794164E-07
    0.616415012E-07
    0.512324562E-07
    0.425320349E-07
    0.352687592E-07
    0.292119103E-07
    0.241672694E-07
    0.199705277E-07
    0.164833334E-07
    0.135892385E-07
    0.111904238E-07
    0.920420631E-08
    0.756146078E-08
    0.620469332E-08
    0.508551022E-08
    0.416324941E-08
    0.340435208E-08
    0.278040972E-08
    0.226799288E-08
    0.184797663E-08
    0.150399900E-08
    0.122253021E-08
    0.992611966E-09
    0.804917700E-09
    0.651907680E-09
    0.527440218E-09
    0.426210911E-09
    0.343962854E-09
    0.277270717E-09
    0.223255967E-09
    0.179541399E-09
    0.144224978E-09
    0.115708375E-09
    0.926949972E-10
    0.741807786E-10
    0.593167399E-10
    0.473514207E-10
    0.377512169E-10
    0.300652521E-10
    0.239040065E-10
    0.189940629E-10
    0.150843776E-10
    0.119472300E-10
    0.945385440E-11
    0.747525881E-11
    0.590072605E-11
    0.465354274E-11
    0.366645098E-11
    0.288017903E-11
    0.226123027E-11
    0.177640563E-11
    0.139306613E-11
    0.108825033E-11
    0.851656927E-12
    0.665194233E-12
    0.518587487E-12
    0.405787222E-12
    0.315546480E-12
    0.243242803E-12
    0.189534158E-12
    0.147055989E-12
    0.113532207E-12
    0.882137589E-13
    0.678267737E-13
    0.518689608E-13
    0.404164958E-13
    0.313134988E-13
    0.238520334E-13
    0.182355904E-13
    0.140946473E-13
    0.106253219E-13
    0.812017148E-14
    0.627461361E-14
    0.454650767E-14
    0.345760063E-14
    0.280195049E-14
    0.205613321E-14
    0.157389971E-14
    0.125463915E-14
    0.889988746E-15
    0.715912088E-15
    0.605500570E-15
    0.436001616E-15
    0.310672507E-15
    0.268151280E-15
    0.205746614E-15
    0.147012149E-15
    0.142851238E-15
    0.120479199E-15
    0.843604465E-16
    0.107966576E-15
    0.894682237E-16
    0.548779527E-16
    0.655967336E-16
    0.528517927E-16
    0.435403013E-16
    0.527519498E-16
    0.425492089E-16
    0.334435561E-16
    0.438846057E-16
    0.368244350E-16
    0.412895794E-16
    0.422828873E-16
    0.365636984E-16
    0.348804319E-16
    0.359902649E-16
    0.361277183E-16
    0.337031484E-16
    0.401160774E-16
    0.378404121E-16
    0.399578754E-16
    0.351420920E-16
    0.409171244E-16
    0.332483385E-16
    0.386389023E-16
    0.334706980E-16
    0.363738915E-16
    0.372392451E-16
    0.355075491E-16
    0.338061138E-16
    0.395724454E-16
    0.364820444E-16
    0.332872086E-16
    0.445088584E-16
    0.314307784E-16
    0.379332643E-16
    0.417054833E-16
    0.323117148E-16
    0.329681470E-16
    0.461046017E-16
    0.341556968E-16
    0.363631416E-16
    0.346115812E-16
    0.281636980E-16
    0.394704419E-16
    0.381928764E-16
    0.375706407E-16
    0.374571893E-16
    0.330339253E-16
    0.285855878E-16
    0.438223610E-16
    0.382639417E-16
    0.373710718E-16
    0.357642487E-16
    0.256939561E-16
    0.282834121E-16
    0.428997686E-16
    0.442768517E-16
    0.313876799E-16
    0.329677728E-16
    0.322043433E-16
    0.319220809E-16
    0.344803396E-16
    0.424499620E-16
    0.310196964E-16
    0.306287692E-16
    0.286948773E-16
    0.340397017E-16
    0.412814014E-16
    0.357824272E-16
    0.390742286E-16
    0.327613086E-16
    0.300221878E-16
    0.319298040E-16
    0.375299225E-16
    0.288231531E-16
    0.384290623E-16
    0.377023936E-16
    0.295082706E-16
    0.314270089E-16
    0.364917565E-16
    0.377870539E-16
    0.344048688E-16
    0.352379764E-16
    0.293815454E-16
    0.311766627E-16
    0.300463762E-16
    0.456969058E-16
    0.312912749E-16
    0.404884003E-16
    0.340562981E-16
    0.268384020E-16
    0.376750373E-16
    0.386448619E-16
    0.381727199E-16
    0.286297870E-16
    0.341738710E-16
    0.272337034E-16
    0.358602582E-16
    0.306167132E-16
    0.440531651E-16
    0.382273403E-16
    0.280257585E-16
    0.356971188E-16
    0.386373071E-16
    0.332444813E-16
    0.430446527E-16
    0.416762716E-16
    0.269069712E-16
    0.320908452E-16
    0.312859562E-16
    0.428139570E-16
    0.276786033E-16
    0.333684571E-16
    0.351259754E-16
    0.278158892E-16
    0.406619570E-16
    0.433553551E-16
    0.430228178E-16
    0.330183760E-16
    0.455330415E-16
    0.298391962E-16
    0.431980600E-16
    0.299737661E-16
    0.253198532E-16
    0.363224429E-16
    0.346474034E-16
    0.379637122E-16
    0.336042377E-16
    0.331026506E-16
    0.355378449E-16
    0.459777867E-16
    0.456166483E-16
    0.474927909E-16
    0.367302160E-16
    0.348329035E-16
    0.279832422E-16
    0.362394881E-16
    0.347038596E-16
    0.344788777E-16
    0.421876796E-16
    0.324534504E-16
    0.319322850E-16
    0.485312160E-16
    0.414748153E-16
    0.337869148E-16
    0.522555603E-16
    0.489670691E-16
    0.314206043E-16
    0.354985195E-16
    0.410255420E-16
    0.405813009E-16
    0.312808111E-16
    0.380388073E-16
    0.481210705E-16
    0.290443687E-16
    0.434494080E-16
    0.398443399E-16
    0.544479709E-16
    0.492310893E-16
    0.431221818E-16
    0.351223981E-16
    0.434931637E-16
    0.287600164E-16
    0.504538218E-16
    0.479620387E-16
    0.494352427E-16
    0.429111937E-16
    0.473356254E-16
    0.327822749E-16
    0.443768369E-16
    0.520103477E-16
    0.475750942E-16
    0.475048510E-16
    0.485432138E-16
    0.460200793E-16
    0.368915061E-16
    0.377663410E-16
    0.533037978E-16
    0.505427328E-16
    0.540757380E-16
    0.471223773E-16
    0.699174179E-16
    0.419151462E-16
    0.445521921E-16
    0.406307998E-16
    0.452934396E-16
    0.610808582E-16
    0.515987785E-16
    0.514463168E-16
    0.466975112E-16
    0.481171333E-16
    0.381645708E-16
    0.533167202E-16
    0.706386582E-16
    0.373820108E-16
    0.471111505E-16
    0.496659639E-16
    0.681972704E-16
    0.411595181E-16
    0.515144669E-16
    0.427548477E-16
    0.600467917E-16
    0.474798332E-16
    0.574356656E-16
    0.614841419E-16
    0.472538281E-16
    0.491021856E-16
    0.661016088E-16
    0.572158903E-16
    0.602659251E-16
    0.680613224E-16
    0.656083629E-16
    0.535286382E-16
    0.646047813E-16
    0.628632297E-16
    0.597627090E-16
    0.693300825E-16
    0.592725583E-16
    0.655494732E-16
    0.641680708E-16
    0.822751988E-16
    0.631105607E-16
    0.580226352E-16
    0.474730429E-16
    0.577373640E-16
    0.492848224E-16
    0.465330920E-16
    0.428955461E-16
    0.509064362E-16
    0.385793729E-16
    0.443342878E-16
    0.568325163E-16
    0.368720924E-16
    0.369986453E-16
    0.322289107E-16
    0.360231229E-16
    0.344274075E-16
    0.342897215E-16
    0.325334477E-16
    0.303395612E-16
    0.425835683E-16
    0.311681388E-16
    0.370070013E-16
    0.334764929E-16
    0.306976825E-16
    0.241145085E-16
    0.348468601E-16
    0.276706850E-16
    0.353692502E-16
    0.302313419E-16
    0.318252316E-16
    0.280942896E-16
    0.346329165E-16
    0.246801231E-16
    0.348831226E-16
    0.268998028E-16
    0.267609358E-16
    0.341523077E-16
    0.313066086E-16
    0.227572356E-16
    0.346524596E-16
    0.270876368E-16
    0.250511216E-16
    0.341997200E-16
    0.319642491E-16
    0.226827689E-16
    0.309198756E-16
    0.285912936E-16
    0.238207209E-16
    0.288749778E-16
    0.335686565E-16
    0.263534886E-16
    0.255759608E-16
    0.324724824E-16
    0.252789128E-16
    0.200735803E-16
    0.339723256E-16
    0.289088881E-16
    0.207540932E-16
    0.346661409E-16
    0.268061141E-16
    0.172800097E-16
    0.315852748E-16
    0.280117598E-16
    0.197139218E-16
    0.313760215E-16
    0.282348077E-16
    0.212428441E-16
    0.260666573E-16
    0.278883768E-16
    0.216750481E-16
    0.244825864E-16
    0.295768253E-16
    0.274410277E-16
    0.208132598E-16
    0.278895384E-16
    0.226925377E-16
    0.186468793E-16
    0.297416341E-16
    0.302850139E-16
    0.189679940E-16
    0.285316945E-16
    0.226535917E-16
    0.187916207E-16
    0.273028779E-16
    0.298454176E-16
    0.211129452E-16
    0.269380306E-16
    0.254357268E-16
    0.243770426E-16
    0.232227927E-16
    0.271502977E-16
    0.228708272E-16
    0.238394737E-16
    0.302508436E-16
    0.274917101E-16
    0.213359667E-16
    0.248261587E-16
    0.231634495E-16
    0.236460881E-16
    0.365559587E-16
    0.242710654E-16
    0.260086312E-16
    0.229290358E-16
    0.265948330E-16
    0.258193309E-16
    0.360916527E-16
    0.218534838E-16
    0.286509173E-16
    0.217402845E-16
    0.359465244E-16
    0.234607564E-16
    0.316629955E-16
    0.275143895E-16
    0.235827697E-16
    0.317652393E-16
    0.350574510E-16
    0.337482577E-16
    0.246268644E-16
    0.320232159E-16
    0.281682608E-16
    0.427370066E-16
