 #tdnd tdcion
    0.590628432E-19
    0.571978088E-19
    0.551232451E-19
    0.528813613E-19
    0.505046810E-19
    0.480226023E-19
    0.454673321E-19
    0.428745475E-19
    0.402830116E-19
    0.377324527E-19
    0.352606954E-19
    0.329013448E-19
    0.306820956E-19
    0.286242435E-19
    0.267420922E-19
    0.250441544E-19
    0.235332339E-19
    0.222081005E-19
    0.210639750E-19
    0.200936514E-19
    0.192881123E-19
    0.186372347E-19
    0.181299413E-19
    0.177548193E-19
    0.175003531E-19
    0.173547033E-19
    0.173063815E-19
    0.173438774E-19
    0.174560677E-19
    0.176319334E-19
    0.178612082E-19
    0.181337843E-19
    0.184401380E-19
    0.187714932E-19
    0.191195663E-19
    0.194768955E-19
    0.198363965E-19
    0.201919405E-19
    0.205377931E-19
    0.208688726E-19
    0.211806873E-19
    0.214693234E-19
    0.217313608E-19
    0.219639392E-19
    0.221647789E-19
    0.223320063E-19
    0.224642243E-19
    0.225604716E-19
    0.226201988E-19
    0.226431615E-19
    0.226295858E-19
    0.225797134E-19
    0.224944553E-19
    0.223744959E-19
    0.222211792E-19
    0.220356750E-19
    0.218195448E-19
    0.215742326E-19
    0.213015542E-19
    0.210031890E-19
    0.206808619E-19
    0.203364523E-19
    0.199718372E-19
    0.195887734E-19
    0.191890898E-19
    0.187745508E-19
    0.183469824E-19
    0.179079090E-19
    0.174591514E-19
    0.170021377E-19
    0.165385517E-19
    0.160697222E-19
    0.155971697E-19
    0.151221269E-19
    0.146459723E-19
    0.141698721E-19
    0.136949683E-19
    0.132222640E-19
    0.127529010E-19
    0.122877010E-19
    0.118276122E-19
    0.113733739E-19
    0.109257864E-19
    0.104854649E-19
    0.100531054E-19
    0.962915735E-20
    0.921420551E-20
    0.880861271E-20
    0.841283915E-20
    0.802710041E-20
    0.765180085E-20
    0.728709111E-20
    0.693319362E-20
    0.659024829E-20
    0.625838522E-20
    0.593767701E-20
    0.562812876E-20
    0.532981738E-20
    0.504266222E-20
    0.476666524E-20
    0.450170667E-20
    0.424774107E-20
    0.400460153E-20
    0.377222539E-20
    0.355038541E-20
    0.333897033E-20
    0.313776679E-20
    0.294661651E-20
    0.276527550E-20
    0.259357037E-20
    0.243125469E-20
    0.227811631E-20
    0.213391168E-20
    0.199842459E-20
    0.187140867E-20
    0.175262123E-20
    0.164180701E-20
    0.153875579E-20
    0.144318863E-20
    0.135488715E-20
    0.127360766E-20
    0.119909881E-20
    0.113110768E-20
    0.106942547E-20
    0.101377992E-20
    0.963954586E-21
    0.919709480E-21
    0.880820439E-21
    0.847037466E-21
    0.818137616E-21
    0.793910322E-21
    0.774118369E-21
    0.758557145E-21
    0.746994888E-21
    0.739238498E-21
    0.735053599E-21
    0.734271163E-21
    0.736663677E-21
    0.742066447E-21
    0.750262485E-21
    0.761087273E-21
    0.774358200E-21
    0.789904770E-21
    0.807571150E-21
    0.827170139E-21
    0.848578860E-21
    0.871621547E-21
    0.896190004E-21
    0.922093547E-21
    0.949276545E-21
    0.977540255E-21
    0.100684085E-20
    0.103698737E-20
    0.106796474E-20
    0.109959227E-20
    0.113184185E-20
    0.116458353E-20
    0.119778371E-20
    0.123132496E-20
    0.126518317E-20
    0.129925782E-20
    0.133352124E-20
    0.136790686E-20
    0.140240423E-20
    0.143692100E-20
    0.147146489E-20
    0.150596154E-20
    0.154044722E-20
    0.157481643E-20
    0.160916016E-20
    0.164331695E-20
    0.167741776E-20
    0.171130062E-20
    0.174512341E-20
    0.177868495E-20
    0.181216473E-20
    0.184538243E-20
    0.187847114E-20
    0.191127975E-20
    0.194397650E-20
    0.197637143E-20
    0.200861696E-20
    0.204056786E-20
    0.207234735E-20
    0.210381618E-20
    0.213511560E-20
    0.216608771E-20
    0.219686666E-20
    0.222730618E-20
    0.225753102E-20
    0.228738805E-20
    0.231707162E-20
    0.234635217E-20
    0.237544453E-20
    0.240411192E-20
    0.243256692E-20
    0.246056987E-20
    0.248836854E-20
    0.251569948E-20
    0.254279652E-20
    0.256941158E-20
    0.259576177E-20
    0.262162694E-20
    0.264719607E-20
    0.267225620E-20
    0.269699536E-20
    0.272120437E-20
    0.274505869E-20
    0.276837526E-20
    0.279133755E-20
    0.281374900E-20
    0.283577192E-20
    0.285720397E-20
    0.287827171E-20
    0.289871639E-20
    0.291878497E-20
    0.293822937E-20
    0.295732596E-20
    0.297578073E-20
    0.299387908E-20
    0.301134986E-20
    0.302846788E-20
    0.304499149E-20
    0.306115853E-20
    0.307674143E-20
    0.309198634E-20
    0.310668398E-20
    0.312102939E-20
    0.313487335E-20
    0.314836904E-20
    0.316139633E-20
    0.317409307E-20
    0.318634715E-20
    0.319827882E-20
    0.320980864E-20
    0.322103544E-20
    0.323186981E-20
    0.324243620E-20
    0.325260443E-20
    0.326255464E-20
    0.327210521E-20
    0.328146883E-20
    0.329041583E-20
    0.329924732E-20
    0.330764313E-20
    0.331596781E-20
    0.332384495E-20
    0.333166271E-20
    0.333907595E-20
    0.334645693E-20
    0.335342983E-20
    0.336036553E-20
    0.336694299E-20
    0.337348101E-20
    0.337968724E-20
    0.338584437E-20
    0.339169536E-20
    0.339748195E-20
    0.340302526E-20
    0.340849489E-20
    0.341376631E-20
    0.341892806E-20
    0.342392798E-20
    0.342882487E-20
    0.343359980E-20
    0.343826331E-20
    0.344280523E-20
    0.344724395E-20
    0.345157179E-20
    0.345580335E-20
    0.345995474E-20
    0.346403833E-20
    0.346799326E-20
    0.347192563E-20
    0.347570213E-20
    0.347951157E-20
    0.348314233E-20
    0.348682323E-20
    0.349029024E-20
    0.349383448E-20
    0.349716326E-20
    0.350060832E-20
    0.350381812E-20
    0.350715739E-20
    0.351024186E-20
    0.351346741E-20
    0.351647487E-20
    0.351961940E-20
    0.352256934E-20
    0.352564868E-20
    0.352853929E-20
    0.353154972E-20
    0.353440207E-20
    0.353736906E-20
    0.354020036E-20
    0.354315244E-20
    0.354594100E-20
    0.354883709E-20
    0.355160405E-20
    0.355444639E-20
    0.355719846E-20
    0.356004471E-20
    0.356277929E-20
    0.356559877E-20
    0.356830746E-20
    0.357108334E-20
    0.357379497E-20
    0.357655221E-20
    0.357928195E-20
    0.358205552E-20
    0.358478585E-20
    0.358754479E-20
    0.359029397E-20
    0.359304570E-20
    0.359580972E-20
    0.359860430E-20
    0.360142387E-20
    0.360425178E-20
    0.360711507E-20
    0.360996447E-20
    0.361285402E-20
    0.361572482E-20
    0.361866453E-20
    0.362161501E-20
    0.362463443E-20
    0.362765187E-20
    0.363075545E-20
    0.363381607E-20
    0.363696740E-20
    0.364007301E-20
    0.364329389E-20
    0.364646412E-20
    0.364978747E-20
    0.365305300E-20
    0.365647419E-20
    0.365983093E-20
    0.366331991E-20
    0.366673669E-20
    0.367027638E-20
    0.367375038E-20
    0.367735425E-20
    0.368090718E-20
    0.368460728E-20
    0.368826482E-20
    0.369204267E-20
    0.369579958E-20
    0.369964225E-20
    0.370346861E-20
    0.370735311E-20
    0.371122416E-20
    0.371513334E-20
    0.371906730E-20
    0.372306141E-20
    0.372709471E-20
    0.373119626E-20
    0.373535544E-20
    0.373956493E-20
    0.374382934E-20
    0.374814932E-20
    0.375251319E-20
    0.375693601E-20
    0.376137926E-20
    0.376587518E-20
    0.377042482E-20
    0.377503207E-20
    0.377970699E-20
    0.378447576E-20
    0.378932047E-20
    0.379425903E-20
    0.379928763E-20
    0.380440083E-20
    0.380961859E-20
    0.381490240E-20
    0.382026069E-20
    0.382565922E-20
    0.383113090E-20
    0.383664434E-20
    0.384218907E-20
    0.384777505E-20
    0.385342663E-20
    0.385909092E-20
    0.386484399E-20
    0.387061364E-20
    0.387650311E-20
    0.388240049E-20
    0.388845226E-20
    0.389452060E-20
    0.390075246E-20
    0.390700138E-20
    0.391341338E-20
    0.391981934E-20
    0.392639473E-20
    0.393298220E-20
    0.393969011E-20
    0.394640060E-20
    0.395322115E-20
    0.396003084E-20
    0.396690642E-20
    0.397376773E-20
    0.398068482E-20
    0.398757258E-20
    0.399449705E-20
    0.400138054E-20
    0.400828055E-20
    0.401512753E-20
    0.402199742E-20
    0.402882520E-20
    0.403564865E-20
    0.404244583E-20
    0.404922525E-20
    0.405598557E-20
    0.406273670E-20
    0.406948002E-20
    0.407620166E-20
    0.408292938E-20
    0.408964339E-20
    0.409638402E-20
    0.410307763E-20
    0.410983606E-20
    0.411654783E-20
    0.412334902E-20
    0.413008766E-20
    0.413692388E-20
    0.414371443E-20
    0.415058887E-20
    0.415744388E-20
    0.416438680E-20
    0.417131496E-20
    0.417832297E-20
    0.418535526E-20
    0.419241874E-20
    0.419954946E-20
    0.420671374E-20
    0.421394431E-20
    0.422119936E-20
    0.422855249E-20
    0.423590623E-20
    0.424335319E-20
    0.425082809E-20
    0.425840748E-20
    0.426599633E-20
    0.427369521E-20
    0.428142138E-20
    0.428924210E-20
    0.429708698E-20
    0.430503079E-20
    0.431301505E-20
    0.432110434E-20
    0.432922177E-20
    0.433743330E-20
    0.434569540E-20
    0.435406374E-20
    0.436245360E-20
    0.437095792E-20
    0.437950602E-20
    0.438816077E-20
    0.439683815E-20
    0.440563153E-20
    0.441448375E-20
    0.442342099E-20
    0.443241757E-20
    0.444150763E-20
    0.445066796E-20
    0.445990441E-20
    0.446921514E-20
    0.447862196E-20
    0.448807884E-20
    0.449765111E-20
    0.450726435E-20
    0.451700731E-20
    0.452677213E-20
    0.453668473E-20
    0.454660409E-20
    0.455668525E-20
    0.456677345E-20
    0.457702857E-20
    0.458727260E-20
    0.459769070E-20
    0.460811267E-20
    0.461871362E-20
    0.462929148E-20
    0.464007048E-20
    0.465082841E-20
    0.466177333E-20
    0.467271698E-20
    0.468382525E-20
    0.469496804E-20
    0.470624907E-20
    0.471756557E-20
    0.472902817E-20
    0.474054059E-20
    0.475218230E-20
    0.476387921E-20
    0.477570126E-20
    0.478758739E-20
    0.479959945E-20
    0.481168576E-20
    0.482387196E-20
    0.483616677E-20
    0.484854962E-20
    0.486103152E-20
    0.487361688E-20
    0.488631225E-20
    0.489906257E-20
    0.491198039E-20
    0.492492305E-20
    0.493805903E-20
    0.495120260E-20
    0.496454081E-20
    0.497788822E-20
    0.499144248E-20
    0.500501032E-20
    0.501876031E-20
    0.503254601E-20
    0.504652154E-20
    0.506051364E-20
    0.507471490E-20
    0.508892901E-20
    0.510334394E-20
    0.511779595E-20
    0.513241787E-20
    0.514710678E-20
    0.516197298E-20
    0.517688881E-20
    0.519197540E-20
    0.520711664E-20
    0.522245451E-20
    0.523784215E-20
    0.525341620E-20
    0.526904653E-20
    0.528485466E-20
    0.530073829E-20
    0.531678247E-20
    0.533292338E-20
    0.534922869E-20
    0.536562182E-20
    0.538216583E-20
    0.539883672E-20
    0.541563221E-20
    0.543258055E-20
    0.544962213E-20
    0.546684854E-20
    0.548413717E-20
    0.550164657E-20
    0.551920732E-20
    0.553701491E-20
    0.555483507E-20
    0.557292075E-20
    0.559103606E-20
    0.560938859E-20
    0.562779928E-20
    0.564645064E-20
    0.566515062E-20
    0.568408834E-20
    0.570311822E-20
    0.572232740E-20
    0.574164573E-20
    0.576118744E-20
    0.578081422E-20
    0.580067935E-20
    0.582058037E-20
    0.584077608E-20
    0.586099605E-20
    0.588152349E-20
    0.590206327E-20
    0.592293459E-20
    0.594379187E-20
    0.596500715E-20
    0.598620300E-20
    0.600774221E-20
    0.602928723E-20
    0.605117368E-20
    0.607308759E-20
    0.609530821E-20
    0.611759376E-20
    0.614015049E-20
    0.616281551E-20
    0.618572633E-20
    0.620879809E-20
    0.623206782E-20
    0.625549975E-20
    0.627915649E-20
    0.630296036E-20
    0.632702858E-20
    0.635122279E-20
    0.637568201E-20
    0.640028825E-20
    0.642512726E-20
    0.645014548E-20
    0.647541522E-20
    0.650083365E-20
    0.652652842E-20
    0.655237640E-20
    0.657849876E-20
    0.660477992E-20
    0.663131792E-20
    0.665805880E-20
    0.668503875E-20
    0.671225716E-20
    0.673966316E-20
    0.676734169E-20
    0.679519571E-20
    0.682336580E-20
    0.685170186E-20
    0.688033227E-20
    0.690914427E-20
    0.693826862E-20
    0.696760492E-20
    0.699720873E-20
    0.702706041E-20
    0.705714739E-20
    0.708752944E-20
    0.711812901E-20
    0.714905059E-20
    0.718016902E-20
    0.721163387E-20
    0.724328080E-20
    0.727529764E-20
    0.730750929E-20
    0.734008902E-20
    0.737285808E-20
    0.740601887E-20
    0.743936569E-20
    0.747310168E-20
    0.750705336E-20
    0.754137354E-20
    0.757593367E-20
    0.761085579E-20
    0.764603459E-20
    0.768159709E-20
    0.771739986E-20
    0.775359073E-20
    0.779004947E-20
    0.782690046E-20
    0.786402516E-20
    0.790152974E-20
    0.793931735E-20
    0.797750750E-20
    0.801601534E-20
    0.805490068E-20
    0.809410676E-20
    0.813367565E-20
    0.817362881E-20
    0.821394451E-20
    0.825463018E-20
    0.829567419E-20
    0.833710963E-20
    0.837895509E-20
    0.842116287E-20
    0.846378127E-20
    0.850676959E-20
    0.855020686E-20
    0.859401924E-20
    0.863826936E-20
    0.868290226E-20
    0.872800586E-20
    0.877348291E-20
    0.881944093E-20
    0.886582376E-20
    0.891264602E-20
    0.895993492E-20
    0.900763939E-20
    0.905584302E-20
    0.910450060E-20
    0.915364560E-20
    0.920324529E-20
    0.925334728E-20
    0.930390092E-20
    0.935501329E-20
    0.940658387E-20
    0.945869845E-20
    0.951128848E-20
    0.956444206E-20
    0.961809208E-20
    0.967229171E-20
    0.972703438E-20
    0.978231566E-20
    0.983817423E-20
    0.989459599E-20
    0.995157356E-20
    0.100091115E-19
    0.100672937E-19
    0.101260137E-19
    0.101853872E-19
    0.102453077E-19
    0.103058954E-19
    0.103670863E-19
    0.104289248E-19
    0.104914227E-19
    0.105545194E-19
    0.106183484E-19
    0.106827579E-19
    0.107479552E-19
    0.108137201E-19
    0.108802992E-19
    0.109474943E-19
    0.110154670E-19
    0.110841365E-19
    0.111535598E-19
    0.112237180E-19
    0.112946346E-19
    0.113663389E-19
    0.114387871E-19
    0.115120607E-19
    0.115861162E-19
    0.116609911E-19
    0.117366743E-19
    0.118132244E-19
    0.118906044E-19
    0.119688405E-19
    0.120479848E-19
    0.121279562E-19
    0.122088915E-19
    0.122906734E-19
    0.123734653E-19
    0.124570908E-19
    0.125417908E-19
    0.126273227E-19
    0.127139799E-19
    0.128014826E-19
    0.128901674E-19
    0.129797196E-19
    0.130704414E-19
    0.131621188E-19
    0.132549615E-19
    0.133488311E-19
    0.134438658E-19
    0.135399451E-19
    0.136373018E-19
    0.137356519E-19
    0.138353437E-19
    0.139360766E-19
    0.140381897E-19
    0.141413747E-19
    0.142459860E-19
    0.143517106E-19
    0.144588902E-19
    0.145672333E-19
    0.146770641E-19
    0.147881136E-19
    0.149007032E-19
    0.150145445E-19
    0.151299518E-19
    0.152467000E-19
    0.153650249E-19
    0.154847462E-19
    0.156061067E-19
    0.157289159E-19
    0.158534060E-19
    0.159793991E-19
    0.161071402E-19
    0.162364394E-19
    0.163675426E-19
    0.165002444E-19
    0.166348050E-19
    0.167710396E-19
    0.169092063E-19
    0.170490984E-19
    0.171910088E-19
    0.173346553E-19
    0.174804542E-19
    0.176280166E-19
    0.177777960E-19
    0.179294538E-19
    0.180833716E-19
    0.182392469E-19
    0.183974690E-19
    0.185577083E-19
    0.187203834E-19
    0.188851882E-19
    0.190525071E-19
    0.192220055E-19
    0.193941086E-19
    0.195685336E-19
    0.197456193E-19
    0.199251326E-19
    0.201074088E-19
    0.202922084E-19
    0.204798387E-19
    0.206701634E-19
    0.208633967E-19
    0.210594401E-19
    0.212584942E-19
    0.214605166E-19
    0.216656061E-19
    0.218738209E-19
    0.220852193E-19
    0.222998380E-19
    0.225178445E-19
    0.227391887E-19
    0.229640578E-19
    0.231923628E-19
    0.234243734E-19
    0.236599773E-19
    0.238994212E-19
    0.241426163E-19
    0.243898260E-19
    0.246409722E-19
    0.248962560E-19
    0.251557089E-19
    0.254194737E-19
    0.256875909E-19
    0.259601941E-19
    0.262373964E-19
    0.265192660E-19
    0.268059579E-19
    0.270975648E-19
    0.273941883E-19
    0.276959933E-19
    0.280030462E-19
    0.283155587E-19
    0.286335181E-19
    0.289572065E-19
    0.292866099E-19
    0.296220049E-19
    0.299633416E-19
    0.303109411E-19
    0.306647117E-19
    0.310250525E-19
    0.313917779E-19
    0.317653652E-19
    0.321455531E-19
    0.325328046E-19
    0.329269732E-19
    0.333284686E-19
    0.337371610E-19
    0.341535067E-19
    0.345773673E-19
    0.350092488E-19
    0.354491056E-19
    0.358974401E-19
    0.363542471E-19
    0.368201502E-19
    0.372951050E-19
    0.377798236E-19
    0.382742823E-19
    0.387792861E-19
    0.392948069E-19
    0.398216466E-19
    0.403598426E-19
    0.409101718E-19
    0.414727921E-19
    0.420483983E-19
    0.426373481E-19
    0.432403594E-19
    0.438579080E-19
    0.444908016E-19
    0.451398005E-19
    0.458056421E-19
    0.464893608E-19
    0.471916845E-19
    0.479135986E-19
    0.486557178E-19
    0.494189630E-19
    0.502035831E-19
    0.510102685E-19
    0.518390730E-19
    0.526905397E-19
    0.535647487E-19
    0.544621559E-19
    0.553831915E-19
    0.563287220E-19
    0.572996762E-19
    0.582973932E-19
    0.593236748E-19
    0.603800580E-19
    0.614689009E-19
    0.625918798E-19
    0.637511282E-19
    0.649479928E-19
    0.661838328E-19
    0.674590060E-19
    0.687741578E-19
    0.701290432E-19
    0.715241419E-19
    0.729597938E-19
    0.744380940E-19
    0.759621076E-19
    0.775374505E-19
    0.791714298E-19
    0.808738929E-19
    0.826560453E-19
    0.845304301E-19
    0.865098074E-19
    0.886066682E-19
    0.908328224E-19
    0.931998305E-19
    0.957194188E-19
    0.984049565E-19
    0.101272778E-18
    0.104343305E-18
    0.107642371E-18
    0.111201363E-18
    0.115056981E-18
    0.119250339E-18
    0.123825810E-18
    0.128829204E-18
    0.134305232E-18
    0.140293452E-18
    0.146821541E-18
    0.153897620E-18
    0.161500885E-18
    0.169575449E-18
    0.178028976E-18
    0.186739803E-18
    0.195571737E-18
    0.204395047E-18
    0.213107494E-18
    0.221652155E-18
    0.230025121E-18
    0.238274115E-18
    0.246487742E-18
    0.254779290E-18
    0.263271714E-18
    0.272087186E-18
    0.281351513E-18
    0.291206567E-18
    0.301839287E-18
    0.313500917E-18
    0.326521590E-18
    0.341282013E-18
    0.358166457E-18
    0.377468533E-18
    0.399311729E-18
    0.423567445E-18
    0.449838939E-18
    0.477481329E-18
    0.505699802E-18
    0.533676805E-18
    0.560737887E-18
    0.586489629E-18
    0.610910846E-18
    0.634321646E-18
    0.657247229E-18
    0.680184024E-18
    0.703410432E-18
    0.726924926E-18
    0.750634957E-18
    0.774709108E-18
    0.799991915E-18
    0.828203995E-18
    0.861848711E-18
    0.903759981E-18
    0.956531119E-18
    0.102197603E-17
    0.110088736E-17
    0.119303458E-17
    0.129742429E-17
    0.141258451E-17
    0.153688562E-17
    0.166871477E-17
    0.180661259E-17
    0.194925224E-17
    0.209546413E-17
    0.224426943E-17
    0.239512598E-17
    0.254821540E-17
    0.270470636E-17
    0.286665113E-17
    0.303650481E-17
    0.321620344E-17
    0.340620270E-17
    0.360461179E-17
    0.380693427E-17
    0.400630323E-17
    0.419459083E-17
    0.436383954E-17
    0.450824676E-17
    0.462586740E-17
    0.472042593E-17
    0.480245273E-17
    0.488996664E-17
    0.500752004E-17
    0.518327309E-17
    0.544357951E-17
    0.580633373E-17
    0.627519134E-17
    0.683730297E-17
    0.746605918E-17
    0.812820055E-17
    0.879275809E-17
    0.943801118E-17
    0.100537905E-16
    0.106379102E-16
    0.111892082E-16
    0.117009157E-16
    0.121594202E-16
    0.125496290E-16
    0.128645799E-16
    0.131122050E-16
    0.133127976E-16
    0.134864065E-16
    0.136377650E-16
    0.137530612E-16
    0.138177637E-16
    0.138521882E-16
    0.139437008E-16
    0.142513598E-16
    0.149702745E-16
    0.162674440E-16
    0.182164228E-16
    0.207581022E-16
    0.237017166E-16
    0.267669149E-16
    0.296578549E-16
    0.321487477E-16
    0.341481096E-16
    0.357095765E-16
    0.369813386E-16
    0.381221129E-16
    0.392305809E-16
    0.403214055E-16
    0.413472990E-16
    0.422411920E-16
    0.429522933E-16
    0.434699007E-16
    0.438468502E-16
    0.442266537E-16
    0.448431387E-16
    0.459389003E-16
    0.475922345E-16
    0.495436099E-16
    0.511807373E-16
    0.517701552E-16
    0.508387783E-16
    0.484673081E-16
    0.453036583E-16
    0.423054210E-16
    0.403878515E-16
    0.401551625E-16
    0.417691508E-16
    0.449144480E-16
    0.488360137E-16
    0.524890722E-16
    0.548405321E-16
    0.552545441E-16
    0.537784766E-16
    0.511521572E-16
    0.485148161E-16
    0.469597102E-16
    0.471472157E-16
    0.491266432E-16
    0.524184720E-16
    0.563127750E-16
    0.602303620E-16
    0.639079013E-16
    0.672430449E-16
    0.699161724E-16
    0.711897994E-16
    0.702221082E-16
    0.667693098E-16
    0.617050047E-16
    0.568662849E-16
    0.542779223E-16
    0.552583007E-16
    0.598820250E-16
    0.669592043E-16
    0.744492857E-16
    0.801344555E-16
    0.823263827E-16
    0.803639460E-16
    0.747537875E-16
    0.669670152E-16
    0.590173812E-16
    0.529488092E-16
    0.503081839E-16
    0.516742889E-16
    0.564067723E-16
    0.628538552E-16
    0.690879684E-16
    0.737907665E-16
    0.766258307E-16
    0.778397740E-16
    0.776438493E-16
    0.761285654E-16
    0.736714628E-16
    0.710849866E-16
    0.691492167E-16
    0.680630776E-16
    0.674046670E-16
    0.664811569E-16
    0.646289095E-16
    0.614097277E-16
    0.568929773E-16
    0.518741055E-16
    0.476520807E-16
    0.453854006E-16
    0.455479541E-16
    0.478660718E-16
    0.515737254E-16
    0.556742264E-16
    0.592108206E-16
    0.616420546E-16
    0.631365578E-16
    0.643472905E-16
    0.656383330E-16
    0.665259355E-16
    0.660738127E-16
    0.639272869E-16
    0.608830064E-16
    0.583908963E-16
    0.575913713E-16
    0.587679618E-16
    0.613130291E-16
    0.641072883E-16
    0.662052042E-16
    0.677112605E-16
    0.697148067E-16
    0.727599244E-16
    0.756102633E-16
    0.758375461E-16
    0.721545343E-16
    0.661132495E-16
    0.608014761E-16
    0.586926361E-16
    0.606100217E-16
    0.661203595E-16
    0.740174105E-16
    0.817274029E-16
    0.855951747E-16
    0.837425684E-16
    0.775069419E-16
    0.700351509E-16
    0.642119373E-16
    0.602864965E-16
    0.569312407E-16
    0.532815580E-16
    0.495821523E-16
    0.472563010E-16
    0.473206739E-16
    0.493966582E-16
    0.525854230E-16
    0.561043861E-16
    0.595404387E-16
    0.628093583E-16
    0.654314359E-16
    0.683944942E-16
    0.711044024E-16
    0.737867935E-16
    0.751902162E-16
    0.749763950E-16
    0.769928726E-16
    0.769464774E-16
    0.777889651E-16
    0.737986571E-16
    0.644770778E-16
    0.597715288E-16
    0.525892262E-16
    0.468682028E-16
    0.530006098E-16
    0.595236503E-16
    0.639615154E-16
    0.790267987E-16
    0.852799472E-16
    0.849234315E-16
    0.101798539E-15
    0.119345793E-15
    0.133501182E-15
    0.164154826E-15
    0.186953539E-15
    0.203520133E-15
    0.227822793E-15
    0.251576040E-15
    0.325408734E-15
    0.392972524E-15
    0.443545119E-15
    0.611191821E-15
    0.767817428E-15
    0.908841356E-15
    0.118948696E-14
    0.151226319E-14
    0.188940177E-14
    0.239995675E-14
    0.306910246E-14
    0.387165605E-14
    0.488343178E-14
    0.642244244E-14
    0.811540505E-14
    0.102792693E-13
    0.136035645E-13
    0.173697977E-13
    0.222974061E-13
    0.292996799E-13
    0.376648820E-13
    0.487161241E-13
    0.633021106E-13
    0.814313030E-13
    0.104928613E-12
    0.135077810E-12
    0.173070932E-12
    0.221313776E-12
    0.282517239E-12
    0.359087150E-12
    0.454890954E-12
    0.576779726E-12
    0.726925945E-12
    0.913656084E-12
    0.114899873E-11
    0.143705734E-11
    0.179556520E-11
    0.224401896E-11
    0.278689937E-11
    0.345987967E-11
    0.430527084E-11
    0.533078384E-11
    0.657982402E-11
    0.813935520E-11
    0.100574086E-10
    0.123905461E-10
    0.152566702E-10
    0.187891574E-10
    0.231116169E-10
    0.284022933E-10
    0.348839665E-10
    0.428151320E-10
    0.525236300E-10
    0.644088868E-10
    0.789316551E-10
    0.966631744E-10
    0.118299689E-09
    0.144737625E-09
    0.177013578E-09
    0.216319728E-09
    0.264173254E-09
    0.322457845E-09
    0.393379749E-09
    0.479636426E-09
    0.584389599E-09
    0.711449678E-09
    0.865595316E-09
    0.105257804E-08
    0.127892389E-08
    0.155258664E-08
    0.188346135E-08
    0.228323067E-08
    0.276558100E-08
    0.334704944E-08
    0.404735358E-08
    0.489024417E-08
    0.590373543E-08
    0.712072610E-08
    0.858115452E-08
    0.103328171E-07
    0.124308803E-07
    0.149410130E-07
    0.179420278E-07
    0.215270920E-07
    0.258055785E-07
    0.309061424E-07
    0.369807185E-07
    0.442094317E-07
    0.528039549E-07
    0.630127724E-07
    0.751262732E-07
    0.894848547E-07
    0.106490696E-06
    0.126615965E-06
    0.150406986E-06
    0.178502002E-06
    0.211651866E-06
    0.250731118E-06
    0.296752903E-06
    0.350898326E-06
    0.414542945E-06
    0.489284014E-06
    0.576971542E-06
    0.679748130E-06
    0.800095772E-06
    0.940887852E-06
    0.110543988E-05
    0.129757565E-05
    0.152170423E-05
    0.178290696E-05
    0.208702806E-05
    0.244077875E-05
    0.285185860E-05
    0.332910634E-05
    0.388265148E-05
    0.452407568E-05
    0.526660661E-05
    0.612535806E-05
    0.711757860E-05
    0.826292208E-05
    0.958374709E-05
    0.111054681E-04
    0.128569506E-04
    0.148709587E-04
    0.171846235E-04
    0.198399730E-04
    0.228845307E-04
    0.263719864E-04
    0.303629165E-04
    0.349256045E-04
    0.401369384E-04
    0.460833977E-04
    0.528621197E-04
    0.605821035E-04
    0.693655392E-04
    0.793492765E-04
    0.906863751E-04
    0.103547820E-03
    0.118124407E-03
    0.134628822E-03
    0.153297868E-03
    0.174394942E-03
    0.198212688E-03
    0.225075799E-03
    0.255344085E-03
    0.289415947E-03
    0.327732025E-03
    0.370778967E-03
    0.419093537E-03
    0.473267271E-03
    0.533951346E-03
    0.601861611E-03
    0.677783958E-03
    0.762580288E-03
    0.857194802E-03
    0.962660584E-03
    0.108010643E-02
    0.121076422E-02
    0.135597678E-02
    0.151720612E-02
    0.169604194E-02
    0.189421057E-02
    0.211358437E-02
    0.235619152E-02
    0.262422602E-02
    0.292005828E-02
    0.324624607E-02
    0.360554578E-02
    0.400092351E-02
    0.443556674E-02
    0.491289646E-02
    0.543657939E-02
    0.601054006E-02
    0.663897286E-02
    0.732635425E-02
    0.807745517E-02
    0.889735299E-02
    0.979144317E-02
    0.107654504E-01
    0.118254398E-01
    0.129778278E-01
    0.142293914E-01
    0.155872770E-01
    0.170590085E-01
    0.186524943E-01
    0.203760331E-01
    0.222383187E-01
    0.242484424E-01
    0.264158950E-01
    0.287505658E-01
    0.312627404E-01
    0.339630957E-01
    0.368626938E-01
    0.399729721E-01
    0.433057317E-01
    0.468731225E-01
    0.506876258E-01
    0.547620335E-01
    0.591094250E-01
    0.637431400E-01
    0.686767476E-01
    0.739240126E-01
    0.794988573E-01
    0.854153209E-01
    0.916875140E-01
    0.983295715E-01
    0.105355599E+00
    0.112779618E+00
    0.120615503E+00
    0.128876925E+00
    0.137577276E+00
    0.146729606E+00
    0.156346548E+00
    0.166440243E+00
    0.177022260E+00
    0.188103515E+00
    0.199694189E+00
    0.211803643E+00
    0.224440332E+00
    0.237611717E+00
    0.251324180E+00
    0.265582932E+00
    0.280391928E+00
    0.295753784E+00
    0.311669686E+00
    0.328139313E+00
    0.345160754E+00
    0.362730432E+00
    0.380843030E+00
    0.399491422E+00
    0.418666614E+00
    0.438357680E+00
    0.458551718E+00
    0.479233799E+00
    0.500386935E+00
    0.521992044E+00
    0.544027936E+00
    0.566471297E+00
    0.589296690E+00
    0.612476562E+00
    0.635981264E+00
    0.659779076E+00
    0.683836251E+00
    0.708117062E+00
    0.732583869E+00
    0.757197188E+00
    0.781915776E+00
    0.806696732E+00
    0.831495592E+00
    0.856266457E+00
    0.880962116E+00
    0.905534181E+00
    0.929933242E+00
    0.954109015E+00
    0.978010512E+00
    0.100158621E+01
    0.102478424E+01
    0.104755254E+01
    0.106983910E+01
    0.109159211E+01
    0.111276016E+01
    0.113329247E+01
    0.115313906E+01
    0.117225099E+01
    0.119058051E+01
    0.120808128E+01
    0.122470859E+01
    0.124041951E+01
    0.125517310E+01
    0.126893057E+01
    0.128165546E+01
    0.129331380E+01
    0.130387426E+01
    0.131330829E+01
    0.132159026E+01
    0.132869754E+01
    0.133461065E+01
    0.133931332E+01
    0.134279256E+01
    0.134503875E+01
    0.134604565E+01
    0.134581046E+01
    0.134433380E+01
    0.134161973E+01
    0.133767573E+01
    0.133251266E+01
    0.132614471E+01
    0.131858934E+01
    0.130986719E+01
    0.130000201E+01
    0.128902050E+01
    0.127695227E+01
    0.126382963E+01
    0.124968749E+01
    0.123456318E+01
    0.121849633E+01
    0.120152862E+01
    0.118370370E+01
    0.116506690E+01
    0.114566512E+01
    0.112554660E+01
    0.110476070E+01
    0.108335775E+01
    0.106138881E+01
    0.103890547E+01
    0.101595970E+01
    0.992603558E+00
    0.968889101E+00
    0.944868123E+00
    0.920592005E+00
    0.896111530E+00
    0.871476712E+00
    0.846736639E+00
    0.821939314E+00
    0.797131516E+00
    0.772358662E+00
    0.747664683E+00
    0.723091913E+00
    0.698680988E+00
    0.674470748E+00
    0.650498162E+00
    0.626798257E+00
    0.603404057E+00
    0.580346542E+00
    0.557654606E+00
    0.535355036E+00
    0.513472496E+00
    0.492029523E+00
    0.471046532E+00
    0.450541830E+00
    0.430531642E+00
    0.411030139E+00
    0.392049482E+00
    0.373599867E+00
    0.355689579E+00
    0.338325052E+00
    0.321510935E+00
    0.305250161E+00
    0.289544023E+00
    0.274392252E+00
    0.259793098E+00
    0.245743412E+00
    0.232238733E+00
    0.219273378E+00
    0.206840524E+00
    0.194932300E+00
    0.183539874E+00
    0.172653537E+00
    0.162262792E+00
    0.152356439E+00
    0.142922653E+00
    0.133949068E+00
    0.125422855E+00
    0.117330793E+00
    0.109659348E+00
    0.102394735E+00
    0.955229861E-01
    0.890300128E-01
    0.829016640E-01
    0.771237807E-01
    0.716822468E-01
    0.665630366E-01
    0.617522583E-01
    0.572361943E-01
    0.530013370E-01
    0.490344213E-01
    0.453224542E-01
    0.418527408E-01
    0.386129066E-01
    0.355909166E-01
    0.327750918E-01
    0.301541236E-01
    0.277170840E-01
    0.254534337E-01
    0.233530285E-01
    0.214061230E-01
    0.196033724E-01
    0.179358311E-01
    0.163949518E-01
    0.149725813E-01
    0.136609563E-01
    0.124526962E-01
    0.113407958E-01
    0.103186168E-01
    0.937987902E-02
    0.851864997E-02
    0.772933405E-02
    0.700666136E-02
    0.634567611E-02
    0.574172474E-02
    0.519044392E-02
    0.468774835E-02
    0.422981837E-02
    0.381308755E-02
    0.343423045E-02
    0.309015070E-02
    0.277796917E-02
    0.249501234E-02
    0.223880089E-02
    0.200703856E-02
    0.179760142E-02
    0.160852755E-02
    0.143800702E-02
    0.128437229E-02
    0.114608872E-02
    0.102174582E-02
    0.910048966E-03
    0.809811451E-03
    0.719946694E-03
    0.639460903E-03
    0.567446348E-03
    0.503075038E-03
    0.445592560E-03
    0.394312247E-03
    0.348609860E-03
    0.307918698E-03
    0.271724925E-03
    0.239563117E-03
    0.211012151E-03
    0.185691452E-03
    0.163257522E-03
    0.143400711E-03
    0.125842195E-03
    0.110331165E-03
    0.966422418E-04
    0.845731467E-04
    0.739425735E-04
    0.645882184E-04
    0.563649152E-04
    0.491429376E-04
    0.428065174E-04
    0.372524858E-04
    0.323889725E-04
    0.281342531E-04
    0.244157467E-04
    0.211690534E-04
    0.183370519E-04
    0.158691472E-04
    0.137206159E-04
    0.118519586E-04
    0.102282948E-04
    0.881885899E-05
    0.759656583E-05
    0.653760013E-05
    0.562103268E-05
    0.482847945E-05
    0.414381329E-05
    0.355291723E-05
    0.304344978E-05
    0.260461843E-05
    0.222698778E-05
    0.190233108E-05
    0.162349254E-05
    0.138424086E-05
    0.117914778E-05
    0.100350424E-05
    0.853231581E-06
    0.724788475E-06
    0.615105811E-06
    0.521533945E-06
    0.441784909E-06
    0.373882726E-06
    0.316123395E-06
    0.267038505E-06
    0.225363827E-06
    0.190014567E-06
    0.160061653E-06
    0.134705862E-06
    0.113260097E-06
    0.951391145E-07
    0.798437330E-07
    0.669454250E-07
    0.560781157E-07
    0.469305024E-07
    0.392380416E-07
    0.327762969E-07
    0.273538805E-07
    0.228071193E-07
    0.189977287E-07
    0.158097446E-07
    0.131447842E-07
    0.109189689E-07
    0.906137056E-08
    0.751262929E-08
    0.622314638E-08
    0.515031325E-08
    0.425787029E-08
    0.351672044E-08
    0.290245582E-08
    0.239316979E-08
    0.197099837E-08
    0.162194337E-08
    0.133360150E-08
    0.109538645E-08
    0.898908383E-09
    0.736955569E-09
    0.603549088E-09
    0.493935842E-09
    0.403888574E-09
    0.329857366E-09
    0.269124891E-09
    0.219413548E-09
    0.178732786E-09
    0.145441996E-09
    0.118234913E-09
    0.960239571E-10
    0.779090242E-10
    0.631658022E-10
    0.511728749E-10
    0.414008575E-10
    0.334516325E-10
    0.270288566E-10
    0.218217418E-10
    0.175718929E-10
    0.141505551E-10
    0.114027270E-10
    0.915822105E-11
    0.734558506E-11
    0.590454094E-11
    0.473465164E-11
    0.378188344E-11
    0.303126387E-11
    0.242666771E-11
    0.193034860E-11
    0.154366256E-11
    0.123317249E-11
    0.976988259E-12
    0.779517730E-12
    0.620928633E-12
    0.490712405E-12
    0.390838552E-12
    0.309404521E-12
    0.244565272E-12
    0.194410004E-12
    0.152294750E-12
    0.121447793E-12
    0.961665967E-13
    0.740426933E-13
    0.594963660E-13
    0.471930524E-13
    0.361989548E-13
    0.286556979E-13
    0.227410318E-13
    0.177775286E-13
    0.138715308E-13
    0.108207053E-13
    0.850575607E-14
    0.672722537E-14
    0.513007638E-14
    0.408876421E-14
    0.318937450E-14
    0.237368421E-14
    0.205499718E-14
    0.156654473E-14
    0.118031356E-14
    0.955544886E-15
    0.746270012E-15
    0.648751338E-15
    0.416885427E-15
    0.339044396E-15
    0.319559650E-15
    0.238367011E-15
    0.195186850E-15
    0.137487027E-15
    0.159674308E-15
    0.102579161E-15
    0.843812940E-16
    0.110810006E-15
    0.609563356E-16
    0.989891772E-16
    0.101320234E-15
    0.608129793E-16
    0.931408978E-16
    0.851494746E-16
    0.560474229E-16
    0.811311178E-16
    0.784422619E-16
    0.711535901E-16
    0.949762963E-16
    0.845418547E-16
    0.786122044E-16
    0.794275252E-16
    0.676647164E-16
    0.687292282E-16
    0.731236202E-16
    0.791880795E-16
    0.836983480E-16
    0.866343817E-16
    0.902838090E-16
    0.888019305E-16
    0.843367059E-16
    0.778275804E-16
    0.701399930E-16
    0.688905714E-16
    0.723463421E-16
    0.787634282E-16
    0.828733478E-16
    0.799002467E-16
    0.710213978E-16
    0.603530629E-16
    0.518102443E-16
    0.479900699E-16
    0.487848804E-16
    0.520035248E-16
    0.564411531E-16
    0.594078179E-16
    0.606002392E-16
    0.603066509E-16
    0.595155662E-16
    0.587354729E-16
    0.569929613E-16
    0.554073273E-16
    0.549845269E-16
    0.561870447E-16
    0.582591235E-16
    0.601577478E-16
    0.621658090E-16
    0.650368706E-16
    0.684669151E-16
    0.711392627E-16
    0.719979534E-16
    0.710713836E-16
    0.691214100E-16
    0.668312439E-16
    0.646292684E-16
    0.627905562E-16
    0.616426860E-16
    0.618676766E-16
    0.641450442E-16
    0.682250622E-16
    0.727794419E-16
    0.766492113E-16
    0.799259377E-16
    0.832784326E-16
    0.863991056E-16
    0.877624101E-16
    0.860670475E-16
    0.816589279E-16
    0.764436935E-16
    0.726210781E-16
    0.715265581E-16
    0.732683528E-16
    0.770155656E-16
    0.815430703E-16
    0.857913010E-16
    0.892554517E-16
    0.919959061E-16
    0.942490125E-16
    0.959593476E-16
    0.966494611E-16
    0.957510205E-16
    0.930962813E-16
    0.891231134E-16
    0.845588361E-16
    0.798324097E-16
    0.748359279E-16
    0.694312437E-16
    0.642555800E-16
    0.607965712E-16
    0.603139458E-16
    0.625250060E-16
    0.654692256E-16
    0.668620787E-16
    0.657404482E-16
    0.629853804E-16
    0.604756020E-16
    0.597749427E-16
    0.613435654E-16
    0.645773987E-16
    0.683690258E-16
    0.717120658E-16
    0.739901162E-16
    0.748555859E-16
    0.739588980E-16
    0.709778262E-16
    0.660874290E-16
    0.603947639E-16
    0.556758974E-16
    0.533767563E-16
    0.536576398E-16
    0.553271647E-16
    0.567215237E-16
    0.567838366E-16
    0.555494818E-16
    0.538456462E-16
    0.526018285E-16
    0.522890641E-16
    0.527395495E-16
    0.532921903E-16
    0.530928991E-16
    0.514264682E-16
    0.480200862E-16
    0.432450391E-16
    0.381013200E-16
    0.339086695E-16
    0.317844044E-16
    0.321558575E-16
    0.345725773E-16
    0.379114610E-16
    0.408412694E-16
    0.423091324E-16
    0.418627811E-16
    0.397307140E-16
    0.366584645E-16
    0.335594665E-16
    0.311151327E-16
    0.295128483E-16
    0.284575917E-16
    0.274342923E-16
    0.260422091E-16
    0.241964442E-16
    0.221076378E-16
    0.201081582E-16
    0.184690243E-16
    0.173124781E-16
    0.166292223E-16
    0.163424491E-16
    0.163583701E-16
    0.165822268E-16
    0.169147397E-16
    0.172525346E-16
    0.175020426E-16
    0.175997279E-16
    0.175252283E-16
    0.172993495E-16
    0.169681495E-16
    0.165813523E-16
    0.161746966E-16
    0.157624395E-16
    0.153403265E-16
    0.148945701E-16
    0.144110501E-16
    0.138809452E-16
    0.133024809E-16
    0.126807037E-16
    0.120272278E-16
    0.113599633E-16
    0.107012104E-16
    0.100728032E-16
    0.948956660E-17
    0.895474553E-17
    0.846083126E-17
    0.799598602E-17
    0.755240125E-17
    0.713145451E-17
    0.674260567E-17
    0.639709386E-17
    0.610059221E-17
    0.584921109E-17
    0.563079898E-17
    0.543027886E-17
    0.523575535E-17
    0.504211658E-17
    0.485063248E-17
    0.466533377E-17
    0.448859885E-17
    0.431842170E-17
    0.414860870E-17
    0.397134208E-17
    0.378054843E-17
    0.357436848E-17
    0.335584127E-17
    0.313179041E-17
    0.291063357E-17
    0.270006007E-17
    0.250540131E-17
    0.232905252E-17
    0.217085157E-17
    0.202895496E-17
    0.190078860E-17
    0.178375914E-17
    0.167565562E-17
    0.157473516E-17
    0.147959668E-17
    0.138894801E-17
    0.130144711E-17
    0.121571589E-17
    0.113055619E-17
    0.104523755E-17
    0.959748968E-18
    0.874897826E-18
    0.792267536E-18
    0.714023083E-18
    0.642605295E-18
    0.580309502E-18
    0.528821659E-18
    0.488801082E-18
    0.459660412E-18
    0.439619862E-18
    0.426050760E-18
    0.415997184E-18
    0.406730626E-18
    0.396173591E-18
    0.383112776E-18
    0.367186569E-18
    0.348712823E-18
    0.328435681E-18
    0.307280850E-18
    0.286154230E-18
    0.265810983E-18
    0.246783454E-18
    0.229362040E-18
    0.213614926E-18
    0.199436093E-18
    0.186612495E-18
    0.174891147E-18
    0.164039722E-18
    0.153880693E-18
    0.144308213E-18
    0.135279060E-18
    0.126797812E-18
    0.118894638E-18
    0.111610772E-18
    0.104983826E-18
    0.990415237E-19
    0.937941420E-19
    0.892308172E-19
    0.853181497E-19
    0.820008883E-19
    0.792081789E-19
    0.768600510E-19
    0.748758162E-19
    0.731814649E-19
    0.717135714E-19
    0.704221999E-19
    0.692690994E-19
    0.682273035E-19
    0.672780445E-19
    0.664086627E-19
    0.656101573E-19
    0.648750326E-19
    0.641935158E-19
    0.635493726E-19
    0.629163671E-19
    0.622520300E-19
    0.614903364E-19
    0.605466833E-19
