 #tdnd tdcion
    0.436314610E-16
    0.366878107E-16
    0.482304048E-16
    0.439502038E-16
    0.505873251E-16
    0.447206445E-16
    0.428980222E-16
    0.508258175E-16
    0.347701650E-16
    0.337264998E-16
    0.333970111E-16
    0.286619666E-16
    0.302027367E-16
    0.374326068E-16
    0.395000955E-16
    0.367195243E-16
    0.312699451E-16
    0.235323439E-16
    0.408095765E-16
    0.299715325E-16
    0.262067525E-16
    0.435916517E-16
    0.258039456E-16
    0.298113646E-16
    0.287572505E-16
    0.277916206E-16
    0.406485801E-16
    0.284373666E-16
    0.255654898E-16
    0.267196572E-16
    0.292201407E-16
    0.301006809E-16
    0.317652403E-16
    0.360165751E-16
    0.244925906E-16
    0.222757662E-16
    0.281900750E-16
    0.278512668E-16
    0.358931425E-16
    0.243721248E-16
    0.239106626E-16
    0.328171321E-16
    0.225450086E-16
    0.293114126E-16
    0.260899968E-16
    0.315504950E-16
    0.260811694E-16
    0.204629249E-16
    0.300783298E-16
    0.249533822E-16
    0.322641874E-16
    0.201521000E-16
    0.236192644E-16
    0.342955046E-16
    0.218989340E-16
    0.275251905E-16
    0.222761125E-16
    0.270920590E-16
    0.255603221E-16
    0.217145083E-16
    0.285337679E-16
    0.280169158E-16
    0.262776678E-16
    0.199455786E-16
    0.198629716E-16
    0.334486166E-16
    0.241167210E-16
    0.210385119E-16
    0.305369419E-16
    0.198234702E-16
    0.238329436E-16
    0.226109198E-16
    0.275946182E-16
    0.285915320E-16
    0.203916560E-16
    0.277808059E-16
    0.161912555E-16
    0.291103068E-16
    0.229636316E-16
    0.226709567E-16
    0.319872162E-16
    0.201949719E-16
    0.220557799E-16
    0.231932358E-16
    0.278338874E-16
    0.197139744E-16
    0.270217252E-16
    0.293538738E-16
    0.210500087E-16
    0.202498992E-16
    0.239516547E-16
    0.268899265E-16
    0.213904561E-16
    0.315095361E-16
    0.212313323E-16
    0.232512281E-16
    0.243003994E-16
    0.199500809E-16
    0.282061154E-16
    0.253030255E-16
    0.290136317E-16
    0.195231597E-16
    0.238758787E-16
    0.219940725E-16
    0.213446464E-16
    0.325900457E-16
    0.238143723E-16
    0.234716533E-16
    0.250686114E-16
    0.241760987E-16
    0.174924866E-16
    0.260513304E-16
    0.331632782E-16
    0.225962700E-16
    0.214347287E-16
    0.211756235E-16
    0.245778919E-16
    0.223296706E-16
    0.307015160E-16
    0.258866434E-16
    0.224236391E-16
    0.255622748E-16
    0.179260875E-16
    0.233807545E-16
    0.259699079E-16
    0.315132163E-16
    0.199225972E-16
    0.223145738E-16
    0.232392654E-16
    0.224449083E-16
    0.281074900E-16
    0.247089653E-16
    0.263942706E-16
    0.218177103E-16
    0.246572681E-16
    0.175475010E-16
    0.239771452E-16
    0.302401781E-16
    0.255027539E-16
    0.207291800E-16
    0.239116499E-16
    0.237090696E-16
    0.225003891E-16
    0.291142121E-16
    0.226905659E-16
    0.242243301E-16
    0.228758244E-16
    0.251383131E-16
    0.178989559E-16
    0.259131665E-16
    0.322875900E-16
    0.205989411E-16
    0.219549725E-16
    0.268341262E-16
    0.230044544E-16
    0.224579223E-16
    0.283193947E-16
    0.220771970E-16
    0.247760975E-16
    0.231583017E-16
    0.272450032E-16
    0.184232079E-16
    0.277938596E-16
    0.301043266E-16
    0.184956497E-16
    0.257846364E-16
    0.253774011E-16
    0.244825831E-16
    0.225821794E-16
    0.266722974E-16
    0.204205289E-16
    0.286811967E-16
    0.238302262E-16
    0.261565886E-16
    0.206953277E-16
    0.268430169E-16
    0.272328933E-16
    0.172395252E-16
    0.316804423E-16
    0.208649545E-16
    0.260934441E-16
    0.233833346E-16
    0.238456793E-16
    0.207234429E-16
    0.291896425E-16
    0.257987184E-16
    0.229905422E-16
    0.230057299E-16
    0.233342142E-16
    0.259406336E-16
    0.170533308E-16
    0.337266374E-16
    0.185746690E-16
    0.263809745E-16
    0.228555105E-16
    0.200337539E-16
    0.244484593E-16
    0.252603852E-16
    0.271025682E-16
    0.197169643E-16
    0.243689886E-16
    0.197058501E-16
    0.253912566E-16
    0.186990559E-16
    0.297506708E-16
    0.200525917E-16
    0.245971630E-16
    0.220573635E-16
    0.161538361E-16
    0.277010805E-16
    0.211429743E-16
    0.263079970E-16
    0.186541639E-16
    0.237014139E-16
    0.196779299E-16
    0.223393763E-16
    0.208845172E-16
    0.240149559E-16
    0.224471036E-16
    0.215914525E-16
    0.211644923E-16
    0.166883049E-16
    0.268188601E-16
    0.187325414E-16
    0.246026680E-16
    0.201996293E-16
    0.216070023E-16
    0.210259874E-16
    0.182897856E-16
    0.217194454E-16
    0.203172677E-16
    0.242622647E-16
    0.206048064E-16
    0.193147691E-16
    0.219280855E-16
    0.216877239E-16
    0.174515743E-16
    0.233266219E-16
    0.213923644E-16
    0.209290897E-16
    0.195485028E-16
    0.195715745E-16
    0.195797376E-16
    0.198817312E-16
    0.257669122E-16
    0.204719167E-16
    0.180328253E-16
    0.238722526E-16
    0.182752306E-16
    0.158599923E-16
    0.240219217E-16
    0.221580829E-16
    0.218338966E-16
    0.178070803E-16
    0.220632999E-16
    0.164268978E-16
    0.210034560E-16
    0.262341609E-16
    0.194470629E-16
    0.183757776E-16
    0.230453686E-16
    0.184770127E-16
    0.127915338E-16
    0.279292524E-16
    0.214979505E-16
    0.229414199E-16
    0.167626322E-16
    0.217197096E-16
    0.168380140E-16
    0.187726824E-16
    0.289375070E-16
    0.167985026E-16
    0.216074605E-16
    0.215368418E-16
    0.184806824E-16
    0.132077879E-16
    0.277846299E-16
    0.226742103E-16
    0.213910266E-16
    0.176040941E-16
    0.213357665E-16
    0.188662911E-16
    0.176095047E-16
    0.295884738E-16
    0.161401537E-16
    0.245148678E-16
    0.181824422E-16
    0.200174496E-16
    0.163180139E-16
    0.253983428E-16
    0.249377704E-16
    0.192148824E-16
    0.210363467E-16
    0.179910720E-16
    0.226439375E-16
    0.188147979E-16
    0.283517217E-16
    0.184404075E-16
    0.244439624E-16
    0.178258417E-16
    0.193260163E-16
    0.211370584E-16
    0.232372947E-16
    0.278920034E-16
    0.196937852E-16
    0.228578401E-16
    0.170434007E-16
    0.234251622E-16
    0.217374932E-16
    0.256876605E-16
    0.221390782E-16
    0.251193170E-16
    0.187330521E-16
    0.210094522E-16
    0.246140532E-16
    0.217966176E-16
    0.288117729E-16
    0.202541066E-16
    0.245255199E-16
    0.173502267E-16
    0.249002537E-16
    0.269601063E-16
    0.226183884E-16
    0.251216921E-16
    0.245357935E-16
    0.204102257E-16
    0.219087695E-16
    0.272810614E-16
    0.236186835E-16
    0.274702423E-16
    0.216372814E-16
    0.250953572E-16
    0.193773414E-16
    0.245348020E-16
    0.320429705E-16
    0.215174738E-16
    0.255669762E-16
    0.239984941E-16
    0.210751373E-16
    0.238478645E-16
    0.274682885E-16
    0.263872494E-16
    0.261640373E-16
    0.235361242E-16
    0.253457133E-16
    0.204275609E-16
    0.238889056E-16
    0.335035756E-16
    0.204870087E-16
    0.247109924E-16
    0.251283926E-16
    0.228417581E-16
    0.261795264E-16
    0.265430980E-16
    0.270193070E-16
    0.228682051E-16
    0.238908225E-16
    0.242896337E-16
    0.222025081E-16
    0.247666277E-16
    0.337031711E-16
    0.210777636E-16
    0.219761760E-16
    0.253129995E-16
    0.215283331E-16
    0.273270388E-16
    0.244003721E-16
    0.271922004E-16
    0.219962180E-16
    0.243514313E-16
    0.235605396E-16
    0.216568920E-16
    0.248344286E-16
    0.293272819E-16
    0.222178652E-16
    0.197384929E-16
    0.254493973E-16
    0.211604730E-16
    0.279035974E-16
    0.224156312E-16
    0.235413713E-16
    0.215763259E-16
    0.242726741E-16
    0.217606586E-16
    0.206704571E-16
    0.258232838E-16
    0.254674615E-16
    0.222575973E-16
    0.173808776E-16
    0.257187181E-16
    0.197081469E-16
    0.258363725E-16
    0.208542425E-16
    0.213896551E-16
    0.221429346E-16
    0.226314497E-16
    0.204471095E-16
    0.197793554E-16
    0.248440145E-16
    0.209087583E-16
    0.235525435E-16
    0.168354327E-16
    0.246046058E-16
    0.179932639E-16
    0.230208998E-16
    0.195412069E-16
    0.186676194E-16
    0.238383885E-16
    0.218320559E-16
    0.192932255E-16
    0.184811586E-16
    0.220889978E-16
    0.183307691E-16
    0.233352250E-16
    0.169593414E-16
    0.240056895E-16
    0.173537406E-16
    0.203955110E-16
    0.178088733E-16
    0.187002181E-16
    0.241097450E-16
    0.200137287E-16
    0.186089964E-16
    0.180001968E-16
    0.190239713E-16
    0.176892304E-16
    0.248604275E-16
    0.174081328E-16
    0.222731238E-16
    0.165092556E-16
    0.184239587E-16
    0.161293468E-16
    0.199209321E-16
    0.256337707E-16
    0.194350496E-16
    0.187863972E-16
    0.169416442E-16
    0.156528176E-16
    0.181378329E-16
    0.248449760E-16
    0.189400883E-16
    0.213540536E-16
    0.177971948E-16
    0.174382407E-16
    0.144666457E-16
    0.219901846E-16
    0.248974654E-16
    0.187559189E-16
    0.189549693E-16
    0.173758544E-16
    0.146893384E-16
    0.197262808E-16
    0.254603428E-16
    0.196358557E-16
    0.204489341E-16
    0.184109571E-16
    0.165468490E-16
    0.140899049E-16
    0.248791611E-16
    0.258565409E-16
    0.185562378E-16
    0.195849096E-16
    0.177302885E-16
    0.142919525E-16
    0.204786292E-16
    0.248739391E-16
    0.222088678E-16
    0.214523788E-16
    0.196879012E-16
    0.161993072E-16
    0.143801092E-16
    0.261481767E-16
    0.245602944E-16
    0.192397881E-16
    0.208818881E-16
    0.193603129E-16
    0.153113368E-16
    0.214070467E-16
    0.236174755E-16
    0.225102699E-16
    0.229495846E-16
    0.190277079E-16
    0.164674946E-16
    0.155184890E-16
    0.270460798E-16
    0.242974996E-16
    0.193104916E-16
    0.226511486E-16
    0.193141017E-16
    0.154676557E-16
    0.205051842E-16
    0.222766011E-16
    0.241013320E-16
    0.252040820E-16
    0.182428644E-16
    0.172284756E-16
    0.164410158E-16
    0.246805279E-16
    0.230050475E-16
    0.201193077E-16
    0.252414937E-16
    0.196977407E-16
    0.161766765E-16
    0.203562265E-16
    0.208182154E-16
    0.241271751E-16
    0.265634599E-16
    0.170181186E-16
    0.191405803E-16
    0.179598827E-16
    0.230380570E-16
    0.233681544E-16
    0.202567457E-16
    0.267209421E-16
    0.199092364E-16
    0.168909131E-16
    0.206084009E-16
    0.204637516E-16
    0.253594626E-16
    0.271053661E-16
    0.163599385E-16
    0.218083004E-16
    0.196480501E-16
    0.214262615E-16
    0.235441471E-16
    0.202334752E-16
    0.270821906E-16
    0.220089779E-16
    0.177337579E-16
    0.220975810E-16
    0.198863139E-16
    0.253379209E-16
    0.262996220E-16
    0.163035777E-16
    0.257610865E-16
    0.210510709E-16
    0.210282167E-16
    0.227418853E-16
    0.195100365E-16
    0.266523854E-16
    0.249522104E-16
    0.183234387E-16
    0.237008288E-16
    0.191313647E-16
    0.240442281E-16
    0.250051041E-16
    0.171234236E-16
    0.295568456E-16
    0.220768294E-16
    0.207337369E-16
    0.213281003E-16
    0.186235820E-16
    0.258849444E-16
    0.276129141E-16
    0.189151253E-16
    0.253829287E-16
    0.183097268E-16
    0.226674181E-16
    0.239693997E-16
    0.176741650E-16
    0.320768116E-16
    0.233567779E-16
    0.206443993E-16
    0.203730794E-16
    0.181172208E-16
    0.246070536E-16
    0.298794155E-16
    0.195889490E-16
    0.272923682E-16
    0.179164090E-16
    0.217157231E-16
    0.217331322E-16
    0.186970429E-16
    0.338233127E-16
    0.247637008E-16
    0.207848984E-16
    0.202692715E-16
    0.172301281E-16
    0.215593951E-16
    0.324416397E-16
    0.199314341E-16
    0.294801199E-16
    0.181467503E-16
    0.203603059E-16
    0.187491229E-16
    0.196977300E-16
    0.335573180E-16
    0.245694242E-16
    0.213584092E-16
    0.207794009E-16
    0.162865834E-16
    0.184617031E-16
    0.324994668E-16
    0.198681378E-16
    0.290306588E-16
    0.190009320E-16
    0.185777130E-16
    0.177426257E-16
    0.191282491E-16
    0.302637874E-16
    0.240957708E-16
    0.207357628E-16
    0.220910186E-16
    0.159136652E-16
    0.162909811E-16
    0.288985048E-16
    0.194588493E-16
    0.269391460E-16
    0.209125728E-16
    0.186904686E-16
    0.178064972E-16
    0.176953373E-16
    0.255685500E-16
    0.239923079E-16
    0.199738470E-16
    0.237004492E-16
    0.174542431E-16
    0.149660048E-16
    0.259483881E-16
    0.187110768E-16
    0.257784452E-16
    0.236702341E-16
    0.187113379E-16
    0.184495768E-16
    0.176985249E-16
    0.219004945E-16
    0.236103274E-16
    0.214718141E-16
    0.250783147E-16
    0.192069165E-16
    0.147438485E-16
    0.242074365E-16
    0.179626141E-16
    0.237232112E-16
    0.264992124E-16
    0.184107628E-16
    0.205656029E-16
    0.185765170E-16
    0.185583018E-16
    0.226533253E-16
    0.216782370E-16
    0.259512976E-16
    0.204755680E-16
    0.158240672E-16
    0.218933600E-16
    0.180578526E-16
    0.205709701E-16
    0.275374076E-16
    0.185291487E-16
    0.231100132E-16
    0.194927726E-16
    0.158036221E-16
    0.212771999E-16
    0.212480423E-16
    0.259301421E-16
    0.221041379E-16
    0.174509596E-16
    0.219007094E-16
    0.182467544E-16
    0.193003522E-16
    0.273903137E-16
    0.181594284E-16
    0.255224330E-16
    0.221140567E-16
    0.161489901E-16
    0.200650329E-16
    0.244948122E-16
    0.243662333E-16
    0.230802124E-16
    0.180979674E-16
    0.260402804E-16
    0.184603969E-16
    0.213928459E-16
    0.272410841E-16
    0.180522469E-16
    0.267788473E-16
    0.238279765E-16
    0.183453862E-16
    0.206288879E-16
    0.287151151E-16
    0.227588111E-16
    0.223438160E-16
    0.177948206E-16
    0.288131948E-16
    0.202627130E-16
    0.237074033E-16
    0.262201746E-16
    0.187018348E-16
    0.272332804E-16
    0.224107234E-16
    0.186306995E-16
    0.233461872E-16
    0.290307890E-16
    0.231432573E-16
    0.207632968E-16
    0.192239752E-16
    0.278287459E-16
    0.214450570E-16
    0.231490329E-16
    0.247983770E-16
    0.205624298E-16
    0.285927506E-16
    0.215591365E-16
    0.170711338E-16
    0.255398725E-16
    0.265025761E-16
    0.247564384E-16
    0.207296501E-16
    0.222102237E-16
    0.284483807E-16
    0.196330384E-16
    0.227319393E-16
    0.241108270E-16
    0.239571167E-16
    0.299163389E-16
    0.230753203E-16
    0.181450794E-16
    0.268827921E-16
    0.265791638E-16
    0.255929420E-16
    0.222379367E-16
    0.245743603E-16
    0.339520790E-16
    0.192237253E-16
    0.251737405E-16
    0.265219058E-16
    0.258446860E-16
    0.303175970E-16
    0.261891468E-16
    0.252085303E-16
    0.290831151E-16
    0.294844780E-16
    0.270001638E-16
    0.220610362E-16
    0.272457020E-16
    0.406753241E-16
    0.236534697E-16
    0.260823228E-16
    0.324373506E-16
    0.242279923E-16
    0.289080970E-16
    0.296943270E-16
    0.320674146E-16
    0.316842559E-16
    0.288244900E-16
    0.313626668E-16
    0.177348113E-16
    0.305719777E-16
    0.411622330E-16
    0.289049917E-16
    0.240613072E-16
    0.361451153E-16
    0.228827332E-16
    0.262958274E-16
    0.321319031E-16
    0.325735457E-16
    0.367370273E-16
    0.262946528E-16
    0.339853045E-16
    0.172299587E-16
    0.335354215E-16
    0.392365400E-16
    0.332390687E-16
    0.302250760E-16
    0.342823348E-16
    0.271115838E-16
    0.309994954E-16
    0.361631101E-16
    0.354735764E-16
    0.460344963E-16
    0.318162264E-16
    0.306104198E-16
    0.332206836E-16
    0.380823575E-16
    0.466439604E-16
    0.389402838E-16
    0.440423188E-16
    0.319189990E-16
    0.374722170E-16
    0.476240369E-16
    0.421089979E-16
    0.479530813E-16
    0.502526344E-16
    0.402036241E-16
    0.303689204E-16
    0.539404471E-16
    0.449633667E-16
    0.564847728E-16
    0.464079060E-16
    0.448877281E-16
    0.391611461E-16
    0.470717853E-16
    0.596512365E-16
    0.458078960E-16
    0.580777855E-16
    0.460867943E-16
    0.423381946E-16
    0.462347220E-16
    0.562277725E-16
    0.524666184E-16
    0.615982728E-16
    0.539369538E-16
    0.389504405E-16
    0.578383309E-16
    0.542404381E-16
    0.558174242E-16
    0.591328301E-16
    0.633493933E-16
    0.530142186E-16
    0.526467335E-16
    0.711297551E-16
    0.503903318E-16
    0.639502702E-16
    0.806575534E-16
    0.629811561E-16
    0.603849539E-16
    0.764971032E-16
    0.675691046E-16
    0.583698675E-16
    0.898206042E-16
    0.790764253E-16
    0.759852725E-16
    0.805565934E-16
    0.836437380E-16
    0.696133855E-16
    0.822955193E-16
    0.111396175E-15
    0.781301407E-16
    0.969968471E-16
    0.849757853E-16
    0.863976350E-16
    0.913009169E-16
    0.108051401E-15
    0.103670466E-15
    0.969329546E-16
    0.105393701E-15
    0.845323720E-16
    0.115984986E-15
    0.102035627E-15
    0.120015633E-15
    0.105864892E-15
    0.115546568E-15
    0.962001483E-16
    0.110980429E-15
    0.143714948E-15
    0.104009484E-15
    0.128641486E-15
    0.124081146E-15
    0.123776050E-15
    0.111395305E-15
    0.162674986E-15
    0.132516642E-15
    0.122941477E-15
    0.153551663E-15
    0.140323785E-15
    0.139014547E-15
    0.155749375E-15
    0.187292877E-15
    0.137047595E-15
    0.166136544E-15
    0.177038780E-15
    0.165477773E-15
    0.184367507E-15
    0.192038797E-15
    0.190227653E-15
    0.175307730E-15
    0.209789872E-15
    0.199718327E-15
    0.213861382E-15
    0.215743956E-15
    0.214827960E-15
    0.232147992E-15
    0.218872711E-15
    0.239383864E-15
    0.236807183E-15
    0.268198412E-15
    0.224058353E-15
    0.264136815E-15
    0.268910022E-15
    0.261441563E-15
    0.278261217E-15
    0.293644096E-15
    0.284670489E-15
    0.269287004E-15
    0.336239741E-15
    0.294819427E-15
    0.313091198E-15
    0.332738092E-15
    0.349814528E-15
    0.319738428E-15
    0.353785369E-15
    0.373647709E-15
    0.360907810E-15
    0.394070959E-15
    0.397438872E-15
    0.406054810E-15
    0.406974272E-15
    0.440039337E-15
    0.435189595E-15
    0.455665584E-15
    0.479871178E-15
    0.484169701E-15
    0.503627612E-15
    0.503812365E-15
    0.517851440E-15
    0.555534073E-15
    0.573206507E-15
    0.561777121E-15
    0.592819267E-15
    0.617267175E-15
    0.607096036E-15
    0.637105188E-15
    0.666654581E-15
    0.671367457E-15
    0.680773413E-15
    0.721445947E-15
    0.729085373E-15
    0.717664061E-15
    0.776446481E-15
    0.773110870E-15
    0.779247703E-15
    0.803325755E-15
    0.869705930E-15
    0.838630141E-15
    0.856298414E-15
    0.864095643E-15
    0.917084861E-15
    0.918604071E-15
    0.992651909E-15
    0.990046990E-15
    0.974559498E-15
    0.990798451E-15
    0.102940738E-14
    0.109043907E-14
    0.111145897E-14
    0.119327991E-14
    0.113083192E-14
    0.117055004E-14
    0.115541633E-14
    0.132107169E-14
    0.131257555E-14
    0.139921012E-14
    0.135167865E-14
    0.138490094E-14
    0.141962095E-14
    0.150836795E-14
    0.161033553E-14
    0.163095756E-14
    0.166460445E-14
    0.164698065E-14
    0.174378259E-14
    0.178903545E-14
    0.191661837E-14
    0.196847804E-14
    0.197126468E-14
    0.200429431E-14
    0.208016787E-14
    0.219130711E-14
    0.223466718E-14
    0.229157604E-14
    0.235790362E-14
    0.236536571E-14
    0.252386752E-14
    0.254701318E-14
    0.268717379E-14
    0.261231745E-14
    0.277506860E-14
    0.276235212E-14
    0.293899532E-14
    0.300515282E-14
    0.306773010E-14
    0.309166426E-14
    0.306069904E-14
    0.330251862E-14
    0.332422790E-14
    0.357153815E-14
    0.346248055E-14
    0.360963100E-14
    0.351149668E-14
    0.375546815E-14
    0.388603084E-14
    0.402861465E-14
    0.408805036E-14
    0.409216775E-14
    0.417092646E-14
    0.424772710E-14
    0.454236122E-14
    0.464454061E-14
    0.473489880E-14
    0.480585763E-14
    0.485890882E-14
    0.506031985E-14
    0.524651074E-14
    0.547281551E-14
    0.550533000E-14
    0.567340305E-14
    0.582338468E-14
    0.597257139E-14
    0.630222116E-14
    0.639165249E-14
    0.666077774E-14
    0.672578527E-14
    0.713559065E-14
    0.723955339E-14
    0.770777214E-14
    0.783426170E-14
    0.811068310E-14
    0.842485287E-14
    0.888072074E-14
    0.932113701E-14
    0.980844097E-14
    0.103150038E-13
    0.106139915E-13
    0.113232017E-13
    0.121581196E-13
    0.129455779E-13
    0.139360802E-13
    0.150114466E-13
    0.160179726E-13
    0.173266635E-13
    0.192072500E-13
    0.210495511E-13
    0.230563996E-13
    0.258532012E-13
    0.284071978E-13
    0.319205998E-13
    0.358469484E-13
    0.409236859E-13
    0.456044010E-13
    0.525351728E-13
    0.595304236E-13
    0.684292519E-13
    0.784092788E-13
    0.907744124E-13
    0.104001221E-12
    0.120556402E-12
    0.139959407E-12
    0.162327109E-12
    0.189271169E-12
    0.220081325E-12
    0.256324921E-12
    0.298262440E-12
    0.349952548E-12
    0.408082338E-12
    0.479476166E-12
    0.560488657E-12
    0.656910851E-12
    0.767851004E-12
    0.903687129E-12
    0.105822954E-11
    0.124474248E-11
    0.146146527E-11
    0.171686387E-11
    0.201361571E-11
    0.237049710E-11
    0.278575693E-11
    0.327408449E-11
    0.385361692E-11
    0.453027145E-11
    0.532347050E-11
    0.626093579E-11
    0.737063295E-11
    0.865932007E-11
    0.101922027E-10
    0.119862462E-10
    0.140922031E-10
    0.165592946E-10
    0.194867902E-10
    0.228912753E-10
    0.269062075E-10
    0.316248571E-10
    0.371587964E-10
    0.436248754E-10
    0.512529055E-10
    0.601748779E-10
    0.706068443E-10
    0.828693697E-10
    0.972252253E-10
    0.113995129E-09
    0.133631954E-09
    0.156661940E-09
    0.183480616E-09
    0.214902363E-09
    0.251610399E-09
    0.294463813E-09
    0.344395754E-09
    0.402809432E-09
    0.470788682E-09
    0.550023773E-09
    0.642427128E-09
    0.749999259E-09
    0.875095884E-09
    0.102068737E-08
    0.119006841E-08
    0.138660270E-08
    0.161517941E-08
    0.188042659E-08
    0.218820528E-08
    0.254495219E-08
    0.295887355E-08
    0.343794715E-08
    0.399285019E-08
    0.463517717E-08
    0.537794320E-08
    0.623652750E-08
    0.722868226E-08
    0.837454421E-08
    0.969642906E-08
    0.112221958E-07
    0.129806415E-07
    0.150071425E-07
    0.173406714E-07
    0.200273507E-07
    0.231170253E-07
    0.266702937E-07
    0.307534086E-07
    0.354423857E-07
    0.408250091E-07
    0.470003698E-07
    0.540808320E-07
    0.621942661E-07
    0.714885230E-07
    0.821257953E-07
    0.942963617E-07
    0.108212384E-06
    0.124115793E-06
    0.142278431E-06
    0.163013561E-06
    0.186668771E-06
    0.213640626E-06
    0.244379200E-06
    0.279389499E-06
    0.319241129E-06
    0.364581235E-06
    0.416136629E-06
    0.474721852E-06
    0.541263171E-06
    0.616798210E-06
    0.702490620E-06
    0.799653943E-06
    0.909764951E-06
    0.103447189E-05
    0.117563201E-05
    0.133533049E-05
    0.151589492E-05
    0.171993368E-05
    0.195037734E-05
    0.221048753E-05
    0.250391556E-05
    0.283474609E-05
    0.320753681E-05
    0.362735885E-05
    0.409988766E-05
    0.463143478E-05
    0.522902147E-05
    0.590047322E-05
    0.665449385E-05
    0.750074313E-05
    0.844995449E-05
    0.951405780E-05
    0.107062525E-04
    0.120411969E-04
    0.135351178E-04
    0.152059878E-04
    0.170736661E-04
    0.191601424E-04
    0.214896829E-04
    0.240890851E-04
    0.269879298E-04
    0.302188193E-04
    0.338176847E-04
    0.378240787E-04
    0.422815507E-04
    0.472379361E-04
    0.527458713E-04
    0.588630895E-04
    0.656529997E-04
    0.731850970E-04
    0.815355734E-04
    0.907878159E-04
    0.101033122E-03
    0.112371325E-03
    0.124911467E-03
    0.138772714E-03
    0.154085020E-03
    0.170990146E-03
    0.189642481E-03
    0.210210298E-03
    0.232876474E-03
    0.257840036E-03
    0.285317130E-03
    0.315542469E-03
    0.348770577E-03
    0.385277556E-03
    0.425362389E-03
    0.469348628E-03
    0.517586477E-03
    0.570454232E-03
    0.628360519E-03
    0.691746210E-03
    0.761087015E-03
    0.836894997E-03
    0.919721913E-03
    0.101016114E-02
    0.110885057E-02
    0.121647511E-02
    0.133377024E-02
    0.146152435E-02
    0.160058201E-02
    0.175184795E-02
    0.191628948E-02
    0.209494061E-02
    0.228890542E-02
    0.249936255E-02
    0.272756758E-02
    0.297485879E-02
    0.324266015E-02
    0.353248578E-02
    0.384594395E-02
    0.418474242E-02
    0.455069180E-02
    0.494571012E-02
    0.537182878E-02
    0.583119516E-02
    0.632607849E-02
    0.685887376E-02
    0.743210774E-02
    0.804844081E-02
    0.871067457E-02
    0.942175428E-02
    0.101847735E-01
    0.110029782E-01
    0.118797718E-01
    0.128187178E-01
    0.138235429E-01
    0.148981434E-01
    0.160465839E-01
    0.172731035E-01
    0.185821156E-01
    0.199782134E-01
    0.214661663E-01
    0.230509262E-01
    0.247376246E-01
    0.265315734E-01
    0.284382643E-01
    0.304633680E-01
    0.326127320E-01
    0.348923756E-01
    0.373084917E-01
    0.398674353E-01
    0.425757239E-01
    0.454400277E-01
    0.484671660E-01
    0.516640941E-01
    0.550378993E-01
    0.585957874E-01
    0.623450704E-01
    0.662931568E-01
    0.704475358E-01
    0.748157642E-01
    0.794054458E-01
    0.842242219E-01
    0.892797427E-01
    0.945796554E-01
    0.100131578E+00
    0.105943082E+00
    0.112021663E+00
    0.118374717E+00
    0.125009521E+00
    0.131933194E+00
    0.139152679E+00
    0.146674708E+00
    0.154505774E+00
    0.162652095E+00
    0.171119594E+00
    0.179913847E+00
    0.189040066E+00
    0.198503054E+00
    0.208307178E+00
    0.218456328E+00
    0.228953880E+00
    0.239802672E+00
    0.251004946E+00
    0.262562342E+00
    0.274475833E+00
    0.286745715E+00
    0.299371553E+00
    0.312352167E+00
    0.325685579E+00
    0.339368997E+00
    0.353398781E+00
    0.367770409E+00
    0.382478463E+00
    0.397516588E+00
    0.412877488E+00
    0.428552882E+00
    0.444533516E+00
    0.460809115E+00
    0.477368403E+00
    0.494199064E+00
    0.511287762E+00
    0.528620114E+00
    0.546180710E+00
    0.563953109E+00
    0.581919839E+00
    0.600062432E+00
    0.618361408E+00
    0.636796329E+00
    0.655345785E+00
    0.673987463E+00
    0.692698136E+00
    0.711453740E+00
    0.730229380E+00
    0.748999402E+00
    0.767737419E+00
    0.786416379E+00
    0.805008615E+00
    0.823485900E+00
    0.841819529E+00
    0.859980356E+00
    0.877938902E+00
    0.895665389E+00
    0.913129853E+00
    0.930302189E+00
    0.947152266E+00
    0.963649984E+00
    0.979765371E+00
    0.995468673E+00
    0.101073043E+01
    0.102552158E+01
    0.103981352E+01
    0.105357825E+01
    0.106678839E+01
    0.107941732E+01
    0.109143926E+01
    0.110282933E+01
    0.111356367E+01
    0.112361949E+01
    0.113297516E+01
    0.114161030E+01
    0.114950582E+01
    0.115664404E+01
    0.116300870E+01
    0.116858504E+01
    0.117335988E+01
    0.117732164E+01
    0.118046039E+01
    0.118276791E+01
    0.118423771E+01
    0.118486506E+01
    0.118464699E+01
    0.118358237E+01
    0.118167184E+01
    0.117891786E+01
    0.117532473E+01
    0.117089850E+01
    0.116564704E+01
    0.115957997E+01
    0.115270865E+01
    0.114504612E+01
    0.113660710E+01
    0.112740791E+01
    0.111746644E+01
    0.110680205E+01
    0.109543559E+01
    0.108338922E+01
    0.107068645E+01
    0.105735198E+01
    0.104341166E+01
    0.102889241E+01
    0.101382210E+01
    0.998229492E+00
    0.982144121E+00
    0.965596236E+00
    0.948616662E+00
    0.931236741E+00
    0.913488207E+00
    0.895403105E+00
    0.877013686E+00
    0.858352311E+00
    0.839451357E+00
    0.820343120E+00
    0.801059733E+00
    0.781633053E+00
    0.762094599E+00
    0.742475448E+00
    0.722806165E+00
    0.703116718E+00
    0.683436415E+00
    0.663793815E+00
    0.644216675E+00
    0.624731894E+00
    0.605365437E+00
    0.586142301E+00
    0.567086461E+00
    0.548220830E+00
    0.529567211E+00
    0.511146282E+00
    0.492977560E+00
    0.475079372E+00
    0.457468855E+00
    0.440161933E+00
    0.423173310E+00
    0.406516462E+00
    0.390203664E+00
    0.374245960E+00
    0.358653204E+00
    0.343434060E+00
    0.328596027E+00
    0.314145453E+00
    0.300087570E+00
    0.286426523E+00
    0.273165388E+00
    0.260306229E+00
    0.247850113E+00
    0.235797168E+00
    0.224146603E+00
    0.212896774E+00
    0.202045209E+00
    0.191588664E+00
    0.181523164E+00
    0.171844050E+00
    0.162546031E+00
    0.153623220E+00
    0.145069196E+00
    0.136877034E+00
    0.129039368E+00
    0.121548423E+00
    0.114396069E+00
    0.107573859E+00
    0.101073072E+00
    0.948847602E-01
    0.889997820E-01
    0.834088443E-01
    0.781025370E-01
    0.730713722E-01
    0.683058126E-01
    0.637963067E-01
    0.595333183E-01
    0.555073526E-01
    0.517089841E-01
    0.481288806E-01
    0.447578256E-01
    0.415867379E-01
    0.386066916E-01
    0.358089324E-01
    0.331848913E-01
    0.307262014E-01
    0.284247055E-01
    0.262724709E-01
    0.242617928E-01
    0.223852061E-01
    0.206354869E-01
    0.190056608E-01
    0.174890025E-01
    0.160790403E-01
    0.147695560E-01
    0.135545833E-01
    0.124284088E-01
    0.113855679E-01
    0.104208442E-01
    0.952926289E-02
    0.870609030E-02
    0.794682513E-02
    0.724719577E-02
    0.660315313E-02
    0.601086548E-02
    0.546671087E-02
    0.496727126E-02
    0.450932519E-02
    0.408984010E-02
    0.370596590E-02
    0.335502713E-02
    0.303451575E-02
    0.274208379E-02
    0.247553598E-02
    0.223282233E-02
    0.201203122E-02
    0.181138234E-02
    0.162921957E-02
    0.146400449E-02
    0.131430992E-02
    0.117881295E-02
    0.105628964E-02
    0.945608545E-03
    0.845725167E-03
    0.755676284E-03
    0.674575176E-03
    0.601605938E-03
    0.536019092E-03
    0.477127168E-03
    0.424299969E-03
    0.376960698E-03
    0.334582005E-03
    0.296682498E-03
    0.262822838E-03
    0.232603136E-03
    0.205659386E-03
    0.181660859E-03
    0.160307248E-03
    0.141326428E-03
    0.124471836E-03
    0.109520562E-03
    0.962711973E-04
    0.845420189E-04
    0.741692016E-04
    0.650052812E-04
    0.569176403E-04
    0.497871976E-04
    0.435071288E-04
    0.379816810E-04
    0.331252076E-04
    0.288610922E-04
    0.251209468E-04
    0.218437504E-04
    0.189752123E-04
    0.164669281E-04
    0.142759499E-04
    0.123641126E-04
    0.106975967E-04
    0.924640390E-05
    0.798405830E-05
    0.688711461E-05
    0.593489197E-05
    0.510915797E-05
    0.439387189E-05
    0.377489543E-05
    0.323982894E-05
    0.277778339E-05
    0.237921169E-05
    0.203574910E-05
    0.174009246E-05
    0.148585754E-05
    0.126746843E-05
    0.108007233E-05
    0.919436942E-06
    0.781890543E-06
    0.664231993E-06
    0.563699729E-06
    0.477887991E-06
    0.404724094E-06
    0.342403676E-06
    0.289381768E-06
    0.244316011E-06
    0.206053881E-06
    0.173602410E-06
    0.146110937E-06
    0.122844235E-06
    0.103173799E-06
    0.865630486E-07
    0.725508508E-07
    0.607420046E-07
    0.508020599E-07
    0.424444290E-07
    0.354240121E-07
    0.295333929E-07
    0.245968833E-07
    0.204639011E-07
    0.170067407E-07
    0.141190050E-07
    0.117088775E-07
    0.970003146E-08
    0.802683345E-08
    0.663570087E-08
    0.547942313E-08
    0.451991719E-08
    0.372420579E-08
    0.306552901E-08
    0.252055537E-08
    0.207020822E-08
    0.169857301E-08
    0.139217724E-08
    0.113974743E-08
    0.932023308E-09
    0.761464801E-09
    0.621362203E-09
    0.506443238E-09
    0.412393153E-09
    0.335471485E-09
    0.272528079E-09
    0.221196468E-09
    0.179356112E-09
    0.145257714E-09
    0.117481509E-09
    0.949845877E-10
    0.766674137E-10
    0.618329897E-10
    0.497835906E-10
    0.400725836E-10
    0.321860247E-10
    0.258422946E-10
    0.207171882E-10
    0.166027097E-10
    0.132788548E-10
    0.106071243E-10
    0.847188428E-11
    0.675756718E-11
    0.537969085E-11
    0.427967358E-11
    0.340604565E-11
    0.269843910E-11
    0.213771233E-11
    0.169469730E-11
    0.134002173E-11
    0.105466817E-11
    0.833884851E-12
    0.657114025E-12
    0.517543690E-12
    0.406219115E-12
    0.321138366E-12
    0.250615418E-12
    0.197151465E-12
    0.153887776E-12
    0.121658212E-12
    0.947320772E-13
    0.741619424E-13
    0.574718457E-13
    0.451956255E-13
    0.348023921E-13
    0.272013463E-13
    0.215392298E-13
    0.167476109E-13
    0.128025106E-13
    0.100798677E-13
    0.794440989E-14
    0.601435043E-14
    0.475326206E-14
    0.371599213E-14
    0.281876374E-14
    0.213351309E-14
    0.170502697E-14
    0.128105012E-14
    0.100634696E-14
    0.724132269E-15
    0.577600071E-15
    0.433698636E-15
    0.350694295E-15
    0.263307629E-15
    0.237970501E-15
    0.166009819E-15
    0.115613428E-15
    0.904636623E-16
    0.111125970E-15
    0.616324241E-16
    0.735708050E-16
    0.760364041E-16
    0.548673172E-16
    0.512193141E-16
    0.566862207E-16
    0.522436231E-16
    0.400776451E-16
    0.452085009E-16
    0.471722313E-16
    0.410386891E-16
    0.352045840E-16
    0.489550879E-16
    0.395191470E-16
    0.596015716E-16
    0.383321804E-16
    0.509798316E-16
    0.442799239E-16
    0.569104598E-16
    0.502095189E-16
    0.298531612E-16
    0.407028191E-16
    0.345859812E-16
    0.351220560E-16
    0.362583443E-16
    0.468268844E-16
    0.406491408E-16
    0.519487804E-16
    0.358447547E-16
    0.522920654E-16
    0.486683384E-16
    0.480189318E-16
    0.459887129E-16
    0.356226930E-16
    0.501497658E-16
    0.362480495E-16
    0.377605818E-16
    0.389991212E-16
    0.435317912E-16
    0.391231553E-16
    0.451117618E-16
    0.514132797E-16
    0.433870296E-16
    0.475910078E-16
    0.382362104E-16
    0.375618816E-16
    0.407472339E-16
    0.504612144E-16
    0.440217804E-16
    0.409957910E-16
    0.372953565E-16
    0.335917116E-16
    0.385146512E-16
    0.461803143E-16
    0.578939985E-16
    0.483472676E-16
    0.372186617E-16
    0.334505775E-16
    0.393618574E-16
    0.397810206E-16
    0.393763684E-16
    0.449052058E-16
    0.361699712E-16
    0.365333216E-16
    0.327614675E-16
    0.387849397E-16
    0.486213429E-16
    0.426005403E-16
    0.612428779E-16
    0.396403622E-16
    0.345743781E-16
    0.500989194E-16
    0.368522279E-16
    0.313638684E-16
    0.398433910E-16
    0.353491445E-16
    0.356326843E-16
    0.396855819E-16
    0.373567589E-16
    0.458930109E-16
    0.337071714E-16
    0.562995369E-16
    0.471620553E-16
    0.415530140E-16
    0.486043585E-16
    0.335959554E-16
    0.327442126E-16
    0.443709152E-16
    0.361218208E-16
    0.364694961E-16
    0.337368661E-16
    0.411663349E-16
    0.395214815E-16
    0.429714855E-16
    0.459048674E-16
    0.425568735E-16
    0.461614253E-16
    0.411464959E-16
    0.306122036E-16
    0.406953127E-16
    0.468720853E-16
    0.356340485E-16
    0.346074745E-16
    0.334911568E-16
    0.402030604E-16
    0.416055847E-16
    0.405357024E-16
    0.400987985E-16
    0.413321506E-16
    0.483793362E-16
    0.473798348E-16
    0.325293518E-16
    0.441182092E-16
    0.434603323E-16
    0.392786047E-16
    0.308747600E-16
    0.428577461E-16
    0.369540750E-16
    0.406631181E-16
    0.303254607E-16
    0.399987571E-16
    0.382510574E-16
    0.423037990E-16
    0.481197799E-16
    0.438949598E-16
    0.370123936E-16
    0.498983884E-16
    0.432101766E-16
    0.364637564E-16
    0.418375557E-16
    0.461018905E-16
    0.425611052E-16
    0.374199404E-16
    0.362046077E-16
    0.384075504E-16
    0.375482202E-16
    0.414484383E-16
    0.455560950E-16
    0.322147103E-16
    0.326139668E-16
    0.374702274E-16
    0.430079616E-16
    0.370656570E-16
    0.490783919E-16
    0.498947113E-16
    0.472450559E-16
    0.467214261E-16
    0.456266515E-16
    0.462756172E-16
    0.587433532E-16
    0.446730196E-16
    0.393952748E-16
    0.362299796E-16
    0.482351732E-16
    0.351015594E-16
    0.340550173E-16
    0.432808172E-16
    0.514148485E-16
    0.492599555E-16
    0.523683668E-16
    0.383061976E-16
    0.484227971E-16
    0.614842073E-16
    0.473507202E-16
    0.484811180E-16
    0.363579021E-16
    0.411155984E-16
    0.579190980E-16
    0.407959932E-16
    0.553962388E-16
    0.725581107E-16
    0.553140819E-16
    0.493673661E-16
    0.497705699E-16
    0.566602804E-16
    0.692808920E-16
    0.527939116E-16
    0.386330709E-16
    0.454218769E-16
    0.598554410E-16
    0.509374327E-16
    0.453762214E-16
    0.584275708E-16
    0.688190016E-16
    0.644250076E-16
    0.564796250E-16
    0.536204252E-16
    0.489036720E-16
    0.601864715E-16
    0.621829491E-16
    0.406999295E-16
    0.554950394E-16
    0.487420002E-16
    0.619067646E-16
    0.571285995E-16
    0.715446805E-16
    0.740391137E-16
    0.494572939E-16
    0.445002255E-16
    0.469686952E-16
    0.546477383E-16
    0.458670697E-16
    0.465847097E-16
    0.427210074E-16
    0.544423506E-16
    0.522354783E-16
    0.388521213E-16
    0.465364390E-16
    0.546189646E-16
    0.409981315E-16
    0.280805280E-16
    0.418098733E-16
    0.348701525E-16
    0.374974388E-16
    0.269924825E-16
    0.537336587E-16
    0.361641486E-16
    0.376627102E-16
    0.282243650E-16
    0.344235199E-16
    0.397408376E-16
    0.373263938E-16
    0.325336087E-16
    0.216715819E-16
    0.393756261E-16
    0.324582870E-16
    0.250021960E-16
    0.348094338E-16
    0.379659608E-16
    0.306134203E-16
    0.256579754E-16
    0.323637870E-16
    0.279551973E-16
    0.347346391E-16
    0.266208612E-16
    0.345363398E-16
    0.225169836E-16
    0.325182067E-16
    0.284667400E-16
    0.231696194E-16
    0.335482872E-16
    0.337548328E-16
    0.301974971E-16
    0.195140830E-16
    0.326480471E-16
    0.289558896E-16
    0.290181472E-16
    0.258346862E-16
    0.310431702E-16
    0.287846116E-16
    0.240794121E-16
    0.284860547E-16
    0.244781510E-16
    0.367816863E-16
    0.280094551E-16
    0.285768468E-16
    0.238605994E-16
    0.281129314E-16
    0.301136828E-16
    0.227597242E-16
    0.292136050E-16
    0.297391481E-16
    0.331283520E-16
    0.221259956E-16
    0.255158296E-16
    0.311167154E-16
    0.341485263E-16
    0.255027748E-16
    0.242378210E-16
    0.323773190E-16
    0.247578811E-16
    0.239395432E-16
    0.224990928E-16
    0.363555184E-16
    0.323204908E-16
    0.267877471E-16
    0.269997376E-16
    0.256689098E-16
    0.312278574E-16
    0.235856783E-16
    0.284969094E-16
    0.283815620E-16
    0.293932764E-16
    0.250497088E-16
    0.199025380E-16
    0.298079551E-16
    0.342718622E-16
    0.332924645E-16
    0.230346797E-16
    0.254225005E-16
    0.288978907E-16
    0.216483680E-16
    0.219944354E-16
    0.312422354E-16
    0.349304170E-16
    0.242878520E-16
    0.199318489E-16
    0.268027241E-16
    0.311488277E-16
    0.290861506E-16
    0.260910003E-16
    0.254819438E-16
    0.281109102E-16
    0.212460153E-16
    0.191957135E-16
    0.315980934E-16
    0.354012152E-16
    0.270167413E-16
    0.191437397E-16
    0.287699027E-16
    0.281968733E-16
    0.226257674E-16
    0.285127769E-16
    0.278813518E-16
    0.290629870E-16
    0.226715083E-16
    0.241022800E-16
    0.307465411E-16
    0.317181172E-16
    0.283031602E-16
    0.198980325E-16
    0.322579067E-16
    0.298401438E-16
    0.220082386E-16
    0.286145275E-16
    0.302873833E-16
    0.308006575E-16
    0.234238913E-16
    0.311619941E-16
    0.323626872E-16
    0.271630312E-16
    0.255190139E-16
    0.223511594E-16
    0.380038287E-16
    0.323380820E-16
    0.256334488E-16
    0.282788805E-16
    0.287652828E-16
    0.310433758E-16
    0.235801409E-16
    0.357230167E-16
    0.350024847E-16
    0.255342719E-16
    0.238115914E-16
    0.235379921E-16
    0.435359912E-16
    0.349132146E-16
    0.277911176E-16
    0.289577014E-16
    0.218964975E-16
    0.360801270E-16
    0.317528319E-16
    0.394158496E-16
    0.345186494E-16
    0.274967530E-16
    0.335310092E-16
    0.391178423E-16
