 #tdnd tdcion
    0.391823826E-16
    0.346719044E-16
    0.291218445E-16
    0.312968898E-16
    0.327645720E-16
    0.379499680E-16
    0.536033083E-16
    0.525599614E-16
    0.619803958E-16
    0.566812065E-16
    0.479730531E-16
    0.504918455E-16
    0.404578954E-16
    0.692304142E-16
    0.573637917E-16
    0.475194814E-16
    0.289609099E-16
    0.353188634E-16
    0.274154225E-16
    0.396978346E-16
    0.313213448E-16
    0.339490414E-16
    0.332702111E-16
    0.399853953E-16
    0.362667525E-16
    0.477737054E-16
    0.318046243E-16
    0.343497614E-16
    0.282893188E-16
    0.351335190E-16
    0.289958553E-16
    0.273130083E-16
    0.329158628E-16
    0.414743069E-16
    0.417054625E-16
    0.306697219E-16
    0.259202475E-16
    0.279566935E-16
    0.295753549E-16
    0.303300660E-16
    0.340493899E-16
    0.318149885E-16
    0.356123042E-16
    0.274294353E-16
    0.285321651E-16
    0.254823858E-16
    0.396480888E-16
    0.369695266E-16
    0.268592643E-16
    0.228475998E-16
    0.324323324E-16
    0.245111957E-16
    0.317982105E-16
    0.336095684E-16
    0.349036844E-16
    0.284314069E-16
    0.265048074E-16
    0.313394246E-16
    0.202070013E-16
    0.367806189E-16
    0.317390698E-16
    0.264544286E-16
    0.230344206E-16
    0.320771131E-16
    0.238189027E-16
    0.253786415E-16
    0.302592903E-16
    0.339961715E-16
    0.252348725E-16
    0.257010675E-16
    0.285752275E-16
    0.195424463E-16
    0.324179165E-16
    0.226535504E-16
    0.316460132E-16
    0.233312808E-16
    0.287422203E-16
    0.251650517E-16
    0.243664085E-16
    0.301900893E-16
    0.240750496E-16
    0.335938381E-16
    0.207344638E-16
    0.264894769E-16
    0.260448283E-16
    0.286644836E-16
    0.223652829E-16
    0.261221995E-16
    0.323010978E-16
    0.221623417E-16
    0.281527280E-16
    0.274715329E-16
    0.285448235E-16
    0.222526875E-16
    0.261476794E-16
    0.289129319E-16
    0.240946306E-16
    0.293377451E-16
    0.270183338E-16
    0.239868746E-16
    0.235896155E-16
    0.270822070E-16
    0.288417797E-16
    0.267860735E-16
    0.298693194E-16
    0.275582841E-16
    0.212785321E-16
    0.232509977E-16
    0.322924178E-16
    0.235866697E-16
    0.267385777E-16
    0.307072100E-16
    0.251585071E-16
    0.228861769E-16
    0.240099306E-16
    0.349248583E-16
    0.219140118E-16
    0.270699783E-16
    0.298787786E-16
    0.261324597E-16
    0.246169025E-16
    0.213538533E-16
    0.338420283E-16
    0.216562531E-16
    0.282076128E-16
    0.293022878E-16
    0.263527822E-16
    0.257392206E-16
    0.191055999E-16
    0.343173711E-16
    0.211704895E-16
    0.302231600E-16
    0.276043188E-16
    0.255289511E-16
    0.259226459E-16
    0.193404683E-16
    0.320357211E-16
    0.218840873E-16
    0.321611016E-16
    0.251413304E-16
    0.258684009E-16
    0.247315791E-16
    0.206779647E-16
    0.308358968E-16
    0.205109675E-16
    0.342608470E-16
    0.247219503E-16
    0.249010158E-16
    0.234575823E-16
    0.213630255E-16
    0.313506580E-16
    0.210611360E-16
    0.348006244E-16
    0.224027066E-16
    0.240617041E-16
    0.211925424E-16
    0.242792303E-16
    0.325953475E-16
    0.211220882E-16
    0.330516024E-16
    0.221811837E-16
    0.243768660E-16
    0.210178877E-16
    0.249561459E-16
    0.334972284E-16
    0.205761848E-16
    0.303718924E-16
    0.218473106E-16
    0.260250506E-16
    0.217470994E-16
    0.248861586E-16
    0.331899092E-16
    0.209499899E-16
    0.282417524E-16
    0.230834671E-16
    0.268369008E-16
    0.217113127E-16
    0.251811827E-16
    0.319258810E-16
    0.205256324E-16
    0.266412770E-16
    0.238343219E-16
    0.277655180E-16
    0.245762336E-16
    0.249117124E-16
    0.292511509E-16
    0.198769332E-16
    0.268475820E-16
    0.254899900E-16
    0.268624671E-16
    0.242307637E-16
    0.260673591E-16
    0.263506700E-16
    0.202506195E-16
    0.284681411E-16
    0.267405107E-16
    0.243523404E-16
    0.256470786E-16
    0.268620920E-16
    0.234749145E-16
    0.206739034E-16
    0.300726179E-16
    0.269066347E-16
    0.221671832E-16
    0.251839903E-16
    0.280334360E-16
    0.213184467E-16
    0.221562584E-16
    0.320586115E-16
    0.273648617E-16
    0.194331064E-16
    0.248681136E-16
    0.277079147E-16
    0.201672936E-16
    0.244640734E-16
    0.323226327E-16
    0.262013319E-16
    0.192294052E-16
    0.248383704E-16
    0.270578406E-16
    0.199975283E-16
    0.260314576E-16
    0.320298891E-16
    0.260607019E-16
    0.197869071E-16
    0.237210294E-16
    0.248677706E-16
    0.215002794E-16
    0.285525876E-16
    0.306840416E-16
    0.253577115E-16
    0.218004227E-16
    0.235026231E-16
    0.227352900E-16
    0.236869979E-16
    0.290426241E-16
    0.285911050E-16
    0.258184175E-16
    0.245786732E-16
    0.223692670E-16
    0.206941098E-16
    0.264749181E-16
    0.299790851E-16
    0.275191808E-16
    0.262737740E-16
    0.264217294E-16
    0.215264433E-16
    0.190128708E-16
    0.295098539E-16
    0.296855121E-16
    0.262835252E-16
    0.271175438E-16
    0.282542416E-16
    0.210278716E-16
    0.188627197E-16
    0.313973588E-16
    0.288300301E-16
    0.270181185E-16
    0.274948838E-16
    0.285960881E-16
    0.204280462E-16
    0.189395904E-16
    0.330806527E-16
    0.283639388E-16
    0.278777044E-16
    0.275532951E-16
    0.286088536E-16
    0.206645305E-16
    0.203206175E-16
    0.331744508E-16
    0.265999882E-16
    0.301701600E-16
    0.268332148E-16
    0.279719933E-16
    0.211445011E-16
    0.212614507E-16
    0.327827520E-16
    0.263111828E-16
    0.320906785E-16
    0.258194774E-16
    0.270123104E-16
    0.219672222E-16
    0.227983535E-16
    0.315541037E-16
    0.245621420E-16
    0.341182847E-16
    0.243269656E-16
    0.264457956E-16
    0.233896014E-16
    0.233206936E-16
    0.297492509E-16
    0.244379050E-16
    0.356553382E-16
    0.228825241E-16
    0.254006563E-16
    0.246271290E-16
    0.242748614E-16
    0.278894114E-16
    0.232199109E-16
    0.361969842E-16
    0.215179141E-16
    0.250776172E-16
    0.263259274E-16
    0.242992610E-16
    0.255710599E-16
    0.230062805E-16
    0.367069310E-16
    0.205650602E-16
    0.244387980E-16
    0.275786313E-16
    0.246036276E-16
    0.235261233E-16
    0.225253108E-16
    0.357226299E-16
    0.201811969E-16
    0.243812570E-16
    0.288193326E-16
    0.243836274E-16
    0.214797583E-16
    0.222575117E-16
    0.345654575E-16
    0.203185375E-16
    0.244492139E-16
    0.294471741E-16
    0.241929795E-16
    0.198970248E-16
    0.223975426E-16
    0.323624505E-16
    0.214632764E-16
    0.246753947E-16
    0.297343149E-16
    0.238445155E-16
    0.187657676E-16
    0.221584541E-16
    0.296340842E-16
    0.230881119E-16
    0.254000112E-16
    0.293416272E-16
    0.233530080E-16
    0.183403821E-16
    0.226382323E-16
    0.266516005E-16
    0.255312691E-16
    0.257260214E-16
    0.286756631E-16
    0.230181649E-16
    0.183089280E-16
    0.224500148E-16
    0.234655330E-16
    0.280229479E-16
    0.266416572E-16
    0.277316952E-16
    0.223185891E-16
    0.189644414E-16
    0.230452734E-16
    0.207935954E-16
    0.305165024E-16
    0.269532387E-16
    0.265320339E-16
    0.218673077E-16
    0.198075356E-16
    0.230352415E-16
    0.186082077E-16
    0.321206336E-16
    0.277035508E-16
    0.257501696E-16
    0.212807191E-16
    0.209843687E-16
    0.234445803E-16
    0.173038049E-16
    0.326651395E-16
    0.280365758E-16
    0.244206282E-16
    0.207189872E-16
    0.220926978E-16
    0.233257969E-16
    0.168848770E-16
    0.320987675E-16
    0.286574403E-16
    0.238108014E-16
    0.206972754E-16
    0.230808948E-16
    0.229127249E-16
    0.170854985E-16
    0.303600590E-16
    0.291415487E-16
    0.226153321E-16
    0.206243948E-16
    0.237065775E-16
    0.223133226E-16
    0.183142081E-16
    0.280284888E-16
    0.296026619E-16
    0.218219404E-16
    0.212585679E-16
    0.239520322E-16
    0.211685640E-16
    0.195712548E-16
    0.254404733E-16
    0.298852559E-16
    0.207354659E-16
    0.221206407E-16
    0.238653831E-16
    0.202642598E-16
    0.214671953E-16
    0.228813774E-16
    0.297135972E-16
    0.197418223E-16
    0.228871263E-16
    0.233875433E-16
    0.190514037E-16
    0.228226702E-16
    0.209391823E-16
    0.290867226E-16
    0.187174740E-16
    0.240848415E-16
    0.230284001E-16
    0.182558288E-16
    0.239240672E-16
    0.192762862E-16
    0.278294660E-16
    0.180814299E-16
    0.242411721E-16
    0.222901568E-16
    0.172782675E-16
    0.243976655E-16
    0.184855325E-16
    0.262152427E-16
    0.174754607E-16
    0.245746844E-16
    0.219845043E-16
    0.168655597E-16
    0.240327522E-16
    0.180360280E-16
    0.242501546E-16
    0.174476437E-16
    0.238019620E-16
    0.214295476E-16
    0.165883522E-16
    0.232854019E-16
    0.183699113E-16
    0.225900133E-16
    0.174000277E-16
    0.229586757E-16
    0.212886075E-16
    0.167288111E-16
    0.218185029E-16
    0.189640900E-16
    0.209212630E-16
    0.176985389E-16
    0.216833933E-16
    0.213751996E-16
    0.173340705E-16
    0.203606372E-16
    0.200518614E-16
    0.200795998E-16
    0.177157538E-16
    0.206256517E-16
    0.217234574E-16
    0.177336706E-16
    0.187354130E-16
    0.212873088E-16
    0.193097077E-16
    0.179860372E-16
    0.197116921E-16
    0.223642409E-16
    0.185886789E-16
    0.174580387E-16
    0.225726927E-16
    0.190487391E-16
    0.176703286E-16
    0.194229386E-16
    0.231065161E-16
    0.188581868E-16
    0.167081798E-16
    0.236433620E-16
    0.189261989E-16
    0.177703404E-16
    0.194119876E-16
    0.236340760E-16
    0.193102207E-16
    0.164937267E-16
    0.242551660E-16
    0.188158078E-16
    0.172210915E-16
    0.199966838E-16
    0.241468665E-16
    0.197398865E-16
    0.168502679E-16
    0.244531662E-16
    0.190275673E-16
    0.173184552E-16
    0.207757282E-16
    0.242527932E-16
    0.198598729E-16
    0.177325027E-16
    0.239567984E-16
    0.192217960E-16
    0.169361544E-16
    0.217708845E-16
    0.246221056E-16
    0.203807705E-16
    0.188449264E-16
    0.234428141E-16
    0.197906877E-16
    0.171421818E-16
    0.228013718E-16
    0.246930836E-16
    0.203271949E-16
    0.202445478E-16
    0.227192453E-16
    0.203656603E-16
    0.173157757E-16
    0.239263357E-16
    0.252431550E-16
    0.202537027E-16
    0.218907372E-16
    0.224847219E-16
    0.209113840E-16
    0.180279867E-16
    0.245124022E-16
    0.255300445E-16
    0.200039598E-16
    0.236193041E-16
    0.226993637E-16
    0.212741965E-16
    0.190587593E-16
    0.253325849E-16
    0.259419150E-16
    0.194636018E-16
    0.254732606E-16
    0.232046623E-16
    0.211775603E-16
    0.207783981E-16
    0.247706087E-16
    0.261609871E-16
    0.194157335E-16
    0.269952346E-16
    0.241449862E-16
    0.210788285E-16
    0.227114963E-16
    0.241591074E-16
    0.263226198E-16
    0.193564179E-16
    0.283420070E-16
    0.249588806E-16
    0.207978677E-16
    0.249067542E-16
    0.225197296E-16
    0.264915349E-16
    0.202147914E-16
    0.288693762E-16
    0.260868697E-16
    0.210041650E-16
    0.270769843E-16
    0.210490515E-16
    0.266641268E-16
    0.216145659E-16
    0.291740445E-16
    0.271752604E-16
    0.214339546E-16
    0.290590360E-16
    0.200813086E-16
    0.269319501E-16
    0.240333512E-16
    0.287353283E-16
    0.287213648E-16
    0.219059540E-16
    0.311516316E-16
    0.198427341E-16
    0.268561622E-16
    0.271837790E-16
    0.283075484E-16
    0.300397232E-16
    0.223384452E-16
    0.333610102E-16
    0.204919322E-16
    0.270563307E-16
    0.306499653E-16
    0.278133697E-16
    0.307941618E-16
    0.225760202E-16
    0.354031341E-16
    0.212790170E-16
    0.266600586E-16
    0.343338462E-16
    0.274085833E-16
    0.302048552E-16
    0.232315557E-16
    0.371756408E-16
    0.221534248E-16
    0.268134605E-16
    0.375801881E-16
    0.270776999E-16
    0.285035664E-16
    0.249085659E-16
    0.377053079E-16
    0.226801923E-16
    0.263252643E-16
    0.402524672E-16
    0.264649245E-16
    0.258960410E-16
    0.274755833E-16
    0.375412534E-16
    0.233893565E-16
    0.261391848E-16
    0.424602589E-16
    0.257366399E-16
    0.239907789E-16
    0.307486274E-16
    0.367072606E-16
    0.239626119E-16
    0.252132593E-16
    0.433059744E-16
    0.248824762E-16
    0.227899280E-16
    0.331257066E-16
    0.363589705E-16
    0.246641099E-16
    0.247040947E-16
    0.433247600E-16
    0.247063744E-16
    0.227534553E-16
    0.343741312E-16
    0.364602945E-16
    0.253718966E-16
    0.245657743E-16
    0.413833841E-16
    0.248482540E-16
    0.224056218E-16
    0.334007329E-16
    0.371809891E-16
    0.265493030E-16
    0.251922136E-16
    0.385963553E-16
    0.256233269E-16
    0.217884758E-16
    0.315364634E-16
    0.374265112E-16
    0.285456275E-16
    0.262822153E-16
    0.353394404E-16
    0.258426340E-16
    0.199899942E-16
    0.288805780E-16
    0.367075767E-16
    0.311648774E-16
    0.272021737E-16
    0.326245241E-16
    0.258540892E-16
    0.185289028E-16
    0.263384336E-16
    0.351963420E-16
    0.332453850E-16
    0.276893997E-16
    0.313333774E-16
    0.247421409E-16
    0.177471383E-16
    0.245846149E-16
    0.327401427E-16
    0.344605139E-16
    0.277082736E-16
    0.312387296E-16
    0.240369541E-16
    0.181351114E-16
    0.231699457E-16
    0.294184740E-16
    0.343183816E-16
    0.277771784E-16
    0.326600212E-16
    0.239563583E-16
    0.198055838E-16
    0.232733149E-16
    0.265487758E-16
    0.333063067E-16
    0.286730847E-16
    0.338836200E-16
    0.250792559E-16
    0.220071744E-16
    0.234176925E-16
    0.243675109E-16
    0.315579750E-16
    0.306158764E-16
    0.348143738E-16
    0.279135774E-16
    0.239938653E-16
    0.247331022E-16
    0.244395536E-16
    0.292004685E-16
    0.326471690E-16
    0.342283169E-16
    0.310405657E-16
    0.251043520E-16
    0.269450774E-16
    0.252663266E-16
    0.260677009E-16
    0.340616410E-16
    0.322741613E-16
    0.346559907E-16
    0.254594730E-16
    0.302855769E-16
    0.256714416E-16
    0.224866134E-16
    0.326812598E-16
    0.303519093E-16
    0.359696852E-16
    0.261672486E-16
    0.339252506E-16
    0.256353094E-16
    0.197986716E-16
    0.304102392E-16
    0.299966368E-16
    0.342424176E-16
    0.287222245E-16
    0.347477270E-16
    0.258795418E-16
    0.180451565E-16
    0.291954016E-16
    0.304916175E-16
    0.308493528E-16
    0.331691292E-16
    0.338626609E-16
    0.300361319E-16
    0.178524994E-16
    0.313699948E-16
    0.308970350E-16
    0.276375827E-16
    0.378594153E-16
    0.329152664E-16
    0.368626745E-16
    0.198123928E-16
    0.366912434E-16
    0.298616887E-16
    0.279007501E-16
    0.407511531E-16
    0.345549594E-16
    0.436634638E-16
    0.239908652E-16
    0.398256304E-16
    0.293693039E-16
    0.318642381E-16
    0.429680174E-16
    0.391522488E-16
    0.470093862E-16
    0.287361851E-16
    0.400132891E-16
    0.305473820E-16
    0.371577633E-16
    0.441275034E-16
    0.421638435E-16
    0.459250916E-16
    0.329620783E-16
    0.381557499E-16
    0.340846831E-16
    0.434305862E-16
    0.426572807E-16
    0.433209093E-16
    0.427231730E-16
    0.368642379E-16
    0.374217351E-16
    0.407109475E-16
    0.483833194E-16
    0.383749382E-16
    0.438803405E-16
    0.399984784E-16
    0.428030690E-16
    0.392452496E-16
    0.505811913E-16
    0.491906007E-16
    0.349319710E-16
    0.467904632E-16
    0.437733471E-16
    0.497076507E-16
    0.461655708E-16
    0.608053843E-16
    0.471219332E-16
    0.359602003E-16
    0.556195413E-16
    0.535124560E-16
    0.548189769E-16
    0.594663946E-16
    0.673623287E-16
    0.455419507E-16
    0.427889695E-16
    0.696612874E-16
    0.626593435E-16
    0.603395762E-16
    0.733080721E-16
    0.698561287E-16
    0.504313244E-16
    0.540553982E-16
    0.846792778E-16
    0.670835127E-16
    0.671473563E-16
    0.827198239E-16
    0.691212196E-16
    0.633786016E-16
    0.671123412E-16
    0.918404950E-16
    0.705021226E-16
    0.759104423E-16
    0.856418967E-16
    0.694501871E-16
    0.857831721E-16
    0.768848059E-16
    0.909152859E-16
    0.793753353E-16
    0.861866373E-16
    0.844416412E-16
    0.789604836E-16
    0.112730395E-15
    0.804106607E-16
    0.900710026E-16
    0.965346877E-16
    0.987116176E-16
    0.866781007E-16
    0.100268624E-15
    0.135725802E-15
    0.833853941E-16
    0.960210260E-16
    0.123312815E-15
    0.111619862E-15
    0.100386495E-15
    0.133295831E-15
    0.146957017E-15
    0.974892462E-16
    0.109297440E-15
    0.155078651E-15
    0.123421672E-15
    0.130660033E-15
    0.160554658E-15
    0.149330155E-15
    0.124542311E-15
    0.132901377E-15
    0.185132397E-15
    0.141761778E-15
    0.168475994E-15
    0.171825211E-15
    0.153946400E-15
    0.162146030E-15
    0.159632905E-15
    0.208508596E-15
    0.172905454E-15
    0.202076575E-15
    0.176182875E-15
    0.167266083E-15
    0.207770428E-15
    0.185182706E-15
    0.231019349E-15
    0.212985999E-15
    0.225647827E-15
    0.186097356E-15
    0.203624995E-15
    0.253877872E-15
    0.219459298E-15
    0.255970569E-15
    0.261519767E-15
    0.245279958E-15
    0.220465390E-15
    0.264290076E-15
    0.291808424E-15
    0.272060911E-15
    0.288955904E-15
    0.326208824E-15
    0.273806077E-15
    0.290623582E-15
    0.331740151E-15
    0.330568860E-15
    0.340781428E-15
    0.337635824E-15
    0.402759430E-15
    0.326055302E-15
    0.388515151E-15
    0.395508381E-15
    0.383399724E-15
    0.416554633E-15
    0.406222746E-15
    0.483106916E-15
    0.408819542E-15
    0.482837227E-15
    0.456633518E-15
    0.454652908E-15
    0.498447847E-15
    0.495584907E-15
    0.559536509E-15
    0.507749807E-15
    0.551826668E-15
    0.515520817E-15
    0.547168207E-15
    0.579113646E-15
    0.597001824E-15
    0.631127164E-15
    0.616014199E-15
    0.606040915E-15
    0.592483172E-15
    0.658865567E-15
    0.652289420E-15
    0.704460930E-15
    0.699524742E-15
    0.733546591E-15
    0.660949260E-15
    0.715103437E-15
    0.776107813E-15
    0.750104621E-15
    0.814746463E-15
    0.797503158E-15
    0.863344378E-15
    0.759862585E-15
    0.876408882E-15
    0.908166930E-15
    0.900999975E-15
    0.945810917E-15
    0.965211814E-15
    0.101465851E-14
    0.948985055E-15
    0.105806851E-14
    0.107861415E-14
    0.110636392E-14
    0.113544251E-14
    0.119727940E-14
    0.121563264E-14
    0.122289242E-14
    0.127280936E-14
    0.130221468E-14
    0.137985477E-14
    0.138381875E-14
    0.147781597E-14
    0.146683939E-14
    0.155473391E-14
    0.151947368E-14
    0.159871006E-14
    0.170252441E-14
    0.168450017E-14
    0.178320989E-14
    0.175939104E-14
    0.190783389E-14
    0.178978892E-14
    0.194073554E-14
    0.203035704E-14
    0.203681289E-14
    0.208883316E-14
    0.211465371E-14
    0.224081310E-14
    0.212504172E-14
    0.227654886E-14
    0.236685569E-14
    0.239575704E-14
    0.242019366E-14
    0.250606818E-14
    0.257226203E-14
    0.253496872E-14
    0.263279741E-14
    0.272951132E-14
    0.277736730E-14
    0.280824300E-14
    0.291919902E-14
    0.293928905E-14
    0.300691165E-14
    0.304618642E-14
    0.315817592E-14
    0.324245264E-14
    0.327896139E-14
    0.340125602E-14
    0.337555402E-14
    0.356333244E-14
    0.351558585E-14
    0.368198475E-14
    0.376980772E-14
    0.386568947E-14
    0.394288008E-14
    0.395394544E-14
    0.417192890E-14
    0.408429369E-14
    0.424768874E-14
    0.435555585E-14
    0.449477890E-14
    0.453277469E-14
    0.462641308E-14
    0.478512196E-14
    0.473223493E-14
    0.484542751E-14
    0.497557985E-14
    0.510733299E-14
    0.515967146E-14
    0.529764337E-14
    0.537145165E-14
    0.541940475E-14
    0.550759564E-14
    0.565321314E-14
    0.582056550E-14
    0.591716634E-14
    0.612828172E-14
    0.614559325E-14
    0.645058457E-14
    0.655297676E-14
    0.689628556E-14
    0.721450739E-14
    0.761405644E-14
    0.803272145E-14
    0.843206701E-14
    0.923781007E-14
    0.980903467E-14
    0.107928917E-13
    0.119067735E-13
    0.133190857E-13
    0.148009704E-13
    0.168207761E-13
    0.191672059E-13
    0.217915110E-13
    0.250373274E-13
    0.290376238E-13
    0.338611881E-13
    0.394481861E-13
    0.466478915E-13
    0.544119570E-13
    0.641105726E-13
    0.752149848E-13
    0.886812252E-13
    0.104965258E-12
    0.124030526E-12
    0.147571233E-12
    0.173347302E-12
    0.206133464E-12
    0.242560816E-12
    0.287138225E-12
    0.339811478E-12
    0.402311365E-12
    0.476180706E-12
    0.560898493E-12
    0.664709502E-12
    0.782396847E-12
    0.924160026E-12
    0.109178507E-11
    0.128936513E-11
    0.152006153E-11
    0.179024656E-11
    0.211239027E-11
    0.248400217E-11
    0.292554086E-11
    0.344751581E-11
    0.405873497E-11
    0.477279902E-11
    0.561283391E-11
    0.660221817E-11
    0.775197170E-11
    0.910930512E-11
    0.107049595E-10
    0.125706400E-10
    0.147478979E-10
    0.173105798E-10
    0.203047371E-10
    0.238039748E-10
    0.279037180E-10
    0.327145690E-10
    0.383209265E-10
    0.448665273E-10
    0.525374042E-10
    0.614744705E-10
    0.719144692E-10
    0.840983872E-10
    0.983422412E-10
    0.114916011E-09
    0.134236637E-09
    0.156784971E-09
    0.182999572E-09
    0.213550353E-09
    0.249084814E-09
    0.290474265E-09
    0.338539327E-09
    0.394416600E-09
    0.459387859E-09
    0.534741695E-09
    0.622301103E-09
    0.723805426E-09
    0.841632428E-09
    0.978096174E-09
    0.113625103E-08
    0.131944987E-08
    0.153136799E-08
    0.177672661E-08
    0.206029325E-08
    0.238825164E-08
    0.276698610E-08
    0.320441026E-08
    0.370928705E-08
    0.429153498E-08
    0.496316960E-08
    0.573687019E-08
    0.662841334E-08
    0.765465419E-08
    0.883567210E-08
    0.101940145E-07
    0.117552680E-07
    0.135496054E-07
    0.156095858E-07
    0.179745956E-07
    0.206875083E-07
    0.237982951E-07
    0.273632201E-07
    0.314463938E-07
    0.361217119E-07
    0.414704707E-07
    0.475885126E-07
    0.545815283E-07
    0.625708046E-07
    0.716931714E-07
    0.821040606E-07
    0.939803247E-07
    0.107518678E-06
    0.122946391E-06
    0.140516611E-06
    0.160515698E-06
    0.183267820E-06
    0.209138124E-06
    0.238540431E-06
    0.271934815E-06
    0.309848207E-06
    0.352866779E-06
    0.401651177E-06
    0.456945069E-06
    0.519584796E-06
    0.590509865E-06
    0.670768228E-06
    0.761545486E-06
    0.864163580E-06
    0.980100623E-06
    0.111101856E-05
    0.125877361E-05
    0.142544512E-05
    0.161334506E-05
    0.182507309E-05
    0.206351951E-05
    0.233190345E-05
    0.263382762E-05
    0.297329907E-05
    0.335478530E-05
    0.378324067E-05
    0.426420229E-05
    0.480380613E-05
    0.540886180E-05
    0.608695149E-05
    0.684647428E-05
    0.769675147E-05
    0.864808867E-05
    0.971193376E-05
    0.109009359E-04
    0.122290663E-04
    0.137118177E-04
    0.153662673E-04
    0.172112950E-04
    0.192676845E-04
    0.215584166E-04
    0.241087671E-04
    0.269465582E-04
    0.301024702E-04
    0.336101898E-04
    0.375067832E-04
    0.418328946E-04
    0.466332322E-04
    0.519567717E-04
    0.578571848E-04
    0.643933675E-04
    0.716296993E-04
    0.796366944E-04
    0.884913350E-04
    0.982778808E-04
    0.109088220E-03
    0.121022615E-03
    0.134190521E-03
    0.148711052E-03
    0.164714054E-03
    0.182340628E-03
    0.201744458E-03
    0.223092342E-03
    0.246565457E-03
    0.272360539E-03
    0.300690724E-03
    0.331787181E-03
    0.365899937E-03
    0.403299920E-03
    0.444279754E-03
    0.489155756E-03
    0.538269580E-03
    0.591989605E-03
    0.650713264E-03
    0.714868340E-03
    0.784915885E-03
    0.861351389E-03
    0.944707713E-03
    0.103555730E-02
    0.113451424E-02
    0.124223754E-02
    0.135943280E-02
    0.148685639E-02
    0.162531679E-02
    0.177567889E-02
    0.193886648E-02
    0.211586545E-02
    0.230772766E-02
    0.251557336E-02
    0.274059642E-02
    0.298406594E-02
    0.324733178E-02
    0.353182733E-02
    0.383907365E-02
    0.417068392E-02
    0.452836623E-02
    0.491392999E-02
    0.532928705E-02
    0.577645881E-02
    0.625757827E-02
    0.677489539E-02
    0.733078102E-02
    0.792773017E-02
    0.856836840E-02
    0.925545249E-02
    0.999187790E-02
    0.107806797E-01
    0.116250382E-01
    0.125282815E-01
    0.134938887E-01
    0.145254947E-01
    0.156268896E-01
    0.168020254E-01
    0.180550147E-01
    0.193901353E-01
    0.208118295E-01
    0.223247063E-01
    0.239335431E-01
    0.256432824E-01
    0.274590362E-01
    0.293860800E-01
    0.314298558E-01
    0.335959659E-01
    0.358901723E-01
    0.383183931E-01
    0.408866954E-01
    0.436012941E-01
    0.464685410E-01
    0.494949233E-01
    0.526870500E-01
    0.560516468E-01
    0.595955454E-01
    0.633256709E-01
    0.672490330E-01
    0.713727084E-01
    0.757038328E-01
    0.802495788E-01
    0.850171447E-01
    0.900137350E-01
    0.952465417E-01
    0.100722726E+00
    0.106449394E+00
    0.112433582E+00
    0.118682222E+00
    0.125202129E+00
    0.131999968E+00
    0.139082235E+00
    0.146455220E+00
    0.154124988E+00
    0.162097348E+00
    0.170377817E+00
    0.178971601E+00
    0.187883551E+00
    0.197118147E+00
    0.206679449E+00
    0.216571076E+00
    0.226796173E+00
    0.237357371E+00
    0.248256761E+00
    0.259495859E+00
    0.271075578E+00
    0.282996184E+00
    0.295257282E+00
    0.307857773E+00
    0.320795825E+00
    0.334068851E+00
    0.347673475E+00
    0.361605514E+00
    0.375859938E+00
    0.390430867E+00
    0.405311537E+00
    0.420494281E+00
    0.435970514E+00
    0.451730729E+00
    0.467764469E+00
    0.484060323E+00
    0.500605929E+00
    0.517387955E+00
    0.534392111E+00
    0.551603141E+00
    0.569004845E+00
    0.586580075E+00
    0.604310744E+00
    0.622177863E+00
    0.640161543E+00
    0.658241025E+00
    0.676394705E+00
    0.694600177E+00
    0.712834255E+00
    0.731073012E+00
    0.749291835E+00
    0.767465460E+00
    0.785568027E+00
    0.803573127E+00
    0.821453874E+00
    0.839182948E+00
    0.856732663E+00
    0.874075041E+00
    0.891181873E+00
    0.908024788E+00
    0.924575333E+00
    0.940805048E+00
    0.956685539E+00
    0.972188557E+00
    0.987286083E+00
    0.100195041E+01
    0.101615421E+01
    0.102987063E+01
    0.104307338E+01
    0.105573680E+01
    0.106783594E+01
    0.107934665E+01
    0.109024565E+01
    0.110051063E+01
    0.111012028E+01
    0.111905439E+01
    0.112729393E+01
    0.113482110E+01
    0.114161939E+01
    0.114767365E+01
    0.115297014E+01
    0.115749657E+01
    0.116124217E+01
    0.116419772E+01
    0.116635558E+01
    0.116770973E+01
    0.116825579E+01
    0.116799104E+01
    0.116691445E+01
    0.116502667E+01
    0.116233004E+01
    0.115882861E+01
    0.115452806E+01
    0.114943579E+01
    0.114356083E+01
    0.113691381E+01
    0.112950696E+01
    0.112135408E+01
    0.111247047E+01
    0.110287287E+01
    0.109257946E+01
    0.108160975E+01
    0.106998457E+01
    0.105772593E+01
    0.104485704E+01
    0.103140216E+01
    0.101738657E+01
    0.100283648E+01
    0.987778921E+00
    0.972241702E+00
    0.956253285E+00
    0.939842736E+00
    0.923039597E+00
    0.905873822E+00
    0.888375677E+00
    0.870575655E+00
    0.852504380E+00
    0.834192519E+00
    0.815670706E+00
    0.796969439E+00
    0.778119008E+00
    0.759149403E+00
    0.740090251E+00
    0.720970716E+00
    0.701819446E+00
    0.682664493E+00
    0.663533251E+00
    0.644452386E+00
    0.625447783E+00
    0.606544494E+00
    0.587766678E+00
    0.569137565E+00
    0.550679406E+00
    0.532413450E+00
    0.514359892E+00
    0.496537858E+00
    0.478965381E+00
    0.461659382E+00
    0.444635652E+00
    0.427908847E+00
    0.411492485E+00
    0.395398937E+00
    0.379639439E+00
    0.364224092E+00
    0.349161879E+00
    0.334460680E+00
    0.320127283E+00
    0.306167416E+00
    0.292585763E+00
    0.279385996E+00
    0.266570801E+00
    0.254141916E+00
    0.242100163E+00
    0.230445483E+00
    0.219176977E+00
    0.208292943E+00
    0.197790919E+00
    0.187667722E+00
    0.177919492E+00
    0.168541741E+00
    0.159529384E+00
    0.150876791E+00
    0.142577832E+00
    0.134625914E+00
    0.127014027E+00
    0.119734785E+00
    0.112780472E+00
    0.106143073E+00
    0.998143212E-01
    0.937857373E-01
    0.880486576E-01
    0.825942780E-01
    0.774136836E-01
    0.724978852E-01
    0.678378449E-01
    0.634245100E-01
    0.592488413E-01
    0.553018332E-01
    0.515745448E-01
    0.480581184E-01
    0.447438022E-01
    0.416229685E-01
    0.386871317E-01
    0.359279655E-01
    0.333373130E-01
    0.309072050E-01
    0.286298666E-01
    0.264977284E-01
    0.245034358E-01
    0.226398544E-01
    0.209000761E-01
    0.192774232E-01
    0.177654524E-01
    0.163579558E-01
    0.150489615E-01
    0.138327361E-01
    0.127037811E-01
    0.116568322E-01
    0.106868578E-01
    0.978905481E-02
    0.895884552E-02
    0.819187197E-02
    0.748399410E-02
    0.683128140E-02
    0.623000878E-02
    0.567665153E-02
    0.516787735E-02
    0.470054137E-02
    0.427167847E-02
    0.387849823E-02
    0.351837638E-02
    0.318884889E-02
    0.288760595E-02
    0.261248332E-02
    0.236145730E-02
    0.213263694E-02
    0.192425847E-02
    0.173467775E-02
    0.156236491E-02
    0.140589799E-02
    0.126395638E-02
    0.113531576E-02
    0.101884218E-02
    0.913486557E-03
    0.818279598E-03
    0.732326892E-03
    0.654803980E-03
    0.584951720E-03
    0.522072067E-03
    0.465523984E-03
    0.414719135E-03
    0.369118577E-03
    0.328229030E-03
    0.291599376E-03
    0.258817822E-03
    0.229508628E-03
    0.203329623E-03
    0.179969214E-03
    0.159144370E-03
    0.140598027E-03
    0.124096984E-03
    0.109430128E-03
    0.964063190E-04
    0.848528683E-04
    0.746137979E-04
    0.655485489E-04
    0.575304296E-04
    0.504454398E-04
    0.441911921E-04
    0.386757142E-04
    0.338165324E-04
    0.295397883E-04
    0.257794058E-04
    0.224762938E-04
    0.195777246E-04
    0.170366774E-04
    0.148112773E-04
    0.128642313E-04
    0.111624370E-04
    0.967647664E-05
    0.838026164E-05
    0.725070116E-05
    0.626733904E-05
    0.541212218E-05
    0.466908325E-05
    0.402416603E-05
    0.346496339E-05
    0.298057036E-05
    0.256140737E-05
    0.219904399E-05
    0.188610698E-05
    0.161612518E-05
    0.138343780E-05
    0.118309136E-05
    0.101076790E-05
    0.862699679E-06
    0.735596738E-06
    0.626602584E-06
    0.533235295E-06
    0.453331264E-06
    0.385019127E-06
    0.326678268E-06
    0.276903310E-06
    0.234479973E-06
    0.198357687E-06
    0.167635473E-06
    0.141528975E-06
    0.119369639E-06
    0.100579669E-06
    0.846625706E-07
    0.711939829E-07
    0.598073681E-07
    0.501920328E-07
    0.420797721E-07
    0.352436317E-07
    0.294883745E-07
    0.246477742E-07
    0.205816509E-07
    0.171686891E-07
    0.143069876E-07
    0.119103877E-07
    0.990538800E-08
    0.822945779E-08
    0.683007792E-08
    0.566309470E-08
    0.469074358E-08
    0.388103211E-08
    0.320813463E-08
    0.264913062E-08
    0.218527898E-08
    0.180076880E-08
    0.148240738E-08
    0.121911528E-08
    0.100140999E-08
    0.821884665E-09
    0.673776517E-09
    0.551808439E-09
    0.451448811E-09
    0.368915370E-09
    0.301184275E-09
    0.245627073E-09
    0.200116455E-09
    0.162851441E-09
    0.132404587E-09
    0.107536744E-09
    0.872175582E-10
    0.706792831E-10
    0.572418336E-10
    0.462800838E-10
    0.373845349E-10
    0.301733304E-10
    0.243253905E-10
    0.195822494E-10
    0.157529610E-10
    0.126742243E-10
    0.101661133E-10
    0.815529594E-11
    0.653336356E-11
    0.523018774E-11
    0.418205444E-11
    0.334303587E-11
    0.267015028E-11
    0.212712351E-11
    0.169414052E-11
    0.134641122E-11
    0.106963765E-11
    0.850743464E-12
    0.674984443E-12
    0.533556299E-12
    0.423034913E-12
    0.334145473E-12
    0.263150888E-12
    0.207789617E-12
    0.164574696E-12
    0.129267024E-12
    0.100795735E-12
    0.798043765E-13
    0.623347562E-13
    0.485519274E-13
    0.380270957E-13
    0.297165689E-13
    0.228279995E-13
    0.175393857E-13
    0.138165017E-13
    0.106566579E-13
    0.832031461E-14
    0.647380147E-14
    0.496949364E-14
    0.376523440E-14
    0.298819877E-14
    0.230017402E-14
    0.184011968E-14
    0.148652224E-14
    0.113371178E-14
    0.835130101E-15
    0.680207554E-15
    0.564817340E-15
    0.409968574E-15
    0.343493746E-15
    0.304062753E-15
    0.221096969E-15
    0.185444263E-15
    0.164130506E-15
    0.150538323E-15
    0.119155571E-15
    0.115516012E-15
    0.105731680E-15
    0.986047450E-16
    0.848300757E-16
    0.798914630E-16
    0.710786251E-16
    0.543356832E-16
    0.625823996E-16
    0.489810396E-16
    0.532673548E-16
    0.361412403E-16
    0.401773243E-16
    0.444192579E-16
    0.336213503E-16
    0.492629724E-16
    0.419088460E-16
    0.603515805E-16
    0.480004977E-16
    0.392612050E-16
    0.390772085E-16
    0.431247253E-16
    0.533886843E-16
    0.413261813E-16
    0.486764156E-16
    0.331592041E-16
    0.378931232E-16
    0.412474914E-16
    0.352456599E-16
    0.453226136E-16
    0.429186834E-16
    0.499813811E-16
    0.455725792E-16
    0.381369379E-16
    0.414243402E-16
    0.404055089E-16
    0.474240756E-16
    0.373849399E-16
    0.430447176E-16
    0.396879594E-16
    0.362252134E-16
    0.392714936E-16
    0.411144431E-16
    0.429570818E-16
    0.467162359E-16
    0.440910148E-16
    0.418926119E-16
    0.478039527E-16
    0.507450248E-16
    0.355442413E-16
    0.353207510E-16
    0.357348529E-16
    0.423073443E-16
    0.447122756E-16
    0.369207077E-16
    0.365233879E-16
    0.417080144E-16
    0.424277273E-16
    0.425485428E-16
    0.374788838E-16
    0.510684708E-16
    0.490381758E-16
    0.485156521E-16
    0.349275221E-16
    0.326798431E-16
    0.328512074E-16
    0.377371549E-16
    0.483558073E-16
    0.342429354E-16
    0.357289435E-16
    0.356000363E-16
    0.397495256E-16
    0.267269525E-16
    0.356543527E-16
    0.550796845E-16
    0.412322957E-16
    0.377697003E-16
    0.423079803E-16
    0.429969342E-16
    0.315653565E-16
    0.295385637E-16
    0.401252588E-16
    0.385102531E-16
    0.326101994E-16
    0.351018406E-16
    0.331327325E-16
    0.269169829E-16
    0.322293634E-16
    0.376739092E-16
    0.386306934E-16
    0.357381260E-16
    0.534047642E-16
    0.493402479E-16
    0.397394786E-16
    0.254334210E-16
    0.358525895E-16
    0.426767271E-16
    0.321259156E-16
    0.364724631E-16
    0.313557300E-16
    0.331320905E-16
    0.262878435E-16
    0.272189404E-16
    0.351446697E-16
    0.373366512E-16
    0.466508802E-16
    0.490970006E-16
    0.346906693E-16
    0.342305978E-16
    0.506888822E-16
    0.414304834E-16
    0.355704814E-16
    0.326042003E-16
    0.437434181E-16
    0.365856588E-16
    0.333746733E-16
    0.320984862E-16
    0.343134704E-16
    0.368435251E-16
    0.343162200E-16
    0.455844111E-16
    0.352581569E-16
    0.362356083E-16
    0.477271017E-16
    0.384515725E-16
    0.414290992E-16
    0.434826274E-16
    0.421755067E-16
    0.560718375E-16
    0.361194557E-16
    0.358691016E-16
    0.452239685E-16
    0.425589790E-16
    0.575241187E-16
    0.446366019E-16
    0.451787213E-16
    0.423472281E-16
    0.518433892E-16
    0.431769804E-16
    0.356011570E-16
    0.586654637E-16
    0.444431535E-16
    0.399550672E-16
    0.403083970E-16
    0.431733717E-16
    0.410833948E-16
    0.351719573E-16
    0.582015982E-16
    0.666543228E-16
    0.406261464E-16
    0.605794694E-16
    0.590479888E-16
    0.478566799E-16
    0.513632557E-16
    0.502607599E-16
    0.537112051E-16
    0.642856585E-16
    0.518527371E-16
    0.512197125E-16
    0.506228316E-16
    0.479874790E-16
    0.614761445E-16
    0.496763216E-16
    0.697566262E-16
    0.459084552E-16
    0.621710979E-16
    0.511090568E-16
    0.451108442E-16
    0.589679337E-16
    0.491836879E-16
    0.483132057E-16
    0.474242921E-16
    0.570269023E-16
    0.488024836E-16
    0.402276272E-16
    0.605581757E-16
    0.671514685E-16
    0.457857668E-16
    0.511531289E-16
    0.476691404E-16
    0.441683331E-16
    0.446302928E-16
    0.579076014E-16
    0.397418774E-16
    0.593083935E-16
    0.535472123E-16
    0.531532310E-16
    0.449544611E-16
    0.485170673E-16
    0.489577767E-16
    0.372193321E-16
    0.529783148E-16
    0.397768513E-16
    0.564399445E-16
    0.416037557E-16
    0.321295470E-16
    0.458580082E-16
    0.482812396E-16
    0.351824494E-16
    0.386391402E-16
    0.426542431E-16
    0.334564230E-16
    0.329063082E-16
    0.412899410E-16
    0.284118490E-16
    0.447186943E-16
    0.327027884E-16
    0.328013974E-16
    0.290411109E-16
    0.292084127E-16
    0.354193025E-16
    0.233314485E-16
    0.325878305E-16
    0.333020545E-16
    0.354365019E-16
    0.266389434E-16
    0.242916717E-16
    0.269329249E-16
    0.231423738E-16
    0.293000146E-16
    0.303127890E-16
    0.306586282E-16
    0.230478448E-16
    0.227839521E-16
    0.275881802E-16
    0.198656226E-16
    0.321629070E-16
    0.308869228E-16
    0.271010695E-16
    0.223364660E-16
    0.220387939E-16
    0.246378118E-16
    0.198865364E-16
    0.278755897E-16
    0.327337587E-16
    0.273119563E-16
    0.211024168E-16
    0.207842859E-16
    0.229378182E-16
    0.202580407E-16
    0.269639653E-16
    0.340201371E-16
    0.269520576E-16
    0.195491499E-16
    0.203783636E-16
    0.216538586E-16
    0.223945986E-16
    0.269337497E-16
    0.321630235E-16
    0.262062218E-16
    0.194159925E-16
    0.195640500E-16
    0.199558401E-16
    0.248286175E-16
    0.274333717E-16
    0.309681251E-16
    0.271581732E-16
    0.180512728E-16
    0.188984652E-16
    0.192379590E-16
    0.251281342E-16
    0.279525730E-16
    0.278466773E-16
    0.254946844E-16
    0.188071441E-16
    0.196340678E-16
    0.172960789E-16
    0.270040310E-16
    0.305086427E-16
    0.247246303E-16
    0.250065286E-16
    0.186431929E-16
    0.209248855E-16
    0.167201251E-16
    0.261661521E-16
    0.334364941E-16
    0.214964684E-16
    0.216494744E-16
    0.196070392E-16
    0.227577827E-16
    0.166339947E-16
    0.239328895E-16
    0.341671054E-16
    0.217565997E-16
    0.191664947E-16
    0.198203336E-16
    0.247894911E-16
    0.182622211E-16
    0.232337874E-16
    0.325707935E-16
    0.226024105E-16
    0.173320118E-16
    0.206828943E-16
    0.246458210E-16
    0.195583632E-16
    0.247226415E-16
    0.274344973E-16
    0.221663738E-16
    0.173226401E-16
    0.225090543E-16
    0.231743772E-16
    0.195072134E-16
    0.276148457E-16
    0.232417082E-16
    0.212316075E-16
    0.193345651E-16
    0.259404031E-16
    0.213630670E-16
    0.185210055E-16
    0.295428921E-16
    0.221950985E-16
    0.188189074E-16
    0.226877720E-16
    0.280129980E-16
    0.208846393E-16
    0.215815500E-16
    0.268922922E-16
    0.224991186E-16
    0.181147644E-16
    0.260480952E-16
    0.254063255E-16
    0.180827925E-16
    0.247759440E-16
    0.216406837E-16
    0.207210088E-16
    0.196811012E-16
    0.299574817E-16
    0.244880158E-16
    0.169995196E-16
    0.257571342E-16
    0.222305422E-16
    0.208125446E-16
    0.275259048E-16
    0.262846063E-16
    0.221944519E-16
    0.215977809E-16
    0.228757563E-16
    0.222625710E-16
    0.193268678E-16
    0.326436533E-16
    0.244061436E-16
    0.201720609E-16
    0.245413563E-16
    0.219960329E-16
    0.239010884E-16
    0.282851536E-16
    0.239477971E-16
    0.246393973E-16
    0.216608030E-16
    0.249672464E-16
    0.232331207E-16
    0.209104254E-16
    0.298060990E-16
    0.260046302E-16
    0.257559415E-16
    0.276128258E-16
    0.215992231E-16
    0.221940836E-16
    0.274839946E-16
    0.267869709E-16
    0.295483046E-16
    0.236607298E-16
    0.223349213E-16
    0.230041741E-16
    0.218560676E-16
