 #tdnd tdcion
    0.192394845E-16
    0.173107567E-16
    0.168864142E-16
    0.258631594E-16
    0.186784373E-16
    0.182280291E-16
    0.214731113E-16
    0.230306733E-16
    0.215520304E-16
    0.289721061E-16
    0.302871869E-16
    0.396768486E-16
    0.406635803E-16
    0.403785283E-16
    0.455309416E-16
    0.443244983E-16
    0.570225620E-16
    0.835819526E-16
    0.656548240E-16
    0.580115913E-16
    0.584111447E-16
    0.562973239E-16
    0.458153301E-16
    0.472833448E-16
    0.364859446E-16
    0.351183932E-16
    0.298753540E-16
    0.291621421E-16
    0.331828737E-16
    0.379908765E-16
    0.385020989E-16
    0.397484940E-16
    0.474725002E-16
    0.428038009E-16
    0.350786223E-16
    0.300012565E-16
    0.271109560E-16
    0.283854006E-16
    0.405354779E-16
    0.394866410E-16
    0.419240223E-16
    0.374150777E-16
    0.283358777E-16
    0.263240730E-16
    0.313944068E-16
    0.358790594E-16
    0.450508084E-16
    0.380330039E-16
    0.232160955E-16
    0.307758395E-16
    0.321336966E-16
    0.287505740E-16
    0.452812030E-16
    0.325040186E-16
    0.335510710E-16
    0.294009018E-16
    0.294091317E-16
    0.267540145E-16
    0.397819489E-16
    0.338762228E-16
    0.348812749E-16
    0.325626139E-16
    0.241841825E-16
    0.321681388E-16
    0.330055353E-16
    0.254406602E-16
    0.360912296E-16
    0.341401942E-16
    0.297080534E-16
    0.321114341E-16
    0.352129929E-16
    0.270067721E-16
    0.317655002E-16
    0.271493068E-16
    0.291739744E-16
    0.287440367E-16
    0.367330013E-16
    0.322282750E-16
    0.258134108E-16
    0.272227049E-16
    0.279115111E-16
    0.287068181E-16
    0.357266723E-16
    0.324695762E-16
    0.338639884E-16
    0.335958653E-16
    0.219015699E-16
    0.241024071E-16
    0.275449772E-16
    0.277297776E-16
    0.429481507E-16
    0.257849853E-16
    0.325385647E-16
    0.203378484E-16
    0.228715616E-16
    0.300549020E-16
    0.330591902E-16
    0.378224040E-16
    0.292738176E-16
    0.304865787E-16
    0.229924022E-16
    0.222039862E-16
    0.265862523E-16
    0.411073740E-16
    0.265511770E-16
    0.302088419E-16
    0.325612157E-16
    0.216276169E-16
    0.240058868E-16
    0.309808487E-16
    0.322799396E-16
    0.269843356E-16
    0.324778398E-16
    0.273895342E-16
    0.238553383E-16
    0.228778827E-16
    0.322274650E-16
    0.283455008E-16
    0.369209139E-16
    0.189044377E-16
    0.372157365E-16
    0.312925060E-16
    0.244256092E-16
    0.254850228E-16
    0.328471588E-16
    0.297410575E-16
    0.218835874E-16
    0.337802270E-16
    0.279581944E-16
    0.171562649E-16
    0.282692405E-16
    0.321326495E-16
    0.267108779E-16
    0.310452762E-16
    0.300169704E-16
    0.269827615E-16
    0.297255886E-16
    0.322879487E-16
    0.257397620E-16
    0.323991666E-16
    0.256281265E-16
    0.305410282E-16
    0.251154482E-16
    0.294297236E-16
    0.251873472E-16
    0.295790625E-16
    0.282076558E-16
    0.208498196E-16
    0.293696997E-16
    0.361219950E-16
    0.196154419E-16
    0.316632889E-16
    0.303287419E-16
    0.271444986E-16
    0.267694377E-16
    0.307456341E-16
    0.337164850E-16
    0.250975475E-16
    0.342945838E-16
    0.277472034E-16
    0.307566819E-16
    0.260136658E-16
    0.254728461E-16
    0.263723913E-16
    0.342213372E-16
    0.267028403E-16
    0.225755568E-16
    0.296919117E-16
    0.274886101E-16
    0.235209487E-16
    0.335598988E-16
    0.306426679E-16
    0.314580064E-16
    0.314231939E-16
    0.306040827E-16
    0.294340313E-16
    0.307704303E-16
    0.321650983E-16
    0.264348682E-16
    0.360263427E-16
    0.315343196E-16
    0.199217020E-16
    0.303102352E-16
    0.315709221E-16
    0.258945386E-16
    0.290120652E-16
    0.296093629E-16
    0.282141329E-16
    0.283413226E-16
    0.312472473E-16
    0.275959971E-16
    0.363053831E-16
    0.278616522E-16
    0.305558297E-16
    0.325322124E-16
    0.363371822E-16
    0.259904928E-16
    0.315383513E-16
    0.393124214E-16
    0.267597221E-16
    0.308048027E-16
    0.275921294E-16
    0.281557318E-16
    0.272012830E-16
    0.312243712E-16
    0.318536116E-16
    0.311637224E-16
    0.229727394E-16
    0.270286932E-16
    0.255842672E-16
    0.371046615E-16
    0.317599752E-16
    0.341997614E-16
    0.362911254E-16
    0.237567355E-16
    0.341825515E-16
    0.284480602E-16
    0.342888278E-16
    0.279149867E-16
    0.365559045E-16
    0.348285302E-16
    0.247618381E-16
    0.272580627E-16
    0.226605705E-16
    0.220521002E-16
    0.319562199E-16
    0.384274846E-16
    0.322703419E-16
    0.263606476E-16
    0.180331404E-16
    0.311272734E-16
    0.279525569E-16
    0.364646888E-16
    0.335550684E-16
    0.368787909E-16
    0.316363962E-16
    0.209796927E-16
    0.384575272E-16
    0.243705941E-16
    0.254314805E-16
    0.295536028E-16
    0.427305399E-16
    0.297274545E-16
    0.212885804E-16
    0.208878528E-16
    0.231541937E-16
    0.241971202E-16
    0.326925257E-16
    0.412342102E-16
    0.307857433E-16
    0.229892020E-16
    0.187130327E-16
    0.407546707E-16
    0.277855998E-16
    0.322075125E-16
    0.333440249E-16
    0.394603813E-16
    0.260487494E-16
    0.243393140E-16
    0.322094351E-16
    0.203324066E-16
    0.235687524E-16
    0.281462252E-16
    0.439676648E-16
    0.245685669E-16
    0.202039338E-16
    0.186190637E-16
    0.303122333E-16
    0.267982463E-16
    0.349757166E-16
    0.390349424E-16
    0.303815345E-16
    0.241563936E-16
    0.251677103E-16
    0.385566397E-16
    0.237668621E-16
    0.307445364E-16
    0.295122399E-16
    0.377662055E-16
    0.237214722E-16
    0.216795509E-16
    0.238971315E-16
    0.206280603E-16
    0.261081397E-16
    0.308052463E-16
    0.369186060E-16
    0.239446800E-16
    0.235899776E-16
    0.246679380E-16
    0.331271217E-16
    0.257157639E-16
    0.366724328E-16
    0.336410403E-16
    0.328060742E-16
    0.287523877E-16
    0.236064470E-16
    0.282195179E-16
    0.191929914E-16
    0.333951738E-16
    0.281642752E-16
    0.331031141E-16
    0.223571238E-16
    0.208418278E-16
    0.236434346E-16
    0.263336823E-16
    0.281699414E-16
    0.328893864E-16
    0.332559574E-16
    0.268615568E-16
    0.333311697E-16
    0.257162303E-16
    0.313059469E-16
    0.206960614E-16
    0.368810577E-16
    0.310515777E-16
    0.331486530E-16
    0.300613683E-16
    0.196344826E-16
    0.237981593E-16
    0.212107484E-16
    0.312915088E-16
    0.313209625E-16
    0.316318069E-16
    0.222960261E-16
    0.292648369E-16
    0.254464097E-16
    0.318705463E-16
    0.238198308E-16
    0.349421631E-16
    0.300532834E-16
    0.314245853E-16
    0.372577636E-16
    0.236805478E-16
    0.278164921E-16
    0.191736857E-16
    0.307317165E-16
    0.306994625E-16
    0.351855529E-16
    0.250336705E-16
    0.242479305E-16
    0.239757676E-16
    0.279913193E-16
    0.252999545E-16
    0.322798134E-16
    0.315858508E-16
    0.256702357E-16
    0.356079369E-16
    0.278636192E-16
    0.308801950E-16
    0.206590357E-16
    0.276344485E-16
    0.307554301E-16
    0.358761833E-16
    0.311518392E-16
    0.256035845E-16
    0.232347347E-16
    0.243214659E-16
    0.230057211E-16
    0.329484789E-16
    0.362689799E-16
    0.229862130E-16
    0.301524149E-16
    0.275401827E-16
    0.328049299E-16
    0.227237214E-16
    0.302388648E-16
    0.317521825E-16
    0.300467118E-16
    0.339497050E-16
    0.298253488E-16
    0.273305499E-16
    0.220904066E-16
    0.213060473E-16
    0.310034875E-16
    0.355447678E-16
    0.256581467E-16
    0.266309366E-16
    0.244941418E-16
    0.277137493E-16
    0.202733830E-16
    0.330341554E-16
    0.334215096E-16
    0.247221872E-16
    0.312027084E-16
    0.307564987E-16
    0.296592602E-16
    0.222662742E-16
    0.283953440E-16
    0.294446981E-16
    0.295909603E-16
    0.309350274E-16
    0.290839115E-16
    0.232319716E-16
    0.237870813E-16
    0.227076785E-16
    0.282789485E-16
    0.308330008E-16
    0.278493215E-16
    0.275003382E-16
    0.255909818E-16
    0.293864488E-16
    0.223143267E-16
    0.305914902E-16
    0.300450269E-16
    0.291745619E-16
    0.302148248E-16
    0.289546506E-16
    0.258934186E-16
    0.214823589E-16
    0.285041082E-16
    0.260430153E-16
    0.284782918E-16
    0.284322742E-16
    0.257601798E-16
    0.215739836E-16
    0.270743662E-16
    0.250244153E-16
    0.276377789E-16
    0.290300642E-16
    0.295288350E-16
    0.292007088E-16
    0.269799527E-16
    0.309922003E-16
    0.213565490E-16
    0.335776077E-16
    0.276785125E-16
    0.298534114E-16
    0.303041883E-16
    0.279208148E-16
    0.230824098E-16
    0.226825595E-16
    0.327706904E-16
    0.230385324E-16
    0.264706093E-16
    0.284731948E-16
    0.277771622E-16
    0.199333860E-16
    0.306974309E-16
    0.251901109E-16
    0.266628839E-16
    0.269712651E-16
    0.305595294E-16
    0.304943358E-16
    0.245476928E-16
    0.295194194E-16
    0.198159745E-16
    0.346802286E-16
    0.248378095E-16
    0.292420359E-16
    0.278287447E-16
    0.248261147E-16
    0.204690859E-16
    0.260319430E-16
    0.325304669E-16
    0.214440857E-16
    0.265204264E-16
    0.259004292E-16
    0.275029224E-16
    0.225052685E-16
    0.346381270E-16
    0.219521690E-16
    0.293798295E-16
    0.271048913E-16
    0.299003963E-16
    0.312318188E-16
    0.272866853E-16
    0.295957819E-16
    0.192360637E-16
    0.378721394E-16
    0.228541231E-16
    0.273259395E-16
    0.270197016E-16
    0.261697004E-16
    0.220081842E-16
    0.276918173E-16
    0.306010223E-16
    0.198387558E-16
    0.234688615E-16
    0.284154002E-16
    0.305516613E-16
    0.257206760E-16
    0.330907345E-16
    0.208640583E-16
    0.302946451E-16
    0.256721135E-16
    0.335322407E-16
    0.341684185E-16
    0.268631428E-16
    0.266139618E-16
    0.233113673E-16
    0.347918361E-16
    0.215429919E-16
    0.267215205E-16
    0.302139723E-16
    0.238309781E-16
    0.240220104E-16
    0.313472786E-16
    0.251238699E-16
    0.211148039E-16
    0.232918583E-16
    0.341921937E-16
    0.309566017E-16
    0.297438989E-16
    0.328429584E-16
    0.201835658E-16
    0.302063261E-16
    0.249936394E-16
    0.339152137E-16
    0.331387488E-16
    0.270067066E-16
    0.277580122E-16
    0.238541633E-16
    0.309808900E-16
    0.189971612E-16
    0.253614973E-16
    0.321466627E-16
    0.268447689E-16
    0.301223845E-16
    0.298954144E-16
    0.237399495E-16
    0.205363023E-16
    0.268099401E-16
    0.369156004E-16
    0.340283167E-16
    0.331066193E-16
    0.308954350E-16
    0.217216028E-16
    0.315109593E-16
    0.270761878E-16
    0.330266335E-16
    0.331670421E-16
    0.280354494E-16
    0.295209480E-16
    0.258580276E-16
    0.312430429E-16
    0.190167934E-16
    0.261666839E-16
    0.327361633E-16
    0.289713052E-16
    0.339022292E-16
    0.289415387E-16
    0.241065576E-16
    0.232955560E-16
    0.287053700E-16
    0.345475968E-16
    0.317444324E-16
    0.325514818E-16
    0.271047358E-16
    0.248032472E-16
    0.329712265E-16
    0.256264445E-16
    0.285017912E-16
    0.312191591E-16
    0.274465056E-16
    0.300886797E-16
    0.289362683E-16
    0.292919860E-16
    0.195809599E-16
    0.268968788E-16
    0.326794713E-16
    0.266360782E-16
    0.319768571E-16
    0.288741179E-16
    0.228057545E-16
    0.281114427E-16
    0.314538405E-16
    0.303763043E-16
    0.281145116E-16
    0.283213858E-16
    0.303951613E-16
    0.250316601E-16
    0.342133527E-16
    0.247442712E-16
    0.249117034E-16
    0.285067356E-16
    0.252511609E-16
    0.314011052E-16
    0.266678694E-16
    0.258711631E-16
    0.218092459E-16
    0.298137827E-16
    0.295201473E-16
    0.264320311E-16
    0.297188819E-16
    0.278002858E-16
    0.232548479E-16
    0.330492508E-16
    0.328245197E-16
    0.273491397E-16
    0.268114164E-16
    0.296272678E-16
    0.293204830E-16
    0.274402703E-16
    0.335452430E-16
    0.241462515E-16
    0.253326117E-16
    0.274118529E-16
    0.275707830E-16
    0.268417930E-16
    0.270443965E-16
    0.255373115E-16
    0.242620556E-16
    0.289442811E-16
    0.293200189E-16
    0.249727411E-16
    0.297538267E-16
    0.286836309E-16
    0.277699044E-16
    0.298688866E-16
    0.274322063E-16
    0.270779553E-16
    0.268307442E-16
    0.315179319E-16
    0.278263112E-16
    0.266101011E-16
    0.239959689E-16
    0.231400992E-16
    0.247860356E-16
    0.315871777E-16
    0.252615254E-16
    0.260019519E-16
    0.254215739E-16
    0.218735655E-16
    0.284650299E-16
    0.274921475E-16
    0.318413525E-16
    0.251717699E-16
    0.285616879E-16
    0.312176548E-16
    0.242441696E-16
    0.284071176E-16
    0.269101253E-16
    0.254977092E-16
    0.309330386E-16
    0.248252877E-16
    0.298422577E-16
    0.223162332E-16
    0.209366696E-16
    0.288708069E-16
    0.248408442E-16
    0.336309527E-16
    0.229051470E-16
    0.270548828E-16
    0.299792716E-16
    0.229564630E-16
    0.356507178E-16
    0.298986740E-16
    0.306807826E-16
    0.281544364E-16
    0.281762988E-16
    0.351816062E-16
    0.268575699E-16
    0.315569312E-16
    0.292849726E-16
    0.251840991E-16
    0.318674846E-16
    0.253245034E-16
    0.298422489E-16
    0.307889929E-16
    0.255717527E-16
    0.306432643E-16
    0.272299389E-16
    0.330643227E-16
    0.260731669E-16
    0.314096581E-16
    0.347962781E-16
    0.297389012E-16
    0.291725534E-16
    0.312916262E-16
    0.311104987E-16
    0.299835943E-16
    0.325716466E-16
    0.286038873E-16
    0.308574623E-16
    0.243664244E-16
    0.327534612E-16
    0.300462370E-16
    0.339541692E-16
    0.264287486E-16
    0.260144609E-16
    0.293349755E-16
    0.322879186E-16
    0.326219845E-16
    0.361392881E-16
    0.334016815E-16
    0.262559237E-16
    0.328821941E-16
    0.283227472E-16
    0.375354106E-16
    0.317399911E-16
    0.398213961E-16
    0.293502971E-16
    0.350032016E-16
    0.307457808E-16
    0.289230148E-16
    0.287238713E-16
    0.402925289E-16
    0.441186740E-16
    0.331753431E-16
    0.389277497E-16
    0.308546576E-16
    0.318834906E-16
    0.309098531E-16
    0.476710847E-16
    0.521593141E-16
    0.365180551E-16
    0.321654700E-16
    0.394740953E-16
    0.352301824E-16
    0.390569034E-16
    0.350440300E-16
    0.550615040E-16
    0.390898889E-16
    0.277335653E-16
    0.469654861E-16
    0.398075383E-16
    0.350834512E-16
    0.304089113E-16
    0.465934319E-16
    0.581904158E-16
    0.293936834E-16
    0.466817725E-16
    0.448537665E-16
    0.332541542E-16
    0.408858474E-16
    0.358604653E-16
    0.669807083E-16
    0.358309333E-16
    0.396129787E-16
    0.458681756E-16
    0.426021279E-16
    0.401395117E-16
    0.355634171E-16
    0.466519490E-16
    0.594383283E-16
    0.378167695E-16
    0.510944259E-16
    0.478349406E-16
    0.389196552E-16
    0.470615324E-16
    0.341781331E-16
    0.764111515E-16
    0.519960212E-16
    0.536572673E-16
    0.456415378E-16
    0.533241335E-16
    0.519055805E-16
    0.459595059E-16
    0.585265020E-16
    0.730949998E-16
    0.521212104E-16
    0.545913671E-16
    0.574521319E-16
    0.583583220E-16
    0.546452012E-16
    0.496878120E-16
    0.806881488E-16
    0.651975982E-16
    0.666722387E-16
    0.540969183E-16
    0.661632570E-16
    0.623255930E-16
    0.651778658E-16
    0.699308906E-16
    0.768702539E-16
    0.692040970E-16
    0.681346417E-16
    0.622769892E-16
    0.726364152E-16
    0.694647573E-16
    0.698832024E-16
    0.653868660E-16
    0.818518823E-16
    0.890877435E-16
    0.647978973E-16
    0.705481379E-16
    0.773920910E-16
    0.869245557E-16
    0.628325921E-16
    0.878328803E-16
    0.101009777E-15
    0.847837482E-16
    0.643497875E-16
    0.948838592E-16
    0.981569781E-16
    0.817400895E-16
    0.756043944E-16
    0.112968135E-15
    0.109064201E-15
    0.825565647E-16
    0.902681281E-16
    0.109178476E-15
    0.101124579E-15
    0.888315267E-16
    0.118566205E-15
    0.133035615E-15
    0.111458756E-15
    0.905274464E-16
    0.123819314E-15
    0.119267998E-15
    0.122735248E-15
    0.114622636E-15
    0.137723004E-15
    0.132937212E-15
    0.122775490E-15
    0.126733879E-15
    0.138801972E-15
    0.136801066E-15
    0.138735772E-15
    0.128139782E-15
    0.157099634E-15
    0.153164856E-15
    0.140851043E-15
    0.142172100E-15
    0.154979388E-15
    0.176465624E-15
    0.139172764E-15
    0.166858357E-15
    0.174339490E-15
    0.174744099E-15
    0.153201152E-15
    0.174916421E-15
    0.196046720E-15
    0.178380948E-15
    0.166406266E-15
    0.206204422E-15
    0.212628607E-15
    0.192057522E-15
    0.188502008E-15
    0.219816477E-15
    0.221804478E-15
    0.203690965E-15
    0.230345069E-15
    0.252702467E-15
    0.244124372E-15
    0.225657226E-15
    0.266544350E-15
    0.262702727E-15
    0.266173294E-15
    0.262565117E-15
    0.290304674E-15
    0.297469643E-15
    0.287224491E-15
    0.315825660E-15
    0.308353956E-15
    0.324760502E-15
    0.334488351E-15
    0.331958367E-15
    0.360814335E-15
    0.348046360E-15
    0.371475158E-15
    0.362382475E-15
    0.367142897E-15
    0.414214686E-15
    0.386442270E-15
    0.413226091E-15
    0.415891579E-15
    0.439152503E-15
    0.429430445E-15
    0.413284551E-15
    0.462649557E-15
    0.462818441E-15
    0.451559739E-15
    0.474144958E-15
    0.501155000E-15
    0.496976625E-15
    0.477621597E-15
    0.516074771E-15
    0.542502585E-15
    0.513696601E-15
    0.522895237E-15
    0.559945154E-15
    0.564914566E-15
    0.558929444E-15
    0.588173342E-15
    0.610677088E-15
    0.610219151E-15
    0.590203984E-15
    0.646308193E-15
    0.655557304E-15
    0.664016886E-15
    0.685337155E-15
    0.692202758E-15
    0.718160189E-15
    0.708371869E-15
    0.758780816E-15
    0.792007948E-15
    0.804771967E-15
    0.832116463E-15
    0.826543623E-15
    0.846747905E-15
    0.867185273E-15
    0.911682990E-15
    0.966264251E-15
    0.977451805E-15
    0.102820166E-14
    0.100693107E-14
    0.103422399E-14
    0.105914279E-14
    0.113294549E-14
    0.116305137E-14
    0.118763018E-14
    0.122123056E-14
    0.123246533E-14
    0.124719831E-14
    0.129025733E-14
    0.138758375E-14
    0.140272547E-14
    0.142506224E-14
    0.143808705E-14
    0.147681081E-14
    0.149958592E-14
    0.151300187E-14
    0.162828913E-14
    0.166389211E-14
    0.165671533E-14
    0.170324904E-14
    0.170686157E-14
    0.181893630E-14
    0.174694484E-14
    0.187118718E-14
    0.192775163E-14
    0.189699693E-14
    0.196881513E-14
    0.196050437E-14
    0.210987561E-14
    0.207922844E-14
    0.209607081E-14
    0.224954302E-14
    0.217197433E-14
    0.227929436E-14
    0.228551683E-14
    0.238013480E-14
    0.246242033E-14
    0.237172730E-14
    0.256586291E-14
    0.255097375E-14
    0.262801609E-14
    0.270928088E-14
    0.273798190E-14
    0.282293723E-14
    0.281400801E-14
    0.286958277E-14
    0.300480299E-14
    0.301303079E-14
    0.315353844E-14
    0.319748076E-14
    0.319476916E-14
    0.329974756E-14
    0.332293021E-14
    0.338733255E-14
    0.349276927E-14
    0.352148799E-14
    0.368191091E-14
    0.357623938E-14
    0.364833867E-14
    0.380334432E-14
    0.370435510E-14
    0.388778151E-14
    0.385157155E-14
    0.396473215E-14
    0.394549450E-14
    0.379015895E-14
    0.401741297E-14
    0.392595418E-14
    0.393183420E-14
    0.404174585E-14
    0.391076690E-14
    0.402189975E-14
    0.378401786E-14
    0.383210839E-14
    0.386020846E-14
    0.369677705E-14
    0.380426020E-14
    0.370717237E-14
    0.361989813E-14
    0.366030297E-14
    0.354113506E-14
    0.361090907E-14
    0.362557020E-14
    0.369331227E-14
    0.389803951E-14
    0.393823590E-14
    0.425934132E-14
    0.482196527E-14
    0.511130536E-14
    0.591970947E-14
    0.683778549E-14
    0.793505791E-14
    0.957081396E-14
    0.112233871E-13
    0.139546965E-13
    0.168407230E-13
    0.200782535E-13
    0.250229837E-13
    0.301112534E-13
    0.371476998E-13
    0.454639659E-13
    0.548939065E-13
    0.675652516E-13
    0.809709589E-13
    0.986437026E-13
    0.119445142E-12
    0.143936178E-12
    0.175332066E-12
    0.209626749E-12
    0.251759814E-12
    0.302546615E-12
    0.360889495E-12
    0.433110466E-12
    0.515545531E-12
    0.617487003E-12
    0.735738310E-12
    0.871175913E-12
    0.103759518E-11
    0.123054715E-11
    0.145873151E-11
    0.172726131E-11
    0.204358235E-11
    0.242078359E-11
    0.285090006E-11
    0.336339687E-11
    0.397216486E-11
    0.467591196E-11
    0.550747988E-11
    0.647756690E-11
    0.762398255E-11
    0.895380659E-11
    0.104997153E-10
    0.123371135E-10
    0.144702891E-10
    0.169568000E-10
    0.198731104E-10
    0.232725789E-10
    0.272498045E-10
    0.318498482E-10
    0.372509247E-10
    0.435590902E-10
    0.508597074E-10
    0.593943964E-10
    0.693198180E-10
    0.808783259E-10
    0.942937453E-10
    0.109878790E-09
    0.128079548E-09
    0.149125970E-09
    0.173575056E-09
    0.201990188E-09
    0.234901528E-09
    0.273104705E-09
    0.317289659E-09
    0.368626512E-09
    0.428028357E-09
    0.496676456E-09
    0.576264251E-09
    0.668200161E-09
    0.774514365E-09
    0.897312593E-09
    0.103915068E-08
    0.120307320E-08
    0.139188422E-08
    0.160992156E-08
    0.186126237E-08
    0.215077296E-08
    0.248439896E-08
    0.286829428E-08
    0.331043758E-08
    0.381860457E-08
    0.440285864E-08
    0.507463337E-08
    0.584573259E-08
    0.673136953E-08
    0.774748449E-08
    0.891313533E-08
    0.102495547E-07
    0.117802535E-07
    0.135344544E-07
    0.155418798E-07
    0.178389211E-07
    0.204662647E-07
    0.234692946E-07
    0.269010981E-07
    0.308191096E-07
    0.352923944E-07
    0.403960843E-07
    0.462148119E-07
    0.528481526E-07
    0.604039908E-07
    0.690081947E-07
    0.787995408E-07
    0.899372390E-07
    0.102602379E-06
    0.116992253E-06
    0.133338241E-06
    0.151895047E-06
    0.172951179E-06
    0.196831819E-06
    0.223899814E-06
    0.254570985E-06
    0.289301180E-06
    0.328609282E-06
    0.373080316E-06
    0.423361744E-06
    0.480189010E-06
    0.544375723E-06
    0.616845766E-06
    0.698623573E-06
    0.790851110E-06
    0.894821780E-06
    0.101196344E-05
    0.114388112E-05
    0.129236006E-05
    0.145939501E-05
    0.164721785E-05
    0.185829027E-05
    0.209538200E-05
    0.236156337E-05
    0.266024385E-05
    0.299522573E-05
    0.337071602E-05
    0.379141703E-05
    0.426250886E-05
    0.478975671E-05
    0.537956701E-05
    0.603900479E-05
    0.677591908E-05
    0.759897198E-05
    0.851776787E-05
    0.954291260E-05
    0.106860864E-04
    0.119602541E-04
    0.133796616E-04
    0.149600411E-04
    0.167187240E-04
    0.186747908E-04
    0.208492871E-04
    0.232652755E-04
    0.259481901E-04
    0.289259606E-04
    0.322292079E-04
    0.358915870E-04
    0.399499487E-04
    0.444447624E-04
    0.494202790E-04
    0.549249320E-04
    0.610118198E-04
    0.677388436E-04
    0.751693656E-04
    0.833725000E-04
    0.924237146E-04
    0.102405324E-03
    0.113406888E-03
    0.125526148E-03
    0.138869368E-03
    0.153552104E-03
    0.169700044E-03
    0.187449610E-03
    0.206949081E-03
    0.228359056E-03
    0.251853789E-03
    0.277622135E-03
    0.305868303E-03
    0.336813465E-03
    0.370696543E-03
    0.407775879E-03
    0.448330280E-03
    0.492660411E-03
    0.541090818E-03
    0.593970806E-03
    0.651676591E-03
    0.714612967E-03
    0.783215014E-03
    0.857950464E-03
    0.939320898E-03
    0.102786493E-02
    0.112415978E-02
    0.122882355E-02
    0.134251822E-02
    0.146595150E-02
    0.159988022E-02
    0.174511224E-02
    0.190250968E-02
    0.207299239E-02
    0.225753972E-02
    0.245719491E-02
    0.267306755E-02
    0.290633721E-02
    0.315825697E-02
    0.343015588E-02
    0.372344437E-02
    0.403961608E-02
    0.438025235E-02
    0.474702616E-02
    0.514170514E-02
    0.556615645E-02
    0.602234912E-02
    0.651235919E-02
    0.703837345E-02
    0.760269194E-02
    0.820773355E-02
    0.885603818E-02
    0.955027149E-02
    0.102932277E-01
    0.110878328E-01
    0.119371494E-01
    0.128443777E-01
    0.138128601E-01
    0.148460832E-01
    0.159476801E-01
    0.171214337E-01
    0.183712766E-01
    0.197012950E-01
    0.211157290E-01
    0.226189720E-01
    0.242155741E-01
    0.259102392E-01
    0.277078262E-01
    0.296133470E-01
    0.316319651E-01
    0.337689947E-01
    0.360298950E-01
    0.384202692E-01
    0.409458596E-01
    0.436125414E-01
    0.464263189E-01
    0.493933168E-01
    0.525197751E-01
    0.558120393E-01
    0.592765507E-01
    0.629198388E-01
    0.667485072E-01
    0.707692240E-01
    0.749887070E-01
    0.794137117E-01
    0.840510155E-01
    0.889074000E-01
    0.939896369E-01
    0.993044684E-01
    0.104858587E+00
    0.110658620E+00
    0.116711100E+00
    0.123022456E+00
    0.129598974E+00
    0.136446790E+00
    0.143571851E+00
    0.150979899E+00
    0.158676441E+00
    0.166666721E+00
    0.174955697E+00
    0.183548007E+00
    0.192447943E+00
    0.201659423E+00
    0.211185959E+00
    0.221030629E+00
    0.231196046E+00
    0.241684331E+00
    0.252497080E+00
    0.263635331E+00
    0.275099547E+00
    0.286889571E+00
    0.299004612E+00
    0.311443208E+00
    0.324203205E+00
    0.337281730E+00
    0.350675162E+00
    0.364379117E+00
    0.378388418E+00
    0.392697081E+00
    0.407298294E+00
    0.422184401E+00
    0.437346892E+00
    0.452776378E+00
    0.468462596E+00
    0.484394394E+00
    0.500559725E+00
    0.516945652E+00
    0.533538337E+00
    0.550323064E+00
    0.567284221E+00
    0.584405327E+00
    0.601669044E+00
    0.619057182E+00
    0.636550732E+00
    0.654129883E+00
    0.671774045E+00
    0.689461892E+00
    0.707171369E+00
    0.724879761E+00
    0.742563706E+00
    0.760199255E+00
    0.777761910E+00
    0.795226674E+00
    0.812568113E+00
    0.829760392E+00
    0.846777351E+00
    0.863592561E+00
    0.880179378E+00
    0.896511028E+00
    0.912560650E+00
    0.928301389E+00
    0.943706451E+00
    0.958749174E+00
    0.973403121E+00
    0.987642128E+00
    0.100144040E+01
    0.101477258E+01
    0.102761381E+01
    0.103993984E+01
    0.105172706E+01
    0.106295259E+01
    0.107359439E+01
    0.108363125E+01
    0.109304294E+01
    0.110181023E+01
    0.110991496E+01
    0.111734013E+01
    0.112406991E+01
    0.113008973E+01
    0.113538632E+01
    0.113994777E+01
    0.114376356E+01
    0.114682460E+01
    0.114912326E+01
    0.115065343E+01
    0.115141051E+01
    0.115139145E+01
    0.115059474E+01
    0.114902048E+01
    0.114667032E+01
    0.114354747E+01
    0.113965675E+01
    0.113500452E+01
    0.112959866E+01
    0.112344860E+01
    0.111656525E+01
    0.110896101E+01
    0.110064966E+01
    0.109164641E+01
    0.108196778E+01
    0.107163159E+01
    0.106065688E+01
    0.104906390E+01
    0.103687397E+01
    0.102410947E+01
    0.101079378E+01
    0.996951171E+00
    0.982606733E+00
    0.967786324E+00
    0.952516478E+00
    0.936824325E+00
    0.920737506E+00
    0.904284094E+00
    0.887492518E+00
    0.870391468E+00
    0.853009815E+00
    0.835376539E+00
    0.817520635E+00
    0.799471041E+00
    0.781256550E+00
    0.762905744E+00
    0.744446917E+00
    0.725907986E+00
    0.707316448E+00
    0.688699293E+00
    0.670082946E+00
    0.651493208E+00
    0.632955191E+00
    0.614493281E+00
    0.596131067E+00
    0.577891308E+00
    0.559795894E+00
    0.541865793E+00
    0.524121038E+00
    0.506580677E+00
    0.489262762E+00
    0.472184323E+00
    0.455361348E+00
    0.438808780E+00
    0.422540493E+00
    0.406569304E+00
    0.390906961E+00
    0.375564146E+00
    0.360550493E+00
    0.345874581E+00
    0.331543962E+00
    0.317565172E+00
    0.303943745E+00
    0.290684250E+00
    0.277790296E+00
    0.265264581E+00
    0.253108903E+00
    0.241324202E+00
    0.229910592E+00
    0.218867389E+00
    0.208193160E+00
    0.197885750E+00
    0.187942321E+00
    0.178359398E+00
    0.169132899E+00
    0.160258184E+00
    0.151730089E+00
    0.143542967E+00
    0.135690733E+00
    0.128166894E+00
    0.120964595E+00
    0.114076658E+00
    0.107495614E+00
    0.101213743E+00
    0.952231104E-01
    0.895155996E-01
    0.840829471E-01
    0.789167712E-01
    0.740086071E-01
    0.693499333E-01
    0.649321981E-01
    0.607468505E-01
    0.567853600E-01
    0.530392430E-01
    0.495000830E-01
    0.461595495E-01
    0.430094215E-01
    0.400415968E-01
    0.372481147E-01
    0.346211664E-01
    0.321531061E-01
    0.298364677E-01
    0.276639667E-01
    0.256285166E-01
    0.237232300E-01
    0.219414268E-01
    0.202766410E-01
    0.187226190E-01
    0.172733286E-01
    0.159229558E-01
    0.146659072E-01
    0.134968113E-01
    0.124105141E-01
    0.114020814E-01
    0.104667933E-01
    0.960014254E-02
    0.879783205E-02
    0.805576818E-02
    0.737005947E-02
    0.673700919E-02
    0.615311189E-02
    0.561504733E-02
    0.511967450E-02
    0.466402661E-02
    0.424530446E-02
    0.386087031E-02
    0.350824214E-02
    0.318508701E-02
    0.288921484E-02
    0.261857256E-02
    0.237123736E-02
    0.214541109E-02
    0.193941402E-02
    0.175167867E-02
    0.158074478E-02
    0.142525257E-02
    0.128393827E-02
    0.115562826E-02
    0.103923367E-02
    0.933746264E-03
    0.838232489E-03
    0.751829862E-03
    0.673741907E-03
    0.603234001E-03
    0.539629846E-03
    0.482306678E-03
    0.430692526E-03
    0.384262126E-03
    0.342533779E-03
    0.305066422E-03
    0.271456251E-03
    0.241334473E-03
    0.214364250E-03
    0.190238429E-03
    0.168677314E-03
    0.149426257E-03
    0.132253936E-03
    0.116950242E-03
    0.103324647E-03
    0.912045723E-04
    0.804337878E-04
    0.708711256E-04
    0.623890469E-04
    0.548725496E-04
    0.482179992E-04
    0.423321192E-04
    0.371310265E-04
    0.325394118E-04
    0.284896912E-04
    0.249212860E-04
    0.217799775E-04
    0.190172651E-04
    0.165898395E-04
    0.144590226E-04
    0.125903514E-04
    0.109531472E-04
    0.952008726E-05
    0.826692523E-05
    0.717211564E-05
    0.621656613E-05
    0.538336283E-05
    0.465752279E-05
    0.402583231E-05
    0.347659061E-05
    0.299950265E-05
    0.258548732E-05
    0.222654446E-05
    0.191565703E-05
    0.164664083E-05
    0.141408669E-05
    0.121324178E-05
    0.103994972E-05
    0.890580217E-06
    0.761948099E-06
    0.651286026E-06
    0.556173800E-06
    0.474505890E-06
    0.404449275E-06
    0.344410197E-06
    0.293008966E-06
    0.249043124E-06
    0.211474191E-06
    0.179402882E-06
    0.152051641E-06
    0.128747778E-06
    0.108911893E-06
    0.920449955E-07
    0.777155887E-07
    0.655551128E-07
    0.552440650E-07
    0.465108628E-07
    0.391206574E-07
    0.328730437E-07
    0.275973284E-07
    0.231451397E-07
    0.193932390E-07
    0.162336470E-07
    0.135756723E-07
    0.113421377E-07
    0.946664259E-08
    0.789412858E-08
    0.657603393E-08
    0.547283690E-08
    0.455050032E-08
    0.377972919E-08
    0.313662609E-08
    0.260030507E-08
    0.215374743E-08
    0.178207710E-08
    0.147308876E-08
    0.121656006E-08
    0.100368138E-08
    0.827258986E-09
    0.681159608E-09
    0.560364058E-09
    0.460485228E-09
    0.378108570E-09
    0.310129735E-09
    0.254118589E-09
    0.208046450E-09
    0.170125984E-09
    0.139028581E-09
    0.113452658E-09
    0.925322839E-10
    0.753964750E-10
    0.613357400E-10
    0.498805729E-10
    0.404993169E-10
    0.328665101E-10
    0.266316020E-10
    0.215582814E-10
    0.174482377E-10
    0.140887102E-10
    0.113734578E-10
    0.917043811E-11
    0.738690701E-11
    0.594395420E-11
    0.477690707E-11
    0.383681512E-11
    0.307641681E-11
    0.246611040E-11
    0.197310489E-11
    0.157898791E-11
    0.125941696E-11
    0.100571137E-11
    0.800630034E-12
    0.635673033E-12
    0.507148356E-12
    0.401944405E-12
    0.319938825E-12
    0.253401802E-12
    0.201137458E-12
    0.159749218E-12
    0.125607237E-12
    0.100047837E-12
    0.792225436E-13
    0.626754364E-13
    0.496498940E-13
    0.391048371E-13
    0.310033788E-13
    0.242739586E-13
    0.191041743E-13
    0.150890011E-13
    0.118669710E-13
    0.928205411E-14
    0.730697928E-14
    0.571256840E-14
    0.453555546E-14
    0.359552344E-14
    0.281292246E-14
    0.224956605E-14
    0.173251819E-14
    0.137442464E-14
    0.106216226E-14
    0.815247621E-15
    0.670095478E-15
    0.505375448E-15
    0.383978318E-15
    0.290813539E-15
    0.243510117E-15
    0.171512558E-15
    0.133428906E-15
    0.104629335E-15
    0.946088230E-16
    0.888025808E-16
    0.523158999E-16
    0.580950156E-16
    0.614489470E-16
    0.631842098E-16
    0.483531410E-16
    0.512823658E-16
    0.529353356E-16
    0.441297297E-16
    0.488793354E-16
    0.510603307E-16
    0.535911502E-16
    0.515398696E-16
    0.428587720E-16
    0.520251242E-16
    0.371647009E-16
    0.358496099E-16
    0.431756338E-16
    0.479406444E-16
    0.547269793E-16
    0.474887950E-16
    0.490822360E-16
    0.486073587E-16
    0.501622487E-16
    0.301215078E-16
    0.392039912E-16
    0.495158603E-16
    0.417064444E-16
    0.449109612E-16
    0.436910545E-16
    0.422553048E-16
    0.366903928E-16
    0.338665461E-16
    0.399215049E-16
    0.420814652E-16
    0.519390144E-16
    0.481822567E-16
    0.453461737E-16
    0.344028400E-16
    0.322677668E-16
    0.379926281E-16
    0.406755942E-16
    0.351148286E-16
    0.446577299E-16
    0.371792471E-16
    0.446233391E-16
    0.359518655E-16
    0.265064816E-16
    0.308547311E-16
    0.355764425E-16
    0.487296600E-16
    0.446983401E-16
    0.418925718E-16
    0.344185026E-16
    0.402449300E-16
    0.395500794E-16
    0.358552555E-16
    0.416237616E-16
    0.479025946E-16
    0.332996075E-16
    0.320423249E-16
    0.412863972E-16
    0.347800380E-16
    0.345200879E-16
    0.348717794E-16
    0.399917603E-16
    0.357509263E-16
    0.416527563E-16
    0.402225633E-16
    0.407266025E-16
    0.436172352E-16
    0.435599441E-16
    0.515622997E-16
    0.407053733E-16
    0.316856953E-16
    0.266651381E-16
    0.481005999E-16
    0.422200701E-16
    0.354908804E-16
    0.358990469E-16
    0.278495740E-16
    0.403165180E-16
    0.333715834E-16
    0.383348516E-16
    0.377210211E-16
    0.359295637E-16
    0.454077106E-16
    0.407682324E-16
    0.407275162E-16
    0.448417637E-16
    0.348046451E-16
    0.425918108E-16
    0.372243376E-16
    0.372447089E-16
    0.380908402E-16
    0.298618201E-16
    0.594253316E-16
    0.286879254E-16
    0.361206298E-16
    0.270586626E-16
    0.422810291E-16
    0.342315983E-16
    0.419841437E-16
    0.408756178E-16
    0.441237568E-16
    0.441495792E-16
    0.327707996E-16
    0.343899571E-16
    0.430903752E-16
    0.487484764E-16
    0.417363115E-16
    0.446932903E-16
    0.461842326E-16
    0.397720661E-16
    0.353268872E-16
    0.471994102E-16
    0.344714087E-16
    0.494213897E-16
    0.433480064E-16
    0.374164510E-16
    0.414028799E-16
    0.388359239E-16
    0.316113267E-16
    0.412002147E-16
    0.402231725E-16
    0.364020630E-16
    0.440386119E-16
    0.502136425E-16
    0.450097369E-16
    0.457450487E-16
    0.448296544E-16
    0.347256760E-16
    0.367310122E-16
    0.625079447E-16
    0.407468448E-16
    0.367119800E-16
    0.374724624E-16
    0.441957182E-16
    0.510522162E-16
    0.518111443E-16
    0.499649928E-16
    0.436755071E-16
    0.557253843E-16
    0.348332870E-16
    0.430619745E-16
    0.507468822E-16
    0.429218659E-16
    0.394667630E-16
    0.574171767E-16
    0.470634536E-16
    0.481001497E-16
    0.384711107E-16
    0.438052352E-16
    0.374894816E-16
    0.561579980E-16
    0.445799860E-16
    0.442595784E-16
    0.500332933E-16
    0.372374167E-16
    0.427811001E-16
    0.369424020E-16
    0.556256838E-16
    0.343810219E-16
    0.550102759E-16
    0.412077699E-16
    0.460757126E-16
    0.358468951E-16
    0.592294977E-16
    0.390898653E-16
    0.391372198E-16
    0.553352328E-16
    0.380263560E-16
    0.409615850E-16
    0.416593235E-16
    0.468925838E-16
    0.334399594E-16
    0.648633649E-16
    0.344695340E-16
    0.415528960E-16
    0.448605339E-16
    0.342205394E-16
    0.334338619E-16
    0.405876558E-16
    0.384662653E-16
    0.372191520E-16
    0.455465910E-16
    0.284434668E-16
    0.382795923E-16
    0.325381245E-16
    0.385883468E-16
    0.318312863E-16
    0.305141340E-16
    0.280858795E-16
    0.304824560E-16
    0.270044304E-16
    0.257111107E-16
    0.323120065E-16
    0.268353355E-16
    0.376818008E-16
    0.294314574E-16
    0.287765132E-16
    0.224288143E-16
    0.206945335E-16
    0.250306951E-16
    0.258372296E-16
    0.226713053E-16
    0.300336237E-16
    0.252704394E-16
    0.201490332E-16
    0.230763693E-16
    0.233217545E-16
    0.242580464E-16
    0.272315514E-16
    0.258716639E-16
    0.198085791E-16
    0.261246423E-16
    0.207356679E-16
    0.159883557E-16
    0.267511517E-16
    0.260127993E-16
    0.194677507E-16
    0.291098331E-16
    0.231684788E-16
    0.182143418E-16
    0.182358679E-16
    0.225684086E-16
    0.231840680E-16
    0.240449806E-16
    0.257011897E-16
    0.189821180E-16
    0.245021852E-16
    0.201917426E-16
    0.172945085E-16
    0.252632520E-16
    0.270697158E-16
    0.180877258E-16
    0.268318355E-16
    0.223857423E-16
    0.183886776E-16
    0.167639301E-16
    0.221330156E-16
    0.251761681E-16
    0.223090640E-16
    0.247576839E-16
    0.177427847E-16
    0.227721169E-16
    0.188021242E-16
    0.188660443E-16
    0.252873417E-16
    0.261826895E-16
    0.174017096E-16
    0.253907314E-16
    0.203683917E-16
    0.188632861E-16
    0.183789429E-16
    0.215297336E-16
    0.261146942E-16
    0.206516028E-16
    0.235026545E-16
    0.171054611E-16
    0.202564040E-16
    0.187830195E-16
    0.207109946E-16
    0.243040698E-16
    0.254321874E-16
    0.173581551E-16
    0.240865324E-16
    0.177294062E-16
    0.193331869E-16
    0.207452019E-16
    0.212652661E-16
    0.263653163E-16
    0.207151271E-16
    0.213745790E-16
    0.170737706E-16
    0.181211487E-16
    0.203766144E-16
    0.230632367E-16
    0.218795963E-16
    0.245238502E-16
    0.175987149E-16
    0.228247631E-16
    0.165639643E-16
    0.200261431E-16
    0.221956010E-16
    0.209340471E-16
    0.256853777E-16
    0.226797223E-16
    0.185329115E-16
    0.177032012E-16
    0.167437866E-16
    0.219226295E-16
    0.256950508E-16
    0.196719701E-16
    0.228148797E-16
    0.183353718E-16
    0.199939903E-16
    0.184343713E-16
    0.201978054E-16
    0.214997129E-16
    0.216291253E-16
    0.242106413E-16
    0.237340759E-16
    0.162330338E-16
    0.186601744E-16
    0.169004750E-16
    0.213377625E-16
    0.272099812E-16
    0.203279236E-16
    0.195451512E-16
    0.188773559E-16
    0.160153547E-16
    0.220973556E-16
    0.203405129E-16
    0.184108516E-16
    0.231728913E-16
    0.244865516E-16
    0.196687498E-16
    0.173066554E-16
    0.167137938E-16
    0.186994769E-16
    0.214328325E-16
    0.261059469E-16
    0.207605120E-16
    0.177192262E-16
    0.166214376E-16
    0.160732204E-16
    0.212633809E-16
    0.210554075E-16
    0.175549386E-16
    0.240956323E-16
    0.212523825E-16
    0.149589406E-16
    0.197288969E-16
    0.152217622E-16
    0.179819004E-16
    0.235248267E-16
    0.238589766E-16
    0.182496110E-16
    0.176892245E-16
    0.122667419E-16
    0.202538341E-16
    0.190858521E-16
    0.207953174E-16
    0.191890271E-16
    0.217610081E-16
    0.142539887E-16
    0.192510961E-16
    0.158821294E-16
    0.184949305E-16
    0.168640031E-16
    0.250080673E-16
    0.179720965E-16
    0.191779654E-16
    0.143258105E-16
    0.185571945E-16
    0.167426806E-16
    0.234742813E-16
    0.175429153E-16
    0.207401576E-16
    0.145709344E-16
    0.203507378E-16
    0.177369104E-16
    0.193060220E-16
    0.149961676E-16
    0.228101133E-16
    0.172371327E-16
    0.210716082E-16
    0.172986027E-16
    0.198417755E-16
    0.160707509E-16
    0.226453462E-16
