 #tdnd tdcion
    0.245377935E-16
    0.282717638E-16
    0.266960915E-16
    0.232971906E-16
    0.185786950E-16
    0.235777720E-16
    0.272800588E-16
    0.338157228E-16
    0.239616612E-16
    0.243034140E-16
    0.335150486E-16
    0.307968865E-16
    0.322659311E-16
    0.383731168E-16
    0.374297146E-16
    0.423349442E-16
    0.510400197E-16
    0.539632956E-16
    0.818252375E-16
    0.560331069E-16
    0.647469777E-16
    0.736723456E-16
    0.761137749E-16
    0.766552778E-16
    0.568805738E-16
    0.519117806E-16
    0.537582840E-16
    0.475692084E-16
    0.575449601E-16
    0.336921635E-16
    0.286245167E-16
    0.388903633E-16
    0.368378633E-16
    0.433266503E-16
    0.510724481E-16
    0.428449898E-16
    0.519250199E-16
    0.321110392E-16
    0.315648309E-16
    0.520150655E-16
    0.407413813E-16
    0.423166613E-16
    0.396477651E-16
    0.376747492E-16
    0.355723848E-16
    0.392371673E-16
    0.364560400E-16
    0.429844231E-16
    0.294313963E-16
    0.451679896E-16
    0.482000686E-16
    0.312131240E-16
    0.334538108E-16
    0.396841318E-16
    0.369758513E-16
    0.356619238E-16
    0.385361862E-16
    0.293686181E-16
    0.445524594E-16
    0.279239343E-16
    0.270981051E-16
    0.351118075E-16
    0.298662108E-16
    0.448281880E-16
    0.414065007E-16
    0.301613100E-16
    0.322941093E-16
    0.252329238E-16
    0.290825014E-16
    0.308505482E-16
    0.407099205E-16
    0.271255085E-16
    0.505293337E-16
    0.300003694E-16
    0.241959796E-16
    0.299356435E-16
    0.294512712E-16
    0.420568222E-16
    0.350766865E-16
    0.285119046E-16
    0.362102046E-16
    0.267500694E-16
    0.270986124E-16
    0.295131185E-16
    0.415019863E-16
    0.255926838E-16
    0.434918838E-16
    0.294022534E-16
    0.231041344E-16
    0.309885135E-16
    0.344254408E-16
    0.321271281E-16
    0.318474798E-16
    0.292479491E-16
    0.321529227E-16
    0.353981338E-16
    0.250486369E-16
    0.325014389E-16
    0.298788234E-16
    0.314152251E-16
    0.307095282E-16
    0.289457653E-16
    0.282676726E-16
    0.332060692E-16
    0.367918580E-16
    0.258276437E-16
    0.294327206E-16
    0.343395288E-16
    0.251444528E-16
    0.410454287E-16
    0.251804319E-16
    0.349560605E-16
    0.222459028E-16
    0.362999207E-16
    0.246080557E-16
    0.321602730E-16
    0.308188578E-16
    0.291959787E-16
    0.316328007E-16
    0.277439447E-16
    0.272067979E-16
    0.338841810E-16
    0.245246125E-16
    0.330234520E-16
    0.283465525E-16
    0.362055042E-16
    0.271627804E-16
    0.267106369E-16
    0.294655997E-16
    0.314502037E-16
    0.270136259E-16
    0.283862004E-16
    0.297367486E-16
    0.327084058E-16
    0.220117209E-16
    0.278162136E-16
    0.310879415E-16
    0.316000602E-16
    0.343527558E-16
    0.342083234E-16
    0.275255165E-16
    0.242356108E-16
    0.331634131E-16
    0.273975982E-16
    0.263374776E-16
    0.347608118E-16
    0.291230501E-16
    0.297133486E-16
    0.243282818E-16
    0.290106859E-16
    0.288145248E-16
    0.368953633E-16
    0.282429790E-16
    0.348735085E-16
    0.331718891E-16
    0.246411699E-16
    0.213707429E-16
    0.297106614E-16
    0.265261875E-16
    0.321054331E-16
    0.347516107E-16
    0.354679499E-16
    0.283631352E-16
    0.274789952E-16
    0.242804816E-16
    0.297991272E-16
    0.370502891E-16
    0.365067901E-16
    0.328685662E-16
    0.281044282E-16
    0.243383880E-16
    0.264120244E-16
    0.254867120E-16
    0.283393705E-16
    0.457736481E-16
    0.399826821E-16
    0.293152301E-16
    0.282562564E-16
    0.267672171E-16
    0.233522035E-16
    0.346844558E-16
    0.271878328E-16
    0.439317153E-16
    0.329630596E-16
    0.283471577E-16
    0.257918153E-16
    0.278540759E-16
    0.234456338E-16
    0.311808756E-16
    0.400909419E-16
    0.466705570E-16
    0.232725188E-16
    0.262097376E-16
    0.194358560E-16
    0.243278761E-16
    0.335164713E-16
    0.301189120E-16
    0.436520636E-16
    0.421410990E-16
    0.254538301E-16
    0.270564016E-16
    0.251648547E-16
    0.251695228E-16
    0.357325774E-16
    0.376024565E-16
    0.378191815E-16
    0.328058823E-16
    0.246416501E-16
    0.225190239E-16
    0.307671025E-16
    0.276659633E-16
    0.400247984E-16
    0.420598542E-16
    0.432579545E-16
    0.274507280E-16
    0.233252861E-16
    0.212228000E-16
    0.260447185E-16
    0.364060415E-16
    0.366137394E-16
    0.300234303E-16
    0.395759089E-16
    0.240487217E-16
    0.261229927E-16
    0.331761227E-16
    0.244029971E-16
    0.336712185E-16
    0.420094838E-16
    0.302677221E-16
    0.285970120E-16
    0.231286128E-16
    0.207225982E-16
    0.286224430E-16
    0.310522403E-16
    0.311719414E-16
    0.398511384E-16
    0.385418793E-16
    0.276820938E-16
    0.310359700E-16
    0.288669450E-16
    0.212785376E-16
    0.321140786E-16
    0.374679203E-16
    0.267048069E-16
    0.300657697E-16
    0.312767434E-16
    0.247519088E-16
    0.290387463E-16
    0.293081756E-16
    0.261873559E-16
    0.482455001E-16
    0.347925162E-16
    0.242609582E-16
    0.322779867E-16
    0.190530196E-16
    0.198706665E-16
    0.310270351E-16
    0.271529122E-16
    0.296141117E-16
    0.340893551E-16
    0.311501583E-16
    0.287575216E-16
    0.247780746E-16
    0.231283945E-16
    0.265316183E-16
    0.413394825E-16
    0.298597290E-16
    0.194065314E-16
    0.319380205E-16
    0.192313609E-16
    0.196179636E-16
    0.288945657E-16
    0.226746767E-16
    0.380847990E-16
    0.399020718E-16
    0.273544026E-16
    0.317006336E-16
    0.186387695E-16
    0.208535212E-16
    0.287161161E-16
    0.337068864E-16
    0.263002122E-16
    0.261423559E-16
    0.314065173E-16
    0.218178999E-16
    0.216313516E-16
    0.250025284E-16
    0.236096492E-16
    0.400454407E-16
    0.370494065E-16
    0.223936462E-16
    0.246231096E-16
    0.180964576E-16
    0.206616488E-16
    0.263295048E-16
    0.268761219E-16
    0.275392535E-16
    0.323872724E-16
    0.282370759E-16
    0.232779082E-16
    0.211488925E-16
    0.224155851E-16
    0.241650122E-16
    0.366033044E-16
    0.284715078E-16
    0.238019132E-16
    0.243113377E-16
    0.209445725E-16
    0.232517239E-16
    0.238302515E-16
    0.252096217E-16
    0.310175148E-16
    0.336526693E-16
    0.292288268E-16
    0.199122082E-16
    0.220061711E-16
    0.215810535E-16
    0.244956951E-16
    0.312317782E-16
    0.254270340E-16
    0.285791312E-16
    0.257415699E-16
    0.238814831E-16
    0.222766781E-16
    0.220746434E-16
    0.239864856E-16
    0.307714993E-16
    0.295659230E-16
    0.280298416E-16
    0.181725416E-16
    0.237650152E-16
    0.205748265E-16
    0.240836006E-16
    0.275168600E-16
    0.270337229E-16
    0.282786665E-16
    0.283337621E-16
    0.240804821E-16
    0.203422688E-16
    0.209289978E-16
    0.252310825E-16
    0.283127445E-16
    0.255464515E-16
    0.282980535E-16
    0.199146392E-16
    0.271007294E-16
    0.199142785E-16
    0.256358271E-16
    0.260621777E-16
    0.257787335E-16
    0.276802887E-16
    0.295902448E-16
    0.227175428E-16
    0.194268905E-16
    0.206448678E-16
    0.256681987E-16
    0.254727775E-16
    0.254699653E-16
    0.269294944E-16
    0.214968486E-16
    0.284743835E-16
    0.194351437E-16
    0.251757313E-16
    0.256699110E-16
    0.235735469E-16
    0.254111694E-16
    0.279191754E-16
    0.214093776E-16
    0.201744024E-16
    0.197082827E-16
    0.264077686E-16
    0.259066221E-16
    0.238573959E-16
    0.256382829E-16
    0.246172335E-16
    0.282226445E-16
    0.178191684E-16
    0.250760535E-16
    0.257996777E-16
    0.220309645E-16
    0.245588915E-16
    0.274413141E-16
    0.205855955E-16
    0.223054533E-16
    0.208529480E-16
    0.286768687E-16
    0.267800939E-16
    0.229066297E-16
    0.260568390E-16
    0.256512893E-16
    0.267560409E-16
    0.166698267E-16
    0.231236283E-16
    0.249139186E-16
    0.240040580E-16
    0.245974424E-16
    0.266185061E-16
    0.202263501E-16
    0.255368482E-16
    0.191918428E-16
    0.305525731E-16
    0.261916446E-16
    0.223733547E-16
    0.253510427E-16
    0.258624986E-16
    0.235547018E-16
    0.179242786E-16
    0.217485377E-16
    0.280587932E-16
    0.262497199E-16
    0.240386056E-16
    0.282667215E-16
    0.210931769E-16
    0.278625403E-16
    0.178588139E-16
    0.293415626E-16
    0.226584949E-16
    0.229059601E-16
    0.276582199E-16
    0.259986938E-16
    0.193832275E-16
    0.217899165E-16
    0.196296064E-16
    0.313866637E-16
    0.261629931E-16
    0.245924426E-16
    0.269754382E-16
    0.212704177E-16
    0.260804580E-16
    0.181603902E-16
    0.265289076E-16
    0.219945652E-16
    0.251504909E-16
    0.281885230E-16
    0.257694846E-16
    0.188029272E-16
    0.269255033E-16
    0.194850422E-16
    0.312356965E-16
    0.222461142E-16
    0.241534705E-16
    0.277947161E-16
    0.220023535E-16
    0.244944989E-16
    0.204254927E-16
    0.236912924E-16
    0.233647040E-16
    0.269134237E-16
    0.296674555E-16
    0.238779723E-16
    0.193270578E-16
    0.294886722E-16
    0.190263653E-16
    0.294827076E-16
    0.198579098E-16
    0.258094947E-16
    0.268221848E-16
    0.224989888E-16
    0.239819284E-16
    0.252174586E-16
    0.237071376E-16
    0.250313869E-16
    0.240366208E-16
    0.278447282E-16
    0.242624302E-16
    0.201841728E-16
    0.300712148E-16
    0.206724451E-16
    0.263755762E-16
    0.186696047E-16
    0.271333205E-16
    0.278664153E-16
    0.225923727E-16
    0.231941455E-16
    0.289779756E-16
    0.235196965E-16
    0.242285349E-16
    0.204871817E-16
    0.287453908E-16
    0.227084581E-16
    0.211855370E-16
    0.279634694E-16
    0.256517357E-16
    0.244856630E-16
    0.199540226E-16
    0.260272200E-16
    0.253918483E-16
    0.241292669E-16
    0.234928439E-16
    0.297063585E-16
    0.250074211E-16
    0.209437871E-16
    0.179127901E-16
    0.294523036E-16
    0.242852236E-16
    0.232035242E-16
    0.263984037E-16
    0.294057207E-16
    0.241766532E-16
    0.200145460E-16
    0.244864951E-16
    0.265833695E-16
    0.251119683E-16
    0.236295325E-16
    0.269302721E-16
    0.287232674E-16
    0.186255565E-16
    0.200612237E-16
    0.305540993E-16
    0.233777676E-16
    0.242956634E-16
    0.261290481E-16
    0.309968517E-16
    0.239401283E-16
    0.202827460E-16
    0.213027807E-16
    0.255858180E-16
    0.280182054E-16
    0.237538664E-16
    0.263257695E-16
    0.310061610E-16
    0.188299770E-16
    0.220251048E-16
    0.288514496E-16
    0.256792382E-16
    0.262191937E-16
    0.245386968E-16
    0.296381920E-16
    0.250242684E-16
    0.209170115E-16
    0.204085853E-16
    0.262858150E-16
    0.306787075E-16
    0.214181739E-16
    0.253550894E-16
    0.355363717E-16
    0.165870799E-16
    0.237693442E-16
    0.246973251E-16
    0.248029849E-16
    0.254651319E-16
    0.228735359E-16
    0.301867594E-16
    0.254246198E-16
    0.199815137E-16
    0.214834020E-16
    0.258674471E-16
    0.320420054E-16
    0.235974685E-16
    0.251872523E-16
    0.357780355E-16
    0.156869619E-16
    0.263346903E-16
    0.254119633E-16
    0.235334326E-16
    0.279004120E-16
    0.245256057E-16
    0.296238488E-16
    0.302570633E-16
    0.220956053E-16
    0.251036468E-16
    0.256345907E-16
    0.317643742E-16
    0.246122449E-16
    0.248340351E-16
    0.345370457E-16
    0.178637475E-16
    0.280043558E-16
    0.258431694E-16
    0.225957843E-16
    0.275016445E-16
    0.280321236E-16
    0.294925002E-16
    0.317356038E-16
    0.252565915E-16
    0.258833547E-16
    0.261144900E-16
    0.279694619E-16
    0.230051772E-16
    0.243119828E-16
    0.363331319E-16
    0.220611123E-16
    0.326515960E-16
    0.253386026E-16
    0.237485685E-16
    0.281351878E-16
    0.318320339E-16
    0.319814119E-16
    0.348957159E-16
    0.269481062E-16
    0.265858286E-16
    0.260852815E-16
    0.263574498E-16
    0.225295362E-16
    0.271721979E-16
    0.409292403E-16
    0.261333748E-16
    0.347374979E-16
    0.250013988E-16
    0.246013783E-16
    0.268024949E-16
    0.334695521E-16
    0.265955357E-16
    0.393082677E-16
    0.238295181E-16
    0.260173323E-16
    0.242825107E-16
    0.253704756E-16
    0.230756402E-16
    0.325513864E-16
    0.407401330E-16
    0.311971360E-16
    0.312270017E-16
    0.267747681E-16
    0.260647582E-16
    0.261468487E-16
    0.349590917E-16
    0.231501583E-16
    0.412722875E-16
    0.268699754E-16
    0.291010746E-16
    0.293790903E-16
    0.293072545E-16
    0.273497572E-16
    0.401981789E-16
    0.351327268E-16
    0.378815927E-16
    0.319888265E-16
    0.307815921E-16
    0.277796047E-16
    0.286804887E-16
    0.318968450E-16
    0.275098093E-16
    0.392622421E-16
    0.344833281E-16
    0.328676866E-16
    0.328252160E-16
    0.302951501E-16
    0.292700233E-16
    0.377559598E-16
    0.307598699E-16
    0.360060390E-16
    0.350118267E-16
    0.279377495E-16
    0.259813696E-16
    0.290909514E-16
    0.283934736E-16
    0.319636111E-16
    0.374726239E-16
    0.348672331E-16
    0.326221665E-16
    0.300789942E-16
    0.292773815E-16
    0.308524883E-16
    0.311837508E-16
    0.297726230E-16
    0.321015482E-16
    0.328713065E-16
    0.261239535E-16
    0.271977673E-16
    0.317363900E-16
    0.311550797E-16
    0.350258561E-16
    0.355766316E-16
    0.328171543E-16
    0.299921740E-16
    0.322582898E-16
    0.313095673E-16
    0.341148389E-16
    0.296705696E-16
    0.294580402E-16
    0.350541217E-16
    0.281941395E-16
    0.315207345E-16
    0.345872587E-16
    0.342003205E-16
    0.359146217E-16
    0.378004995E-16
    0.335495055E-16
    0.351794492E-16
    0.275105943E-16
    0.407632444E-16
    0.312570156E-16
    0.379267891E-16
    0.320829744E-16
    0.344355680E-16
    0.407500877E-16
    0.277343424E-16
    0.349794689E-16
    0.427589562E-16
    0.316100631E-16
    0.427153233E-16
    0.380784247E-16
    0.354898211E-16
    0.364881208E-16
    0.273417114E-16
    0.449081693E-16
    0.329983767E-16
    0.383015278E-16
    0.372785551E-16
    0.387579365E-16
    0.421058373E-16
    0.304916852E-16
    0.345234719E-16
    0.459568126E-16
    0.320249054E-16
    0.473595337E-16
    0.394078651E-16
    0.361059197E-16
    0.387652168E-16
    0.335439235E-16
    0.405486163E-16
    0.415348303E-16
    0.362306025E-16
    0.441511289E-16
    0.413035970E-16
    0.434673267E-16
    0.412545225E-16
    0.410632893E-16
    0.439875880E-16
    0.452883421E-16
    0.492527776E-16
    0.485584908E-16
    0.367961614E-16
    0.504297251E-16
    0.459031041E-16
    0.395598241E-16
    0.500915235E-16
    0.491042065E-16
    0.521996013E-16
    0.499162934E-16
    0.516657393E-16
    0.562739507E-16
    0.540891197E-16
    0.445503884E-16
    0.615270725E-16
    0.604985923E-16
    0.548801640E-16
    0.443704547E-16
    0.669665198E-16
    0.529537778E-16
    0.541944433E-16
    0.510385646E-16
    0.708911359E-16
    0.594024206E-16
    0.559861203E-16
    0.641494944E-16
    0.656899072E-16
    0.627263528E-16
    0.599664648E-16
    0.619414544E-16
    0.795280972E-16
    0.527558234E-16
    0.598786476E-16
    0.753976243E-16
    0.579702767E-16
    0.760651413E-16
    0.590466614E-16
    0.747294813E-16
    0.795954997E-16
    0.650010989E-16
    0.820848209E-16
    0.724759814E-16
    0.727428097E-16
    0.859277627E-16
    0.591257119E-16
    0.909140035E-16
    0.759370817E-16
    0.834293291E-16
    0.864795024E-16
    0.794833652E-16
    0.999451225E-16
    0.899167553E-16
    0.729209464E-16
    0.113531981E-15
    0.957754639E-16
    0.982659511E-16
    0.862632373E-16
    0.991491199E-16
    0.112523499E-15
    0.909809373E-16
    0.964322644E-16
    0.133114502E-15
    0.107954238E-15
    0.108935454E-15
    0.108228476E-15
    0.121460060E-15
    0.122051858E-15
    0.101758002E-15
    0.127363293E-15
    0.150335390E-15
    0.113103143E-15
    0.119967443E-15
    0.131004552E-15
    0.134520056E-15
    0.138021827E-15
    0.115547639E-15
    0.156650720E-15
    0.150261662E-15
    0.131569208E-15
    0.144832438E-15
    0.145287941E-15
    0.153308511E-15
    0.163638119E-15
    0.135590599E-15
    0.191273233E-15
    0.156719396E-15
    0.156430488E-15
    0.166555156E-15
    0.165165348E-15
    0.187288194E-15
    0.187773798E-15
    0.166337011E-15
    0.225669598E-15
    0.183215090E-15
    0.197661317E-15
    0.194453987E-15
    0.206486568E-15
    0.237599562E-15
    0.211881408E-15
    0.220524221E-15
    0.253252360E-15
    0.227320891E-15
    0.251647226E-15
    0.244583850E-15
    0.261669088E-15
    0.292293861E-15
    0.242079983E-15
    0.280846086E-15
    0.298232014E-15
    0.292852437E-15
    0.302875759E-15
    0.308779616E-15
    0.325960926E-15
    0.350307667E-15
    0.292198127E-15
    0.340405795E-15
    0.361127091E-15
    0.359252468E-15
    0.352946655E-15
    0.350213395E-15
    0.385134293E-15
    0.396326770E-15
    0.346862087E-15
    0.439526342E-15
    0.428544732E-15
    0.406451107E-15
    0.412303218E-15
    0.394172271E-15
    0.455138394E-15
    0.435818323E-15
    0.409085337E-15
    0.516313030E-15
    0.459482428E-15
    0.469872314E-15
    0.458460178E-15
    0.471695440E-15
    0.541261596E-15
    0.491948019E-15
    0.520606507E-15
    0.548577554E-15
    0.501924591E-15
    0.563246128E-15
    0.522713479E-15
    0.578033137E-15
    0.631918711E-15
    0.570005161E-15
    0.623543193E-15
    0.601168433E-15
    0.649605452E-15
    0.665438631E-15
    0.644005451E-15
    0.702877590E-15
    0.762100361E-15
    0.696853562E-15
    0.722439778E-15
    0.761139320E-15
    0.852052673E-15
    0.789651160E-15
    0.810796145E-15
    0.856691131E-15
    0.931953991E-15
    0.837959677E-15
    0.928195084E-15
    0.100813368E-14
    0.103239123E-14
    0.978984888E-15
    0.100522551E-14
    0.109536113E-14
    0.112326556E-14
    0.103219635E-14
    0.121466804E-14
    0.121732491E-14
    0.121661659E-14
    0.120623444E-14
    0.123863095E-14
    0.137691981E-14
    0.131114864E-14
    0.135966356E-14
    0.145619094E-14
    0.140465441E-14
    0.145713353E-14
    0.144687682E-14
    0.149481081E-14
    0.161731878E-14
    0.155333047E-14
    0.169356817E-14
    0.160934602E-14
    0.170524243E-14
    0.172063510E-14
    0.173030254E-14
    0.174960170E-14
    0.188494425E-14
    0.187493914E-14
    0.192510249E-14
    0.183923046E-14
    0.206739815E-14
    0.198603858E-14
    0.204854663E-14
    0.206323105E-14
    0.227276617E-14
    0.217873285E-14
    0.217052158E-14
    0.224815816E-14
    0.240936455E-14
    0.232466858E-14
    0.240412648E-14
    0.252410421E-14
    0.266739709E-14
    0.249842482E-14
    0.260276860E-14
    0.274190354E-14
    0.276497156E-14
    0.278880563E-14
    0.285868670E-14
    0.304105698E-14
    0.296604480E-14
    0.297264291E-14
    0.312280670E-14
    0.320010123E-14
    0.318234104E-14
    0.330858390E-14
    0.330177202E-14
    0.343166033E-14
    0.328182540E-14
    0.350431824E-14
    0.348539162E-14
    0.356695375E-14
    0.355586383E-14
    0.367097218E-14
    0.352866580E-14
    0.363019940E-14
    0.355870684E-14
    0.373669877E-14
    0.351885857E-14
    0.364204399E-14
    0.357544454E-14
    0.354681727E-14
    0.337802154E-14
    0.349494458E-14
    0.337154448E-14
    0.330669033E-14
    0.308095562E-14
    0.315123489E-14
    0.294852974E-14
    0.283723591E-14
    0.274757900E-14
    0.275222588E-14
    0.251550403E-14
    0.241901900E-14
    0.233687967E-14
    0.233357923E-14
    0.227978300E-14
    0.239981070E-14
    0.252495180E-14
    0.272765278E-14
    0.298543917E-14
    0.364889252E-14
    0.419032077E-14
    0.522491532E-14
    0.657464010E-14
    0.822388728E-14
    0.101844743E-13
    0.129284715E-13
    0.164755433E-13
    0.206697394E-13
    0.255842521E-13
    0.324587741E-13
    0.403474774E-13
    0.497006881E-13
    0.614249062E-13
    0.760286127E-13
    0.936354814E-13
    0.113486189E-12
    0.139150611E-12
    0.169411698E-12
    0.205326942E-12
    0.247375728E-12
    0.299367003E-12
    0.360602620E-12
    0.432615523E-12
    0.517125320E-12
    0.621870255E-12
    0.741496237E-12
    0.885426217E-12
    0.105262975E-11
    0.125473951E-11
    0.148860026E-11
    0.176309041E-11
    0.209014108E-11
    0.247519083E-11
    0.292429365E-11
    0.345403761E-11
    0.407412888E-11
    0.480701607E-11
    0.565584842E-11
    0.665413522E-11
    0.782997155E-11
    0.919488694E-11
    0.107975486E-10
    0.126614777E-10
    0.148503155E-10
    0.173993402E-10
    0.203663408E-10
    0.238425087E-10
    0.278903802E-10
    0.325954566E-10
    0.380844972E-10
    0.444542433E-10
    0.518925625E-10
    0.605082240E-10
    0.705437924E-10
    0.822153129E-10
    0.957464959E-10
    0.111470406E-09
    0.129695531E-09
    0.150842381E-09
    0.175361922E-09
    0.203733710E-09
    0.236648065E-09
    0.274719800E-09
    0.318767516E-09
    0.369741774E-09
    0.428636381E-09
    0.496763576E-09
    0.575406944E-09
    0.666247167E-09
    0.771120547E-09
    0.892009674E-09
    0.103147234E-08
    0.119216270E-08
    0.137730692E-08
    0.159054929E-08
    0.183594602E-08
    0.211843257E-08
    0.244319297E-08
    0.281650393E-08
    0.324550794E-08
    0.373808341E-08
    0.430363004E-08
    0.495243651E-08
    0.569661742E-08
    0.654980470E-08
    0.752711989E-08
    0.864672816E-08
    0.992830449E-08
    0.113948196E-07
    0.130720720E-07
    0.149893973E-07
    0.171804373E-07
    0.196824613E-07
    0.225384489E-07
    0.257976000E-07
    0.295141220E-07
    0.337511342E-07
    0.385783655E-07
    0.440762934E-07
    0.503347499E-07
    0.574544743E-07
    0.655517303E-07
    0.747552907E-07
    0.852114927E-07
    0.970850986E-07
    0.110561464E-06
    0.125850822E-06
    0.143186915E-06
    0.162834225E-06
    0.185092843E-06
    0.210293961E-06
    0.238815587E-06
    0.271076371E-06
    0.307551349E-06
    0.348770095E-06
    0.395323647E-06
    0.447880708E-06
    0.507185737E-06
    0.574070381E-06
    0.649468929E-06
    0.734419138E-06
    0.830089805E-06
    0.937774533E-06
    0.105892080E-05
    0.119515202E-05
    0.134826150E-05
    0.152026119E-05
    0.171338013E-05
    0.193010693E-05
    0.217320989E-05
    0.244575156E-05
    0.275115312E-05
    0.309320825E-05
    0.347611197E-05
    0.390454010E-05
    0.438364695E-05
    0.491917620E-05
    0.551745901E-05
    0.618550400E-05
    0.693109212E-05
    0.776278507E-05
    0.869006409E-05
    0.972338802E-05
    0.108742902E-04
    0.121555208E-04
    0.135810751E-04
    0.151664186E-04
    0.169285772E-04
    0.188862300E-04
    0.210599868E-04
    0.234724235E-04
    0.261484021E-04
    0.291151783E-04
    0.324026147E-04
    0.360435461E-04
    0.400738535E-04
    0.445328581E-04
    0.494636136E-04
    0.549131351E-04
    0.609329338E-04
    0.675791293E-04
    0.749130829E-04
    0.830017668E-04
    0.919180559E-04
    0.101741521E-03
    0.112558679E-03
    0.124463752E-03
    0.137559251E-03
    0.151956415E-03
    0.167776331E-03
    0.185150224E-03
    0.204220485E-03
    0.225141600E-03
    0.248080711E-03
    0.273219063E-03
    0.300752497E-03
    0.330892860E-03
    0.363869200E-03
    0.399928475E-03
    0.439337543E-03
    0.482383951E-03
    0.529377559E-03
    0.580652288E-03
    0.636567012E-03
    0.697508190E-03
    0.763890713E-03
    0.836160138E-03
    0.914794953E-03
    0.100030773E-02
    0.109324822E-02
    0.119420479E-02
    0.130380693E-02
    0.142272819E-02
    0.155168737E-02
    0.169145273E-02
    0.184284352E-02
    0.200673290E-02
    0.218405158E-02
    0.237578939E-02
    0.258299992E-02
    0.280680231E-02
    0.304838488E-02
    0.330900943E-02
    0.359001268E-02
    0.389281136E-02
    0.421890504E-02
    0.456987919E-02
    0.494741026E-02
    0.535326688E-02
    0.578931639E-02
    0.625752657E-02
    0.675996917E-02
    0.729882520E-02
    0.787638652E-02
    0.849506115E-02
    0.915737562E-02
    0.986597824E-02
    0.106236449E-01
    0.114332783E-01
    0.122979140E-01
    0.132207227E-01
    0.142050118E-01
    0.152542300E-01
    0.163719666E-01
    0.175619571E-01
    0.188280828E-01
    0.201743707E-01
    0.216049983E-01
    0.231242911E-01
    0.247367242E-01
    0.264469218E-01
    0.282596556E-01
    0.301798470E-01
    0.322125602E-01
    0.343630028E-01
    0.366365238E-01
    0.390386073E-01
    0.415748706E-01
    0.442510562E-01
    0.470730304E-01
    0.500467739E-01
    0.531783727E-01
    0.564740142E-01
    0.599399756E-01
    0.635826148E-01
    0.674083581E-01
    0.714236904E-01
    0.756351434E-01
    0.800492783E-01
    0.846726733E-01
    0.895119097E-01
    0.945735532E-01
    0.998641372E-01
    0.105390143E+00
    0.111157984E+00
    0.117173982E+00
    0.123444347E+00
    0.129975154E+00
    0.136772326E+00
    0.143841602E+00
    0.151188514E+00
    0.158818369E+00
    0.166736215E+00
    0.174946818E+00
    0.183454634E+00
    0.192263782E+00
    0.201378018E+00
    0.210800701E+00
    0.220534768E+00
    0.230582711E+00
    0.240946538E+00
    0.251627751E+00
    0.262627317E+00
    0.273945638E+00
    0.285582529E+00
    0.297537177E+00
    0.309808136E+00
    0.322393283E+00
    0.335289801E+00
    0.348494161E+00
    0.362002084E+00
    0.375808542E+00
    0.389907718E+00
    0.404293000E+00
    0.418956970E+00
    0.433891369E+00
    0.449087113E+00
    0.464534264E+00
    0.480222027E+00
    0.496138753E+00
    0.512271921E+00
    0.528608158E+00
    0.545133229E+00
    0.561832042E+00
    0.578688675E+00
    0.595686360E+00
    0.612807523E+00
    0.630033791E+00
    0.647346009E+00
    0.664724286E+00
    0.682147990E+00
    0.699595811E+00
    0.717045781E+00
    0.734475300E+00
    0.751861208E+00
    0.769179792E+00
    0.786406863E+00
    0.803517794E+00
    0.820487559E+00
    0.837290822E+00
    0.853901954E+00
    0.870295123E+00
    0.886444348E+00
    0.902323551E+00
    0.917906648E+00
    0.933167588E+00
    0.948080444E+00
    0.962619477E+00
    0.976759193E+00
    0.990474441E+00
    0.100374046E+01
    0.101653296E+01
    0.102882822E+01
    0.104060310E+01
    0.105183516E+01
    0.106250273E+01
    0.107258494E+01
    0.108206182E+01
    0.109091437E+01
    0.109912458E+01
    0.110667554E+01
    0.111355145E+01
    0.111973773E+01
    0.112522101E+01
    0.112998921E+01
    0.113403160E+01
    0.113733880E+01
    0.113990283E+01
    0.114171716E+01
    0.114277670E+01
    0.114307788E+01
    0.114261858E+01
    0.114139823E+01
    0.113941777E+01
    0.113667964E+01
    0.113318783E+01
    0.112894781E+01
    0.112396657E+01
    0.111825256E+01
    0.111181569E+01
    0.110466732E+01
    0.109682017E+01
    0.108828832E+01
    0.107908721E+01
    0.106923348E+01
    0.105874505E+01
    0.104764096E+01
    0.103594138E+01
    0.102366753E+01
    0.101084159E+01
    0.997486661E+00
    0.983626700E+00
    0.969286414E+00
    0.954491223E+00
    0.939267157E+00
    0.923640794E+00
    0.907639178E+00
    0.891289728E+00
    0.874620185E+00
    0.857658503E+00
    0.840432788E+00
    0.822971220E+00
    0.805301957E+00
    0.787453087E+00
    0.769452523E+00
    0.751327951E+00
    0.733106757E+00
    0.714815938E+00
    0.696482069E+00
    0.678131207E+00
    0.659788852E+00
    0.641479883E+00
    0.623228497E+00
    0.605058176E+00
    0.586991622E+00
    0.569050723E+00
    0.551256517E+00
    0.533629144E+00
    0.516187834E+00
    0.498950859E+00
    0.481935525E+00
    0.465158151E+00
    0.448634038E+00
    0.432377485E+00
    0.416401756E+00
    0.400719091E+00
    0.385340701E+00
    0.370276772E+00
    0.355536476E+00
    0.341127972E+00
    0.327058428E+00
    0.313334037E+00
    0.299960029E+00
    0.286940700E+00
    0.274279434E+00
    0.261978730E+00
    0.250040229E+00
    0.238464744E+00
    0.227252298E+00
    0.216402150E+00
    0.205912834E+00
    0.195782193E+00
    0.186007421E+00
    0.176585092E+00
    0.167511202E+00
    0.158781211E+00
    0.150390075E+00
    0.142332289E+00
    0.134601922E+00
    0.127192657E+00
    0.120097828E+00
    0.113310453E+00
    0.106823277E+00
    0.100628802E+00
    0.947193199E-01
    0.890869507E-01
    0.837236700E-01
    0.786213421E-01
    0.737717474E-01
    0.691666105E-01
    0.647976309E-01
    0.606565016E-01
    0.567349375E-01
    0.530246969E-01
    0.495176007E-01
    0.462055541E-01
    0.430805617E-01
    0.401347459E-01
    0.373603625E-01
    0.347498101E-01
    0.322956477E-01
    0.299906017E-01
    0.278275759E-01
    0.257996621E-01
    0.239001432E-01
    0.221225027E-01
    0.204604271E-01
    0.189078096E-01
    0.174587552E-01
    0.161075788E-01
    0.148488087E-01
    0.136771861E-01
    0.125876633E-01
    0.115754032E-01
    0.106357766E-01
    0.976436033E-02
    0.895693336E-02
    0.820947251E-02
    0.751815008E-02
    0.687932766E-02
    0.628955191E-02
    0.574554929E-02
    0.524422112E-02
    0.478263785E-02
    0.435803265E-02
    0.396779667E-02
    0.360947254E-02
    0.328074859E-02
    0.297945252E-02
    0.270354597E-02
    0.245111857E-02
    0.222038142E-02
    0.200966208E-02
    0.181739838E-02
    0.164213312E-02
    0.148250853E-02
    0.133726072E-02
    0.120521511E-02
    0.108528071E-02
    0.976445738E-03
    0.877772940E-03
    0.788394744E-03
    0.707509491E-03
    0.634376791E-03
    0.568313919E-03
    0.508691912E-03
    0.454931775E-03
    0.406501602E-03
    0.362912738E-03
    0.323717090E-03
    0.288504146E-03
    0.256898149E-03
    0.228555676E-03
    0.203162945E-03
    0.180433858E-03
    0.160107695E-03
    0.141947059E-03
    0.125736166E-03
    0.111278971E-03
    0.983976556E-04
    0.869309804E-04
    0.767329632E-04
    0.676716442E-04
    0.596277213E-04
    0.524935578E-04
    0.461720962E-04
    0.405759359E-04
    0.356264512E-04
    0.312529345E-04
    0.273919614E-04
    0.239866168E-04
    0.209859155E-04
    0.183442300E-04
    0.160207585E-04
    0.139790779E-04
    0.121866717E-04
    0.106145734E-04
    0.923698858E-05
    0.803097336E-05
    0.697614609E-05
    0.605441225E-05
    0.524973133E-05
    0.454789287E-05
    0.393632745E-05
    0.340392428E-05
    0.294086503E-05
    0.253849962E-05
    0.218919854E-05
    0.188624899E-05
    0.162374544E-05
    0.139650034E-05
    0.119996890E-05
    0.103015441E-05
    0.883564027E-06
    0.757143039E-06
    0.648216787E-06
    0.554454683E-06
    0.473818705E-06
    0.404539094E-06
    0.345073823E-06
    0.294077732E-06
    0.250388015E-06
    0.212993100E-06
    0.181015763E-06
    0.153697856E-06
    0.130380933E-06
    0.110499846E-06
    0.935638304E-07
    0.791496004E-07
    0.668943753E-07
    0.564839757E-07
    0.476494626E-07
    0.401595193E-07
    0.338150440E-07
    0.284464705E-07
    0.239079639E-07
    0.200746694E-07
    0.168401785E-07
    0.141135247E-07
    0.118173003E-07
    0.988552967E-08
    0.826155316E-08
    0.689782739E-08
    0.575398634E-08
    0.479511686E-08
    0.399232093E-08
    0.332076716E-08
    0.275959569E-08
    0.229124510E-08
    0.190036927E-08
    0.157475105E-08
    0.130376916E-08
    0.107826343E-08
    0.891030473E-09
    0.735518634E-09
    0.606627631E-09
    0.499887882E-09
    0.411437775E-09
    0.338391183E-09
    0.278024336E-09
    0.228214525E-09
    0.187181657E-09
    0.153335181E-09
    0.125523378E-09
    0.102667025E-09
    0.838752045E-10
    0.684655982E-10
    0.558397319E-10
    0.454978888E-10
    0.370401665E-10
    0.301114602E-10
    0.244567565E-10
    0.198603407E-10
    0.160958801E-10
    0.130372916E-10
    0.105552441E-10
    0.852772045E-11
    0.689552229E-11
    0.555699199E-11
    0.447872282E-11
    0.361282112E-11
    0.290091578E-11
    0.233548433E-11
    0.187300192E-11
    0.150080945E-11
    0.120616760E-11
    0.961315212E-12
    0.768853904E-12
    0.613904062E-12
    0.488317090E-12
    0.389344115E-12
    0.308330071E-12
    0.245129805E-12
    0.195413091E-12
    0.154440517E-12
    0.122074724E-12
    0.972263380E-13
    0.764928832E-13
    0.606117548E-13
    0.479228048E-13
    0.374378972E-13
    0.301256794E-13
    0.235075578E-13
    0.183966776E-13
    0.147882488E-13
    0.112384829E-13
    0.916709017E-14
    0.703797535E-14
    0.536745680E-14
    0.452249906E-14
    0.344652880E-14
    0.279729079E-14
    0.224843582E-14
    0.174817950E-14
    0.152492685E-14
    0.112697742E-14
    0.887081590E-15
    0.776984133E-15
    0.598490088E-15
    0.475272702E-15
    0.402161294E-15
    0.319265464E-15
    0.276997865E-15
    0.224053709E-15
    0.154470900E-15
    0.147985153E-15
    0.109463313E-15
    0.947963551E-16
    0.930132196E-16
    0.775474002E-16
    0.822941091E-16
    0.647471255E-16
    0.554089487E-16
    0.538140337E-16
    0.471894556E-16
    0.340744974E-16
    0.475264525E-16
    0.592212139E-16
    0.553836142E-16
    0.486977031E-16
    0.530616767E-16
    0.515840317E-16
    0.465095656E-16
    0.407253663E-16
    0.402406311E-16
    0.496045368E-16
    0.429027882E-16
    0.444189810E-16
    0.456773887E-16
    0.536715084E-16
    0.347382380E-16
    0.418136422E-16
    0.478824418E-16
    0.445873832E-16
    0.427169305E-16
    0.607749986E-16
    0.528335868E-16
    0.447848572E-16
    0.424399183E-16
    0.383276117E-16
    0.489999820E-16
    0.413598583E-16
    0.439100049E-16
    0.497465883E-16
    0.462196238E-16
    0.393679169E-16
    0.485121473E-16
    0.377964293E-16
    0.368470365E-16
    0.341495773E-16
    0.507526079E-16
    0.467040869E-16
    0.407119762E-16
    0.454893560E-16
    0.404882719E-16
    0.485593153E-16
    0.348589008E-16
    0.342691564E-16
    0.491885214E-16
    0.401752849E-16
    0.362385608E-16
    0.463145209E-16
    0.329240260E-16
    0.411497801E-16
    0.308894372E-16
    0.399878399E-16
    0.462548377E-16
    0.414422892E-16
    0.463293463E-16
    0.427768409E-16
    0.507686352E-16
    0.394228066E-16
    0.320886132E-16
    0.516216722E-16
    0.478742381E-16
    0.358075972E-16
    0.334441020E-16
    0.303186296E-16
    0.544817071E-16
    0.353908531E-16
    0.325050476E-16
    0.467549219E-16
    0.420706025E-16
    0.432930894E-16
    0.398735508E-16
    0.476413567E-16
    0.500837673E-16
    0.415138220E-16
    0.458532775E-16
    0.530503870E-16
    0.412057437E-16
    0.336741790E-16
    0.360512081E-16
    0.560166634E-16
    0.386117630E-16
    0.300812259E-16
    0.385448439E-16
    0.389114725E-16
    0.356774074E-16
    0.398101025E-16
    0.411441467E-16
    0.388964639E-16
    0.405801487E-16
    0.390333165E-16
    0.512104692E-16
    0.417691952E-16
    0.430985743E-16
    0.435248632E-16
    0.506425466E-16
    0.368372612E-16
    0.363887860E-16
    0.471956078E-16
    0.455501518E-16
    0.399878439E-16
    0.374839907E-16
    0.380079761E-16
    0.456218101E-16
    0.349131302E-16
    0.328251985E-16
    0.471185019E-16
    0.427212958E-16
    0.556812715E-16
    0.259178569E-16
    0.380373744E-16
    0.482065585E-16
    0.374314999E-16
    0.406785994E-16
    0.427784572E-16
    0.429607125E-16
    0.411328107E-16
    0.459255364E-16
    0.566562402E-16
    0.476247018E-16
    0.342776794E-16
    0.451519373E-16
    0.433011893E-16
    0.417380561E-16
    0.326085710E-16
    0.477412490E-16
    0.509569025E-16
    0.471621211E-16
    0.450747721E-16
    0.494041779E-16
    0.439291226E-16
    0.387316386E-16
    0.501817225E-16
    0.458184200E-16
    0.500935518E-16
    0.422045414E-16
    0.412271303E-16
    0.489266412E-16
    0.470763826E-16
    0.415402421E-16
    0.496577942E-16
    0.486304050E-16
    0.398871167E-16
    0.466744876E-16
    0.449655009E-16
    0.459693760E-16
    0.497584245E-16
    0.387401840E-16
    0.397366658E-16
    0.643914208E-16
    0.410008172E-16
    0.408437521E-16
    0.417557345E-16
    0.530361544E-16
    0.397186233E-16
    0.526092063E-16
    0.525439383E-16
    0.384150153E-16
    0.456519351E-16
    0.431509133E-16
    0.496934610E-16
    0.315389240E-16
    0.433002563E-16
    0.429344250E-16
    0.518470703E-16
    0.395806366E-16
    0.393765158E-16
    0.414883597E-16
    0.363005945E-16
    0.400118020E-16
    0.407385346E-16
    0.375479469E-16
    0.405504183E-16
    0.270421299E-16
    0.270879320E-16
    0.386128931E-16
    0.367448425E-16
    0.254943669E-16
    0.415093448E-16
    0.367580190E-16
    0.270028947E-16
    0.332968583E-16
    0.283364599E-16
    0.266713606E-16
    0.218420752E-16
    0.319979825E-16
    0.267517224E-16
    0.367337418E-16
    0.198089956E-16
    0.210131294E-16
    0.293953187E-16
    0.265562737E-16
    0.203026582E-16
    0.361814389E-16
    0.253318442E-16
    0.217001046E-16
    0.191202642E-16
    0.233803786E-16
    0.238414009E-16
    0.211755874E-16
    0.211441113E-16
    0.304328441E-16
    0.283665601E-16
    0.165132605E-16
    0.209236259E-16
    0.253123373E-16
    0.216671257E-16
    0.149420869E-16
    0.324362934E-16
    0.231051651E-16
    0.242129445E-16
    0.156864445E-16
    0.196610886E-16
    0.247905154E-16
    0.216035800E-16
    0.159292925E-16
    0.347670509E-16
    0.224474383E-16
    0.176026845E-16
    0.210142256E-16
    0.220947411E-16
    0.205294616E-16
    0.179994874E-16
    0.241202479E-16
    0.286610815E-16
    0.210738721E-16
    0.140130628E-16
    0.226806656E-16
    0.238617796E-16
    0.201823551E-16
    0.164160741E-16
    0.315334202E-16
    0.227094313E-16
    0.194808590E-16
    0.168655577E-16
    0.213193554E-16
    0.215081162E-16
    0.205385519E-16
    0.209983119E-16
    0.312844328E-16
    0.182487302E-16
    0.167541364E-16
    0.238226596E-16
    0.193485352E-16
    0.200508398E-16
    0.190009139E-16
    0.251915862E-16
    0.268223869E-16
    0.175424520E-16
    0.144489626E-16
    0.271006020E-16
    0.183666910E-16
    0.224034186E-16
    0.221005887E-16
    0.270619797E-16
    0.202685417E-16
    0.190831359E-16
    0.163960233E-16
    0.231949543E-16
    0.169707591E-16
    0.219741386E-16
    0.251086920E-16
    0.268129046E-16
    0.159990072E-16
    0.187267073E-16
    0.222846933E-16
    0.205928343E-16
    0.215711441E-16
    0.217217467E-16
    0.248814476E-16
    0.234642269E-16
    0.163983683E-16
    0.163989036E-16
    0.255228295E-16
    0.174800028E-16
    0.261186386E-16
    0.241045468E-16
    0.232430854E-16
    0.183869305E-16
    0.192580991E-16
    0.155822768E-16
    0.269224894E-16
    0.161831854E-16
    0.242901013E-16
    0.245060345E-16
    0.231691551E-16
    0.164104944E-16
    0.222413205E-16
    0.169784930E-16
    0.271423068E-16
    0.208893908E-16
    0.230488511E-16
    0.217794744E-16
    0.220601045E-16
    0.161073643E-16
    0.201397553E-16
    0.172242793E-16
    0.246327050E-16
    0.249042507E-16
    0.240547382E-16
    0.198661727E-16
    0.207309429E-16
    0.195125102E-16
    0.212060246E-16
    0.219551604E-16
    0.232763416E-16
    0.248120040E-16
    0.240527954E-16
    0.190804769E-16
    0.173021432E-16
    0.197324201E-16
    0.218764204E-16
    0.256645478E-16
    0.230446758E-16
    0.222783666E-16
    0.216272860E-16
    0.208836631E-16
    0.177354416E-16
    0.204646896E-16
    0.229353440E-16
    0.256839273E-16
    0.234180235E-16
    0.216904123E-16
    0.201998761E-16
    0.230757425E-16
    0.198792503E-16
    0.225871843E-16
    0.258834956E-16
    0.259126172E-16
    0.232390396E-16
    0.208568869E-16
    0.182575427E-16
    0.211957185E-16
    0.248875417E-16
    0.277660749E-16
    0.281104785E-16
    0.252195643E-16
    0.252095146E-16
    0.258455436E-16
    0.205092390E-16
    0.205998659E-16
    0.292454878E-16
    0.276875960E-16
    0.246722463E-16
    0.194990748E-16
    0.231345602E-16
    0.254534510E-16
    0.247128475E-16
    0.246518448E-16
    0.298870014E-16
    0.250059709E-16
    0.232881736E-16
    0.193432869E-16
    0.216104321E-16
    0.243429971E-16
    0.290870788E-16
    0.271986590E-16
    0.283346847E-16
    0.283173066E-16
    0.289821345E-16
    0.240880382E-16
    0.223101690E-16
    0.281945086E-16
    0.303182468E-16
    0.266242644E-16
    0.227467057E-16
    0.278618403E-16
    0.277453260E-16
    0.320073330E-16
