 #tdnd tdcion
    0.260647025E-16
    0.277344058E-16
    0.284657649E-16
    0.227085275E-16
    0.315558811E-16
    0.264006754E-16
    0.188368089E-16
    0.280883149E-16
    0.287629616E-16
    0.286944677E-16
    0.232231914E-16
    0.329747548E-16
    0.325019770E-16
    0.210657221E-16
    0.290910378E-16
    0.401750651E-16
    0.352239252E-16
    0.376777124E-16
    0.373617622E-16
    0.595145890E-16
    0.602118113E-16
    0.441522179E-16
    0.631403100E-16
    0.690508772E-16
    0.705577398E-16
    0.685201257E-16
    0.843013684E-16
    0.585002313E-16
    0.598247760E-16
    0.544282684E-16
    0.433772501E-16
    0.438250262E-16
    0.443408068E-16
    0.391808085E-16
    0.346220510E-16
    0.441089332E-16
    0.459080278E-16
    0.373749721E-16
    0.486531356E-16
    0.390316585E-16
    0.476032511E-16
    0.435626959E-16
    0.473136072E-16
    0.309301524E-16
    0.410212009E-16
    0.372070864E-16
    0.328833797E-16
    0.363757630E-16
    0.534898724E-16
    0.415241939E-16
    0.344365806E-16
    0.326181382E-16
    0.369565882E-16
    0.344174698E-16
    0.340799174E-16
    0.363233190E-16
    0.402504542E-16
    0.445762257E-16
    0.353491320E-16
    0.376493719E-16
    0.334880365E-16
    0.303754711E-16
    0.318914048E-16
    0.376250096E-16
    0.390760584E-16
    0.300350533E-16
    0.322319280E-16
    0.312645852E-16
    0.437007503E-16
    0.349909240E-16
    0.261807108E-16
    0.367203692E-16
    0.466983604E-16
    0.318130533E-16
    0.264994575E-16
    0.314306163E-16
    0.365818192E-16
    0.381747467E-16
    0.281768501E-16
    0.334922971E-16
    0.331151882E-16
    0.294071837E-16
    0.329709270E-16
    0.338452072E-16
    0.355884257E-16
    0.286818414E-16
    0.363669654E-16
    0.317051467E-16
    0.307672036E-16
    0.266310014E-16
    0.309237584E-16
    0.324876211E-16
    0.277013370E-16
    0.281782446E-16
    0.380892277E-16
    0.300259995E-16
    0.309490120E-16
    0.300484479E-16
    0.297721936E-16
    0.283895164E-16
    0.203831977E-16
    0.286160508E-16
    0.364604202E-16
    0.341605325E-16
    0.288980346E-16
    0.279806942E-16
    0.282041481E-16
    0.249112010E-16
    0.266276794E-16
    0.296166929E-16
    0.339962729E-16
    0.372406813E-16
    0.269756065E-16
    0.286620795E-16
    0.246673512E-16
    0.232773594E-16
    0.256840525E-16
    0.308912551E-16
    0.338785096E-16
    0.290132719E-16
    0.225680018E-16
    0.339761255E-16
    0.277903132E-16
    0.231540286E-16
    0.280663318E-16
    0.372110991E-16
    0.253878390E-16
    0.234406221E-16
    0.286324898E-16
    0.281948440E-16
    0.272029014E-16
    0.261103153E-16
    0.324270134E-16
    0.317491099E-16
    0.242603764E-16
    0.227861018E-16
    0.260623195E-16
    0.285616761E-16
    0.345967181E-16
    0.274605231E-16
    0.256816527E-16
    0.325904800E-16
    0.224639776E-16
    0.261475720E-16
    0.325056420E-16
    0.253044547E-16
    0.306171643E-16
    0.236979701E-16
    0.332043291E-16
    0.251446818E-16
    0.267227566E-16
    0.310821881E-16
    0.359991109E-16
    0.239886307E-16
    0.259441110E-16
    0.269223980E-16
    0.218827956E-16
    0.265262232E-16
    0.342357180E-16
    0.261756430E-16
    0.377194349E-16
    0.201315720E-16
    0.258248931E-16
    0.258456214E-16
    0.292188321E-16
    0.249206397E-16
    0.285770797E-16
    0.285653324E-16
    0.399856158E-16
    0.205339276E-16
    0.245934248E-16
    0.261525922E-16
    0.234873025E-16
    0.265493307E-16
    0.328878974E-16
    0.223076001E-16
    0.364701073E-16
    0.186735538E-16
    0.272448920E-16
    0.274913103E-16
    0.331404212E-16
    0.305161642E-16
    0.301280979E-16
    0.225218520E-16
    0.262794679E-16
    0.199834803E-16
    0.263660565E-16
    0.280434397E-16
    0.324536560E-16
    0.250576155E-16
    0.288476823E-16
    0.196819641E-16
    0.253090666E-16
    0.265678313E-16
    0.282134436E-16
    0.265874884E-16
    0.308952677E-16
    0.272628834E-16
    0.298502488E-16
    0.235699038E-16
    0.198871058E-16
    0.272117259E-16
    0.228237745E-16
    0.242228824E-16
    0.323452613E-16
    0.217698786E-16
    0.254994476E-16
    0.259322945E-16
    0.195269813E-16
    0.353316558E-16
    0.273843823E-16
    0.238166033E-16
    0.282633114E-16
    0.227493971E-16
    0.237950606E-16
    0.275978339E-16
    0.221752907E-16
    0.317344554E-16
    0.235715881E-16
    0.221098667E-16
    0.292417712E-16
    0.230050781E-16
    0.211560904E-16
    0.283042445E-16
    0.222613178E-16
    0.288929687E-16
    0.288036502E-16
    0.229693083E-16
    0.255064734E-16
    0.240023625E-16
    0.208849974E-16
    0.274449850E-16
    0.264388177E-16
    0.240856396E-16
    0.286116839E-16
    0.240816312E-16
    0.252108526E-16
    0.266018138E-16
    0.242421889E-16
    0.241819951E-16
    0.300187580E-16
    0.204243097E-16
    0.293463870E-16
    0.251978326E-16
    0.256124546E-16
    0.250059339E-16
    0.240110741E-16
    0.257428597E-16
    0.283789831E-16
    0.222773056E-16
    0.278828482E-16
    0.276447986E-16
    0.259574322E-16
    0.220954037E-16
    0.312940383E-16
    0.215676897E-16
    0.294420352E-16
    0.245632119E-16
    0.247803381E-16
    0.238472146E-16
    0.274431047E-16
    0.232472307E-16
    0.288964636E-16
    0.272543540E-16
    0.250679224E-16
    0.275166858E-16
    0.255535138E-16
    0.280475246E-16
    0.308375158E-16
    0.189580242E-16
    0.327428478E-16
    0.254951114E-16
    0.245379010E-16
    0.305084987E-16
    0.277488095E-16
    0.230716822E-16
    0.258926477E-16
    0.230965014E-16
    0.285620629E-16
    0.289217085E-16
    0.233952995E-16
    0.270572847E-16
    0.271968332E-16
    0.266934373E-16
    0.318099059E-16
    0.252537201E-16
    0.255310182E-16
    0.279592203E-16
    0.228032439E-16
    0.274956512E-16
    0.302144538E-16
    0.282891678E-16
    0.259556167E-16
    0.271832688E-16
    0.248119216E-16
    0.285914983E-16
    0.254398323E-16
    0.269672704E-16
    0.269677453E-16
    0.251627210E-16
    0.289149644E-16
    0.336797713E-16
    0.221593926E-16
    0.278981650E-16
    0.247628841E-16
    0.265351936E-16
    0.246097498E-16
    0.275829554E-16
    0.279771993E-16
    0.293590764E-16
    0.257810405E-16
    0.251256110E-16
    0.252403225E-16
    0.299317864E-16
    0.262768356E-16
    0.233548070E-16
    0.251712973E-16
    0.318272853E-16
    0.274797513E-16
    0.263331560E-16
    0.256617282E-16
    0.278175201E-16
    0.229696647E-16
    0.268779713E-16
    0.272986652E-16
    0.258399243E-16
    0.294640518E-16
    0.249036801E-16
    0.227139136E-16
    0.262320674E-16
    0.257584639E-16
    0.286347005E-16
    0.228463025E-16
    0.257154458E-16
    0.273536850E-16
    0.263465016E-16
    0.233275721E-16
    0.248534825E-16
    0.227276001E-16
    0.331828178E-16
    0.261607096E-16
    0.270591789E-16
    0.254429006E-16
    0.254685096E-16
    0.221383760E-16
    0.220236783E-16
    0.211073490E-16
    0.327289069E-16
    0.248555691E-16
    0.303705386E-16
    0.245909379E-16
    0.238925279E-16
    0.199863369E-16
    0.221736804E-16
    0.208257388E-16
    0.309246210E-16
    0.275624779E-16
    0.327257937E-16
    0.248870640E-16
    0.246727438E-16
    0.216959370E-16
    0.216156395E-16
    0.219117298E-16
    0.245559710E-16
    0.273807697E-16
    0.313153863E-16
    0.272878043E-16
    0.249699126E-16
    0.205626671E-16
    0.220186157E-16
    0.258152534E-16
    0.224627520E-16
    0.307318490E-16
    0.281927342E-16
    0.229811507E-16
    0.250407732E-16
    0.224213419E-16
    0.229490501E-16
    0.298078126E-16
    0.212962354E-16
    0.323421204E-16
    0.265818506E-16
    0.223812347E-16
    0.230952157E-16
    0.213802493E-16
    0.225720451E-16
    0.299911496E-16
    0.255422946E-16
    0.349007533E-16
    0.261663626E-16
    0.224922038E-16
    0.202572195E-16
    0.198075755E-16
    0.215517376E-16
    0.288840186E-16
    0.288164677E-16
    0.338574291E-16
    0.253597278E-16
    0.270830344E-16
    0.205860800E-16
    0.204988071E-16
    0.203291402E-16
    0.260984761E-16
    0.314364010E-16
    0.313735530E-16
    0.213595198E-16
    0.306727119E-16
    0.216497061E-16
    0.223795245E-16
    0.214671776E-16
    0.250133266E-16
    0.327750476E-16
    0.294751583E-16
    0.181142756E-16
    0.288484882E-16
    0.235376728E-16
    0.252783611E-16
    0.242952152E-16
    0.268278388E-16
    0.307107396E-16
    0.270594898E-16
    0.198608699E-16
    0.244593210E-16
    0.219184327E-16
    0.260936347E-16
    0.270867487E-16
    0.296777468E-16
    0.302489117E-16
    0.249323563E-16
    0.248026965E-16
    0.221225040E-16
    0.201075449E-16
    0.240845557E-16
    0.281474342E-16
    0.315733131E-16
    0.280959494E-16
    0.214604706E-16
    0.302260077E-16
    0.225600027E-16
    0.191881383E-16
    0.229480807E-16
    0.273675174E-16
    0.319777000E-16
    0.275574536E-16
    0.186544905E-16
    0.290621112E-16
    0.258363390E-16
    0.216410499E-16
    0.230264262E-16
    0.281433595E-16
    0.283104892E-16
    0.251478252E-16
    0.195891517E-16
    0.261298612E-16
    0.241365543E-16
    0.255348152E-16
    0.244708110E-16
    0.300911376E-16
    0.264914589E-16
    0.213266781E-16
    0.219053680E-16
    0.226748946E-16
    0.216123080E-16
    0.270999160E-16
    0.268813099E-16
    0.324567701E-16
    0.244911145E-16
    0.193410859E-16
    0.249482861E-16
    0.239964677E-16
    0.192986169E-16
    0.267536884E-16
    0.263088319E-16
    0.317077934E-16
    0.249107778E-16
    0.186441689E-16
    0.249731424E-16
    0.257280386E-16
    0.218471519E-16
    0.245900771E-16
    0.269428166E-16
    0.295562828E-16
    0.232549819E-16
    0.218235907E-16
    0.248326670E-16
    0.258147248E-16
    0.273767645E-16
    0.237141273E-16
    0.283686387E-16
    0.268608246E-16
    0.214100760E-16
    0.230164716E-16
    0.252178941E-16
    0.238351555E-16
    0.292511130E-16
    0.231546063E-16
    0.314664963E-16
    0.269760582E-16
    0.211007235E-16
    0.225723193E-16
    0.260787036E-16
    0.232480978E-16
    0.267750746E-16
    0.231910912E-16
    0.351045291E-16
    0.264592030E-16
    0.238620394E-16
    0.219883555E-16
    0.274835737E-16
    0.251322532E-16
    0.232703096E-16
    0.228923090E-16
    0.344413542E-16
    0.239892801E-16
    0.279768065E-16
    0.213577272E-16
    0.280473858E-16
    0.283897157E-16
    0.218709970E-16
    0.249925279E-16
    0.325178709E-16
    0.217809366E-16
    0.276386622E-16
    0.228838057E-16
    0.282597922E-16
    0.280121391E-16
    0.240589218E-16
    0.293813671E-16
    0.303998510E-16
    0.227354029E-16
    0.244740981E-16
    0.245548650E-16
    0.279693782E-16
    0.263930672E-16
    0.241941284E-16
    0.337693476E-16
    0.280672153E-16
    0.281057656E-16
    0.216864108E-16
    0.279424075E-16
    0.281200817E-16
    0.232274765E-16
    0.216246812E-16
    0.335549931E-16
    0.271108009E-16
    0.326903403E-16
    0.192472726E-16
    0.322352223E-16
    0.279418134E-16
    0.243792684E-16
    0.211971987E-16
    0.345813944E-16
    0.233923024E-16
    0.309608507E-16
    0.189651775E-16
    0.360531178E-16
    0.275035310E-16
    0.271228707E-16
    0.248572743E-16
    0.319793246E-16
    0.235555089E-16
    0.277263319E-16
    0.183413852E-16
    0.327340489E-16
    0.259366273E-16
    0.260249489E-16
    0.308999874E-16
    0.304293054E-16
    0.262321126E-16
    0.229414069E-16
    0.210402827E-16
    0.296630305E-16
    0.260875519E-16
    0.241679460E-16
    0.360243677E-16
    0.243130409E-16
    0.259585343E-16
    0.228154255E-16
    0.278172311E-16
    0.233875782E-16
    0.282145319E-16
    0.230141106E-16
    0.351115760E-16
    0.202408585E-16
    0.247256770E-16
    0.221942311E-16
    0.325108294E-16
    0.218524185E-16
    0.302095800E-16
    0.249446873E-16
    0.317392117E-16
    0.217829333E-16
    0.223237627E-16
    0.198041012E-16
    0.322387091E-16
    0.230354706E-16
    0.305395571E-16
    0.278114707E-16
    0.290378765E-16
    0.269508803E-16
    0.223753778E-16
    0.208130343E-16
    0.287319291E-16
    0.281304636E-16
    0.283417417E-16
    0.293092221E-16
    0.263560725E-16
    0.276779216E-16
    0.247012909E-16
    0.257846785E-16
    0.234568428E-16
    0.307186211E-16
    0.283386316E-16
    0.288405290E-16
    0.267481304E-16
    0.259453073E-16
    0.219891933E-16
    0.305053723E-16
    0.237555661E-16
    0.306802770E-16
    0.292317070E-16
    0.279476677E-16
    0.310184988E-16
    0.219616173E-16
    0.179510120E-16
    0.338236421E-16
    0.266595613E-16
    0.243103193E-16
    0.299868098E-16
    0.237776582E-16
    0.331361509E-16
    0.235318524E-16
    0.172904277E-16
    0.318728538E-16
    0.295585773E-16
    0.205478914E-16
    0.294315451E-16
    0.214148677E-16
    0.309779591E-16
    0.279489639E-16
    0.211989045E-16
    0.278313603E-16
    0.290893121E-16
    0.207397558E-16
    0.286915710E-16
    0.219680797E-16
    0.281843413E-16
    0.273362359E-16
    0.285088339E-16
    0.283262366E-16
    0.273243445E-16
    0.244840131E-16
    0.299962801E-16
    0.256433766E-16
    0.254477861E-16
    0.252141103E-16
    0.332307863E-16
    0.343631063E-16
    0.215653888E-16
    0.289324016E-16
    0.287162891E-16
    0.299355332E-16
    0.294270044E-16
    0.275680679E-16
    0.336496571E-16
    0.377740848E-16
    0.215755471E-16
    0.318430944E-16
    0.299997391E-16
    0.303621480E-16
    0.324988446E-16
    0.325944728E-16
    0.321142962E-16
    0.352656875E-16
    0.278577704E-16
    0.310641223E-16
    0.318952768E-16
    0.299752289E-16
    0.334774701E-16
    0.393693138E-16
    0.324365017E-16
    0.293863180E-16
    0.340211993E-16
    0.271717466E-16
    0.377742838E-16
    0.290386783E-16
    0.329816923E-16
    0.417509098E-16
    0.384835642E-16
    0.265586229E-16
    0.393526640E-16
    0.253951288E-16
    0.424806026E-16
    0.311387906E-16
    0.353623687E-16
    0.390586273E-16
    0.477489490E-16
    0.290926020E-16
    0.422220840E-16
    0.306970953E-16
    0.419311311E-16
    0.327097522E-16
    0.412261842E-16
    0.369330000E-16
    0.577348322E-16
    0.345183846E-16
    0.459351806E-16
    0.379354780E-16
    0.426599358E-16
    0.387215071E-16
    0.480830408E-16
    0.448508944E-16
    0.567530875E-16
    0.392532905E-16
    0.517056126E-16
    0.434021261E-16
    0.467296833E-16
    0.501199285E-16
    0.495814936E-16
    0.619587422E-16
    0.497486945E-16
    0.455350692E-16
    0.561947327E-16
    0.459001569E-16
    0.546629047E-16
    0.590239683E-16
    0.535442440E-16
    0.738249908E-16
    0.471353740E-16
    0.512587063E-16
    0.648330847E-16
    0.458431400E-16
    0.572998657E-16
    0.614603046E-16
    0.602710203E-16
    0.711354381E-16
    0.564714482E-16
    0.609321493E-16
    0.715152774E-16
    0.532727401E-16
    0.588365717E-16
    0.673307964E-16
    0.693000403E-16
    0.633485730E-16
    0.708745300E-16
    0.731580896E-16
    0.749827699E-16
    0.650969547E-16
    0.684363081E-16
    0.796728255E-16
    0.797278888E-16
    0.644824961E-16
    0.883927619E-16
    0.805567968E-16
    0.793227079E-16
    0.793984390E-16
    0.852919895E-16
    0.899331675E-16
    0.876847083E-16
    0.805070465E-16
    0.107271964E-15
    0.862511832E-16
    0.886258458E-16
    0.913857178E-16
    0.976555062E-16
    0.101968547E-15
    0.958428926E-16
    0.106210564E-15
    0.119126699E-15
    0.921000947E-16
    0.105951262E-15
    0.107268618E-15
    0.104100559E-15
    0.117920961E-15
    0.104292537E-15
    0.127562441E-15
    0.124215530E-15
    0.103071376E-15
    0.125374383E-15
    0.124999296E-15
    0.109984866E-15
    0.139009757E-15
    0.123455026E-15
    0.137695997E-15
    0.127849322E-15
    0.123035552E-15
    0.150621812E-15
    0.138106484E-15
    0.133610513E-15
    0.158652314E-15
    0.149136886E-15
    0.137867254E-15
    0.151392388E-15
    0.148717423E-15
    0.174659997E-15
    0.157433552E-15
    0.172810736E-15
    0.174038851E-15
    0.173625271E-15
    0.156213333E-15
    0.197038693E-15
    0.187267520E-15
    0.195014606E-15
    0.202321451E-15
    0.213415228E-15
    0.197088326E-15
    0.195658044E-15
    0.208006853E-15
    0.250414888E-15
    0.227439801E-15
    0.221599919E-15
    0.271419366E-15
    0.246682888E-15
    0.238932218E-15
    0.240488201E-15
    0.284158097E-15
    0.304538695E-15
    0.258487551E-15
    0.275953192E-15
    0.319911272E-15
    0.275059115E-15
    0.299492476E-15
    0.302434802E-15
    0.350102153E-15
    0.343952481E-15
    0.294323033E-15
    0.359239272E-15
    0.353540409E-15
    0.319098036E-15
    0.369497076E-15
    0.355836589E-15
    0.395638761E-15
    0.360496560E-15
    0.352718699E-15
    0.428706179E-15
    0.389245626E-15
    0.381432368E-15
    0.437541463E-15
    0.399616830E-15
    0.431889143E-15
    0.387764454E-15
    0.435795314E-15
    0.465648835E-15
    0.441777506E-15
    0.459121211E-15
    0.484064360E-15
    0.451858309E-15
    0.476468036E-15
    0.482832204E-15
    0.516888436E-15
    0.512299832E-15
    0.528784718E-15
    0.547794653E-15
    0.542771785E-15
    0.535717845E-15
    0.563731232E-15
    0.637087525E-15
    0.587386652E-15
    0.599554184E-15
    0.658041494E-15
    0.650836959E-15
    0.650765314E-15
    0.641116804E-15
    0.714498666E-15
    0.796711304E-15
    0.694027224E-15
    0.760416187E-15
    0.831777833E-15
    0.783190329E-15
    0.821706233E-15
    0.789882535E-15
    0.932173112E-15
    0.935109383E-15
    0.855328187E-15
    0.963453631E-15
    0.101028500E-14
    0.967857308E-15
    0.102776592E-14
    0.998418052E-15
    0.115916762E-14
    0.109457892E-14
    0.105944371E-14
    0.117974685E-14
    0.118508664E-14
    0.117799785E-14
    0.123664520E-14
    0.123700884E-14
    0.136346917E-14
    0.131345147E-14
    0.129044198E-14
    0.139238414E-14
    0.139149004E-14
    0.141756962E-14
    0.147428079E-14
    0.145754179E-14
    0.155427864E-14
    0.156073616E-14
    0.152900953E-14
    0.159271592E-14
    0.165833915E-14
    0.168760338E-14
    0.174394989E-14
    0.166203772E-14
    0.179189633E-14
    0.183548616E-14
    0.179951159E-14
    0.184564275E-14
    0.196819089E-14
    0.201120468E-14
    0.203363905E-14
    0.192771911E-14
    0.212725070E-14
    0.218097208E-14
    0.212302648E-14
    0.217766881E-14
    0.233240477E-14
    0.238192202E-14
    0.236294537E-14
    0.229091839E-14
    0.254496572E-14
    0.260302306E-14
    0.252424780E-14
    0.260144038E-14
    0.274508515E-14
    0.276522974E-14
    0.278021509E-14
    0.271850697E-14
    0.301355454E-14
    0.304329830E-14
    0.297177226E-14
    0.304009512E-14
    0.315643654E-14
    0.314911652E-14
    0.323619302E-14
    0.311481366E-14
    0.341191203E-14
    0.338053005E-14
    0.331920998E-14
    0.337196799E-14
    0.341683029E-14
    0.343586574E-14
    0.352324868E-14
    0.330538607E-14
    0.353771510E-14
    0.341665583E-14
    0.336331717E-14
    0.333444035E-14
    0.329349613E-14
    0.333914974E-14
    0.329587418E-14
    0.299632551E-14
    0.310235851E-14
    0.289772604E-14
    0.279944648E-14
    0.262919201E-14
    0.252435516E-14
    0.246481558E-14
    0.229027607E-14
    0.198072109E-14
    0.194992557E-14
    0.176020580E-14
    0.166617962E-14
    0.151588513E-14
    0.146272460E-14
    0.144072682E-14
    0.149519078E-14
    0.164869781E-14
    0.185874475E-14
    0.233214805E-14
    0.295906747E-14
    0.387250716E-14
    0.495008763E-14
    0.651463886E-14
    0.871337219E-14
    0.116958119E-13
    0.146023050E-13
    0.190032838E-13
    0.243487465E-13
    0.310068500E-13
    0.388875750E-13
    0.487566962E-13
    0.611582207E-13
    0.767834395E-13
    0.932945176E-13
    0.115658970E-12
    0.142017499E-12
    0.173802470E-12
    0.211524733E-12
    0.256089100E-12
    0.310403232E-12
    0.375790398E-12
    0.448547957E-12
    0.541504308E-12
    0.649037183E-12
    0.778066583E-12
    0.930014762E-12
    0.110619013E-11
    0.131967901E-11
    0.156833026E-11
    0.185512997E-11
    0.220379131E-11
    0.260709649E-11
    0.308564081E-11
    0.364408386E-11
    0.429223534E-11
    0.506902620E-11
    0.596482627E-11
    0.701292331E-11
    0.825066750E-11
    0.968612400E-11
    0.113723700E-10
    0.133250880E-10
    0.156003088E-10
    0.182839608E-10
    0.213795585E-10
    0.250034662E-10
    0.292271185E-10
    0.341326939E-10
    0.398485377E-10
    0.464537091E-10
    0.541449514E-10
    0.631113548E-10
    0.734596659E-10
    0.855101426E-10
    0.994640084E-10
    0.115656809E-09
    0.134402366E-09
    0.156070835E-09
    0.181203246E-09
    0.210310392E-09
    0.243880107E-09
    0.282751928E-09
    0.327595520E-09
    0.379452799E-09
    0.439222551E-09
    0.508197527E-09
    0.587848179E-09
    0.679671528E-09
    0.785396302E-09
    0.907231902E-09
    0.104744272E-08
    0.120886042E-08
    0.139435111E-08
    0.160772187E-08
    0.185303493E-08
    0.213477783E-08
    0.245819228E-08
    0.282942437E-08
    0.325536193E-08
    0.374379354E-08
    0.430339851E-08
    0.494482739E-08
    0.567927443E-08
    0.651988273E-08
    0.748137661E-08
    0.858102388E-08
    0.983814435E-08
    0.112742660E-07
    0.129143194E-07
    0.147869575E-07
    0.169233252E-07
    0.193597589E-07
    0.221366711E-07
    0.253010503E-07
    0.289050257E-07
    0.330068385E-07
    0.376745342E-07
    0.429831199E-07
    0.490174514E-07
    0.558737435E-07
    0.636599721E-07
    0.724996631E-07
    0.825293578E-07
    0.939028507E-07
    0.106797026E-06
    0.121405361E-06
    0.137949171E-06
    0.156675325E-06
    0.177862345E-06
    0.201824227E-06
    0.228908080E-06
    0.259507117E-06
    0.294064355E-06
    0.333067314E-06
    0.377071713E-06
    0.426690828E-06
    0.482618873E-06
    0.545626813E-06
    0.616572398E-06
    0.696421067E-06
    0.786249385E-06
    0.887247139E-06
    0.100075918E-05
    0.112826405E-05
    0.127142971E-05
    0.143209214E-05
    0.161230066E-05
    0.181434244E-05
    0.204074938E-05
    0.229432986E-05
    0.257821919E-05
    0.289587160E-05
    0.325114838E-05
    0.364829006E-05
    0.409201916E-05
    0.458756798E-05
    0.514070202E-05
    0.575781421E-05
    0.644597018E-05
    0.721296044E-05
    0.806741364E-05
    0.901879902E-05
    0.100776115E-04
    0.112554030E-04
    0.125648691E-04
    0.140200284E-04
    0.156362725E-04
    0.174305468E-04
    0.194214660E-04
    0.216294437E-04
    0.240769534E-04
    0.267886140E-04
    0.297913881E-04
    0.331149033E-04
    0.367915095E-04
    0.408567182E-04
    0.453492714E-04
    0.503115810E-04
    0.557900043E-04
    0.618351299E-04
    0.685021318E-04
    0.758512906E-04
    0.839481641E-04
    0.928643411E-04
    0.102677548E-03
    0.113472536E-03
    0.125341387E-03
    0.138384143E-03
    0.152709451E-03
    0.168435292E-03
    0.185689501E-03
    0.204610834E-03
    0.225349316E-03
    0.248067675E-03
    0.272941759E-03
    0.300161734E-03
    0.329933088E-03
    0.362477702E-03
    0.398034954E-03
    0.436863076E-03
    0.479240124E-03
    0.525465892E-03
    0.575862719E-03
    0.630777365E-03
    0.690582583E-03
    0.755678538E-03
    0.826494937E-03
    0.903492404E-03
    0.987164748E-03
    0.107804095E-02
    0.117668697E-02
    0.128370816E-02
    0.139975164E-02
    0.152550812E-02
    0.166171530E-02
    0.180915913E-02
    0.196867781E-02
    0.214116348E-02
    0.232756553E-02
    0.252889327E-02
    0.274621916E-02
    0.298068133E-02
    0.323348771E-02
    0.350591764E-02
    0.379932717E-02
    0.411515043E-02
    0.445490439E-02
    0.482019148E-02
    0.521270339E-02
    0.563422433E-02
    0.608663515E-02
    0.657191537E-02
    0.709214896E-02
    0.764952524E-02
    0.824634454E-02
    0.888501995E-02
    0.956808132E-02
    0.102981789E-01
    0.110780855E-01
    0.119107000E-01
    0.127990508E-01
    0.137462968E-01
    0.147557319E-01
    0.158307857E-01
    0.169750256E-01
    0.181921607E-01
    0.194860397E-01
    0.208606551E-01
    0.223201424E-01
    0.238687811E-01
    0.255109943E-01
    0.272513482E-01
    0.290945511E-01
    0.310454539E-01
    0.331090439E-01
    0.352904468E-01
    0.375949203E-01
    0.400278524E-01
    0.425947551E-01
    0.453012608E-01
    0.481531155E-01
    0.511561744E-01
    0.543163890E-01
    0.576398063E-01
    0.611325537E-01
    0.648008335E-01
    0.686509078E-01
    0.726890912E-01
    0.769217362E-01
    0.813552204E-01
    0.859959296E-01
    0.908502475E-01
    0.959245363E-01
    0.101225120E+00
    0.106758265E+00
    0.112530167E+00
    0.118546924E+00
    0.124814520E+00
    0.131338803E+00
    0.138125461E+00
    0.145180004E+00
    0.152507731E+00
    0.160113716E+00
    0.168002777E+00
    0.176179453E+00
    0.184647974E+00
    0.193412239E+00
    0.202475789E+00
    0.211841779E+00
    0.221512944E+00
    0.231491587E+00
    0.241779536E+00
    0.252378127E+00
    0.263288170E+00
    0.274509928E+00
    0.286043091E+00
    0.297886742E+00
    0.310039340E+00
    0.322498698E+00
    0.335261948E+00
    0.348325535E+00
    0.361685178E+00
    0.375335866E+00
    0.389271837E+00
    0.403486547E+00
    0.417972676E+00
    0.432722102E+00
    0.447725892E+00
    0.462974300E+00
    0.478456747E+00
    0.494161832E+00
    0.510077323E+00
    0.526190147E+00
    0.542486421E+00
    0.558951427E+00
    0.575569640E+00
    0.592324742E+00
    0.609199616E+00
    0.626176392E+00
    0.643236445E+00
    0.660360423E+00
    0.677528293E+00
    0.694719338E+00
    0.711912224E+00
    0.729085012E+00
    0.746215203E+00
    0.763279792E+00
    0.780255288E+00
    0.797117788E+00
    0.813843015E+00
    0.830406358E+00
    0.846782961E+00
    0.862947742E+00
    0.878875477E+00
    0.894540855E+00
    0.909918531E+00
    0.924983215E+00
    0.939709709E+00
    0.954072993E+00
    0.968048296E+00
    0.981611137E+00
    0.994737432E+00
    0.100740353E+01
    0.101958630E+01
    0.103126320E+01
    0.104241234E+01
    0.105301253E+01
    0.106304339E+01
    0.107248537E+01
    0.108131983E+01
    0.108952911E+01
    0.109709658E+01
    0.110400668E+01
    0.111024498E+01
    0.111579826E+01
    0.112065450E+01
    0.112480299E+01
    0.112823428E+01
    0.113094032E+01
    0.113291440E+01
    0.113415123E+01
    0.113464693E+01
    0.113439908E+01
    0.113340670E+01
    0.113167029E+01
    0.112919180E+01
    0.112597465E+01
    0.112202373E+01
    0.111734535E+01
    0.111194730E+01
    0.110583872E+01
    0.109903019E+01
    0.109153363E+01
    0.108336225E+01
    0.107453059E+01
    0.106505440E+01
    0.105495063E+01
    0.104423740E+01
    0.103293386E+01
    0.102106025E+01
    0.100863776E+01
    0.995688467E+00
    0.982235321E+00
    0.968302019E+00
    0.953912980E+00
    0.939093240E+00
    0.923868389E+00
    0.908264513E+00
    0.892308091E+00
    0.876025939E+00
    0.859445121E+00
    0.842592881E+00
    0.825496575E+00
    0.808183566E+00
    0.790681186E+00
    0.773016644E+00
    0.755216953E+00
    0.737308878E+00
    0.719318839E+00
    0.701272884E+00
    0.683196596E+00
    0.665115042E+00
    0.647052732E+00
    0.629033540E+00
    0.611080674E+00
    0.593216623E+00
    0.575463100E+00
    0.557841038E+00
    0.540370509E+00
    0.523070724E+00
    0.505960002E+00
    0.489055719E+00
    0.472374327E+00
    0.455931303E+00
    0.439741153E+00
    0.423817407E+00
    0.408172590E+00
    0.392818250E+00
    0.377764935E+00
    0.363022208E+00
    0.348598659E+00
    0.334501902E+00
    0.320738606E+00
    0.307314497E+00
    0.294234383E+00
    0.281502183E+00
    0.269120933E+00
    0.257092829E+00
    0.245419251E+00
    0.234100783E+00
    0.223137260E+00
    0.212527784E+00
    0.202270773E+00
    0.192363984E+00
    0.182804552E+00
    0.173589029E+00
    0.164713417E+00
    0.156173208E+00
    0.147963415E+00
    0.140078613E+00
    0.132512977E+00
    0.125260313E+00
    0.118314099E+00
    0.111667513E+00
    0.105313476E+00
    0.992446801E-01
    0.934536180E-01
    0.879326244E-01
    0.826738956E-01
    0.776695234E-01
    0.729115264E-01
    0.683918674E-01
    0.641024908E-01
    0.600353357E-01
    0.561823623E-01
    0.525355791E-01
    0.490870508E-01
    0.458289273E-01
    0.427534558E-01
    0.398529944E-01
    0.371200337E-01
    0.345472006E-01
    0.321272755E-01
    0.298532035E-01
    0.277180973E-01
    0.257152522E-01
    0.238381478E-01
    0.220804549E-01
    0.204360422E-01
    0.188989758E-01
    0.174635253E-01
    0.161241638E-01
    0.148755686E-01
    0.137126223E-01
    0.126304110E-01
    0.116242231E-01
    0.106895484E-01
    0.982207454E-02
    0.901768359E-02
    0.827245001E-02
    0.758263553E-02
    0.694468498E-02
    0.635522263E-02
    0.581104547E-02
    0.530912042E-02
    0.484657794E-02
    0.442070530E-02
    0.402894387E-02
    0.366888111E-02
    0.333824571E-02
    0.303490269E-02
    0.275684561E-02
    0.250219354E-02
    0.226918378E-02
    0.205616589E-02
    0.186159828E-02
    0.168404065E-02
    0.152215006E-02
    0.137467574E-02
    0.124045308E-02
    0.111840042E-02
    0.100751316E-02
    0.906859477E-03
    0.815576622E-03
    0.732865859E-03
    0.657989122E-03
    0.590265031E-03
    0.529064881E-03
    0.473809675E-03
    0.423966573E-03
    0.379045639E-03
    0.338597039E-03
    0.302208124E-03
    0.269500709E-03
    0.240128775E-03
    0.213775774E-03
    0.190152530E-03
    0.168995439E-03
    0.150063983E-03
    0.133139244E-03
    0.118022176E-03
    0.104531755E-03
    0.925038939E-04
    0.817896323E-04
    0.722540528E-04
    0.637752532E-04
    0.562428286E-04
    0.495572130E-04
    0.436285882E-04
    0.383759335E-04
    0.337264532E-04
    0.296145665E-04
    0.259813988E-04
    0.227741592E-04
    0.199454399E-04
    0.174528534E-04
    0.152584499E-04
    0.133282957E-04
    0.116321282E-04
    0.101429368E-04
    0.883664953E-05
    0.769184241E-05
    0.668947047E-05
    0.581261059E-05
    0.504625116E-05
    0.437707258E-05
    0.379328070E-05
    0.328446293E-05
    0.284138017E-05
    0.245589292E-05
    0.212083155E-05
    0.182985573E-05
    0.157740645E-05
    0.135857702E-05
    0.116906162E-05
    0.100509567E-05
    0.863352576E-06
    0.740938555E-06
    0.635317575E-06
    0.544263563E-06
    0.465846257E-06
    0.398370017E-06
    0.340361747E-06
    0.290541488E-06
    0.247789818E-06
    0.211140519E-06
    0.179750598E-06
    0.152889037E-06
    0.129925078E-06
    0.110311521E-06
    0.935738260E-07
    0.793037758E-07
    0.671500357E-07
    0.568075331E-07
    0.480146002E-07
    0.405459244E-07
    0.342076945E-07
    0.288350179E-07
    0.242835026E-07
    0.204316425E-07
    0.171759023E-07
    0.144252563E-07
    0.121042919E-07
    0.101474672E-07
    0.849894606E-08
    0.711219758E-08
    0.594595126E-08
    0.496643179E-08
    0.414466533E-08
    0.345540923E-08
    0.287830145E-08
    0.239538396E-08
    0.199154233E-08
    0.165437462E-08
    0.137303553E-08
    0.113847283E-08
    0.943114362E-09
    0.780504043E-09
    0.645365936E-09
    0.533167872E-09
    0.439993344E-09
    0.362779100E-09
    0.298913324E-09
    0.246000712E-09
    0.202274192E-09
    0.166181466E-09
    0.136387954E-09
    0.111866666E-09
    0.916401697E-10
    0.749991186E-10
    0.613683130E-10
    0.501299204E-10
    0.409290438E-10
    0.333954371E-10
    0.272040088E-10
    0.221590937E-10
    0.180236052E-10
    0.146403250E-10
    0.118942273E-10
    0.964323791E-11
    0.781888003E-11
    0.633678883E-11
    0.512195380E-11
    0.414447126E-11
    0.335022785E-11
    0.270016751E-11
    0.217788159E-11
    0.175448833E-11
    0.141286738E-11
    0.113748554E-11
    0.912633223E-12
    0.732918528E-12
    0.588958763E-12
    0.469743807E-12
    0.374990022E-12
    0.300350533E-12
    0.238613915E-12
    0.190547714E-12
    0.151645378E-12
    0.120133821E-12
    0.961942607E-13
    0.757816751E-13
    0.599285611E-13
    0.479345748E-13
    0.372022396E-13
    0.297249083E-13
    0.234303889E-13
    0.181759471E-13
    0.145387759E-13
    0.113132833E-13
    0.889368727E-14
    0.702315598E-14
    0.526151624E-14
    0.420149842E-14
    0.324359941E-14
    0.247977188E-14
    0.198308877E-14
    0.163255079E-14
    0.129401841E-14
    0.103566238E-14
    0.826513257E-15
    0.654225904E-15
    0.540234958E-15
    0.444627701E-15
    0.354123138E-15
    0.344505945E-15
    0.246800220E-15
    0.241088033E-15
    0.208855680E-15
    0.154686535E-15
    0.141487017E-15
    0.121230668E-15
    0.107654450E-15
    0.104023163E-15
    0.756840772E-16
    0.101455983E-15
    0.888081872E-16
    0.741653522E-16
    0.836045474E-16
    0.666147589E-16
    0.673248407E-16
    0.523623983E-16
    0.479431336E-16
    0.616949428E-16
    0.569473516E-16
    0.495345968E-16
    0.630694820E-16
    0.569866010E-16
    0.411975613E-16
    0.444923792E-16
    0.471975243E-16
    0.531665121E-16
    0.449247587E-16
    0.524602004E-16
    0.560572490E-16
    0.464257195E-16
    0.372115879E-16
    0.419446480E-16
    0.429183382E-16
    0.557729260E-16
    0.411255336E-16
    0.485575397E-16
    0.540088225E-16
    0.423643953E-16
    0.476923829E-16
    0.439009441E-16
    0.449739405E-16
    0.527411119E-16
    0.441710902E-16
    0.474897125E-16
    0.394746381E-16
    0.468109263E-16
    0.473754894E-16
    0.355764984E-16
    0.463227186E-16
    0.486001948E-16
    0.382762003E-16
    0.456424596E-16
    0.314500723E-16
    0.573104560E-16
    0.420879141E-16
    0.354139822E-16
    0.421102715E-16
    0.438826083E-16
    0.486989198E-16
    0.392139157E-16
    0.452501629E-16
    0.491405016E-16
    0.336743261E-16
    0.422143444E-16
    0.385629383E-16
    0.272310209E-16
    0.556264497E-16
    0.263577452E-16
    0.416945071E-16
    0.363322056E-16
    0.296753487E-16
    0.483731244E-16
    0.406281883E-16
    0.434109531E-16
    0.485055526E-16
    0.452511742E-16
    0.458171256E-16
    0.452184940E-16
    0.435971385E-16
    0.519316867E-16
    0.378957783E-16
    0.502359415E-16
    0.504051583E-16
    0.254540603E-16
    0.351121765E-16
    0.331294424E-16
    0.427187580E-16
    0.438585511E-16
    0.460985132E-16
    0.431297778E-16
    0.354812033E-16
    0.422702268E-16
    0.380801059E-16
    0.515171456E-16
    0.377090288E-16
    0.426307967E-16
    0.423956221E-16
    0.609117529E-16
    0.339252545E-16
    0.495334963E-16
    0.396102003E-16
    0.380269741E-16
    0.429469207E-16
    0.360425547E-16
    0.478016452E-16
    0.367423876E-16
    0.404306455E-16
    0.493006453E-16
    0.424996362E-16
    0.295023795E-16
    0.348100616E-16
    0.330794481E-16
    0.459433499E-16
    0.475186295E-16
    0.377100433E-16
    0.549865825E-16
    0.441897251E-16
    0.415986151E-16
    0.467676702E-16
    0.393990123E-16
    0.531935741E-16
    0.380932993E-16
    0.424260247E-16
    0.415851901E-16
    0.610516873E-16
    0.480582256E-16
    0.494739770E-16
    0.468160420E-16
    0.595452165E-16
    0.344899641E-16
    0.384293022E-16
    0.392629081E-16
    0.500452854E-16
    0.546716493E-16
    0.416813780E-16
    0.513003349E-16
    0.462067092E-16
    0.474997877E-16
    0.521901582E-16
    0.434029599E-16
    0.621520260E-16
    0.352814057E-16
    0.550926181E-16
    0.431996586E-16
    0.520370737E-16
    0.507850950E-16
    0.613635196E-16
    0.538890422E-16
    0.494557473E-16
    0.392163843E-16
    0.608667256E-16
    0.674455441E-16
    0.353669582E-16
    0.562481139E-16
    0.471336946E-16
    0.638142440E-16
    0.560814648E-16
    0.493775607E-16
    0.372081095E-16
    0.685716408E-16
    0.380469173E-16
    0.456568467E-16
    0.584154594E-16
    0.521622921E-16
    0.559435044E-16
    0.485272648E-16
    0.488921177E-16
    0.498782187E-16
    0.385129941E-16
    0.400095931E-16
    0.436137916E-16
    0.623021446E-16
    0.308733252E-16
    0.441719900E-16
    0.508940880E-16
    0.404576529E-16
    0.389608985E-16
    0.355417246E-16
    0.403679557E-16
    0.551700101E-16
    0.371364600E-16
    0.280891356E-16
    0.389214721E-16
    0.401179684E-16
    0.312596621E-16
    0.339422819E-16
    0.354089253E-16
    0.385047274E-16
    0.336050984E-16
    0.352504685E-16
    0.386704790E-16
    0.204381731E-16
    0.359037849E-16
    0.288144468E-16
    0.382883383E-16
    0.293009736E-16
    0.271456095E-16
    0.300324638E-16
    0.389920116E-16
    0.169023485E-16
    0.275055267E-16
    0.335973476E-16
    0.338380294E-16
    0.295594293E-16
    0.211519897E-16
    0.287246961E-16
    0.376099920E-16
    0.195750842E-16
    0.201478423E-16
    0.328529446E-16
    0.328015209E-16
    0.283006323E-16
    0.214911251E-16
    0.262099972E-16
    0.358869264E-16
    0.217794107E-16
    0.190210757E-16
    0.316050734E-16
    0.320125836E-16
    0.265812746E-16
    0.241944738E-16
    0.265124101E-16
    0.328834734E-16
    0.231219690E-16
    0.200113592E-16
    0.292662781E-16
    0.295839904E-16
    0.262319582E-16
    0.253188927E-16
    0.300151866E-16
    0.302642168E-16
    0.252843118E-16
    0.229682624E-16
    0.292202462E-16
    0.250414925E-16
    0.240159585E-16
    0.246672601E-16
    0.316317116E-16
    0.272626796E-16
    0.260573044E-16
    0.278245351E-16
    0.317407734E-16
    0.229934907E-16
    0.219903133E-16
    0.236536902E-16
    0.318783578E-16
    0.248399671E-16
    0.233128321E-16
    0.308689547E-16
    0.342344798E-16
    0.226503476E-16
    0.219179671E-16
    0.234565664E-16
    0.320019873E-16
    0.239231284E-16
    0.193337579E-16
    0.300512056E-16
    0.339392251E-16
    0.225281570E-16
    0.219151955E-16
    0.234763727E-16
    0.320078255E-16
    0.258665367E-16
    0.183602284E-16
    0.277294361E-16
    0.325043658E-16
    0.224748081E-16
    0.239174836E-16
    0.243009108E-16
    0.284180318E-16
    0.270700612E-16
    0.196411778E-16
    0.249700338E-16
    0.286838615E-16
    0.223155092E-16
    0.270150328E-16
    0.260391047E-16
    0.251188322E-16
    0.278509961E-16
    0.224610063E-16
    0.231359933E-16
    0.234929295E-16
    0.218152628E-16
    0.294065091E-16
    0.280356871E-16
    0.232974386E-16
    0.293493148E-16
    0.258196988E-16
    0.227593177E-16
    0.192069524E-16
    0.202831996E-16
    0.275902232E-16
    0.271862497E-16
    0.221246017E-16
    0.302519908E-16
    0.274438001E-16
    0.243987274E-16
    0.183461334E-16
    0.203500968E-16
    0.254125126E-16
    0.260701301E-16
    0.219824677E-16
    0.310350287E-16
    0.263814921E-16
    0.260554008E-16
    0.200291628E-16
    0.200504612E-16
    0.223183747E-16
    0.253976112E-16
    0.221556643E-16
    0.308910339E-16
    0.225098636E-16
    0.264668019E-16
    0.228855410E-16
    0.197307177E-16
    0.204773204E-16
    0.266537625E-16
    0.223487711E-16
    0.296769184E-16
    0.199771547E-16
    0.269713885E-16
    0.252799602E-16
    0.188980487E-16
    0.197414515E-16
    0.280962828E-16
    0.215174694E-16
    0.272685058E-16
    0.197880222E-16
    0.260338246E-16
    0.250743597E-16
    0.189203520E-16
    0.216479459E-16
    0.290163290E-16
    0.214885977E-16
    0.246024965E-16
    0.235317768E-16
    0.261853598E-16
    0.237669313E-16
    0.219861580E-16
    0.251166280E-16
    0.257140060E-16
    0.235106725E-16
    0.225497419E-16
    0.238509733E-16
    0.255341117E-16
    0.224519041E-16
    0.243579902E-16
    0.295041986E-16
    0.201104026E-16
    0.260010431E-16
    0.252977995E-16
    0.222843166E-16
    0.234976935E-16
    0.249070281E-16
    0.238318831E-16
    0.292650202E-16
    0.175031858E-16
    0.264561084E-16
    0.284337150E-16
    0.201767861E-16
    0.192275143E-16
    0.277749272E-16
    0.233856041E-16
    0.244895739E-16
    0.227883173E-16
    0.288138036E-16
    0.253987024E-16
    0.208488853E-16
    0.218372737E-16
    0.265671158E-16
    0.274461939E-16
    0.213567157E-16
    0.238755778E-16
    0.319019176E-16
    0.218173866E-16
    0.173465069E-16
    0.288884069E-16
    0.239987480E-16
    0.260469917E-16
    0.259580573E-16
    0.299938926E-16
    0.273131315E-16
    0.210274532E-16
    0.248444164E-16
