 #tdnd tdcion
    0.221220587E-16
    0.152421200E-16
    0.243834446E-16
    0.237503128E-16
    0.284889068E-16
    0.219224626E-16
    0.262722623E-16
    0.265467680E-16
    0.165113864E-16
    0.206700414E-16
    0.226562050E-16
    0.293112835E-16
    0.259361608E-16
    0.214691527E-16
    0.329297550E-16
    0.195201638E-16
    0.191994753E-16
    0.210345904E-16
    0.392559174E-16
    0.388008594E-16
    0.307460059E-16
    0.503044042E-16
    0.352981918E-16
    0.451997371E-16
    0.507844460E-16
    0.458853194E-16
    0.631872827E-16
    0.653842540E-16
    0.730397940E-16
    0.616032391E-16
    0.561804695E-16
    0.453595317E-16
    0.505563700E-16
    0.536447910E-16
    0.422420014E-16
    0.344762819E-16
    0.395507410E-16
    0.290889622E-16
    0.402361264E-16
    0.348551967E-16
    0.408394408E-16
    0.353419384E-16
    0.316954714E-16
    0.420976562E-16
    0.515584191E-16
    0.333447062E-16
    0.434983757E-16
    0.257279119E-16
    0.363514020E-16
    0.282944261E-16
    0.384815762E-16
    0.426158681E-16
    0.318072869E-16
    0.369093788E-16
    0.396794012E-16
    0.287751096E-16
    0.379014925E-16
    0.228943466E-16
    0.485143237E-16
    0.342834125E-16
    0.243819665E-16
    0.397928490E-16
    0.328786844E-16
    0.357740981E-16
    0.303769285E-16
    0.340239008E-16
    0.372114399E-16
    0.310071504E-16
    0.315047011E-16
    0.430934490E-16
    0.282960592E-16
    0.354635579E-16
    0.217749114E-16
    0.394550086E-16
    0.264414195E-16
    0.293810700E-16
    0.371267892E-16
    0.369350168E-16
    0.333665661E-16
    0.294968571E-16
    0.279503335E-16
    0.325964367E-16
    0.334105578E-16
    0.348921379E-16
    0.358838374E-16
    0.225410408E-16
    0.329198367E-16
    0.271010099E-16
    0.331620275E-16
    0.287321806E-16
    0.342698951E-16
    0.343748026E-16
    0.339206734E-16
    0.303643482E-16
    0.250358415E-16
    0.364446413E-16
    0.266028110E-16
    0.380621088E-16
    0.394448332E-16
    0.246652562E-16
    0.199916022E-16
    0.342194814E-16
    0.306027140E-16
    0.333762579E-16
    0.298376721E-16
    0.342494475E-16
    0.333862057E-16
    0.271785040E-16
    0.283758541E-16
    0.309378323E-16
    0.415094623E-16
    0.263888421E-16
    0.385960557E-16
    0.291182622E-16
    0.271897280E-16
    0.218806622E-16
    0.311981585E-16
    0.314927426E-16
    0.400409143E-16
    0.318120582E-16
    0.273500712E-16
    0.310806285E-16
    0.306936544E-16
    0.324368361E-16
    0.376314549E-16
    0.300049613E-16
    0.316782361E-16
    0.301937961E-16
    0.283336125E-16
    0.331531369E-16
    0.211767382E-16
    0.264926512E-16
    0.406550422E-16
    0.353174729E-16
    0.277361368E-16
    0.289803002E-16
    0.312776109E-16
    0.334006874E-16
    0.299143547E-16
    0.370815234E-16
    0.287639143E-16
    0.289663486E-16
    0.266896903E-16
    0.341792374E-16
    0.240813145E-16
    0.323439746E-16
    0.262327849E-16
    0.377843704E-16
    0.295995299E-16
    0.302002588E-16
    0.301325717E-16
    0.292098530E-16
    0.301259519E-16
    0.313657354E-16
    0.312325292E-16
    0.311447183E-16
    0.266015626E-16
    0.222684678E-16
    0.333161229E-16
    0.335912957E-16
    0.262379365E-16
    0.266248486E-16
    0.278968564E-16
    0.368527743E-16
    0.305330182E-16
    0.271018639E-16
    0.300766585E-16
    0.261972693E-16
    0.257931846E-16
    0.274726621E-16
    0.366462482E-16
    0.272078445E-16
    0.262838802E-16
    0.246162585E-16
    0.279445418E-16
    0.280312815E-16
    0.318665360E-16
    0.265472065E-16
    0.336585956E-16
    0.287814060E-16
    0.236832641E-16
    0.247420104E-16
    0.306933370E-16
    0.278454897E-16
    0.286819098E-16
    0.250218201E-16
    0.302443703E-16
    0.262913032E-16
    0.229492047E-16
    0.300929495E-16
    0.296264661E-16
    0.262673010E-16
    0.297975386E-16
    0.232514636E-16
    0.315407070E-16
    0.308972711E-16
    0.235691418E-16
    0.204698985E-16
    0.293210526E-16
    0.250386161E-16
    0.335145076E-16
    0.262027930E-16
    0.229899679E-16
    0.254357681E-16
    0.221646723E-16
    0.265705070E-16
    0.318749456E-16
    0.305843180E-16
    0.314744524E-16
    0.196270981E-16
    0.246107097E-16
    0.273506951E-16
    0.282975966E-16
    0.228465682E-16
    0.289391084E-16
    0.237913211E-16
    0.328170198E-16
    0.214975045E-16
    0.224393423E-16
    0.236442417E-16
    0.272805176E-16
    0.254687049E-16
    0.285857786E-16
    0.317468452E-16
    0.320605253E-16
    0.186719274E-16
    0.234752834E-16
    0.242241256E-16
    0.292808717E-16
    0.252787089E-16
    0.274784518E-16
    0.248018514E-16
    0.301144218E-16
    0.182912570E-16
    0.233353101E-16
    0.228161232E-16
    0.282282962E-16
    0.268331511E-16
    0.268158299E-16
    0.301608901E-16
    0.282046761E-16
    0.192395557E-16
    0.243146201E-16
    0.261817868E-16
    0.261761431E-16
    0.252786904E-16
    0.254815496E-16
    0.255416258E-16
    0.274010219E-16
    0.186722445E-16
    0.230518123E-16
    0.249409269E-16
    0.245550780E-16
    0.265932949E-16
    0.264685926E-16
    0.285084789E-16
    0.243450568E-16
    0.201618995E-16
    0.241393256E-16
    0.278910464E-16
    0.219840533E-16
    0.250203958E-16
    0.245090293E-16
    0.256764978E-16
    0.253952981E-16
    0.185082335E-16
    0.221158023E-16
    0.280531542E-16
    0.218388423E-16
    0.249819381E-16
    0.255700264E-16
    0.272441429E-16
    0.225068276E-16
    0.203978486E-16
    0.221940758E-16
    0.271870766E-16
    0.194178229E-16
    0.250698052E-16
    0.238571065E-16
    0.252573683E-16
    0.239126770E-16
    0.179874022E-16
    0.205125723E-16
    0.295199301E-16
    0.222460805E-16
    0.234276857E-16
    0.251243872E-16
    0.260245370E-16
    0.213114853E-16
    0.200844411E-16
    0.195781651E-16
    0.258503056E-16
    0.200247203E-16
    0.245229919E-16
    0.230362930E-16
    0.247823673E-16
    0.230360648E-16
    0.191020101E-16
    0.182134523E-16
    0.287458284E-16
    0.234317499E-16
    0.231321044E-16
    0.258756967E-16
    0.252232513E-16
    0.203820163E-16
    0.202008295E-16
    0.172379822E-16
    0.255310677E-16
    0.226725987E-16
    0.239868147E-16
    0.232810104E-16
    0.242393377E-16
    0.230086406E-16
    0.205048801E-16
    0.163293070E-16
    0.271063603E-16
    0.243169661E-16
    0.236303802E-16
    0.277069084E-16
    0.248735226E-16
    0.209063685E-16
    0.209648506E-16
    0.158864076E-16
    0.264811936E-16
    0.252045968E-16
    0.245504771E-16
    0.252621108E-16
    0.237373062E-16
    0.231302022E-16
    0.212247142E-16
    0.162431992E-16
    0.264684484E-16
    0.256521226E-16
    0.241704998E-16
    0.302094842E-16
    0.244563895E-16
    0.225620784E-16
    0.221736473E-16
    0.163204053E-16
    0.281181520E-16
    0.265735608E-16
    0.259105685E-16
    0.281583819E-16
    0.231210660E-16
    0.230715695E-16
    0.223563423E-16
    0.175899681E-16
    0.273018760E-16
    0.273989982E-16
    0.246735993E-16
    0.321640192E-16
    0.232854654E-16
    0.238373388E-16
    0.235204754E-16
    0.178900356E-16
    0.295220134E-16
    0.276549399E-16
    0.273164845E-16
    0.303430602E-16
    0.222851069E-16
    0.224047910E-16
    0.242680212E-16
    0.192803791E-16
    0.291111323E-16
    0.292128577E-16
    0.248610529E-16
    0.323459683E-16
    0.213184045E-16
    0.234971121E-16
    0.249447652E-16
    0.195608865E-16
    0.302322437E-16
    0.292798704E-16
    0.272033044E-16
    0.313332115E-16
    0.216083967E-16
    0.217086343E-16
    0.261131417E-16
    0.210880172E-16
    0.311656828E-16
    0.300122783E-16
    0.238413458E-16
    0.318864251E-16
    0.194212789E-16
    0.224728895E-16
    0.262941368E-16
    0.208188009E-16
    0.304404586E-16
    0.299664623E-16
    0.258446463E-16
    0.327096255E-16
    0.213117663E-16
    0.220781895E-16
    0.268491019E-16
    0.226633085E-16
    0.325756400E-16
    0.289469975E-16
    0.229571014E-16
    0.326102445E-16
    0.187273417E-16
    0.222925391E-16
    0.267515770E-16
    0.213370401E-16
    0.305256667E-16
    0.286694447E-16
    0.253874001E-16
    0.353092079E-16
    0.208692756E-16
    0.225905067E-16
    0.264012545E-16
    0.238475392E-16
    0.324997207E-16
    0.267697744E-16
    0.232784267E-16
    0.340377570E-16
    0.193645750E-16
    0.223989313E-16
    0.270358617E-16
    0.215176798E-16
    0.308439530E-16
    0.260689009E-16
    0.252648999E-16
    0.373920919E-16
    0.206601243E-16
    0.218964065E-16
    0.261377525E-16
    0.247090188E-16
    0.302634180E-16
    0.246236065E-16
    0.233833835E-16
    0.358429887E-16
    0.210230535E-16
    0.227948909E-16
    0.280588944E-16
    0.223260040E-16
    0.303589672E-16
    0.231594371E-16
    0.247859795E-16
    0.379106403E-16
    0.222219797E-16
    0.206794731E-16
    0.275221075E-16
    0.248172144E-16
    0.270452301E-16
    0.221074844E-16
    0.240890381E-16
    0.383219741E-16
    0.240167044E-16
    0.236208145E-16
    0.294139322E-16
    0.239359192E-16
    0.285584712E-16
    0.213083812E-16
    0.253641379E-16
    0.376309081E-16
    0.247912860E-16
    0.202951670E-16
    0.300456420E-16
    0.243398284E-16
    0.254319561E-16
    0.206694535E-16
    0.264985072E-16
    0.398398698E-16
    0.269106031E-16
    0.235027914E-16
    0.306678887E-16
    0.254429326E-16
    0.266432836E-16
    0.218793226E-16
    0.270350727E-16
    0.370676152E-16
    0.253801179E-16
    0.211165425E-16
    0.322221332E-16
    0.245696526E-16
    0.252418681E-16
    0.221273439E-16
    0.280846859E-16
    0.387759851E-16
    0.279494837E-16
    0.222936837E-16
    0.312982581E-16
    0.262145679E-16
    0.248811764E-16
    0.244028927E-16
    0.281289932E-16
    0.359855232E-16
    0.250765180E-16
    0.226039880E-16
    0.323881661E-16
    0.256777243E-16
    0.254478858E-16
    0.251919097E-16
    0.264929336E-16
    0.364386353E-16
    0.278481094E-16
    0.214367213E-16
    0.304060843E-16
    0.266308824E-16
    0.237564849E-16
    0.276964206E-16
    0.267937266E-16
    0.355443594E-16
    0.261206593E-16
    0.231844218E-16
    0.299680205E-16
    0.266291915E-16
    0.260819172E-16
    0.276137059E-16
    0.235265634E-16
    0.344964188E-16
    0.274301245E-16
    0.208293222E-16
    0.284698827E-16
    0.269295985E-16
    0.241573683E-16
    0.299421005E-16
    0.241968412E-16
    0.356342123E-16
    0.262768545E-16
    0.228756447E-16
    0.263297512E-16
    0.266741157E-16
    0.261674739E-16
    0.293020207E-16
    0.220815922E-16
    0.328147923E-16
    0.251969551E-16
    0.212795566E-16
    0.269319802E-16
    0.264494986E-16
    0.260127518E-16
    0.291207142E-16
    0.221796283E-16
    0.328121927E-16
    0.243434249E-16
    0.229023834E-16
    0.244080060E-16
    0.254053483E-16
    0.255658831E-16
    0.287866362E-16
    0.218736456E-16
    0.308766435E-16
    0.217987582E-16
    0.230879244E-16
    0.258858646E-16
    0.244085377E-16
    0.265958702E-16
    0.251031367E-16
    0.205653474E-16
    0.283604604E-16
    0.223177712E-16
    0.219608870E-16
    0.243564515E-16
    0.232460716E-16
    0.247414458E-16
    0.249804501E-16
    0.227655095E-16
    0.292282606E-16
    0.203780642E-16
    0.226806928E-16
    0.254761479E-16
    0.221076256E-16
    0.246161275E-16
    0.215342912E-16
    0.215503176E-16
    0.256821139E-16
    0.216908543E-16
    0.201838784E-16
    0.256812416E-16
    0.227927065E-16
    0.250833754E-16
    0.227331011E-16
    0.242137995E-16
    0.271425824E-16
    0.223045061E-16
    0.207493193E-16
    0.270516921E-16
    0.226377416E-16
    0.237800453E-16
    0.223420048E-16
    0.251979496E-16
    0.243181553E-16
    0.246527248E-16
    0.205917998E-16
    0.283324684E-16
    0.235959431E-16
    0.266237083E-16
    0.239745513E-16
    0.246114502E-16
    0.248537379E-16
    0.282243990E-16
    0.207743266E-16
    0.284027852E-16
    0.247531177E-16
    0.248213710E-16
    0.248360255E-16
    0.277275201E-16
    0.237237874E-16
    0.286341111E-16
    0.209826171E-16
    0.295215012E-16
    0.244239081E-16
    0.264336672E-16
    0.258026976E-16
    0.255790874E-16
    0.233360507E-16
    0.311555550E-16
    0.214647681E-16
    0.276365648E-16
    0.254689719E-16
    0.241554965E-16
    0.269710580E-16
    0.286446510E-16
    0.229852981E-16
    0.286801703E-16
    0.212374652E-16
    0.309005901E-16
    0.248334290E-16
    0.243190021E-16
    0.279846703E-16
    0.278722063E-16
    0.226681882E-16
    0.273256457E-16
    0.262217038E-16
    0.303502024E-16
    0.252602010E-16
    0.228171862E-16
    0.323344093E-16
    0.275741433E-16
    0.258391993E-16
    0.252977475E-16
    0.298290172E-16
    0.324740213E-16
    0.245902928E-16
    0.241934885E-16
    0.349582394E-16
    0.298314955E-16
    0.263087707E-16
    0.249985230E-16
    0.344782886E-16
    0.342064057E-16
    0.239794424E-16
    0.267674598E-16
    0.390749485E-16
    0.278899458E-16
    0.307060102E-16
    0.246928736E-16
    0.397601143E-16
    0.306187042E-16
    0.262539046E-16
    0.289147935E-16
    0.424891381E-16
    0.286422287E-16
    0.305056737E-16
    0.247325869E-16
    0.379387253E-16
    0.316037587E-16
    0.298479589E-16
    0.332865024E-16
    0.411696246E-16
    0.283452916E-16
    0.289147028E-16
    0.290030553E-16
    0.369669708E-16
    0.296459970E-16
    0.336190265E-16
    0.363702996E-16
    0.379786528E-16
    0.302841846E-16
    0.297874164E-16
    0.301360662E-16
    0.359228653E-16
    0.331167601E-16
    0.410211650E-16
    0.352303226E-16
    0.359670230E-16
    0.306255857E-16
    0.295973586E-16
    0.344986465E-16
    0.376497284E-16
    0.352297200E-16
    0.456969814E-16
    0.399567863E-16
    0.340829061E-16
    0.387188031E-16
    0.352378260E-16
    0.386595881E-16
    0.382830996E-16
    0.419285965E-16
    0.453360118E-16
    0.432828371E-16
    0.352341659E-16
    0.453893478E-16
    0.403403418E-16
    0.385467081E-16
    0.476010954E-16
    0.455300910E-16
    0.467290069E-16
    0.478971650E-16
    0.412324897E-16
    0.494003885E-16
    0.471066789E-16
    0.403062207E-16
    0.521133320E-16
    0.497390364E-16
    0.437994552E-16
    0.583683425E-16
    0.455496119E-16
    0.541451628E-16
    0.488814518E-16
    0.410868476E-16
    0.567379228E-16
    0.574879609E-16
    0.427908761E-16
    0.661817169E-16
    0.531170724E-16
    0.546922148E-16
    0.538859839E-16
    0.444217248E-16
    0.615048898E-16
    0.594444774E-16
    0.427773719E-16
    0.739291501E-16
    0.640940781E-16
    0.561568044E-16
    0.598947884E-16
    0.581694981E-16
    0.623292196E-16
    0.697346073E-16
    0.522570495E-16
    0.808362993E-16
    0.737598309E-16
    0.550221902E-16
    0.703708048E-16
    0.697414816E-16
    0.670448407E-16
    0.806653080E-16
    0.691577074E-16
    0.883325420E-16
    0.870782369E-16
    0.590341501E-16
    0.837427611E-16
    0.825329808E-16
    0.703995195E-16
    0.913071060E-16
    0.896670443E-16
    0.922520031E-16
    0.988195182E-16
    0.704504660E-16
    0.988469763E-16
    0.100536459E-15
    0.790251475E-16
    0.101731665E-15
    0.109513636E-15
    0.930161928E-16
    0.105907643E-15
    0.847438426E-16
    0.115225517E-15
    0.109943742E-15
    0.957944678E-16
    0.109549582E-15
    0.125716019E-15
    0.941631751E-16
    0.111552794E-15
    0.109025769E-15
    0.125253769E-15
    0.121668753E-15
    0.115238210E-15
    0.116273931E-15
    0.142421459E-15
    0.107848444E-15
    0.130237629E-15
    0.141738164E-15
    0.133730693E-15
    0.133943493E-15
    0.134326110E-15
    0.126574917E-15
    0.159169944E-15
    0.133977780E-15
    0.152465863E-15
    0.178960134E-15
    0.150418674E-15
    0.151647899E-15
    0.168256695E-15
    0.150526676E-15
    0.182583644E-15
    0.169795818E-15
    0.184943483E-15
    0.216389518E-15
    0.174443006E-15
    0.188030154E-15
    0.211872697E-15
    0.197032083E-15
    0.218045618E-15
    0.218617451E-15
    0.227365256E-15
    0.247792298E-15
    0.203239098E-15
    0.225942470E-15
    0.250198958E-15
    0.254033815E-15
    0.255918117E-15
    0.274068262E-15
    0.275576970E-15
    0.281250096E-15
    0.255578363E-15
    0.272967071E-15
    0.299073603E-15
    0.306419564E-15
    0.286204415E-15
    0.315657554E-15
    0.323398619E-15
    0.310883712E-15
    0.316528848E-15
    0.325707712E-15
    0.340037941E-15
    0.362433674E-15
    0.319144270E-15
    0.360115373E-15
    0.362579653E-15
    0.333672434E-15
    0.368898309E-15
    0.365688236E-15
    0.379934321E-15
    0.408223968E-15
    0.371277352E-15
    0.405243179E-15
    0.407017524E-15
    0.382391199E-15
    0.435218087E-15
    0.407350708E-15
    0.439916347E-15
    0.443741056E-15
    0.440297195E-15
    0.457119883E-15
    0.468724713E-15
    0.458925957E-15
    0.505058412E-15
    0.478534409E-15
    0.512358772E-15
    0.503111307E-15
    0.539556732E-15
    0.532489123E-15
    0.549423221E-15
    0.580367347E-15
    0.591764794E-15
    0.594310698E-15
    0.630537557E-15
    0.597845091E-15
    0.687755724E-15
    0.632247652E-15
    0.669860317E-15
    0.731677476E-15
    0.708297934E-15
    0.736390921E-15
    0.782552230E-15
    0.736232954E-15
    0.862678347E-15
    0.783712538E-15
    0.843069090E-15
    0.899254876E-15
    0.848995135E-15
    0.905243546E-15
    0.929630863E-15
    0.923508402E-15
    0.102656545E-14
    0.976336233E-15
    0.103536232E-14
    0.108313550E-14
    0.103482827E-14
    0.109302636E-14
    0.109851747E-14
    0.113502884E-14
    0.118367040E-14
    0.117742314E-14
    0.122274958E-14
    0.125137801E-14
    0.125399479E-14
    0.128033492E-14
    0.130016192E-14
    0.137961022E-14
    0.133906826E-14
    0.141734614E-14
    0.139650611E-14
    0.142397619E-14
    0.148973603E-14
    0.148260143E-14
    0.151552298E-14
    0.166214996E-14
    0.153393694E-14
    0.169142010E-14
    0.159693840E-14
    0.165784100E-14
    0.176331870E-14
    0.172195856E-14
    0.178049560E-14
    0.194337505E-14
    0.181921015E-14
    0.198066735E-14
    0.187800221E-14
    0.199010643E-14
    0.211209582E-14
    0.203934038E-14
    0.211554181E-14
    0.224621713E-14
    0.217375775E-14
    0.230652022E-14
    0.224946305E-14
    0.241361406E-14
    0.252110538E-14
    0.245089301E-14
    0.251066759E-14
    0.260864732E-14
    0.261226896E-14
    0.264884659E-14
    0.269519630E-14
    0.284500150E-14
    0.292662025E-14
    0.289372007E-14
    0.295199153E-14
    0.299414541E-14
    0.311302273E-14
    0.300967829E-14
    0.315510765E-14
    0.319956945E-14
    0.323517442E-14
    0.323996185E-14
    0.328114403E-14
    0.326651016E-14
    0.346294685E-14
    0.329704655E-14
    0.344599626E-14
    0.335082150E-14
    0.331553109E-14
    0.331334497E-14
    0.328189761E-14
    0.318829582E-14
    0.336203954E-14
    0.313507057E-14
    0.321023579E-14
    0.299115684E-14
    0.291015906E-14
    0.285585205E-14
    0.270582387E-14
    0.249041893E-14
    0.251545246E-14
    0.222810460E-14
    0.213801109E-14
    0.190259274E-14
    0.176259043E-14
    0.168946574E-14
    0.152439869E-14
    0.138442235E-14
    0.135899616E-14
    0.130984448E-14
    0.138954205E-14
    0.161345029E-14
    0.183957610E-14
    0.228564444E-14
    0.302871946E-14
    0.402058666E-14
    0.520852229E-14
    0.698954578E-14
    0.941235426E-14
    0.125269514E-13
    0.159546889E-13
    0.204691575E-13
    0.266545253E-13
    0.339612351E-13
    0.424710815E-13
    0.531775601E-13
    0.670369407E-13
    0.830531233E-13
    0.102138553E-12
    0.125503189E-12
    0.155382928E-12
    0.190104066E-12
    0.231102715E-12
    0.279663746E-12
    0.340158784E-12
    0.408883814E-12
    0.491221612E-12
    0.589204483E-12
    0.708487132E-12
    0.847997528E-12
    0.101193555E-11
    0.120462453E-11
    0.143803202E-11
    0.170507795E-11
    0.202304705E-11
    0.239525955E-11
    0.283656801E-11
    0.335155875E-11
    0.395286056E-11
    0.465454068E-11
    0.549171228E-11
    0.645383726E-11
    0.759272516E-11
    0.891578100E-11
    0.104665440E-10
    0.122736937E-10
    0.143718808E-10
    0.168097517E-10
    0.196759438E-10
    0.229802377E-10
    0.268528556E-10
    0.313378743E-10
    0.365579686E-10
    0.426295332E-10
    0.496573726E-10
    0.578016102E-10
    0.672961879E-10
    0.782344752E-10
    0.909630038E-10
    0.105644504E-09
    0.122652487E-09
    0.142353073E-09
    0.165094610E-09
    0.191364324E-09
    0.221808809E-09
    0.256856230E-09
    0.297401988E-09
    0.344064673E-09
    0.397883792E-09
    0.459986329E-09
    0.531423734E-09
    0.613673063E-09
    0.708487326E-09
    0.817406759E-09
    0.942823277E-09
    0.108679572E-08
    0.125226901E-08
    0.144247621E-08
    0.166062407E-08
    0.191090510E-08
    0.219817712E-08
    0.252721496E-08
    0.290448644E-08
    0.333627807E-08
    0.383074030E-08
    0.439696874E-08
    0.504427777E-08
    0.578441355E-08
    0.663060571E-08
    0.759687546E-08
    0.870046303E-08
    0.995952552E-08
    0.113960144E-07
    0.130346877E-07
    0.149016854E-07
    0.170287432E-07
    0.194514684E-07
    0.222085828E-07
    0.253459902E-07
    0.289131907E-07
    0.329684844E-07
    0.375770843E-07
    0.428096686E-07
    0.487494227E-07
    0.554896085E-07
    0.631330518E-07
    0.717982664E-07
    0.816158372E-07
    0.927354253E-07
    0.105325130E-06
    0.119568477E-06
    0.135677915E-06
    0.153890403E-06
    0.174468857E-06
    0.197711801E-06
    0.223949652E-06
    0.253557027E-06
    0.286952516E-06
    0.324597032E-06
    0.367015661E-06
    0.414793139E-06
    0.468578482E-06
    0.529100935E-06
    0.597169857E-06
    0.673692536E-06
    0.759681787E-06
    0.856252377E-06
    0.964663449E-06
    0.108631051E-05
    0.122274215E-05
    0.137568454E-05
    0.154705196E-05
    0.173897577E-05
    0.195382545E-05
    0.219420915E-05
    0.246304642E-05
    0.276356324E-05
    0.309932802E-05
    0.347429785E-05
    0.389284639E-05
    0.435981807E-05
    0.488057499E-05
    0.546100858E-05
    0.610766804E-05
    0.682776312E-05
    0.762924122E-05
    0.852087047E-05
    0.951230914E-05
    0.106141992E-04
    0.118382688E-04
    0.131973672E-04
    0.147056898E-04
    0.163788034E-04
    0.182337986E-04
    0.202894476E-04
    0.225663334E-04
    0.250870393E-04
    0.278763281E-04
    0.309612454E-04
    0.343714948E-04
    0.381395189E-04
    0.423007833E-04
    0.468940577E-04
    0.519616732E-04
    0.575498394E-04
    0.637090019E-04
    0.704940278E-04
    0.779648636E-04
    0.861866849E-04
    0.952304330E-04
    0.105173282E-03
    0.116099099E-03
    0.128099009E-03
    0.141271986E-03
    0.155725239E-03
    0.171575264E-03
    0.188948141E-03
    0.207980453E-03
    0.228820044E-03
    0.251626813E-03
    0.276573610E-03
    0.303847261E-03
    0.333649183E-03
    0.366197080E-03
    0.401725404E-03
    0.440486891E-03
    0.482753699E-03
    0.528818672E-03
    0.578996767E-03
    0.633626578E-03
    0.693071405E-03
    0.757721690E-03
    0.827995815E-03
    0.904342366E-03
    0.987241843E-03
    0.107720849E-02
    0.117479238E-02
    0.128058164E-02
    0.139520400E-02
    0.151933017E-02
    0.165367497E-02
    0.179900053E-02
    0.195611859E-02
    0.212589294E-02
    0.230924234E-02
    0.250714331E-02
    0.272063233E-02
    0.295081007E-02
    0.319884283E-02
    0.346596666E-02
    0.375349013E-02
    0.406279736E-02
    0.439535144E-02
    0.475269787E-02
    0.513646701E-02
    0.554837895E-02
    0.599024498E-02
    0.646397237E-02
    0.697156718E-02
    0.751513740E-02
    0.809689657E-02
    0.871916712E-02
    0.938438272E-02
    0.100950929E-01
    0.108539640E-01
    0.116637841E-01
    0.125274643E-01
    0.134480422E-01
    0.144286836E-01
    0.154726856E-01
    0.165834777E-01
    0.177646242E-01
    0.190198250E-01
    0.203529173E-01
    0.217678766E-01
    0.232688167E-01
    0.248599896E-01
    0.265457862E-01
    0.283307344E-01
    0.302194987E-01
    0.322168775E-01
    0.343278020E-01
    0.365573331E-01
    0.389106571E-01
    0.413930826E-01
    0.440100356E-01
    0.467670543E-01
    0.496697821E-01
    0.527239620E-01
    0.559354283E-01
    0.593100994E-01
    0.628539674E-01
    0.665730879E-01
    0.704735712E-01
    0.745615700E-01
    0.788432642E-01
    0.833248522E-01
    0.880125333E-01
    0.929124948E-01
    0.980308947E-01
    0.103373844E+00
    0.108947393E+00
    0.114757509E+00
    0.120810056E+00
    0.127110781E+00
    0.133665286E+00
    0.140479011E+00
    0.147557210E+00
    0.154904926E+00
    0.162526971E+00
    0.170427903E+00
    0.178611994E+00
    0.187083212E+00
    0.195845194E+00
    0.204901218E+00
    0.214254180E+00
    0.223906563E+00
    0.233860418E+00
    0.244117333E+00
    0.254678405E+00
    0.265544221E+00
    0.276714828E+00
    0.288189708E+00
    0.299967758E+00
    0.312047257E+00
    0.324425854E+00
    0.337100545E+00
    0.350067637E+00
    0.363322752E+00
    0.376860791E+00
    0.390675923E+00
    0.404761572E+00
    0.419110398E+00
    0.433714287E+00
    0.448564352E+00
    0.463650899E+00
    0.478963453E+00
    0.494490731E+00
    0.510220649E+00
    0.526140329E+00
    0.542236093E+00
    0.558493469E+00
    0.574897221E+00
    0.591431324E+00
    0.608079015E+00
    0.624822791E+00
    0.641644429E+00
    0.658525022E+00
    0.675444993E+00
    0.692384123E+00
    0.709321604E+00
    0.726236040E+00
    0.743105518E+00
    0.759907627E+00
    0.776619507E+00
    0.793217897E+00
    0.809679187E+00
    0.825979448E+00
    0.842094525E+00
    0.858000044E+00
    0.873671504E+00
    0.889084328E+00
    0.904213909E+00
    0.919035689E+00
    0.933525222E+00
    0.947658213E+00
    0.961410630E+00
    0.974758716E+00
    0.987679093E+00
    0.100014882E+01
    0.101214543E+01
    0.102364706E+01
    0.103463244E+01
    0.104508100E+01
    0.105497294E+01
    0.106428926E+01
    0.107301185E+01
    0.108112353E+01
    0.108860809E+01
    0.109545038E+01
    0.110163634E+01
    0.110715305E+01
    0.111198877E+01
    0.111613298E+01
    0.111957643E+01
    0.112231116E+01
    0.112433053E+01
    0.112562925E+01
    0.112620343E+01
    0.112605053E+01
    0.112516942E+01
    0.112356041E+01
    0.112122519E+01
    0.111816688E+01
    0.111439000E+01
    0.110990046E+01
    0.110470559E+01
    0.109881405E+01
    0.109223584E+01
    0.108498230E+01
    0.107706603E+01
    0.106850087E+01
    0.105930188E+01
    0.104948529E+01
    0.103906842E+01
    0.102806967E+01
    0.101650841E+01
    0.100440503E+01
    0.991780749E+00
    0.978657635E+00
    0.965058520E+00
    0.951006929E+00
    0.936527014E+00
    0.921643486E+00
    0.906381526E+00
    0.890766756E+00
    0.874825119E+00
    0.858582826E+00
    0.842066288E+00
    0.825302040E+00
    0.808316656E+00
    0.791136704E+00
    0.773788641E+00
    0.756298787E+00
    0.738693221E+00
    0.720997731E+00
    0.703237751E+00
    0.685438309E+00
    0.667623944E+00
    0.649818683E+00
    0.632045958E+00
    0.614328584E+00
    0.596688691E+00
    0.579147696E+00
    0.561726250E+00
    0.544444223E+00
    0.527320642E+00
    0.510373696E+00
    0.493620681E+00
    0.477077998E+00
    0.460761125E+00
    0.444684612E+00
    0.428862054E+00
    0.413306108E+00
    0.398028461E+00
    0.383039856E+00
    0.368350077E+00
    0.353967961E+00
    0.339901405E+00
    0.326157387E+00
    0.312741962E+00
    0.299660299E+00
    0.286916685E+00
    0.274514558E+00
    0.262456525E+00
    0.250744384E+00
    0.239379160E+00
    0.228361133E+00
    0.217689861E+00
    0.207364217E+00
    0.197382422E+00
    0.187742075E+00
    0.178440193E+00
    0.169473237E+00
    0.160837153E+00
    0.152527409E+00
    0.144539025E+00
    0.136866608E+00
    0.129504392E+00
    0.122446266E+00
    0.115685814E+00
    0.109216343E+00
    0.103030919E+00
    0.971223968E-01
    0.914834530E-01
    0.861066095E-01
    0.809842736E-01
    0.761087522E-01
    0.714722884E-01
    0.670670834E-01
    0.628853180E-01
    0.589191768E-01
    0.551608740E-01
    0.516026625E-01
    0.482368659E-01
    0.450558836E-01
    0.420522144E-01
    0.392184708E-01
    0.365473872E-01
    0.340318358E-01
    0.316648396E-01
    0.294395748E-01
    0.273493880E-01
    0.253877962E-01
    0.235484966E-01
    0.218253730E-01
    0.202124961E-01
    0.187041293E-01
    0.172947319E-01
    0.159789573E-01
    0.147516574E-01
    0.136078803E-01
    0.125428700E-01
    0.115520656E-01
    0.106310992E-01
    0.977579307E-02
    0.898215694E-02
    0.824638508E-02
    0.756485170E-02
    0.693410788E-02
    0.635087653E-02
    0.581204697E-02
    0.531467244E-02
    0.485596288E-02
    0.443327997E-02
    0.404413366E-02
    0.368617416E-02
    0.335718899E-02
    0.305509614E-02
    0.277793799E-02
    0.252387847E-02
    0.229119515E-02
    0.207827463E-02
    0.188360868E-02
    0.170578677E-02
    0.154349331E-02
    0.139550144E-02
    0.126066811E-02
    0.113793091E-02
    0.102630202E-02
    0.924864524E-03
    0.832768774E-03
    0.749227159E-03
    0.673511559E-03
    0.604948753E-03
    0.542917251E-03
    0.486844069E-03
    0.436201159E-03
    0.390502692E-03
    0.349302112E-03
    0.312189144E-03
    0.278787636E-03
    0.248752671E-03
    0.221768776E-03
    0.197547182E-03
    0.175824205E-03
    0.156359268E-03
    0.138932933E-03
    0.123345425E-03
    0.109414978E-03
    0.969763159E-04
    0.858796200E-04
    0.759886894E-04
    0.671803217E-04
    0.593429806E-04
    0.523757073E-04
    0.461874378E-04
    0.406958855E-04
    0.358269009E-04
    0.315137950E-04
    0.276963967E-04
    0.243207687E-04
    0.213384329E-04
    0.187058625E-04
    0.163841456E-04
    0.143383501E-04
    0.125373020E-04
    0.109531357E-04
    0.956094755E-05
    0.833858210E-05
    0.726627101E-05
    0.632641921E-05
    0.550342090E-05
    0.478336420E-05
    0.415395697E-05
    0.360425786E-05
    0.312461025E-05
    0.270646149E-05
    0.234224786E-05
    0.202529666E-05
    0.174972454E-05
    0.151033779E-05
    0.130258113E-05
    0.112242077E-05
    0.966345308E-06
    0.831249271E-06
    0.714418071E-06
    0.613475917E-06
    0.526336104E-06
    0.451182211E-06
    0.386424592E-06
    0.330669187E-06
    0.282715822E-06
    0.241503781E-06
    0.206119042E-06
    0.175766833E-06
    0.149750796E-06
    0.127475975E-06
    0.108418816E-06
    0.921294119E-07
    0.782201221E-07
    0.663516004E-07
    0.562345969E-07
    0.476190246E-07
    0.402870131E-07
    0.340551074E-07
    0.287610990E-07
    0.242693938E-07
    0.204610996E-07
    0.172351570E-07
    0.145050129E-07
    0.121966498E-07
    0.102465080E-07
    0.860078150E-08
    0.721263307E-08
    0.604369838E-08
    0.505932693E-08
    0.423176294E-08
    0.353637995E-08
    0.295255604E-08
    0.246309829E-08
    0.205283851E-08
    0.170936227E-08
    0.142226901E-08
    0.118212401E-08
    0.981827929E-09
    0.814719606E-09
    0.675388464E-09
    0.559492228E-09
    0.462955310E-09
    0.382788089E-09
    0.316212645E-09
    0.260936806E-09
    0.215180912E-09
    0.177287790E-09
    0.145920827E-09
    0.120019636E-09
    0.985926077E-10
    0.809576667E-10
    0.663833134E-10
    0.544062680E-10
    0.445448002E-10
    0.364463493E-10
    0.297957823E-10
    0.243323669E-10
    0.198517921E-10
    0.161942196E-10
    0.131799420E-10
    0.107375509E-10
    0.872576578E-11
    0.708889931E-11
    0.575750733E-11
    0.466757622E-11
    0.378543972E-11
    0.306716143E-11
    0.248056938E-11
    0.201068489E-11
    0.162262309E-11
    0.131002814E-11
    0.105796139E-11
    0.852961318E-12
    0.688927089E-12
    0.553937539E-12
    0.446843043E-12
    0.359518369E-12
    0.288421227E-12
    0.231111919E-12
    0.185058570E-12
    0.148332453E-12
    0.119064737E-12
    0.945241484E-13
    0.763553248E-13
    0.603695455E-13
    0.483757148E-13
    0.385143017E-13
    0.305678710E-13
    0.243618386E-13
    0.193709953E-13
    0.152507975E-13
    0.122832856E-13
    0.942759608E-14
    0.758144060E-14
    0.596632941E-14
    0.463888821E-14
    0.360286903E-14
    0.274810604E-14
    0.217929176E-14
    0.165145323E-14
    0.124366465E-14
    0.992596087E-15
    0.793341653E-15
    0.610558535E-15
    0.472680259E-15
    0.365691377E-15
    0.332136874E-15
    0.219509737E-15
    0.215729623E-15
    0.166630021E-15
    0.163435813E-15
    0.127898938E-15
    0.125750488E-15
    0.115133003E-15
    0.110676559E-15
    0.812626264E-16
    0.822715813E-16
    0.647560105E-16
    0.833739608E-16
    0.652736639E-16
    0.801656461E-16
    0.840881842E-16
    0.736156467E-16
    0.693445058E-16
    0.739163309E-16
    0.668254367E-16
    0.821624821E-16
    0.575831623E-16
    0.660011506E-16
    0.714827261E-16
    0.657567114E-16
    0.517108004E-16
    0.632032436E-16
    0.614482987E-16
    0.605001944E-16
    0.519035598E-16
    0.612156547E-16
    0.643664234E-16
    0.491830932E-16
    0.607214914E-16
    0.584471238E-16
    0.597812859E-16
    0.701985211E-16
    0.480076878E-16
    0.446608217E-16
    0.541567314E-16
    0.468225767E-16
    0.498475372E-16
    0.693683075E-16
    0.561223043E-16
    0.568745100E-16
    0.539321286E-16
    0.496364747E-16
    0.645618268E-16
    0.557861646E-16
    0.556138189E-16
    0.568800463E-16
    0.470966657E-16
    0.732250879E-16
    0.475296028E-16
    0.450735138E-16
    0.570814366E-16
    0.502886711E-16
    0.415695687E-16
    0.566908693E-16
    0.409877657E-16
    0.637565549E-16
    0.500035672E-16
    0.449138637E-16
    0.565855161E-16
    0.546405384E-16
    0.360761409E-16
    0.521224829E-16
    0.426772410E-16
    0.665120164E-16
    0.431150527E-16
    0.581004583E-16
    0.568526377E-16
    0.416733950E-16
    0.396470302E-16
    0.521158523E-16
    0.471925058E-16
    0.605391534E-16
    0.432935994E-16
    0.444135887E-16
    0.425019189E-16
    0.408590673E-16
    0.399306548E-16
    0.469199678E-16
    0.417173620E-16
    0.536192406E-16
    0.396918961E-16
    0.554424146E-16
    0.434350156E-16
    0.450202075E-16
    0.528828543E-16
    0.528460824E-16
    0.391746054E-16
    0.655964318E-16
    0.497992212E-16
    0.409917863E-16
    0.365248879E-16
    0.536357410E-16
    0.499212080E-16
    0.370064819E-16
    0.329210964E-16
    0.542357555E-16
    0.463853928E-16
    0.468027379E-16
    0.283624745E-16
    0.468543977E-16
    0.440890707E-16
    0.375960104E-16
    0.337878052E-16
    0.596108347E-16
    0.403595416E-16
    0.402296485E-16
    0.340900819E-16
    0.510892397E-16
    0.455445952E-16
    0.365317930E-16
    0.529313875E-16
    0.559007820E-16
    0.392870409E-16
    0.544871964E-16
    0.350195369E-16
    0.427998038E-16
    0.376983605E-16
    0.498513310E-16
    0.436234758E-16
    0.572427992E-16
    0.488100246E-16
    0.456903366E-16
    0.352051028E-16
    0.469252991E-16
    0.406371642E-16
    0.380197987E-16
    0.365580021E-16
    0.569060010E-16
    0.376483764E-16
    0.463388433E-16
    0.367504131E-16
    0.606637347E-16
    0.439161667E-16
    0.399726164E-16
    0.467156350E-16
    0.507142077E-16
    0.528781617E-16
    0.555103059E-16
    0.425267540E-16
    0.471054083E-16
    0.512229852E-16
    0.438370912E-16
    0.507364475E-16
    0.544230174E-16
    0.448247009E-16
    0.593941917E-16
    0.433553025E-16
    0.556613442E-16
    0.400483810E-16
    0.515458198E-16
    0.425885553E-16
    0.483798394E-16
    0.487214448E-16
    0.392555716E-16
    0.431275680E-16
    0.475627078E-16
    0.372547358E-16
    0.375240520E-16
    0.391127432E-16
    0.430527670E-16
    0.396654685E-16
    0.480595826E-16
    0.322004867E-16
    0.426995936E-16
    0.276593344E-16
    0.371497388E-16
    0.339472603E-16
    0.345346698E-16
    0.283466390E-16
    0.442018060E-16
    0.338077984E-16
    0.306234138E-16
    0.257416657E-16
    0.326688337E-16
    0.319074570E-16
    0.319016036E-16
    0.355014807E-16
    0.259243611E-16
    0.310284804E-16
    0.277380318E-16
    0.251517173E-16
    0.250135078E-16
    0.294646105E-16
    0.283885766E-16
    0.294763799E-16
    0.288995539E-16
    0.262217560E-16
    0.281818196E-16
    0.170361595E-16
    0.284621012E-16
    0.257543772E-16
    0.279326588E-16
    0.242356307E-16
    0.297328459E-16
    0.238248919E-16
    0.212368224E-16
    0.204470895E-16
    0.238899738E-16
    0.271756180E-16
    0.254775947E-16
    0.275545280E-16
    0.229927940E-16
    0.246841493E-16
    0.209424161E-16
    0.212144786E-16
    0.220576611E-16
    0.255125402E-16
    0.263349501E-16
    0.250301376E-16
    0.259168002E-16
    0.223862278E-16
    0.211221083E-16
    0.203109198E-16
    0.237681144E-16
    0.266372124E-16
    0.275115011E-16
    0.238915141E-16
    0.268174063E-16
    0.238932678E-16
    0.207997541E-16
    0.219126586E-16
    0.249863116E-16
    0.271739643E-16
    0.308517738E-16
    0.239950812E-16
    0.264181265E-16
    0.241486849E-16
    0.227372789E-16
    0.218473216E-16
    0.262916406E-16
    0.265552586E-16
    0.338386273E-16
    0.230369582E-16
    0.257639249E-16
    0.235226998E-16
    0.237777176E-16
    0.204342606E-16
    0.271249793E-16
    0.260862951E-16
    0.346373444E-16
    0.212977517E-16
    0.260120533E-16
    0.237373369E-16
    0.252101930E-16
    0.192427335E-16
    0.272256645E-16
    0.255298891E-16
    0.347472686E-16
    0.211292924E-16
    0.280618582E-16
    0.236940931E-16
    0.264593832E-16
    0.182919347E-16
    0.283460553E-16
    0.277914043E-16
    0.348895043E-16
    0.216602477E-16
    0.308965249E-16
    0.243457627E-16
    0.274981282E-16
    0.185709143E-16
    0.291705722E-16
    0.312946849E-16
    0.317986412E-16
    0.213919457E-16
    0.308264765E-16
    0.242768675E-16
    0.269153239E-16
    0.197300971E-16
    0.282860158E-16
    0.343645546E-16
    0.271525016E-16
    0.211018936E-16
    0.296095263E-16
    0.243305539E-16
    0.250376856E-16
    0.225478343E-16
    0.271382166E-16
    0.355747184E-16
    0.234411481E-16
    0.233750218E-16
    0.277132826E-16
    0.262372762E-16
    0.234300495E-16
    0.255745402E-16
    0.266457157E-16
    0.346935952E-16
    0.222502450E-16
    0.270473086E-16
    0.258008512E-16
    0.278762998E-16
    0.219232076E-16
    0.271951232E-16
    0.290717027E-16
    0.306819113E-16
    0.216046713E-16
    0.300779989E-16
    0.245340400E-16
    0.274015795E-16
    0.230376091E-16
    0.267104770E-16
    0.300636876E-16
    0.249440438E-16
    0.222554412E-16
    0.297126672E-16
    0.244085639E-16
    0.254599593E-16
    0.269428538E-16
    0.247786544E-16
    0.286859614E-16
    0.221273395E-16
    0.245347909E-16
    0.274066609E-16
    0.261852055E-16
    0.239485686E-16
    0.291895555E-16
    0.245371754E-16
    0.242760511E-16
    0.225296853E-16
    0.251648262E-16
    0.249287229E-16
    0.268135871E-16
    0.264494389E-16
    0.263216465E-16
    0.248837841E-16
    0.204304493E-16
    0.241939595E-16
    0.251700459E-16
    0.254909740E-16
    0.247358624E-16
    0.315838789E-16
    0.224395906E-16
    0.235561918E-16
    0.209347551E-16
    0.246588894E-16
    0.257280034E-16
    0.263428744E-16
    0.248336976E-16
    0.310538845E-16
    0.203409612E-16
    0.190464647E-16
    0.241018827E-16
    0.222658774E-16
    0.281180521E-16
    0.233237488E-16
    0.298742399E-16
    0.230754113E-16
    0.206665098E-16
    0.182365750E-16
    0.228726953E-16
    0.220885359E-16
    0.288500612E-16
    0.241571030E-16
    0.321080540E-16
    0.192572523E-16
    0.194339977E-16
    0.217537214E-16
    0.180297776E-16
    0.273311123E-16
    0.244641818E-16
    0.335316779E-16
    0.232058774E-16
    0.214287908E-16
    0.199833259E-16
    0.196202797E-16
    0.218889626E-16
    0.270618103E-16
    0.261997617E-16
    0.303870981E-16
    0.179599684E-16
    0.234841901E-16
    0.192746787E-16
    0.172555044E-16
    0.295521871E-16
    0.230687239E-16
    0.327483102E-16
    0.175694151E-16
    0.269231045E-16
    0.189116315E-16
    0.152544642E-16
    0.276322254E-16
    0.237526690E-16
    0.310297190E-16
    0.198120863E-16
    0.288642048E-16
