 #tdnd tdcion
    0.260361194E-16
    0.349719164E-16
    0.282474324E-16
    0.238646622E-16
    0.234014600E-16
    0.233065833E-16
    0.250353481E-16
    0.286053385E-16
    0.365191582E-16
    0.238545030E-16
    0.230318235E-16
    0.251932309E-16
    0.212489064E-16
    0.226908598E-16
    0.310504533E-16
    0.348293823E-16
    0.209970385E-16
    0.249456259E-16
    0.286504798E-16
    0.259357655E-16
    0.262668742E-16
    0.292599338E-16
    0.335305549E-16
    0.313241932E-16
    0.364484476E-16
    0.510764091E-16
    0.422773310E-16
    0.388435527E-16
    0.526342699E-16
    0.441837976E-16
    0.555363951E-16
    0.587136736E-16
    0.606879250E-16
    0.574640345E-16
    0.569756228E-16
    0.565878397E-16
    0.615330587E-16
    0.492467853E-16
    0.478902380E-16
    0.433278364E-16
    0.382417243E-16
    0.307427088E-16
    0.350289901E-16
    0.438250166E-16
    0.334207613E-16
    0.478905053E-16
    0.410371688E-16
    0.338887619E-16
    0.380540222E-16
    0.378342722E-16
    0.437707983E-16
    0.338604913E-16
    0.324272154E-16
    0.371303454E-16
    0.359706087E-16
    0.322058053E-16
    0.420637563E-16
    0.293642121E-16
    0.338290840E-16
    0.371376539E-16
    0.405010344E-16
    0.275792047E-16
    0.300192005E-16
    0.474927689E-16
    0.242625814E-16
    0.337844870E-16
    0.277338771E-16
    0.354847557E-16
    0.324281413E-16
    0.375409189E-16
    0.391862552E-16
    0.278539478E-16
    0.347324749E-16
    0.256716829E-16
    0.364833301E-16
    0.340077968E-16
    0.253879929E-16
    0.353458579E-16
    0.381016082E-16
    0.288746795E-16
    0.331208207E-16
    0.254257507E-16
    0.363299071E-16
    0.323051094E-16
    0.377359781E-16
    0.300645224E-16
    0.261394813E-16
    0.351123916E-16
    0.334236805E-16
    0.335582694E-16
    0.339595761E-16
    0.215043906E-16
    0.396196562E-16
    0.270928637E-16
    0.374472517E-16
    0.275165848E-16
    0.250662946E-16
    0.365060382E-16
    0.316922578E-16
    0.397372048E-16
    0.280345068E-16
    0.241848888E-16
    0.349803850E-16
    0.365140334E-16
    0.313203087E-16
    0.324592786E-16
    0.208409956E-16
    0.356117212E-16
    0.293535562E-16
    0.378952253E-16
    0.191691935E-16
    0.309177198E-16
    0.411667645E-16
    0.280242752E-16
    0.316151773E-16
    0.261297809E-16
    0.286411135E-16
    0.410929301E-16
    0.315273133E-16
    0.277889030E-16
    0.326876763E-16
    0.235723752E-16
    0.263846218E-16
    0.277658259E-16
    0.390057867E-16
    0.309803925E-16
    0.287984626E-16
    0.295493619E-16
    0.265101274E-16
    0.276655794E-16
    0.312582717E-16
    0.361522815E-16
    0.354496418E-16
    0.286804633E-16
    0.291645527E-16
    0.291672214E-16
    0.247203901E-16
    0.261114247E-16
    0.241494443E-16
    0.365657781E-16
    0.399594580E-16
    0.256382831E-16
    0.230031304E-16
    0.279273211E-16
    0.282462693E-16
    0.327444088E-16
    0.341003301E-16
    0.317441982E-16
    0.292740469E-16
    0.278995720E-16
    0.340664142E-16
    0.260292305E-16
    0.265204908E-16
    0.253133503E-16
    0.304073754E-16
    0.292010665E-16
    0.293568424E-16
    0.285438849E-16
    0.335997315E-16
    0.318337857E-16
    0.275696660E-16
    0.248609088E-16
    0.343708816E-16
    0.276321700E-16
    0.261037677E-16
    0.367277220E-16
    0.343403604E-16
    0.328210652E-16
    0.181174442E-16
    0.248898054E-16
    0.238040852E-16
    0.285401712E-16
    0.353773931E-16
    0.376543196E-16
    0.288225767E-16
    0.258638129E-16
    0.269022303E-16
    0.302056599E-16
    0.306392745E-16
    0.322360513E-16
    0.296838419E-16
    0.299610140E-16
    0.321122998E-16
    0.283899279E-16
    0.293047356E-16
    0.202948163E-16
    0.256041582E-16
    0.302353381E-16
    0.287431540E-16
    0.343724851E-16
    0.360186363E-16
    0.378634655E-16
    0.217915620E-16
    0.243666473E-16
    0.312843028E-16
    0.297312041E-16
    0.287772719E-16
    0.307805100E-16
    0.336921851E-16
    0.327278428E-16
    0.210341770E-16
    0.247776614E-16
    0.269107778E-16
    0.301980013E-16
    0.378082265E-16
    0.286104747E-16
    0.328769291E-16
    0.295728839E-16
    0.302783377E-16
    0.268518301E-16
    0.306822060E-16
    0.271283291E-16
    0.311439418E-16
    0.312108284E-16
    0.289793544E-16
    0.281951327E-16
    0.280545804E-16
    0.309124383E-16
    0.231070980E-16
    0.284470184E-16
    0.372797163E-16
    0.331915505E-16
    0.288687874E-16
    0.229286310E-16
    0.334616314E-16
    0.345240997E-16
    0.265403859E-16
    0.290151971E-16
    0.247127194E-16
    0.263273966E-16
    0.310419767E-16
    0.282350635E-16
    0.338649229E-16
    0.307797781E-16
    0.253960518E-16
    0.287795871E-16
    0.277022994E-16
    0.354914383E-16
    0.304056305E-16
    0.300444943E-16
    0.214337481E-16
    0.298941515E-16
    0.299823111E-16
    0.296692437E-16
    0.265575316E-16
    0.290333514E-16
    0.270120972E-16
    0.282229960E-16
    0.285785878E-16
    0.309056135E-16
    0.300693376E-16
    0.299955333E-16
    0.295587543E-16
    0.269542075E-16
    0.242316568E-16
    0.295716467E-16
    0.291005337E-16
    0.255524765E-16
    0.336177992E-16
    0.284401827E-16
    0.253463112E-16
    0.230242002E-16
    0.250431192E-16
    0.279876821E-16
    0.324358696E-16
    0.316390023E-16
    0.272729739E-16
    0.261205398E-16
    0.297111577E-16
    0.235618157E-16
    0.273127629E-16
    0.253439643E-16
    0.323145069E-16
    0.254224997E-16
    0.267948062E-16
    0.294412584E-16
    0.255106951E-16
    0.199463420E-16
    0.281221590E-16
    0.244663093E-16
    0.274905619E-16
    0.319751197E-16
    0.292555532E-16
    0.227210978E-16
    0.299403099E-16
    0.221144473E-16
    0.282505062E-16
    0.204031405E-16
    0.280309916E-16
    0.302077187E-16
    0.242465350E-16
    0.284533668E-16
    0.269091347E-16
    0.193271129E-16
    0.224247899E-16
    0.242402016E-16
    0.259895041E-16
    0.323369004E-16
    0.265278365E-16
    0.269119523E-16
    0.258165633E-16
    0.220091774E-16
    0.224854880E-16
    0.233932443E-16
    0.274353738E-16
    0.284031841E-16
    0.219460921E-16
    0.305257202E-16
    0.271597642E-16
    0.181393995E-16
    0.186661691E-16
    0.246403713E-16
    0.266961426E-16
    0.261575957E-16
    0.264484394E-16
    0.323453421E-16
    0.224559971E-16
    0.226677484E-16
    0.193206089E-16
    0.276783503E-16
    0.221967404E-16
    0.258065424E-16
    0.248472457E-16
    0.281733384E-16
    0.231656425E-16
    0.232567494E-16
    0.189075449E-16
    0.229751424E-16
    0.236726199E-16
    0.257413660E-16
    0.292566319E-16
    0.251456905E-16
    0.235423758E-16
    0.284266262E-16
    0.193641777E-16
    0.232776484E-16
    0.203872662E-16
    0.257151926E-16
    0.242557561E-16
    0.214140933E-16
    0.278158136E-16
    0.280053325E-16
    0.174306607E-16
    0.179576940E-16
    0.223180411E-16
    0.260002961E-16
    0.260475222E-16
    0.245995721E-16
    0.299091734E-16
    0.256371994E-16
    0.191963227E-16
    0.182930045E-16
    0.245987104E-16
    0.221294991E-16
    0.224093572E-16
    0.231427163E-16
    0.289897036E-16
    0.200445503E-16
    0.216054578E-16
    0.207707007E-16
    0.221242385E-16
    0.233171196E-16
    0.239005774E-16
    0.280271264E-16
    0.267728044E-16
    0.190906948E-16
    0.251934901E-16
    0.215433624E-16
    0.217163740E-16
    0.199145411E-16
    0.217129963E-16
    0.240384074E-16
    0.242180366E-16
    0.198209613E-16
    0.266848616E-16
    0.253758478E-16
    0.170455507E-16
    0.221905835E-16
    0.237499595E-16
    0.260254895E-16
    0.262190926E-16
    0.211343900E-16
    0.247698773E-16
    0.215177141E-16
    0.176091433E-16
    0.223991284E-16
    0.223584880E-16
    0.229181644E-16
    0.268156253E-16
    0.222209740E-16
    0.194696448E-16
    0.261409378E-16
    0.205030523E-16
    0.230717078E-16
    0.247431286E-16
    0.220059015E-16
    0.259048870E-16
    0.226388841E-16
    0.167197954E-16
    0.245684130E-16
    0.234847303E-16
    0.223584947E-16
    0.218576559E-16
    0.215876144E-16
    0.229152760E-16
    0.246788641E-16
    0.147088337E-16
    0.276503827E-16
    0.282889553E-16
    0.184416499E-16
    0.230156058E-16
    0.194796999E-16
    0.233914326E-16
    0.262949007E-16
    0.169121800E-16
    0.235137186E-16
    0.283365299E-16
    0.162375334E-16
    0.231119496E-16
    0.230551665E-16
    0.209350942E-16
    0.255631677E-16
    0.193056686E-16
    0.205822350E-16
    0.293716048E-16
    0.169899534E-16
    0.254099854E-16
    0.225400579E-16
    0.234003565E-16
    0.232216778E-16
    0.211193161E-16
    0.172282171E-16
    0.278627442E-16
    0.189291645E-16
    0.259876439E-16
    0.261950699E-16
    0.192109534E-16
    0.207750968E-16
    0.241002526E-16
    0.166499358E-16
    0.270277608E-16
    0.256323204E-16
    0.239232671E-16
    0.243503676E-16
    0.193339184E-16
    0.178768496E-16
    0.243409267E-16
    0.178569692E-16
    0.259878232E-16
    0.289613816E-16
    0.198318176E-16
    0.269591718E-16
    0.180001356E-16
    0.207624089E-16
    0.238159719E-16
    0.192589337E-16
    0.237555260E-16
    0.314416882E-16
    0.151847131E-16
    0.273116399E-16
    0.212768965E-16
    0.193238110E-16
    0.213427034E-16
    0.217760325E-16
    0.230791243E-16
    0.295792906E-16
    0.138524488E-16
    0.299700534E-16
    0.221632221E-16
    0.229068271E-16
    0.179498172E-16
    0.213069520E-16
    0.207307147E-16
    0.273224289E-16
    0.188930088E-16
    0.305064010E-16
    0.232181465E-16
    0.201598162E-16
    0.164841575E-16
    0.235231150E-16
    0.201269381E-16
    0.246363624E-16
    0.219244043E-16
    0.262623701E-16
    0.226262657E-16
    0.221020191E-16
    0.163883420E-16
    0.234168428E-16
    0.220241765E-16
    0.226693852E-16
    0.299756744E-16
    0.202590064E-16
    0.231338813E-16
    0.225867287E-16
    0.184423453E-16
    0.221073949E-16
    0.240216872E-16
    0.205622111E-16
    0.275249757E-16
    0.152509606E-16
    0.267401520E-16
    0.243241502E-16
    0.219057368E-16
    0.218882537E-16
    0.257019946E-16
    0.181642567E-16
    0.282472257E-16
    0.155351338E-16
    0.276186135E-16
    0.250327781E-16
    0.230703749E-16
    0.211595130E-16
    0.257351069E-16
    0.187424194E-16
    0.233721395E-16
    0.197319924E-16
    0.276016019E-16
    0.251505389E-16
    0.243320973E-16
    0.209948725E-16
    0.256258340E-16
    0.205880020E-16
    0.222342133E-16
    0.247046688E-16
    0.210736457E-16
    0.241300546E-16
    0.251878525E-16
    0.222840345E-16
    0.240333554E-16
    0.249784556E-16
    0.192761024E-16
    0.286354698E-16
    0.182075630E-16
    0.235992950E-16
    0.279307524E-16
    0.236173196E-16
    0.240682001E-16
    0.253870620E-16
    0.201830984E-16
    0.266817332E-16
    0.171044605E-16
    0.232863377E-16
    0.287220729E-16
    0.229878510E-16
    0.251161854E-16
    0.256158617E-16
    0.215681566E-16
    0.261942460E-16
    0.210076038E-16
    0.248095929E-16
    0.317193365E-16
    0.240904218E-16
    0.270001777E-16
    0.259227403E-16
    0.229949368E-16
    0.236956244E-16
    0.218533979E-16
    0.266415412E-16
    0.294958143E-16
    0.236741337E-16
    0.254068095E-16
    0.304036427E-16
    0.263483646E-16
    0.266149587E-16
    0.260706637E-16
    0.310312883E-16
    0.267524512E-16
    0.233068714E-16
    0.262507712E-16
    0.329561716E-16
    0.256020732E-16
    0.267248386E-16
    0.272161802E-16
    0.325101620E-16
    0.261092011E-16
    0.248492041E-16
    0.263882892E-16
    0.352184007E-16
    0.255297549E-16
    0.288176746E-16
    0.266407026E-16
    0.317247158E-16
    0.267017615E-16
    0.268778830E-16
    0.269136503E-16
    0.343284563E-16
    0.259367637E-16
    0.299710838E-16
    0.285572146E-16
    0.286869879E-16
    0.293766489E-16
    0.272683898E-16
    0.267801373E-16
    0.287465759E-16
    0.278948540E-16
    0.323991114E-16
    0.279817308E-16
    0.253780201E-16
    0.313891834E-16
    0.286811168E-16
    0.254661176E-16
    0.250997002E-16
    0.311057583E-16
    0.354967971E-16
    0.273351282E-16
    0.247753752E-16
    0.346396065E-16
    0.286396481E-16
    0.260242787E-16
    0.239191269E-16
    0.335913830E-16
    0.339635534E-16
    0.286902760E-16
    0.245267348E-16
    0.343882450E-16
    0.298564307E-16
    0.291041036E-16
    0.251832116E-16
    0.329515632E-16
    0.304072342E-16
    0.337414896E-16
    0.265778595E-16
    0.334255017E-16
    0.344794388E-16
    0.314593696E-16
    0.254261097E-16
    0.339135745E-16
    0.296570909E-16
    0.400928900E-16
    0.312416222E-16
    0.283054390E-16
    0.349857859E-16
    0.315352176E-16
    0.236509208E-16
    0.312765715E-16
    0.272526967E-16
    0.467712442E-16
    0.317573994E-16
    0.253160259E-16
    0.358910732E-16
    0.356304071E-16
    0.229017491E-16
    0.339005028E-16
    0.304789383E-16
    0.485816198E-16
    0.315931075E-16
    0.217868433E-16
    0.362746345E-16
    0.327886248E-16
    0.246423993E-16
    0.347987950E-16
    0.344891918E-16
    0.418099593E-16
    0.324539087E-16
    0.228450773E-16
    0.402099654E-16
    0.324451467E-16
    0.308809158E-16
    0.324143877E-16
    0.400368910E-16
    0.357163577E-16
    0.380065519E-16
    0.284215858E-16
    0.413440106E-16
    0.308357561E-16
    0.380886095E-16
    0.339680071E-16
    0.415166195E-16
    0.386032545E-16
    0.388321615E-16
    0.374191599E-16
    0.407802619E-16
    0.330187478E-16
    0.428334591E-16
    0.392154839E-16
    0.393172552E-16
    0.447050010E-16
    0.423731761E-16
    0.440187144E-16
    0.392518693E-16
    0.380961345E-16
    0.456154190E-16
    0.441955940E-16
    0.391473953E-16
    0.536024599E-16
    0.440964005E-16
    0.506761472E-16
    0.406676793E-16
    0.421319245E-16
    0.512911546E-16
    0.467305702E-16
    0.420019871E-16
    0.504356010E-16
    0.505096514E-16
    0.542731030E-16
    0.446568793E-16
    0.453154328E-16
    0.584840653E-16
    0.472597142E-16
    0.451555465E-16
    0.485935181E-16
    0.550672058E-16
    0.668281045E-16
    0.458341846E-16
    0.514629198E-16
    0.595684678E-16
    0.516945765E-16
    0.527581898E-16
    0.514462962E-16
    0.584669627E-16
    0.823845347E-16
    0.478810577E-16
    0.561909244E-16
    0.634004218E-16
    0.573710292E-16
    0.624328104E-16
    0.600899969E-16
    0.670519041E-16
    0.968404045E-16
    0.541617746E-16
    0.607043666E-16
    0.703455066E-16
    0.604289466E-16
    0.740074592E-16
    0.687729662E-16
    0.761361319E-16
    0.965646368E-16
    0.741946021E-16
    0.722776336E-16
    0.814416599E-16
    0.713380541E-16
    0.919583728E-16
    0.822807615E-16
    0.836400943E-16
    0.923379328E-16
    0.878770204E-16
    0.850947162E-16
    0.844203447E-16
    0.838310505E-16
    0.104893068E-15
    0.937888990E-16
    0.949637791E-16
    0.920747956E-16
    0.966765944E-16
    0.991147663E-16
    0.955440633E-16
    0.945903992E-16
    0.113008988E-15
    0.104255995E-15
    0.104604804E-15
    0.995463441E-16
    0.109099364E-15
    0.119598763E-15
    0.113256812E-15
    0.106707467E-15
    0.122870746E-15
    0.110066424E-15
    0.117690361E-15
    0.114167638E-15
    0.125419871E-15
    0.130046641E-15
    0.138423194E-15
    0.125271212E-15
    0.137455128E-15
    0.124655426E-15
    0.136537196E-15
    0.139581218E-15
    0.143724159E-15
    0.145204383E-15
    0.171562154E-15
    0.159070904E-15
    0.159495381E-15
    0.155349485E-15
    0.167535871E-15
    0.180380269E-15
    0.173487642E-15
    0.181437377E-15
    0.189935952E-15
    0.195445814E-15
    0.183723060E-15
    0.187043404E-15
    0.200659015E-15
    0.231269637E-15
    0.209366908E-15
    0.228253601E-15
    0.216496698E-15
    0.240437859E-15
    0.232117904E-15
    0.222864192E-15
    0.235971492E-15
    0.272495828E-15
    0.238905425E-15
    0.274742843E-15
    0.251243026E-15
    0.281396677E-15
    0.287499698E-15
    0.259564325E-15
    0.286696952E-15
    0.306387098E-15
    0.279983027E-15
    0.305359643E-15
    0.297949666E-15
    0.293471971E-15
    0.330738634E-15
    0.295655990E-15
    0.335299628E-15
    0.344591371E-15
    0.323629689E-15
    0.336678531E-15
    0.342670308E-15
    0.330449043E-15
    0.358838499E-15
    0.340897576E-15
    0.381437364E-15
    0.369543906E-15
    0.378334531E-15
    0.369847815E-15
    0.395993659E-15
    0.392533078E-15
    0.388113892E-15
    0.404061653E-15
    0.439573890E-15
    0.410636588E-15
    0.430968793E-15
    0.440169810E-15
    0.439071283E-15
    0.497533052E-15
    0.434612495E-15
    0.496736744E-15
    0.528520553E-15
    0.476921471E-15
    0.507441535E-15
    0.533678580E-15
    0.511319084E-15
    0.598996828E-15
    0.546855201E-15
    0.588768572E-15
    0.653805746E-15
    0.584428407E-15
    0.624947353E-15
    0.672171390E-15
    0.641174063E-15
    0.699718529E-15
    0.700977394E-15
    0.699363505E-15
    0.777009753E-15
    0.726586946E-15
    0.773547342E-15
    0.827510113E-15
    0.838122629E-15
    0.814926319E-15
    0.879205058E-15
    0.850150128E-15
    0.897547613E-15
    0.878332806E-15
    0.931570775E-15
    0.971555664E-15
    0.103593105E-14
    0.955733096E-15
    0.103257000E-14
    0.107806788E-14
    0.102380505E-14
    0.106988653E-14
    0.111377490E-14
    0.112143038E-14
    0.120434466E-14
    0.112733703E-14
    0.114697012E-14
    0.131240849E-14
    0.119549657E-14
    0.126097822E-14
    0.135206292E-14
    0.129336722E-14
    0.136310140E-14
    0.134779100E-14
    0.128230177E-14
    0.149427889E-14
    0.141336044E-14
    0.145429658E-14
    0.160215133E-14
    0.153934252E-14
    0.154216306E-14
    0.163286206E-14
    0.153708561E-14
    0.168747227E-14
    0.170034669E-14
    0.168870711E-14
    0.184299638E-14
    0.181719925E-14
    0.179023761E-14
    0.193987011E-14
    0.194162796E-14
    0.196926540E-14
    0.205386787E-14
    0.205427223E-14
    0.210632544E-14
    0.213302808E-14
    0.210174905E-14
    0.224071748E-14
    0.238570764E-14
    0.234416457E-14
    0.242587813E-14
    0.254673571E-14
    0.249005037E-14
    0.253152200E-14
    0.256405516E-14
    0.257895893E-14
    0.280133441E-14
    0.275883526E-14
    0.276445076E-14
    0.298405324E-14
    0.293814223E-14
    0.294418876E-14
    0.311690572E-14
    0.304044438E-14
    0.318544037E-14
    0.321057088E-14
    0.307439742E-14
    0.325816410E-14
    0.327831614E-14
    0.321625438E-14
    0.345749078E-14
    0.340697347E-14
    0.342233334E-14
    0.351612954E-14
    0.332127589E-14
    0.335170620E-14
    0.338810781E-14
    0.324135872E-14
    0.334364080E-14
    0.331450860E-14
    0.315752828E-14
    0.324827491E-14
    0.307859400E-14
    0.298843017E-14
    0.297334873E-14
    0.280525648E-14
    0.269159753E-14
    0.262050727E-14
    0.235314603E-14
    0.231112657E-14
    0.218838984E-14
    0.204685571E-14
    0.207677398E-14
    0.201326790E-14
    0.204801127E-14
    0.220957663E-14
    0.233155851E-14
    0.273243350E-14
    0.316335791E-14
    0.381103369E-14
    0.486147844E-14
    0.601033753E-14
    0.763901597E-14
    0.998607991E-14
    0.125070428E-13
    0.162601935E-13
    0.205351240E-13
    0.261126311E-13
    0.332761568E-13
    0.417695899E-13
    0.518382176E-13
    0.652274467E-13
    0.797305209E-13
    0.985222379E-13
    0.120616113E-12
    0.147387907E-12
    0.180435911E-12
    0.219909209E-12
    0.266065021E-12
    0.323480812E-12
    0.389505462E-12
    0.468138922E-12
    0.562741406E-12
    0.673221354E-12
    0.805535372E-12
    0.961435300E-12
    0.114373656E-11
    0.136111503E-11
    0.161779112E-11
    0.191605486E-11
    0.227297595E-11
    0.268811823E-11
    0.317817296E-11
    0.374944822E-11
    0.441809376E-11
    0.519698754E-11
    0.611593710E-11
    0.717780696E-11
    0.842870544E-11
    0.988635170E-11
    0.115882418E-10
    0.135666147E-10
    0.158744115E-10
    0.185497816E-10
    0.216766776E-10
    0.252975797E-10
    0.295033130E-10
    0.343954563E-10
    0.400659463E-10
    0.466308597E-10
    0.542504483E-10
    0.630681848E-10
    0.732923904E-10
    0.851350565E-10
    0.987985768E-10
    0.114632836E-09
    0.132912898E-09
    0.154002196E-09
    0.178349356E-09
    0.206453540E-09
    0.238841416E-09
    0.276251158E-09
    0.319258482E-09
    0.368860382E-09
    0.425969349E-09
    0.491626364E-09
    0.567140002E-09
    0.654018182E-09
    0.753761752E-09
    0.868465082E-09
    0.999998089E-09
    0.115096844E-08
    0.132423973E-08
    0.152278762E-08
    0.175030590E-08
    0.201111749E-08
    0.230961432E-08
    0.265144831E-08
    0.304240773E-08
    0.348933298E-08
    0.400052395E-08
    0.458432094E-08
    0.525095575E-08
    0.601222367E-08
    0.688073794E-08
    0.787138815E-08
    0.900089430E-08
    0.102874961E-07
    0.117536984E-07
    0.134227446E-07
    0.153219233E-07
    0.174827563E-07
    0.199397209E-07
    0.227319122E-07
    0.259044338E-07
    0.295058416E-07
    0.335946561E-07
    0.382333222E-07
    0.434930283E-07
    0.494556062E-07
    0.562116938E-07
    0.638623106E-07
    0.725238187E-07
    0.823226862E-07
    0.934062533E-07
    0.105936571E-06
    0.120093861E-06
    0.136084874E-06
    0.154138916E-06
    0.174510738E-06
    0.197490091E-06
    0.223395872E-06
    0.252590296E-06
    0.285477223E-06
    0.322501317E-06
    0.364168857E-06
    0.411041037E-06
    0.463740759E-06
    0.522968002E-06
    0.589498549E-06
    0.664199135E-06
    0.748041361E-06
    0.842089005E-06
    0.947543729E-06
    0.106573575E-05
    0.119813850E-05
    0.134639322E-05
    0.151232207E-05
    0.169794161E-05
    0.190550767E-05
    0.213748749E-05
    0.239664276E-05
    0.268602613E-05
    0.300900739E-05
    0.336931822E-05
    0.377109163E-05
    0.421887702E-05
    0.471773901E-05
    0.527321438E-05
    0.589144641E-05
    0.657921553E-05
    0.734397307E-05
    0.819393190E-05
    0.913815345E-05
    0.101865737E-04
    0.113501816E-04
    0.126409912E-04
    0.140722207E-04
    0.156584286E-04
    0.174155394E-04
    0.193610340E-04
    0.215141048E-04
    0.238957310E-04
    0.265289595E-04
    0.294389620E-04
    0.326532341E-04
    0.362019628E-04
    0.401180243E-04
    0.444373445E-04
    0.491991778E-04
    0.544462910E-04
    0.602253567E-04
    0.665872546E-04
    0.735872198E-04
    0.812856286E-04
    0.897479840E-04
    0.990455117E-04
    0.109255656E-03
    0.120462479E-03
    0.132757168E-03
    0.146238796E-03
    0.161014386E-03
    0.177200283E-03
    0.194922260E-03
    0.214316345E-03
    0.235529732E-03
    0.258721517E-03
    0.284063324E-03
    0.311740793E-03
    0.341953596E-03
    0.374917455E-03
    0.410864712E-03
    0.450045281E-03
    0.492728211E-03
    0.539202957E-03
    0.589780143E-03
    0.644793942E-03
    0.704602353E-03
    0.769589641E-03
    0.840167951E-03
    0.916778160E-03
    0.999892367E-03
    0.109001587E-02
    0.118768814E-02
    0.129348609E-02
    0.140802513E-02
    0.153196151E-02
    0.166599568E-02
    0.181087283E-02
    0.196738630E-02
    0.213638054E-02
    0.231875243E-02
    0.251545491E-02
    0.272749963E-02
    0.295595851E-02
    0.320196912E-02
    0.346673494E-02
    0.375152937E-02
    0.405769964E-02
    0.438666866E-02
    0.473993822E-02
    0.511909373E-02
    0.552580427E-02
    0.596182981E-02
    0.642902113E-02
    0.692932389E-02
    0.746478273E-02
    0.803754421E-02
    0.864985784E-02
    0.930408312E-02
    0.100026876E-01
    0.107482545E-01
    0.115434825E-01
    0.123911885E-01
    0.132943112E-01
    0.142559145E-01
    0.152791855E-01
    0.163674417E-01
    0.175241279E-01
    0.187528214E-01
    0.200572312E-01
    0.214411988E-01
    0.229086985E-01
    0.244638409E-01
    0.261108665E-01
    0.278541509E-01
    0.296982000E-01
    0.316476504E-01
    0.337072667E-01
    0.358819383E-01
    0.381766764E-01
    0.405966128E-01
    0.431469911E-01
    0.458331646E-01
    0.486605908E-01
    0.516348235E-01
    0.547615075E-01
    0.580463684E-01
    0.614952074E-01
    0.651138891E-01
    0.689083340E-01
    0.728845031E-01
    0.770483927E-01
    0.814060165E-01
    0.859633963E-01
    0.907265417E-01
    0.957014451E-01
    0.100894055E+00
    0.106310268E+00
    0.111955905E+00
    0.117836696E+00
    0.123958265E+00
    0.130326102E+00
    0.136945546E+00
    0.143821771E+00
    0.150959750E+00
    0.158364247E+00
    0.166039783E+00
    0.173990619E+00
    0.182220732E+00
    0.190733790E+00
    0.199533118E+00
    0.208621693E+00
    0.218002103E+00
    0.227676525E+00
    0.237646705E+00
    0.247913926E+00
    0.258478991E+00
    0.269342199E+00
    0.280503301E+00
    0.291961509E+00
    0.303715450E+00
    0.315763145E+00
    0.328102000E+00
    0.340728775E+00
    0.353639565E+00
    0.366829796E+00
    0.380294179E+00
    0.394026723E+00
    0.408020716E+00
    0.422268693E+00
    0.436762449E+00
    0.451493023E+00
    0.466450677E+00
    0.481624922E+00
    0.497004483E+00
    0.512577312E+00
    0.528330609E+00
    0.544250789E+00
    0.560323520E+00
    0.576533725E+00
    0.592865579E+00
    0.609302552E+00
    0.625827404E+00
    0.642422206E+00
    0.659068387E+00
    0.675746730E+00
    0.692437419E+00
    0.709120070E+00
    0.725773751E+00
    0.742377037E+00
    0.758908045E+00
    0.775344455E+00
    0.791663594E+00
    0.807842446E+00
    0.823857722E+00
    0.839685905E+00
    0.855303303E+00
    0.870686098E+00
    0.885810423E+00
    0.900652389E+00
    0.915188178E+00
    0.929394073E+00
    0.943246546E+00
    0.956722299E+00
    0.969798345E+00
    0.982452047E+00
    0.994661216E+00
    0.100640414E+01
    0.101765966E+01
    0.102840724E+01
    0.103862702E+01
    0.104829987E+01
    0.105740747E+01
    0.106593233E+01
    0.107385787E+01
    0.108116848E+01
    0.108784957E+01
    0.109388756E+01
    0.109927002E+01
    0.110398565E+01
    0.110802433E+01
    0.111137715E+01
    0.111403646E+01
    0.111599588E+01
    0.111725036E+01
    0.111779612E+01
    0.111763078E+01
    0.111675328E+01
    0.111516390E+01
    0.111286433E+01
    0.110985759E+01
    0.110614805E+01
    0.110174146E+01
    0.109664488E+01
    0.109086670E+01
    0.108441658E+01
    0.107730547E+01
    0.106954555E+01
    0.106115021E+01
    0.105213397E+01
    0.104251253E+01
    0.103230261E+01
    0.102152199E+01
    0.101018941E+01
    0.998324544E+00
    0.985947924E+00
    0.973080889E+00
    0.959745508E+00
    0.945964549E+00
    0.931761372E+00
    0.917159896E+00
    0.902184515E+00
    0.886860025E+00
    0.871211568E+00
    0.855264559E+00
    0.839044597E+00
    0.822577430E+00
    0.805888850E+00
    0.789004651E+00
    0.771950553E+00
    0.754752129E+00
    0.737434750E+00
    0.720023525E+00
    0.702543226E+00
    0.685018244E+00
    0.667472523E+00
    0.649929514E+00
    0.632412124E+00
    0.614942657E+00
    0.597542785E+00
    0.580233492E+00
    0.563035051E+00
    0.545966968E+00
    0.529047970E+00
    0.512295962E+00
    0.495728020E+00
    0.479360340E+00
    0.463208255E+00
    0.447286186E+00
    0.431607663E+00
    0.416185288E+00
    0.401030751E+00
    0.386154816E+00
    0.371567335E+00
    0.357277235E+00
    0.343292546E+00
    0.329620388E+00
    0.316267010E+00
    0.303237782E+00
    0.290537227E+00
    0.278169035E+00
    0.266136089E+00
    0.254440482E+00
    0.243083554E+00
    0.232065902E+00
    0.221387427E+00
    0.211047353E+00
    0.201044257E+00
    0.191376107E+00
    0.182040290E+00
    0.173033643E+00
    0.164352493E+00
    0.155992683E+00
    0.147949612E+00
    0.140218263E+00
    0.132793241E+00
    0.125668801E+00
    0.118838889E+00
    0.112297160E+00
    0.106037027E+00
    0.100051679E+00
    0.943341138E-01
    0.888771693E-01
    0.836735507E-01
    0.787158549E-01
    0.739966014E-01
    0.695082500E-01
    0.652432320E-01
    0.611939669E-01
    0.573528876E-01
    0.537124545E-01
    0.502651821E-01
    0.470036476E-01
    0.439205158E-01
    0.410085449E-01
    0.382606086E-01
    0.356697012E-01
    0.332289559E-01
    0.309316459E-01
    0.287712027E-01
    0.267412164E-01
    0.248354481E-01
    0.230478298E-01
    0.213724753E-01
    0.198036781E-01
    0.183359200E-01
    0.169638673E-01
    0.156823768E-01
    0.144864940E-01
    0.133714540E-01
    0.123326792E-01
    0.113657801E-01
    0.104665515E-01
    0.963097096E-02
    0.885519595E-02
    0.813556000E-02
    0.746857036E-02
    0.685090265E-02
    0.627939715E-02
    0.575105490E-02
    0.526303246E-02
    0.481263693E-02
    0.439732161E-02
    0.401468067E-02
    0.366244404E-02
    0.333847242E-02
    0.304075137E-02
    0.276738751E-02
    0.251660205E-02
    0.228672643E-02
    0.207619667E-02
    0.188354956E-02
    0.170741625E-02
    0.154651889E-02
    0.139966461E-02
    0.126574257E-02
    0.114371795E-02
    0.103262902E-02
    0.931581842E-03
    0.839747568E-03
    0.756357389E-03
    0.680699736E-03
    0.612116144E-03
    0.549998564E-03
    0.493785411E-03
    0.442959075E-03
    0.397042664E-03
    0.355597462E-03
    0.318220138E-03
    0.284540272E-03
    0.254218164E-03
    0.226942489E-03
    0.202428229E-03
    0.180414691E-03
    0.160663823E-03
    0.142958249E-03
    0.127099844E-03
    0.112908049E-03
    0.100218690E-03
    0.888824658E-04
    0.787637885E-04
    0.697396660E-04
    0.616986440E-04
    0.545398175E-04
    0.481718690E-04
    0.425123170E-04
    0.374866910E-04
    0.330278750E-04
    0.290753024E-04
    0.255745723E-04
    0.224766725E-04
    0.197376610E-04
    0.173180174E-04
    0.151823830E-04
    0.132990252E-04
    0.116396197E-04
    0.101787603E-04
    0.889384183E-05
    0.776462910E-05
    0.677313167E-05
    0.590329507E-05
    0.514086934E-05
    0.447315925E-05
    0.388891656E-05
    0.337814437E-05
    0.293199768E-05
    0.254263537E-05
    0.220312504E-05
    0.190734104E-05
    0.164987945E-05
    0.142597088E-05
    0.123140810E-05
    0.106249689E-05
    0.915981810E-06
    0.789002894E-06
    0.679052485E-06
    0.583928545E-06
    0.501705565E-06
    0.430696371E-06
    0.369423935E-06
    0.316599274E-06
    0.271100464E-06
    0.231941273E-06
    0.198271831E-06
    0.169345113E-06
    0.144516713E-06
    0.123222897E-06
    0.104978723E-06
    0.893582813E-07
    0.759989087E-07
    0.645806999E-07
    0.548322831E-07
    0.465153334E-07
    0.394269796E-07
    0.333895254E-07
    0.282533905E-07
    0.238866047E-07
    0.201776106E-07
    0.170301235E-07
    0.143616717E-07
    0.121009158E-07
    0.101876463E-07
    0.856930845E-08
    0.720208050E-08
    0.604797191E-08
    0.507426267E-08
    0.425377734E-08
    0.356313206E-08
    0.298192634E-08
    0.249350589E-08
    0.208325708E-08
    0.173906824E-08
    0.145050852E-08
    0.120883333E-08
    0.100649160E-08
    0.837444886E-09
    0.696117565E-09
    0.578200859E-09
    0.479802145E-09
    0.397902358E-09
    0.329594158E-09
    0.272876319E-09
    0.225677676E-09
    0.186493333E-09
    0.153968406E-09
    0.127033761E-09
    0.104683408E-09
    0.862494452E-10
    0.709431861E-10
    0.583351728E-10
    0.479376432E-10
    0.393361980E-10
    0.322517285E-10
    0.264387344E-10
    0.216416383E-10
    0.177146728E-10
    0.144752016E-10
    0.118223337E-10
    0.965384534E-11
    0.787198904E-11
    0.640871305E-11
    0.521876668E-11
    0.424549936E-11
    0.345196586E-11
    0.280024124E-11
    0.227587629E-11
    0.184265955E-11
    0.149524011E-11
    0.121130577E-11
    0.979286824E-12
    0.792558605E-12
    0.642065619E-12
    0.516577931E-12
    0.420473921E-12
    0.337769137E-12
    0.272565948E-12
    0.221537659E-12
    0.177868027E-12
    0.143222239E-12
    0.115528285E-12
    0.924708079E-13
    0.751374795E-13
    0.603015218E-13
    0.479991110E-13
    0.391775078E-13
    0.313120043E-13
    0.252922009E-13
    0.200104382E-13
    0.162740142E-13
    0.130779766E-13
    0.105384493E-13
    0.848159689E-14
    0.685377249E-14
    0.542566818E-14
    0.454768055E-14
    0.344972896E-14
    0.283410022E-14
    0.225414642E-14
    0.168705391E-14
    0.144410861E-14
    0.111169610E-14
    0.826299667E-15
    0.712816727E-15
    0.528029215E-15
    0.424778976E-15
    0.324219337E-15
    0.228415552E-15
    0.195774376E-15
    0.186167819E-15
    0.141528354E-15
    0.105302320E-15
    0.928455020E-16
    0.111451620E-15
    0.658757584E-16
    0.781117910E-16
    0.701929007E-16
    0.764382506E-16
    0.896803187E-16
    0.580107485E-16
    0.504882408E-16
    0.791485682E-16
    0.514205662E-16
    0.645781207E-16
    0.538353930E-16
    0.575573146E-16
    0.703607772E-16
    0.577419557E-16
    0.691071549E-16
    0.736106308E-16
    0.629087352E-16
    0.642601508E-16
    0.709686037E-16
    0.635993632E-16
    0.638553804E-16
    0.744721109E-16
    0.702528987E-16
    0.710482863E-16
    0.564558470E-16
    0.576648746E-16
    0.598731118E-16
    0.516458069E-16
    0.483802236E-16
    0.725750293E-16
    0.753101868E-16
    0.577515796E-16
    0.670607588E-16
    0.496419832E-16
    0.616769380E-16
    0.579940919E-16
    0.375605418E-16
    0.768837931E-16
    0.560170170E-16
    0.511341925E-16
    0.652871461E-16
    0.495614395E-16
    0.455128264E-16
    0.555208801E-16
    0.376669006E-16
    0.668195077E-16
    0.568105491E-16
    0.411449007E-16
    0.792218772E-16
    0.486903885E-16
    0.506144462E-16
    0.637245638E-16
    0.432776262E-16
    0.669992729E-16
    0.441472977E-16
    0.554576229E-16
    0.516477374E-16
    0.577196203E-16
    0.516688262E-16
    0.489872602E-16
    0.412936712E-16
    0.425719798E-16
    0.418501442E-16
    0.533943845E-16
    0.473445807E-16
    0.449578761E-16
    0.474920714E-16
    0.484454405E-16
    0.357285417E-16
    0.458002968E-16
    0.365540562E-16
    0.613357139E-16
    0.426702420E-16
    0.443862484E-16
    0.572693882E-16
    0.450997431E-16
    0.464414782E-16
    0.319810700E-16
    0.467445643E-16
    0.540702177E-16
    0.464116971E-16
    0.521244693E-16
    0.387508337E-16
    0.435786937E-16
    0.457443636E-16
    0.282603110E-16
    0.483922654E-16
    0.471011287E-16
    0.381937656E-16
    0.503973056E-16
    0.447045044E-16
    0.473449104E-16
    0.513751997E-16
    0.391153678E-16
    0.435607176E-16
    0.486431596E-16
    0.398375249E-16
    0.617055894E-16
    0.485981579E-16
    0.384013683E-16
    0.481627645E-16
    0.454360235E-16
    0.595847530E-16
    0.357946807E-16
    0.542440520E-16
    0.398978489E-16
    0.442435406E-16
    0.545396941E-16
    0.404638415E-16
    0.436248551E-16
    0.362521153E-16
    0.386430063E-16
    0.458943608E-16
    0.494882782E-16
    0.456880920E-16
    0.558407373E-16
    0.418541652E-16
    0.490484403E-16
    0.402431962E-16
    0.388216179E-16
    0.467177489E-16
    0.542152781E-16
    0.562257400E-16
    0.409542809E-16
    0.484041462E-16
    0.601405126E-16
    0.436301782E-16
    0.514845280E-16
    0.487532066E-16
    0.557829738E-16
    0.564760134E-16
    0.554589924E-16
    0.456496315E-16
    0.531785383E-16
    0.510442758E-16
    0.530218456E-16
    0.374969586E-16
    0.565116830E-16
    0.470817054E-16
    0.415126797E-16
    0.492708243E-16
    0.460719165E-16
    0.444451217E-16
    0.456572282E-16
    0.439961659E-16
    0.323976635E-16
    0.446289772E-16
    0.424142661E-16
    0.405894493E-16
    0.332523550E-16
    0.421967192E-16
    0.345520750E-16
    0.260697235E-16
    0.347364291E-16
    0.391014315E-16
    0.299179181E-16
    0.436644109E-16
    0.322234857E-16
    0.318805140E-16
    0.306664793E-16
    0.270992002E-16
    0.264346582E-16
    0.324087381E-16
    0.340930558E-16
    0.279648274E-16
    0.260025489E-16
    0.318110910E-16
    0.215223968E-16
    0.268036813E-16
    0.271619281E-16
    0.277217638E-16
    0.241702691E-16
    0.259074998E-16
    0.263299689E-16
    0.225172873E-16
    0.241402713E-16
    0.266974325E-16
    0.196786635E-16
    0.157331058E-16
    0.245452587E-16
    0.224488817E-16
    0.285548548E-16
    0.219767018E-16
    0.234744142E-16
    0.200788836E-16
    0.151085194E-16
    0.190778379E-16
    0.246972776E-16
    0.192966537E-16
    0.244455526E-16
    0.211529193E-16
    0.239076589E-16
    0.181734702E-16
    0.157308969E-16
    0.192797924E-16
    0.213904144E-16
    0.183868794E-16
    0.257490912E-16
    0.204323418E-16
    0.216701593E-16
    0.187384789E-16
    0.184512858E-16
    0.184212434E-16
    0.165902421E-16
    0.220547055E-16
    0.222494194E-16
    0.205388003E-16
    0.203456823E-16
    0.228771467E-16
    0.198601072E-16
    0.161736231E-16
    0.147630288E-16
    0.242421582E-16
    0.199450943E-16
    0.233364193E-16
    0.196512077E-16
    0.253374213E-16
    0.196818872E-16
    0.155523664E-16
    0.162390140E-16
    0.236547528E-16
    0.197905812E-16
    0.254562265E-16
    0.187536544E-16
    0.245591361E-16
    0.205992515E-16
    0.166253333E-16
    0.185704507E-16
    0.208108145E-16
    0.216969805E-16
    0.245691375E-16
    0.189172355E-16
    0.230952635E-16
    0.236203460E-16
    0.178327170E-16
    0.188344770E-16
    0.180058677E-16
    0.242244756E-16
    0.219375623E-16
    0.216915157E-16
    0.214392570E-16
    0.256948637E-16
    0.181631044E-16
    0.180875276E-16
    0.174271652E-16
    0.268152391E-16
    0.200193001E-16
    0.249828920E-16
    0.196452185E-16
    0.251441399E-16
    0.208173372E-16
    0.174324772E-16
    0.190306539E-16
    0.269326235E-16
    0.201296893E-16
    0.241654156E-16
    0.202169344E-16
    0.233041347E-16
    0.250095589E-16
    0.155909030E-16
    0.212554580E-16
    0.228061235E-16
    0.224983439E-16
    0.200998495E-16
    0.243646134E-16
    0.224197717E-16
    0.253341838E-16
    0.159228268E-16
    0.218324489E-16
    0.179902473E-16
    0.272610383E-16
    0.174742904E-16
    0.273314814E-16
    0.233853786E-16
    0.212655836E-16
    0.208206843E-16
    0.190494540E-16
    0.185828131E-16
    0.280655131E-16
    0.194596784E-16
    0.237643576E-16
    0.253788267E-16
    0.194088897E-16
    0.243445238E-16
    0.150571746E-16
    0.242909358E-16
    0.212158479E-16
    0.248170343E-16
    0.175769148E-16
    0.266342213E-16
    0.232586528E-16
    0.202960713E-16
    0.172366541E-16
    0.265687844E-16
    0.156697755E-16
    0.265326109E-16
    0.182079056E-16
    0.257258085E-16
    0.268351144E-16
    0.157341257E-16
    0.240331723E-16
    0.196946470E-16
    0.214235130E-16
    0.207741317E-16
    0.260775362E-16
    0.226147170E-16
    0.237964212E-16
    0.203865566E-16
    0.231233135E-16
    0.155140135E-16
    0.292037480E-16
    0.166950054E-16
    0.275414586E-16
    0.207969278E-16
    0.207706451E-16
    0.265114753E-16
    0.165443872E-16
    0.246693324E-16
    0.227062779E-16
    0.230427684E-16
    0.198362108E-16
    0.236624512E-16
    0.252748757E-16
    0.211791315E-16
    0.217257735E-16
    0.287997193E-16
    0.154512410E-16
    0.280341013E-16
    0.190653418E-16
    0.258590427E-16
    0.241174052E-16
    0.200985258E-16
    0.295645075E-16
    0.195392659E-16
    0.255186399E-16
    0.198696578E-16
    0.271108819E-16
    0.213585519E-16
    0.186892414E-16
    0.313306795E-16
    0.232484535E-16
    0.229137621E-16
    0.272363163E-16
    0.201972209E-16
    0.249608554E-16
    0.186467184E-16
    0.279954591E-16
    0.268091636E-16
    0.262538067E-16
    0.296489521E-16
    0.182725253E-16
    0.279411067E-16
    0.187240110E-16
    0.255828012E-16
    0.256805186E-16
    0.261362874E-16
    0.320536065E-16
    0.227983232E-16
    0.255789497E-16
    0.201399075E-16
    0.263721100E-16
    0.222657255E-16
    0.225072931E-16
    0.372244305E-16
    0.266344554E-16
    0.253349860E-16
    0.236928685E-16
    0.238738012E-16
    0.204997064E-16
    0.233254388E-16
    0.380424130E-16
    0.269585845E-16
    0.280334001E-16
    0.259343927E-16
    0.209212499E-16
    0.209599918E-16
    0.271307183E-16
    0.337610137E-16
    0.260154700E-16
    0.313238469E-16
    0.276192028E-16
    0.224245723E-16
    0.228337083E-16
    0.280906228E-16
    0.280287909E-16
