 #tdnd tdcion
    0.633101757E-16
    0.632115346E-16
    0.631455134E-16
    0.630236786E-16
    0.627418959E-16
    0.622124770E-16
    0.613906449E-16
    0.602907900E-16
    0.589777327E-16
    0.575332462E-16
    0.560193009E-16
    0.544650605E-16
    0.528860593E-16
    0.513176326E-16
    0.498309841E-16
    0.485153420E-16
    0.474420561E-16
    0.466384357E-16
    0.460864833E-16
    0.457395429E-16
    0.455323225E-16
    0.453690260E-16
    0.451039374E-16
    0.445480870E-16
    0.435267241E-16
    0.419775606E-16
    0.400432653E-16
    0.380999071E-16
    0.366852327E-16
    0.363369694E-16
    0.373979140E-16
    0.398661797E-16
    0.433533761E-16
    0.471707475E-16
    0.505144280E-16
    0.526860545E-16
    0.532756575E-16
    0.522521107E-16
    0.499420593E-16
    0.469159586E-16
    0.438253262E-16
    0.412429918E-16
    0.395488599E-16
    0.388826778E-16
    0.391612589E-16
    0.401395078E-16
    0.414881557E-16
    0.428651295E-16
    0.439681660E-16
    0.445669683E-16
    0.445195919E-16
    0.437782684E-16
    0.423868465E-16
    0.404688654E-16
    0.382050658E-16
    0.358021886E-16
    0.334587927E-16
    0.313352453E-16
    0.295334780E-16
    0.280889323E-16
    0.269739745E-16
    0.261105026E-16
    0.253888470E-16
    0.246904189E-16
    0.239116128E-16
    0.229854567E-16
    0.218966497E-16
    0.206861192E-16
    0.194428666E-16
    0.182841816E-16
    0.173287026E-16
    0.166693723E-16
    0.163534412E-16
    0.163746657E-16
    0.166785319E-16
    0.171775818E-16
    0.177711431E-16
    0.183637049E-16
    0.188777497E-16
    0.192597742E-16
    0.194802293E-16
    0.195299246E-16
    0.194150492E-16
    0.191525285E-16
    0.187661036E-16
    0.182832386E-16
    0.177324014E-16
    0.171404762E-16
    0.165302857E-16
    0.159185837E-16
    0.153148819E-16
    0.147215269E-16
    0.141349822E-16
    0.135481246E-16
    0.129530035E-16
    0.123435181E-16
    0.117174637E-16
    0.110776100E-16
    0.104317617E-16
    0.979186971E-17
    0.917247676E-17
    0.858870385E-17
    0.805415086E-17
    0.757901265E-17
    0.716874774E-17
    0.682354151E-17
    0.653863805E-17
    0.630546772E-17
    0.611321941E-17
    0.595054226E-17
    0.580687572E-17
    0.567329531E-17
    0.554272876E-17
    0.540976963E-17
    0.527027667E-17
    0.512104167E-17
    0.495966546E-17
    0.478469025E-17
    0.459586881E-17
    0.439443455E-17
    0.418318935E-17
    0.396634242E-17
    0.374903833E-17
    0.353671629E-17
    0.333434686E-17
    0.314578278E-17
    0.297325876E-17
    0.281721679E-17
    0.267637686E-17
    0.254811476E-17
    0.242898105E-17
    0.231532106E-17
    0.220383788E-17
    0.209204942E-17
    0.197854702E-17
    0.186306681E-17
    0.174637131E-17
    0.162999615E-17
    0.151592539E-17
    0.140624426E-17
    0.130284295E-17
    0.120718244E-17
    0.112016552E-17
    0.104209230E-17
    0.972706548E-18
    0.911302206E-18
    0.856866596E-18
    0.808240678E-18
    0.764264479E-18
    0.723897667E-18
    0.686298924E-18
    0.650861390E-18
    0.617206689E-18
    0.585150792E-18
    0.554645480E-18
    0.525719772E-18
    0.498420541E-18
    0.472773804E-18
    0.448756027E-18
    0.426288015E-18
    0.405242462E-18
    0.385458822E-18
    0.366765712E-18
    0.349000787E-18
    0.332028826E-18
    0.315750752E-18
    0.300109252E-18
    0.285084689E-18
    0.270688992E-18
    0.256954300E-18
    0.243923533E-18
    0.231637724E-18
    0.220129279E-18
    0.209413656E-18
    0.199488776E-18
    0.190330205E-18
    0.181896246E-18
    0.174126910E-18
    0.166951579E-18
    0.160289722E-18
    0.154060669E-18
    0.148183617E-18
    0.142587356E-18
    0.137209590E-18
    0.132003738E-18
    0.126936633E-18
    0.121992155E-18
    0.117166732E-18
    0.112470382E-18
    0.107920022E-18
    0.103539674E-18
    0.993532261E-19
    0.953850498E-19
    0.916529588E-19
    0.881712470E-19
    0.849445445E-19
    0.819726759E-19
    0.792464766E-19
    0.767532184E-19
    0.744739705E-19
    0.723892800E-19
    0.704762690E-19
    0.687145021E-19
    0.670828216E-19
    0.655633213E-19
    0.641396014E-19
    0.627984210E-19
    0.615285919E-19
    0.603210654E-19
    0.591690001E-19
    0.580666028E-19
    0.570094892E-19
    0.559937127E-19
    0.550164710E-19
    0.540741764E-19
    0.531645444E-19
    0.522840070E-19
    0.514303451E-19
    0.506000011E-19
    0.497911278E-19
    0.490000558E-19
    0.482255194E-19
    0.474641544E-19
    0.467156932E-19
    0.459772640E-19
    0.452493348E-19
    0.445296032E-19
    0.438194003E-19
    0.431168428E-19
    0.424238704E-19
    0.417387141E-19
    0.410638635E-19
    0.403974937E-19
    0.397422162E-19
    0.390962400E-19
    0.384619492E-19
    0.378376092E-19
    0.372253420E-19
    0.366233531E-19
    0.360335720E-19
    0.354541917E-19
    0.348867836E-19
    0.343295774E-19
    0.337840147E-19
    0.332483377E-19
    0.327236905E-19
    0.322085531E-19
    0.317039017E-19
    0.312082906E-19
    0.307225966E-19
    0.302454064E-19
    0.297777045E-19
    0.293181308E-19
    0.288676395E-19
    0.284249082E-19
    0.279908953E-19
    0.275644025E-19
    0.271462963E-19
    0.267354951E-19
    0.263328774E-19
    0.259373372E-19
    0.255497155E-19
    0.251689627E-19
    0.247959776E-19
    0.244296342E-19
    0.240709224E-19
    0.237185029E-19
    0.233735696E-19
    0.230346745E-19
    0.227031090E-19
    0.223772214E-19
    0.220584926E-19
    0.217452611E-19
    0.214389739E-19
    0.211378563E-19
    0.208435119E-19
    0.205541685E-19
    0.202713866E-19
    0.199933955E-19
    0.197217287E-19
    0.194547306E-19
    0.191938071E-19
    0.189374844E-19
    0.186869061E-19
    0.184408796E-19
    0.182003436E-19
    0.179643080E-19
    0.177335004E-19
    0.175070719E-19
    0.172856666E-19
    0.170685453E-19
    0.168562512E-19
    0.166481565E-19
    0.164446450E-19
    0.162452332E-19
    0.160502595E-19
    0.158592673E-19
    0.156725825E-19
    0.154896731E-19
    0.153109255E-19
    0.151358475E-19
    0.149648498E-19
    0.147973780E-19
    0.146337769E-19
    0.144735842E-19
    0.143171555E-19
    0.141639833E-19
    0.140144272E-19
    0.138679551E-19
    0.137249390E-19
    0.135848889E-19
    0.134481666E-19
    0.133141989E-19
    0.131834308E-19
    0.130552947E-19
    0.129301792E-19
    0.128074897E-19
    0.126877836E-19
    0.125703405E-19
    0.124557521E-19
    0.123432756E-19
    0.122335185E-19
    0.121258354E-19
    0.120207596E-19
    0.119176786E-19
    0.118171085E-19
    0.117184434E-19
    0.116222680E-19
    0.115279474E-19
    0.114360666E-19
    0.113460000E-19
    0.112583522E-19
    0.111724599E-19
    0.110889434E-19
    0.110072395E-19
    0.109278749E-19
    0.108502858E-19
    0.107750637E-19
    0.107015747E-19
    0.106304002E-19
    0.105610254E-19
    0.104939252E-19
    0.104286496E-19
    0.103655736E-19
    0.103044162E-19
    0.102453635E-19
    0.101882448E-19
    0.101331789E-19
    0.100801724E-19
    0.100291351E-19
    0.998017708E-20
    0.993313506E-20
    0.988823694E-20
    0.984517811E-20
    0.980432734E-20
    0.976523711E-20
    0.972837956E-20
    0.969328703E-20
    0.966040698E-20
    0.962926986E-20
    0.960035527E-20
    0.957314797E-20
    0.954809588E-20
    0.952477448E-20
    0.950351598E-20
    0.948394111E-20
    0.946645372E-20
    0.945057846E-20
    0.943668308E-20
    0.942440113E-20
    0.941395114E-20
    0.940506298E-20
    0.939791636E-20
    0.939223512E-20
    0.938823771E-20
    0.938560052E-20
    0.938458162E-20
    0.938481802E-20
    0.938656647E-20
    0.938941953E-20
    0.939373492E-20
    0.939907409E-20
    0.940577467E-20
    0.941341750E-20
    0.942232065E-20
    0.943206344E-20
    0.944300613E-20
    0.945472057E-20
    0.946753155E-20
    0.948104408E-20
    0.949554572E-20
    0.951073143E-20
    0.952682849E-20
    0.954355848E-20
    0.956108270E-20
    0.957918072E-20
    0.959800585E-20
    0.961741752E-20
    0.963743606E-20
    0.965803535E-20
    0.967914032E-20
    0.970080075E-20
    0.972291977E-20
    0.974558886E-20
    0.976866807E-20
    0.979220143E-20
    0.981617479E-20
    0.984059531E-20
    0.986542329E-20
    0.989067971E-20
    0.991636464E-20
    0.994246115E-20
    0.996895041E-20
    0.999589351E-20
    0.100232976E-19
    0.100510824E-19
    0.100793824E-19
    0.101081170E-19
    0.101373371E-19
    0.101670365E-19
    0.101973120E-19
    0.102280399E-19
    0.102593480E-19
    0.102911458E-19
    0.103235910E-19
    0.103565565E-19
    0.103902182E-19
    0.104244062E-19
    0.104592979E-19
    0.104947205E-19
    0.105309074E-19
    0.105676252E-19
    0.106051684E-19
    0.106432126E-19
    0.106821367E-19
    0.107215085E-19
    0.107617973E-19
    0.108025375E-19
    0.108443105E-19
    0.108864749E-19
    0.109297016E-19
    0.109732598E-19
    0.110179121E-19
    0.110628763E-19
    0.111090215E-19
    0.111554680E-19
    0.112030792E-19
    0.112509776E-19
    0.113000232E-19
    0.113493957E-19
    0.113999083E-19
    0.114507874E-19
    0.115027779E-19
    0.115551978E-19
    0.116086659E-19
    0.116625699E-19
    0.117175200E-19
    0.117729671E-19
    0.118293869E-19
    0.118863981E-19
    0.119443890E-19
    0.120029638E-19
    0.120624340E-19
    0.121226046E-19
    0.121836214E-19
    0.122453762E-19
    0.123080155E-19
    0.123713948E-19
    0.124356812E-19
    0.125006741E-19
    0.125665839E-19
    0.126331464E-19
    0.127006480E-19
    0.127688557E-19
    0.128380485E-19
    0.129078915E-19
    0.129787290E-19
    0.130502313E-19
    0.131227321E-19
    0.131958751E-19
    0.132700649E-19
    0.133448828E-19
    0.134208469E-19
    0.134974691E-19
    0.135752215E-19
    0.136536451E-19
    0.137331779E-19
    0.138134207E-19
    0.138947575E-19
    0.139768749E-19
    0.140600828E-19
    0.141441354E-19
    0.142292689E-19
    0.143153191E-19
    0.144024137E-19
    0.144903902E-19
    0.145794085E-19
    0.146694128E-19
    0.147604095E-19
    0.148524820E-19
    0.149455471E-19
    0.150397631E-19
    0.151349687E-19
    0.152313392E-19
    0.153286913E-19
    0.154272765E-19
    0.155267792E-19
    0.156275874E-19
    0.157293351E-19
    0.158324842E-19
    0.159366258E-19
    0.160422059E-19
    0.161487914E-19
    0.162568653E-19
    0.163659159E-19
    0.164764804E-19
    0.165880879E-19
    0.167011835E-19
    0.168154278E-19
    0.169311855E-19
    0.170482023E-19
    0.171667026E-19
    0.172865617E-19
    0.174079709E-19
    0.175307404E-19
    0.176550863E-19
    0.177808136E-19
    0.179081392E-19
    0.180368335E-19
    0.181672890E-19
    0.182990799E-19
    0.184327168E-19
    0.185677729E-19
    0.187047910E-19
    0.188432305E-19
    0.189836908E-19
    0.191256033E-19
    0.192696380E-19
    0.194150689E-19
    0.195626641E-19
    0.197116796E-19
    0.198629456E-19
    0.200156679E-19
    0.201706978E-19
    0.203272817E-19
    0.204862332E-19
    0.206468742E-19
    0.208099757E-19
    0.209747895E-19
    0.211421309E-19
    0.213113050E-19
    0.214830096E-19
    0.216566550E-19
    0.218328171E-19
    0.220110502E-19
    0.221918232E-19
    0.223748196E-19
    0.225602971E-19
    0.227482348E-19
    0.229387193E-19
    0.231318800E-19
    0.233276178E-19
    0.235262086E-19
    0.237274859E-19
    0.239317701E-19
    0.241387659E-19
    0.243490508E-19
    0.245620025E-19
    0.247783996E-19
    0.249975075E-19
    0.252201541E-19
    0.254455907E-19
    0.256746548E-19
    0.259066425E-19
    0.261423433E-19
    0.263811041E-19
    0.266236395E-19
    0.268694426E-19
    0.271191042E-19
    0.273722922E-19
    0.276294947E-19
    0.278904157E-19
    0.281554198E-19
    0.284244288E-19
    0.286976757E-19
    0.289751754E-19
    0.292570364E-19
    0.295433826E-19
    0.298342310E-19
    0.301297178E-19
    0.304299661E-19
    0.307350114E-19
    0.310449764E-19
    0.313599118E-19
    0.316799994E-19
    0.320051568E-19
    0.323356865E-19
    0.326715059E-19
    0.330129837E-19
    0.333598337E-19
    0.337126135E-19
    0.340710102E-19
    0.344355720E-19
    0.348060009E-19
    0.351828963E-19
    0.355658670E-19
    0.359556635E-19
    0.363518017E-19
    0.367551799E-19
    0.371650606E-19
    0.375826176E-19
    0.380069370E-19
    0.384393787E-19
    0.388788658E-19
    0.393269077E-19
    0.397823202E-19
    0.402466741E-19
    0.407188670E-19
    0.412003679E-19
    0.416901432E-19
    0.421897867E-19
    0.426981240E-19
    0.432167999E-19
    0.437448040E-19
    0.442836994E-19
    0.448325660E-19
    0.453930098E-19
    0.459641957E-19
    0.465477259E-19
    0.471428629E-19
    0.477512513E-19
    0.483722471E-19
    0.490075120E-19
    0.496564552E-19
    0.503209163E-19
    0.510002402E-19
    0.516963128E-19
    0.524086118E-19
    0.531390288E-19
    0.538869946E-19
    0.546546794E-19
    0.554413211E-19
    0.562491838E-19
    0.570776309E-19
    0.579289598E-19
    0.588025132E-19
    0.597007309E-19
    0.606229476E-19
    0.615717084E-19
    0.625464692E-19
    0.635497094E-19
    0.645810778E-19
    0.656430054E-19
    0.667351556E-19
    0.678600907E-19
    0.690175070E-19
    0.702098401E-19
    0.714371470E-19
    0.727018436E-19
    0.740041778E-19
    0.753467605E-19
    0.767303490E-19
    0.781579145E-19
    0.796306765E-19
    0.811523643E-19
    0.827249714E-19
    0.843528616E-19
    0.860388340E-19
    0.877880368E-19
    0.896041638E-19
    0.914931620E-19
    0.934592982E-19
    0.955095339E-19
    0.976488669E-19
    0.998855943E-19
    0.102226032E-18
    0.104680101E-18
    0.107256554E-18
    0.109967728E-18
    0.112825393E-18
    0.115844942E-18
    0.119042046E-18
    0.122434769E-18
    0.126042083E-18
    0.129884202E-18
    0.133981895E-18
    0.138355952E-18
    0.143026985E-18
    0.148014237E-18
    0.153336861E-18
    0.159011313E-18
    0.165053815E-18
    0.171478055E-18
    0.178297267E-18
    0.185522052E-18
    0.193161911E-18
    0.201222866E-18
    0.209708324E-18
    0.218614974E-18
    0.227934383E-18
    0.237647271E-18
    0.247727341E-18
    0.258133862E-18
    0.268820565E-18
    0.279728547E-18
    0.290800654E-18
    0.301975482E-18
    0.313207514E-18
    0.324461771E-18
    0.335734689E-18
    0.347049070E-18
    0.358470641E-18
    0.370100546E-18
    0.382081124E-18
    0.394587368E-18
    0.407818192E-18
    0.421985880E-18
    0.437296870E-18
    0.453939907E-18
    0.472061991E-18
    0.491760685E-18
    0.513062360E-18
    0.535925626E-18
    0.560231149E-18
    0.585803160E-18
    0.612415863E-18
    0.639831483E-18
    0.667820386E-18
    0.696208739E-18
    0.724893213E-18
    0.753887119E-18
    0.783316219E-18
    0.813456724E-18
    0.844710407E-18
    0.877641825E-18
    0.912941018E-18
    0.951454840E-18
    0.994131882E-18
    0.104202205E-17
    0.109617331E-17
    0.115757310E-17
    0.122699231E-17
    0.130489368E-17
    0.139129704E-17
    0.148575802E-17
    0.158737011E-17
    0.169490893E-17
    0.180701442E-17
    0.192246057E-17
    0.204039484E-17
    0.216053905E-17
    0.228326243E-17
    0.240951394E-17
    0.254061030E-17
    0.267790558E-17
    0.282243791E-17
    0.297461585E-17
    0.313406091E-17
    0.329964884E-17
    0.346975368E-17
    0.364267098E-17
    0.381706340E-17
    0.399237961E-17
    0.416902110E-17
    0.434834763E-17
    0.453234693E-17
    0.472329072E-17
    0.492324507E-17
    0.513389317E-17
    0.535641182E-17
    0.559179280E-17
    0.584112261E-17
    0.610609239E-17
    0.638914796E-17
    0.669360966E-17
    0.702332425E-17
    0.738232646E-17
    0.777429162E-17
    0.820218481E-17
    0.866790609E-17
    0.917205784E-17
    0.971367694E-17
    0.102899841E-16
    0.108962658E-16
    0.115260546E-16
    0.121718302E-16
    0.128261574E-16
    0.134830491E-16
    0.141390628E-16
    0.147936962E-16
    0.154488518E-16
    0.161074548E-16
    0.167717269E-16
    0.174415909E-16
    0.181139054E-16
    0.187826634E-16
    0.194405311E-16
    0.200813281E-16
    0.207035330E-16
    0.213139158E-16
    0.219310000E-16
    0.225869816E-16
    0.233275647E-16
    0.242084904E-16
    0.252886208E-16
    0.266195962E-16
    0.282331081E-16
    0.301279973E-16
    0.322598804E-16
    0.345369369E-16
    0.368243436E-16
    0.389584694E-16
    0.407691937E-16
    0.421062690E-16
    0.428644161E-16
    0.430017333E-16
    0.425478715E-16
    0.416003481E-16
    0.403099481E-16
    0.388577973E-16
    0.374281292E-16
    0.361816175E-16
    0.352337912E-16
    0.346424011E-16
    0.344052182E-16
    0.344682611E-16
    0.347422436E-16
    0.351246693E-16
    0.355237580E-16
    0.358801203E-16
    0.361806733E-16
    0.364600773E-16
    0.367866990E-16
    0.372353655E-16
    0.378544709E-16
    0.386388544E-16
    0.395192636E-16
    0.403732978E-16
    0.410536760E-16
    0.414230563E-16
    0.413809351E-16
    0.408758219E-16
    0.399030044E-16
    0.384996408E-16
    0.367483215E-16
    0.347928399E-16
    0.328566429E-16
    0.312427549E-16
    0.302980770E-16
    0.303379039E-16
    0.315502722E-16
    0.339136269E-16
    0.371625861E-16
    0.408208684E-16
    0.442982949E-16
    0.470285448E-16
    0.486121185E-16
    0.489262193E-16
    0.481663130E-16
    0.467999761E-16
    0.454358937E-16
    0.446440250E-16
    0.447856567E-16
    0.459157241E-16
    0.477945571E-16
    0.500006548E-16
    0.520963464E-16
    0.537767944E-16
    0.549462867E-16
    0.556978893E-16
    0.562140274E-16
    0.566371309E-16
    0.569715077E-16
    0.570659470E-16
    0.566901415E-16
    0.556727874E-16
    0.540327487E-16
    0.520310805E-16
    0.501062554E-16
    0.487129767E-16
    0.481370030E-16
    0.483736424E-16
    0.491279665E-16
    0.499353787E-16
    0.503434249E-16
    0.500712604E-16
    0.490788707E-16
    0.475282827E-16
    0.456726508E-16
    0.437454171E-16
    0.419146005E-16
    0.403212384E-16
    0.391558705E-16
    0.386918610E-16
    0.392200610E-16
    0.409058406E-16
    0.436581103E-16
    0.471010976E-16
    0.506706757E-16
    0.537752948E-16
    0.559328062E-16
    0.568328880E-16
    0.563348422E-16
    0.544437159E-16
    0.512990817E-16
    0.471830664E-16
    0.425307877E-16
    0.379128795E-16
    0.339636026E-16
    0.312523780E-16
    0.301378451E-16
    0.306696392E-16
    0.325846921E-16
    0.353913068E-16
    0.384927757E-16
    0.413081975E-16
    0.433814797E-16
    0.444793668E-16
    0.446524983E-16
    0.442098187E-16
    0.435850041E-16
    0.431433171E-16
    0.430247005E-16
    0.431062853E-16
    0.431004340E-16
    0.427331062E-16
    0.419060971E-16
    0.407525221E-16
    0.395591551E-16
    0.386184585E-16
    0.381162857E-16
    0.381086311E-16
    0.385399938E-16
    0.392322561E-16
    0.398624819E-16
    0.400390814E-16
    0.395315685E-16
    0.385341250E-16
    0.377379929E-16
    0.380882576E-16
    0.403354950E-16
    0.446413349E-16
    0.504519590E-16
    0.566831982E-16
    0.621043364E-16
    0.657393610E-16
    0.671148658E-16
    0.662714961E-16
    0.636004684E-16
    0.596720299E-16
    0.551792839E-16
    0.509406887E-16
    0.477815502E-16
    0.462300555E-16
    0.462205093E-16
    0.470934930E-16
    0.479558795E-16
    0.481374268E-16
    0.474230459E-16
    0.459949208E-16
    0.442506217E-16
    0.426306560E-16
    0.414501089E-16
    0.407253983E-16
    0.401190545E-16
    0.391191241E-16
    0.373689434E-16
    0.349291513E-16
    0.323178882E-16
    0.303471642E-16
    0.298377745E-16
    0.312723516E-16
    0.344947311E-16
    0.386454908E-16
    0.424746178E-16
    0.449394677E-16
    0.457628118E-16
    0.455932711E-16
    0.456178183E-16
    0.468170452E-16
    0.493288891E-16
    0.523617358E-16
    0.547028161E-16
    0.553971462E-16
    0.540880492E-16
    0.509148972E-16
    0.462999129E-16
    0.409155802E-16
    0.356972953E-16
    0.315826539E-16
    0.290391605E-16
    0.278685919E-16
    0.275717565E-16
    0.278972970E-16
    0.289652605E-16
    0.308976903E-16
    0.334792025E-16
    0.362571661E-16
    0.389096132E-16
    0.414392249E-16
    0.440290163E-16
    0.467612241E-16
    0.494634890E-16
    0.517840365E-16
    0.534165990E-16
    0.542816495E-16
    0.545034729E-16
    0.542400224E-16
    0.536154611E-16
    0.528598771E-16
    0.524085781E-16
    0.526959928E-16
    0.537985576E-16
    0.553456045E-16
    0.568177794E-16
    0.579025456E-16
    0.585573623E-16
    0.587745290E-16
    0.583278457E-16
    0.568233822E-16
    0.541513426E-16
    0.509666507E-16
    0.485366485E-16
    0.478293323E-16
    0.487421047E-16
    0.504465156E-16
    0.524854733E-16
    0.552228655E-16
    0.590725554E-16
    0.635295849E-16
    0.672220000E-16
    0.689039090E-16
    0.683090906E-16
    0.661054905E-16
    0.631454733E-16
    0.597466152E-16
    0.556215882E-16
    0.505633120E-16
    0.452694549E-16
    0.412727672E-16
    0.397164174E-16
    0.402517565E-16
    0.414754479E-16
    0.423761780E-16
    0.429024741E-16
    0.431496426E-16
    0.427136594E-16
    0.412847799E-16
    0.393868039E-16
    0.378741393E-16
    0.368890734E-16
    0.359303754E-16
    0.348124803E-16
    0.338887142E-16
    0.334527262E-16
    0.336674323E-16
    0.349182877E-16
    0.373165826E-16
    0.399571265E-16
    0.416234787E-16
    0.421009814E-16
    0.419053349E-16
    0.411474506E-16
    0.398372557E-16
    0.388967549E-16
    0.395187425E-16
    0.416100450E-16
    0.439498984E-16
    0.458624053E-16
    0.477449870E-16
    0.497308855E-16
    0.508388306E-16
    0.503069648E-16
    0.490479518E-16
    0.483951753E-16
    0.478892955E-16
    0.461476922E-16
    0.435754671E-16
    0.419370505E-16
    0.414015856E-16
    0.405076612E-16
    0.390640934E-16
    0.385410303E-16
    0.393007870E-16
    0.397509252E-16
    0.388545472E-16
    0.376756478E-16
    0.376182819E-16
    0.384329257E-16
    0.389319469E-16
    0.388429917E-16
    0.389098460E-16
    0.394413581E-16
    0.396095078E-16
    0.384704867E-16
    0.363918045E-16
    0.349829378E-16
    0.354446884E-16
    0.374992673E-16
    0.404194300E-16
    0.442952553E-16
    0.490041523E-16
    0.528232448E-16
    0.541388070E-16
    0.536930302E-16
    0.531013314E-16
    0.526790081E-16
    0.525492616E-16
    0.536335554E-16
    0.560170676E-16
    0.584680021E-16
    0.601389372E-16
    0.608506343E-16
    0.600911094E-16
    0.576161399E-16
    0.543929382E-16
    0.515048920E-16
    0.489258988E-16
    0.464230590E-16
    0.445852861E-16
    0.438892300E-16
    0.440596057E-16
    0.452333093E-16
    0.478621767E-16
    0.510295936E-16
    0.534237585E-16
    0.555140633E-16
    0.577645671E-16
    0.587984151E-16
    0.580401868E-16
    0.568147028E-16
    0.551715060E-16
    0.519166978E-16
    0.477290500E-16
    0.439748416E-16
    0.406350696E-16
    0.380503977E-16
    0.368875599E-16
    0.362912702E-16
    0.356946503E-16
    0.362764595E-16
    0.380059207E-16
    0.396494311E-16
    0.407706581E-16
    0.415913624E-16
    0.421766206E-16
    0.427229301E-16
    0.429763872E-16
    0.436318608E-16
    0.462129769E-16
    0.490453749E-16
    0.493701159E-16
    0.506167364E-16
    0.587093698E-16
    0.710904608E-16
    0.788311144E-16
    0.834806621E-16
    0.984201260E-16
    0.130765040E-15
    0.164865396E-15
    0.183495605E-15
    0.193049799E-15
    0.223058157E-15
    0.283645180E-15
    0.352542230E-15
    0.405967111E-15
    0.468572294E-15
    0.588925672E-15
    0.785254651E-15
    0.104243868E-14
    0.138256400E-14
    0.187676301E-14
    0.258748815E-14
    0.355190287E-14
    0.485602069E-14
    0.665338695E-14
    0.909343125E-14
    0.123040943E-13
    0.165127103E-13
    0.220861126E-13
    0.294108134E-13
    0.387722624E-13
    0.506387417E-13
    0.659373443E-13
    0.857864699E-13
    0.110804755E-12
    0.141649234E-12
    0.180072415E-12
    0.228841128E-12
    0.290140505E-12
    0.365887098E-12
    0.459096615E-12
    0.574461455E-12
    0.717010207E-12
    0.892666888E-12
    0.110850692E-11
    0.137316593E-11
    0.169705454E-11
    0.209500210E-11
    0.258446261E-11
    0.318349007E-11
    0.391205693E-11
    0.480014351E-11
    0.588782947E-11
    0.722108864E-11
    0.884891678E-11
    0.108331680E-10
    0.132538973E-10
    0.162101782E-10
    0.198164596E-10
    0.242150405E-10
    0.295844044E-10
    0.361391700E-10
    0.441236803E-10
    0.538417160E-10
    0.656887311E-10
    0.801541483E-10
    0.977883766E-10
    0.119230409E-09
    0.145287598E-09
    0.177001004E-09
    0.215617276E-09
    0.262578353E-09
    0.319595481E-09
    0.388794180E-09
    0.472780760E-09
    0.574675086E-09
    0.698179011E-09
    0.847756164E-09
    0.102879388E-08
    0.124776743E-08
    0.151241945E-08
    0.183204905E-08
    0.221778865E-08
    0.268292613E-08
    0.324329043E-08
    0.391782319E-08
    0.472915127E-08
    0.570420347E-08
    0.687493054E-08
    0.827936582E-08
    0.996276385E-08
    0.119787598E-07
    0.143906469E-07
    0.172733109E-07
    0.207156125E-07
    0.248228709E-07
    0.297191832E-07
    0.355503864E-07
    0.424880689E-07
    0.507345668E-07
    0.605280921E-07
    0.721482094E-07
    0.859222778E-07
    0.102233766E-06
    0.121532007E-06
    0.144343078E-06
    0.171281591E-06
    0.203064443E-06
    0.240527022E-06
    0.284642348E-06
    0.336542800E-06
    0.397544877E-06
    0.469177295E-06
    0.553213399E-06
    0.651708106E-06
    0.767040102E-06
    0.901959649E-06
    0.105964340E-05
    0.124375712E-05
    0.145852730E-05
    0.170882168E-05
    0.200023995E-05
    0.233921630E-05
    0.273313620E-05
    0.319046883E-05
    0.372091668E-05
    0.433558382E-05
    0.504716473E-05
    0.587015553E-05
    0.682109048E-05
    0.791880855E-05
    0.918475401E-05
    0.106433137E-04
    0.123221908E-04
    0.142528197E-04
    0.164708259E-04
    0.190165418E-04
    0.219355817E-04
    0.252794814E-04
    0.291064047E-04
    0.334819233E-04
    0.384798769E-04
    0.441833229E-04
    0.506855827E-04
    0.580913974E-04
    0.665181975E-04
    0.760974976E-04
    0.869764189E-04
    0.993193562E-04
    0.113309798E-03
    0.129152321E-03
    0.147074762E-03
    0.167330574E-03
    0.190201380E-03
    0.215999735E-03
    0.245072121E-03
    0.277802203E-03
    0.314614348E-03
    0.355977415E-03
    0.402408804E-03
    0.454478800E-03
    0.512815217E-03
    0.578108386E-03
    0.651116494E-03
    0.732671285E-03
    0.823684101E-03
    0.925152309E-03
    0.103816607E-02
    0.116391552E-02
    0.130369835E-02
    0.145892777E-02
    0.163114092E-02
    0.182200760E-02
    0.203333947E-02
    0.226709957E-02
    0.252541227E-02
    0.281057355E-02
    0.312506170E-02
    0.347154827E-02
    0.385290931E-02
    0.427223692E-02
    0.473285089E-02
    0.523831075E-02
    0.579242778E-02
    0.639927730E-02
    0.706321071E-02
    0.778886765E-02
    0.858118786E-02
    0.944542296E-02
    0.103871479E-01
    0.114122720E-01
    0.125270497E-01
    0.137380905E-01
    0.150523677E-01
    0.164772276E-01
    0.180203960E-01
    0.196899848E-01
    0.214944970E-01
    0.234428299E-01
    0.255442777E-01
    0.278085313E-01
    0.302456766E-01
    0.328661911E-01
    0.356809378E-01
    0.387011570E-01
    0.419384557E-01
    0.454047941E-01
    0.491124692E-01
    0.530740960E-01
    0.573025846E-01
    0.618111148E-01
    0.666131077E-01
    0.717221927E-01
    0.771521722E-01
    0.829169821E-01
    0.890306487E-01
    0.955072419E-01
    0.102360825E+00
    0.109605399E+00
    0.117254848E+00
    0.125322875E+00
    0.133822938E+00
    0.142768184E+00
    0.152171374E+00
    0.162044813E+00
    0.172400270E+00
    0.183248902E+00
    0.194601165E+00
    0.206466741E+00
    0.218854445E+00
    0.231772141E+00
    0.245226656E+00
    0.259223691E+00
    0.273767738E+00
    0.288861989E+00
    0.304508254E+00
    0.320706878E+00
    0.337456658E+00
    0.354754769E+00
    0.372596684E+00
    0.390976111E+00
    0.409884920E+00
    0.429313089E+00
    0.449248650E+00
    0.469677635E+00
    0.490584046E+00
    0.511949813E+00
    0.533754776E+00
    0.555976666E+00
    0.578591103E+00
    0.601571595E+00
    0.624889551E+00
    0.648514312E+00
    0.672413177E+00
    0.696551455E+00
    0.720892515E+00
    0.745397861E+00
    0.770027204E+00
    0.794738558E+00
    0.819488334E+00
    0.844231458E+00
    0.868921488E+00
    0.893510751E+00
    0.917950479E+00
    0.942190967E+00
    0.966181726E+00
    0.989871655E+00
    0.101320922E+01
    0.103614261E+01
    0.105861997E+01
    0.108058955E+01
    0.110199993E+01
    0.112280017E+01
    0.114294009E+01
    0.116237039E+01
    0.118104290E+01
    0.119891076E+01
    0.121592860E+01
    0.123205276E+01
    0.124724148E+01
    0.126145503E+01
    0.127465593E+01
    0.128680912E+01
    0.129788207E+01
    0.130784495E+01
    0.131667079E+01
    0.132433555E+01
    0.133081827E+01
    0.133610114E+01
    0.134016960E+01
    0.134301240E+01
    0.134462164E+01
    0.134499283E+01
    0.134412488E+01
    0.134202016E+01
    0.133868440E+01
    0.133412677E+01
    0.132835974E+01
    0.132139909E+01
    0.131326383E+01
    0.130397606E+01
    0.129356094E+01
    0.128204655E+01
    0.126946373E+01
    0.125584600E+01
    0.124122936E+01
    0.122565219E+01
    0.120915500E+01
    0.119178034E+01
    0.117357256E+01
    0.115457765E+01
    0.113484303E+01
    0.111441738E+01
    0.109335040E+01
    0.107169264E+01
    0.104949529E+01
    0.102681001E+01
    0.100368866E+01
    0.980183180E+00
    0.956345372E+00
    0.932226701E+00
    0.907878135E+00
    0.883349962E+00
    0.858691630E+00
    0.833951587E+00
    0.809177134E+00
    0.784414284E+00
    0.759707636E+00
    0.735100254E+00
    0.710633561E+00
    0.686347239E+00
    0.662279146E+00
    0.638465239E+00
    0.614939512E+00
    0.591733940E+00
    0.568878440E+00
    0.546400841E+00
    0.524326863E+00
    0.502680104E+00
    0.481482045E+00
    0.460752058E+00
    0.440507424E+00
    0.420763360E+00
    0.401533056E+00
    0.382827718E+00
    0.364656617E+00
    0.347027145E+00
    0.329944882E+00
    0.313413654E+00
    0.297435617E+00
    0.282011322E+00
    0.267139803E+00
    0.252818653E+00
    0.239044112E+00
    0.225811150E+00
    0.213113559E+00
    0.200944034E+00
    0.189294265E+00
    0.178155022E+00
    0.167516244E+00
    0.157367120E+00
    0.147696174E+00
    0.138491348E+00
    0.129740077E+00
    0.121429371E+00
    0.113545883E+00
    0.106075980E+00
    0.990058129E-01
    0.923213796E-01
    0.860085828E-01
    0.800532884E-01
    0.744413781E-01
    0.691587986E-01
    0.641916070E-01
    0.595260127E-01
    0.551484155E-01
    0.510454399E-01
    0.472039662E-01
    0.436111583E-01
    0.402544875E-01
    0.371217545E-01
    0.342011067E-01
    0.314810535E-01
    0.289504788E-01
    0.265986503E-01
    0.244152267E-01
    0.223902630E-01
    0.205142129E-01
    0.187779299E-01
    0.171726657E-01
    0.156900681E-01
    0.143221760E-01
    0.130614144E-01
    0.119005871E-01
    0.108328693E-01
    0.985179808E-02
    0.895126351E-02
    0.812549777E-02
    0.736906449E-02
    0.667684725E-02
    0.604403794E-02
    0.546612469E-02
    0.493887975E-02
    0.445834718E-02
    0.402083067E-02
    0.362288121E-02
    0.326128509E-02
    0.293305187E-02
    0.263540267E-02
    0.236575862E-02
    0.212172964E-02
    0.190110352E-02
    0.170183538E-02
    0.152203740E-02
    0.135996909E-02
    0.121402779E-02
    0.108273965E-02
    0.964750971E-03
    0.858819965E-03
    0.763808885E-03
    0.678676629E-03
    0.602471674E-03
    0.534325456E-03
    0.473446074E-03
    0.419112423E-03
    0.370668636E-03
    0.327518908E-03
    0.289122626E-03
    0.254989847E-03
    0.224677061E-03
    0.197783276E-03
    0.173946352E-03
    0.152839623E-03
    0.134168755E-03
    0.117668860E-03
    0.103101819E-03
    0.902538375E-04
    0.789331658E-04
    0.689680297E-04
    0.602047132E-04
    0.525058219E-04
    0.457486853E-04
    0.398239096E-04
    0.346340446E-04
    0.300923794E-04
    0.261218400E-04
    0.226539993E-04
    0.196281706E-04
    0.169905934E-04
    0.146936911E-04
    0.126954098E-04
    0.109586185E-04
    0.945057217E-05
    0.814242101E-05
    0.700877575E-05
    0.602731492E-05
    0.517843812E-05
    0.444495050E-05
    0.381178373E-05
    0.326574558E-05
    0.279530221E-05
    0.239038132E-05
    0.204219752E-05
    0.174309348E-05
    0.148640189E-05
    0.126632264E-05
    0.107781664E-05
    0.916510186E-06
    0.778612325E-06
    0.660840478E-06
    0.560355682E-06
    0.474703871E-06
    0.401766065E-06
    0.339714724E-06
    0.286976564E-06
    0.242197939E-06
    0.204214723E-06
    0.172026177E-06
    0.144774136E-06
    0.121724036E-06
    0.102247653E-06
    0.858070797E-07
    0.719422534E-07
    0.602605395E-07
    0.504278075E-07
    0.421596241E-07
    0.352139535E-07
    0.293849043E-07
    0.244977078E-07
    0.204040278E-07
    0.169782582E-07
    0.141141981E-07
    0.117222115E-07
    0.972645485E-08
    0.806284420E-08
    0.667737818E-08
    0.552474665E-08
    0.456680394E-08
    0.377141492E-08
    0.311156391E-08
    0.256471155E-08
    0.211199996E-08
    0.173759000E-08
    0.142815512E-08
    0.117262852E-08
    0.961872270E-09
    0.788310789E-09
    0.645538568E-09
    0.528139131E-09
    0.431611823E-09
    0.352329904E-09
    0.287346114E-09
    0.234180949E-09
    0.190691906E-09
    0.155102455E-09
    0.126004074E-09
    0.102275935E-09
    0.829592681E-10
    0.672310396E-10
    0.544203181E-10
    0.440036489E-10
    0.355495354E-10
    0.286941653E-10
    0.231373579E-10
    0.186404912E-10
    0.150045256E-10
    0.120649593E-10
    0.968998224E-11
    0.777641737E-11
    0.623586980E-11
    0.499447863E-11
    0.399445787E-11
    0.319258354E-11
    0.255128653E-11
    0.203777047E-11
    0.162493372E-11
    0.129283248E-11
    0.102647340E-11
    0.815063354E-12
    0.648578430E-12
    0.516518793E-12
    0.409455817E-12
    0.322690737E-12
    0.254393006E-12
    0.201711905E-12
    0.159857257E-12
    0.125747164E-12
    0.987700534E-13
    0.782516640E-13
    0.619212395E-13
    0.482110942E-13
    0.372988850E-13
    0.294460044E-13
    0.235390245E-13
    0.184563519E-13
    0.141894484E-13
    0.110938883E-13
    0.879334638E-14
    0.678525862E-14
    0.513362600E-14
    0.407158129E-14
    0.335882382E-14
    0.264506555E-14
    0.192259690E-14
    0.140745185E-14
    0.115041241E-14
    0.999920034E-15
    0.788499353E-15
    0.540592110E-15
    0.389843130E-15
    0.353815759E-15
    0.311976332E-15
    0.226023825E-15
    0.162312990E-15
    0.143230893E-15
    0.126603378E-15
    0.102260206E-15
    0.824171168E-16
    0.679647587E-16
    0.598127915E-16
    0.597671369E-16
    0.564740537E-16
    0.484223068E-16
    0.471684534E-16
    0.518246633E-16
    0.497551751E-16
    0.437742451E-16
    0.453481277E-16
    0.509385611E-16
    0.499966869E-16
    0.462237284E-16
    0.476967042E-16
    0.512257989E-16
    0.508155781E-16
    0.481408432E-16
    0.465585132E-16
    0.465639157E-16
    0.474801071E-16
    0.473731311E-16
    0.452098656E-16
    0.436166745E-16
    0.435961124E-16
    0.423520089E-16
    0.403299422E-16
    0.411461779E-16
    0.445141269E-16
    0.482081636E-16
    0.526590186E-16
    0.574504346E-16
    0.598185250E-16
    0.592035071E-16
    0.575075291E-16
    0.554529036E-16
    0.528585136E-16
    0.505399303E-16
    0.493720642E-16
    0.489066226E-16
    0.479781622E-16
    0.459518475E-16
    0.432739689E-16
    0.408537532E-16
    0.390136973E-16
    0.378324781E-16
    0.381215200E-16
    0.404642702E-16
    0.437373786E-16
    0.460872535E-16
    0.469971449E-16
    0.473140775E-16
    0.475086544E-16
    0.470063530E-16
    0.456302539E-16
    0.445522775E-16
    0.447821885E-16
    0.456460210E-16
    0.459297414E-16
    0.457478630E-16
    0.461661155E-16
    0.474899586E-16
    0.488775546E-16
    0.495479075E-16
    0.497849869E-16
    0.503891809E-16
    0.512992307E-16
    0.515725977E-16
    0.509929735E-16
    0.505627315E-16
    0.507777363E-16
    0.506030532E-16
    0.491217858E-16
    0.472044911E-16
    0.462829040E-16
    0.463456331E-16
    0.468191219E-16
    0.484909473E-16
    0.523395230E-16
    0.572397719E-16
    0.610159882E-16
    0.629585155E-16
    0.635683920E-16
    0.630339661E-16
    0.615657873E-16
    0.599979088E-16
    0.587362877E-16
    0.572700827E-16
    0.555438326E-16
    0.543992164E-16
    0.539733490E-16
    0.531583168E-16
    0.513428664E-16
    0.493550966E-16
    0.480394420E-16
    0.470759783E-16
    0.458849313E-16
    0.447184391E-16
    0.441378226E-16
    0.441798228E-16
    0.446425718E-16
    0.454648524E-16
    0.463160545E-16
    0.464991344E-16
    0.457055247E-16
    0.444442995E-16
    0.435759365E-16
    0.437166195E-16
    0.450764791E-16
    0.476492225E-16
    0.513404735E-16
    0.555214503E-16
    0.584813401E-16
    0.582218042E-16
    0.543995623E-16
    0.489001015E-16
    0.439662452E-16
    0.403315622E-16
    0.376078069E-16
    0.356575806E-16
    0.347587359E-16
    0.348916666E-16
    0.356042140E-16
    0.364025253E-16
    0.369478734E-16
    0.372067616E-16
    0.376428789E-16
    0.388173585E-16
    0.405418735E-16
    0.418943211E-16
    0.423525039E-16
    0.424044796E-16
    0.426647540E-16
    0.428660661E-16
    0.421920875E-16
    0.402732913E-16
    0.374660064E-16
    0.344610303E-16
    0.319902605E-16
    0.306249247E-16
    0.303795961E-16
    0.305753892E-16
    0.305192334E-16
    0.304530176E-16
    0.315118048E-16
    0.344295736E-16
    0.384026795E-16
    0.415913989E-16
    0.428304940E-16
    0.426153474E-16
    0.423239691E-16
    0.427209819E-16
    0.434427623E-16
    0.438494092E-16
    0.440942407E-16
    0.451070587E-16
    0.474465292E-16
    0.503470856E-16
    0.521991527E-16
    0.520424488E-16
    0.503937578E-16
    0.485747215E-16
    0.474941828E-16
    0.471640775E-16
    0.470391385E-16
    0.465528454E-16
    0.455698304E-16
    0.446713194E-16
    0.449023452E-16
    0.468903748E-16
    0.501565600E-16
    0.535112026E-16
    0.561588124E-16
    0.581856743E-16
    0.598902919E-16
    0.609263221E-16
    0.604261147E-16
    0.579708823E-16
    0.542318113E-16
    0.505573746E-16
    0.480087779E-16
    0.468375364E-16
    0.467323684E-16
    0.472940289E-16
    0.481414495E-16
    0.487229433E-16
    0.483588550E-16
    0.466891861E-16
    0.440444827E-16
    0.412309758E-16
    0.389012094E-16
    0.371912956E-16
    0.359940297E-16
    0.354553872E-16
    0.359740236E-16
    0.376034211E-16
    0.395977243E-16
    0.407796490E-16
    0.404467476E-16
    0.388982212E-16
    0.371169687E-16
    0.360213984E-16
    0.360024723E-16
    0.370256455E-16
    0.389891964E-16
    0.418675029E-16
    0.455180664E-16
    0.494438724E-16
    0.528196941E-16
    0.548016184E-16
    0.549292368E-16
    0.534008526E-16
    0.510465249E-16
    0.489427189E-16
    0.478286552E-16
    0.476814707E-16
    0.477972986E-16
    0.473963181E-16
    0.463044572E-16
    0.451532206E-16
    0.449764524E-16
    0.465515146E-16
    0.498813260E-16
    0.540479693E-16
    0.575449908E-16
    0.589836038E-16
    0.577543991E-16
    0.542099813E-16
    0.493396918E-16
    0.442763895E-16
    0.399547827E-16
    0.370010815E-16
    0.357536953E-16
    0.362715683E-16
    0.382942373E-16
    0.413040697E-16
    0.448018266E-16
    0.485761451E-16
    0.526353171E-16
    0.568394461E-16
    0.606325990E-16
    0.631614088E-16
    0.636956185E-16
    0.620480368E-16
    0.587073767E-16
    0.546140399E-16
    0.507815114E-16
    0.479901389E-16
    0.466069139E-16
    0.465467710E-16
    0.474145034E-16
    0.487418976E-16
    0.501091315E-16
    0.511257505E-16
    0.514459058E-16
    0.508886551E-16
    0.495648035E-16
    0.479008336E-16
    0.465146324E-16
    0.459608721E-16
    0.465112338E-16
    0.481371594E-16
    0.506386679E-16
    0.537165653E-16
    0.569618621E-16
    0.598934983E-16
    0.620922861E-16
    0.633376247E-16
    0.636960308E-16
    0.635266799E-16
    0.633174565E-16
    0.633654387E-16
