 #tdnd tdcion
    0.235189819E-16
    0.259479464E-16
    0.222141529E-16
    0.323422186E-16
    0.240959858E-16
    0.227806804E-16
    0.234262200E-16
    0.298656493E-16
    0.246305953E-16
    0.258649813E-16
    0.207963610E-16
    0.311438234E-16
    0.221647918E-16
    0.219696224E-16
    0.237072413E-16
    0.237924125E-16
    0.276067276E-16
    0.228076266E-16
    0.247466750E-16
    0.278497034E-16
    0.260241363E-16
    0.226982944E-16
    0.224887587E-16
    0.260485434E-16
    0.287627167E-16
    0.223394862E-16
    0.302640888E-16
    0.267974261E-16
    0.275784103E-16
    0.218246731E-16
    0.223711177E-16
    0.303160680E-16
    0.258857181E-16
    0.376873995E-16
    0.333058749E-16
    0.413572304E-16
    0.415874829E-16
    0.332998456E-16
    0.498576507E-16
    0.336092085E-16
    0.568238541E-16
    0.524116791E-16
    0.508347273E-16
    0.702191025E-16
    0.695430912E-16
    0.479478692E-16
    0.613811665E-16
    0.441381123E-16
    0.306642621E-16
    0.573942056E-16
    0.521424997E-16
    0.507188621E-16
    0.470930844E-16
    0.361492076E-16
    0.381638704E-16
    0.337449562E-16
    0.373051691E-16
    0.443725077E-16
    0.398181939E-16
    0.414550885E-16
    0.320996091E-16
    0.416096772E-16
    0.386265423E-16
    0.308460982E-16
    0.540271933E-16
    0.352832877E-16
    0.386477487E-16
    0.354578390E-16
    0.395928779E-16
    0.389418550E-16
    0.329891841E-16
    0.329544393E-16
    0.327174302E-16
    0.347028836E-16
    0.380150050E-16
    0.528629217E-16
    0.255533374E-16
    0.369910347E-16
    0.377042951E-16
    0.314014974E-16
    0.332560309E-16
    0.409595507E-16
    0.343665977E-16
    0.220592344E-16
    0.459814902E-16
    0.345662827E-16
    0.380148851E-16
    0.364941141E-16
    0.305053737E-16
    0.310683591E-16
    0.363355705E-16
    0.523493089E-16
    0.253546916E-16
    0.289861941E-16
    0.419675538E-16
    0.320215433E-16
    0.346287234E-16
    0.299205460E-16
    0.364050102E-16
    0.328677851E-16
    0.449786611E-16
    0.328819325E-16
    0.413264317E-16
    0.346552879E-16
    0.286246461E-16
    0.302476017E-16
    0.306660257E-16
    0.398030575E-16
    0.411074479E-16
    0.335990743E-16
    0.317602414E-16
    0.447762968E-16
    0.298429510E-16
    0.271657144E-16
    0.378450181E-16
    0.346821004E-16
    0.320691375E-16
    0.403643176E-16
    0.500105650E-16
    0.289854063E-16
    0.348853289E-16
    0.295425112E-16
    0.290213505E-16
    0.423588838E-16
    0.316477344E-16
    0.377382440E-16
    0.296345268E-16
    0.480640556E-16
    0.315285890E-16
    0.368491498E-16
    0.360591809E-16
    0.313759225E-16
    0.315052871E-16
    0.338768918E-16
    0.483683696E-16
    0.269065150E-16
    0.417883272E-16
    0.342537433E-16
    0.272651701E-16
    0.404207306E-16
    0.263858397E-16
    0.426068587E-16
    0.335317538E-16
    0.420005476E-16
    0.268057109E-16
    0.513883040E-16
    0.305891678E-16
    0.268624592E-16
    0.358816988E-16
    0.287287993E-16
    0.493998595E-16
    0.316191785E-16
    0.496051455E-16
    0.237899079E-16
    0.311090141E-16
    0.390085866E-16
    0.309975905E-16
    0.366105539E-16
    0.249619801E-16
    0.468257754E-16
    0.320372045E-16
    0.446493939E-16
    0.250676244E-16
    0.386352638E-16
    0.419406978E-16
    0.327111646E-16
    0.273564626E-16
    0.234043470E-16
    0.486315529E-16
    0.263856671E-16
    0.471297606E-16
    0.304780690E-16
    0.323909665E-16
    0.419748961E-16
    0.283404166E-16
    0.281714152E-16
    0.247474053E-16
    0.380314915E-16
    0.366017540E-16
    0.505851813E-16
    0.238042647E-16
    0.335958501E-16
    0.432617546E-16
    0.233048365E-16
    0.299844885E-16
    0.287031102E-16
    0.423263941E-16
    0.305329025E-16
    0.329109270E-16
    0.281202649E-16
    0.345102294E-16
    0.363607317E-16
    0.283883909E-16
    0.349540880E-16
    0.282446621E-16
    0.296857771E-16
    0.340375678E-16
    0.370476971E-16
    0.267235876E-16
    0.371330750E-16
    0.410257955E-16
    0.188781631E-16
    0.262432229E-16
    0.260517746E-16
    0.386528574E-16
    0.338972689E-16
    0.240177535E-16
    0.298248304E-16
    0.351690170E-16
    0.294842407E-16
    0.288868004E-16
    0.297579629E-16
    0.317635174E-16
    0.319274671E-16
    0.318344036E-16
    0.295940114E-16
    0.236602937E-16
    0.315571451E-16
    0.340494870E-16
    0.236029951E-16
    0.243091451E-16
    0.251328768E-16
    0.359392465E-16
    0.306994016E-16
    0.203225532E-16
    0.253583593E-16
    0.398226496E-16
    0.290935065E-16
    0.313487691E-16
    0.208087293E-16
    0.299138952E-16
    0.282969786E-16
    0.290390174E-16
    0.310573716E-16
    0.205495796E-16
    0.282971134E-16
    0.255933659E-16
    0.286861981E-16
    0.216142283E-16
    0.271642513E-16
    0.345124473E-16
    0.250757222E-16
    0.205536176E-16
    0.223192702E-16
    0.444896752E-16
    0.268110623E-16
    0.314152375E-16
    0.176653532E-16
    0.293205894E-16
    0.212376172E-16
    0.242877750E-16
    0.308322344E-16
    0.201297581E-16
    0.293002102E-16
    0.238104673E-16
    0.284981555E-16
    0.203258105E-16
    0.288721990E-16
    0.290238227E-16
    0.219877563E-16
    0.231789953E-16
    0.257555458E-16
    0.433877133E-16
    0.230728884E-16
    0.267956637E-16
    0.195467334E-16
    0.270615264E-16
    0.162418887E-16
    0.255842902E-16
    0.277901259E-16
    0.227109509E-16
    0.293338609E-16
    0.244009859E-16
    0.264647954E-16
    0.228219592E-16
    0.279136717E-16
    0.239589397E-16
    0.220281829E-16
    0.266809362E-16
    0.314837602E-16
    0.334798889E-16
    0.206334464E-16
    0.248797301E-16
    0.211168886E-16
    0.226243502E-16
    0.198584186E-16
    0.253088509E-16
    0.261167107E-16
    0.271220816E-16
    0.243695112E-16
    0.250096879E-16
    0.259376207E-16
    0.245102140E-16
    0.269831155E-16
    0.245027183E-16
    0.202006782E-16
    0.293521369E-16
    0.323558254E-16
    0.248300910E-16
    0.213284604E-16
    0.264344023E-16
    0.219548113E-16
    0.205394308E-16
    0.286311414E-16
    0.210582551E-16
    0.239395718E-16
    0.295186492E-16
    0.241702118E-16
    0.239713502E-16
    0.264679147E-16
    0.264561350E-16
    0.233769367E-16
    0.289269934E-16
    0.203634375E-16
    0.261826053E-16
    0.320842243E-16
    0.255360073E-16
    0.204590271E-16
    0.305972422E-16
    0.218220842E-16
    0.201532471E-16
    0.332275541E-16
    0.198399220E-16
    0.196052225E-16
    0.315478776E-16
    0.284925141E-16
    0.209684501E-16
    0.290836618E-16
    0.260252920E-16
    0.204027136E-16
    0.296395098E-16
    0.234086344E-16
    0.246756994E-16
    0.309519792E-16
    0.285492668E-16
    0.204427377E-16
    0.334866970E-16
    0.196260686E-16
    0.236923208E-16
    0.285646357E-16
    0.203997695E-16
    0.214861839E-16
    0.288438107E-16
    0.319586264E-16
    0.222488784E-16
    0.302150143E-16
    0.221300789E-16
    0.237646230E-16
    0.254842423E-16
    0.249882174E-16
    0.315470557E-16
    0.262318406E-16
    0.276842910E-16
    0.240002853E-16
    0.302949784E-16
    0.193386182E-16
    0.296073930E-16
    0.227865360E-16
    0.182315751E-16
    0.291308360E-16
    0.245912327E-16
    0.327525176E-16
    0.258761814E-16
    0.289760842E-16
    0.217661028E-16
    0.277123027E-16
    0.221779929E-16
    0.230881923E-16
    0.363514363E-16
    0.243916953E-16
    0.254415157E-16
    0.254092048E-16
    0.256601208E-16
    0.249656573E-16
    0.298101487E-16
    0.219678454E-16
    0.167553084E-16
    0.294079425E-16
    0.293898235E-16
    0.297702290E-16
    0.268290299E-16
    0.273225432E-16
    0.267737341E-16
    0.236133524E-16
    0.222372675E-16
    0.219389730E-16
    0.308079073E-16
    0.293635722E-16
    0.232394929E-16
    0.237111353E-16
    0.259545505E-16
    0.292154275E-16
    0.247347402E-16
    0.228519229E-16
    0.187194221E-16
    0.244232424E-16
    0.358327708E-16
    0.243305199E-16
    0.265830419E-16
    0.271537397E-16
    0.271705807E-16
    0.192883145E-16
    0.222900648E-16
    0.227308791E-16
    0.250796513E-16
    0.319639116E-16
    0.198468127E-16
    0.234230739E-16
    0.285457986E-16
    0.282763548E-16
    0.221429792E-16
    0.209954931E-16
    0.196146012E-16
    0.244585821E-16
    0.324432404E-16
    0.228902521E-16
    0.244754595E-16
    0.302568172E-16
    0.230321780E-16
    0.196710483E-16
    0.197192025E-16
    0.222856990E-16
    0.250524784E-16
    0.264287342E-16
    0.206460392E-16
    0.221821386E-16
    0.329745305E-16
    0.240133288E-16
    0.220227145E-16
    0.194628110E-16
    0.174192768E-16
    0.272403513E-16
    0.247668609E-16
    0.265239905E-16
    0.226320686E-16
    0.317008743E-16
    0.175723337E-16
    0.206853033E-16
    0.191791651E-16
    0.200169606E-16
    0.275829497E-16
    0.205882315E-16
    0.244510208E-16
    0.235540073E-16
    0.323001180E-16
    0.192602384E-16
    0.227854837E-16
    0.184248569E-16
    0.175575805E-16
    0.262194783E-16
    0.209184204E-16
    0.302107726E-16
    0.231342699E-16
    0.264432461E-16
    0.163258578E-16
    0.208198975E-16
    0.170720656E-16
    0.222129027E-16
    0.254975751E-16
    0.206953878E-16
    0.264066587E-16
    0.253231311E-16
    0.250738699E-16
    0.196071373E-16
    0.215983343E-16
    0.169939068E-16
    0.212522945E-16
    0.214745882E-16
    0.252507378E-16
    0.268310464E-16
    0.213352872E-16
    0.214016685E-16
    0.193877796E-16
    0.181427923E-16
    0.179850430E-16
    0.239504332E-16
    0.214043191E-16
    0.246344718E-16
    0.253059333E-16
    0.250222409E-16
    0.200306049E-16
    0.208449477E-16
    0.192245048E-16
    0.186645529E-16
    0.224570095E-16
    0.205806249E-16
    0.309497894E-16
    0.222085211E-16
    0.241912691E-16
    0.184574091E-16
    0.211226963E-16
    0.191271010E-16
    0.222868293E-16
    0.226863041E-16
    0.199488300E-16
    0.282415124E-16
    0.249303955E-16
    0.254443561E-16
    0.195442340E-16
    0.207156468E-16
    0.211191406E-16
    0.215770499E-16
    0.255895310E-16
    0.245183863E-16
    0.348937263E-16
    0.213019159E-16
    0.228269812E-16
    0.218851081E-16
    0.200056798E-16
    0.232689503E-16
    0.248832387E-16
    0.277705880E-16
    0.216907279E-16
    0.304627421E-16
    0.216496178E-16
    0.213182217E-16
    0.278990235E-16
    0.207006317E-16
    0.242695265E-16
    0.221802329E-16
    0.298565873E-16
    0.294801761E-16
    0.305985321E-16
    0.187420833E-16
    0.202983430E-16
    0.289273848E-16
    0.200705668E-16
    0.248957288E-16
    0.257473246E-16
    0.293706665E-16
    0.257518212E-16
    0.266324946E-16
    0.200012338E-16
    0.205556267E-16
    0.318740642E-16
    0.273800263E-16
    0.221813282E-16
    0.247513285E-16
    0.275972813E-16
    0.275709420E-16
    0.234636373E-16
    0.220353961E-16
    0.199921072E-16
    0.281666535E-16
    0.273205866E-16
    0.221332387E-16
    0.304225743E-16
    0.267111170E-16
    0.266102477E-16
    0.291656245E-16
    0.226419594E-16
    0.222499095E-16
    0.293973495E-16
    0.310950056E-16
    0.211942561E-16
    0.309869350E-16
    0.248684884E-16
    0.254411632E-16
    0.283415154E-16
    0.235920247E-16
    0.252788833E-16
    0.301712462E-16
    0.262164355E-16
    0.256604333E-16
    0.318452355E-16
    0.241737581E-16
    0.284525708E-16
    0.320937353E-16
    0.252290644E-16
    0.294212110E-16
    0.309959544E-16
    0.251855863E-16
    0.296111379E-16
    0.307516317E-16
    0.273700308E-16
    0.287466638E-16
    0.290413714E-16
    0.253294432E-16
    0.296136179E-16
    0.293818994E-16
    0.259336625E-16
    0.327829603E-16
    0.283146086E-16
    0.268921697E-16
    0.307129604E-16
    0.292941079E-16
    0.293155903E-16
    0.280828349E-16
    0.303763685E-16
    0.290707500E-16
    0.303329299E-16
    0.304795891E-16
    0.280668618E-16
    0.304353221E-16
    0.308664032E-16
    0.308820101E-16
    0.240493846E-16
    0.313394921E-16
    0.384497289E-16
    0.297586462E-16
    0.331817779E-16
    0.263155822E-16
    0.279689268E-16
    0.322437077E-16
    0.317668676E-16
    0.271166139E-16
    0.368432837E-16
    0.435299922E-16
    0.297935474E-16
    0.353862636E-16
    0.280906962E-16
    0.275014781E-16
    0.375409491E-16
    0.320646402E-16
    0.325361216E-16
    0.365346813E-16
    0.466399897E-16
    0.342078515E-16
    0.356129048E-16
    0.334501335E-16
    0.343998894E-16
    0.414739399E-16
    0.331662866E-16
    0.403011263E-16
    0.377662008E-16
    0.452726672E-16
    0.373178004E-16
    0.341723192E-16
    0.417199417E-16
    0.366523886E-16
    0.452932086E-16
    0.363361321E-16
    0.467802242E-16
    0.366092617E-16
    0.496046361E-16
    0.383543642E-16
    0.290154653E-16
    0.531220667E-16
    0.400329958E-16
    0.467094648E-16
    0.381359203E-16
    0.492531379E-16
    0.365994505E-16
    0.560328951E-16
    0.406309294E-16
    0.353102856E-16
    0.599955124E-16
    0.418738851E-16
    0.471367664E-16
    0.401682679E-16
    0.476864716E-16
    0.514582310E-16
    0.659307185E-16
    0.414388670E-16
    0.430133869E-16
    0.550752323E-16
    0.455103648E-16
    0.519912004E-16
    0.502954667E-16
    0.469518068E-16
    0.647294300E-16
    0.630238131E-16
    0.432067398E-16
    0.535576718E-16
    0.527258422E-16
    0.587095603E-16
    0.618449182E-16
    0.598949053E-16
    0.536854503E-16
    0.790159590E-16
    0.671078345E-16
    0.591809731E-16
    0.592718904E-16
    0.537623616E-16
    0.704538870E-16
    0.716213403E-16
    0.672812419E-16
    0.679371142E-16
    0.819736020E-16
    0.640964503E-16
    0.729748402E-16
    0.577680404E-16
    0.638928203E-16
    0.830251589E-16
    0.821208485E-16
    0.677542125E-16
    0.779283229E-16
    0.775318142E-16
    0.745977457E-16
    0.880386026E-16
    0.659772416E-16
    0.827823070E-16
    0.921552160E-16
    0.875429242E-16
    0.713178076E-16
    0.897878498E-16
    0.775620138E-16
    0.919260301E-16
    0.964958210E-16
    0.689374825E-16
    0.971530567E-16
    0.983286116E-16
    0.894173146E-16
    0.803347706E-16
    0.963317101E-16
    0.814837947E-16
    0.102100857E-15
    0.993107861E-16
    0.770473436E-16
    0.111525889E-15
    0.104956048E-15
    0.980915178E-16
    0.105375658E-15
    0.106258357E-15
    0.110090862E-15
    0.120478221E-15
    0.115493668E-15
    0.911643237E-16
    0.124796797E-15
    0.105395692E-15
    0.117808478E-15
    0.138508482E-15
    0.125964630E-15
    0.142531216E-15
    0.136017266E-15
    0.136626134E-15
    0.114732242E-15
    0.142864630E-15
    0.118792821E-15
    0.154179645E-15
    0.155657983E-15
    0.152952639E-15
    0.166388827E-15
    0.153055442E-15
    0.170263078E-15
    0.161299457E-15
    0.165424828E-15
    0.166480046E-15
    0.192028110E-15
    0.180329318E-15
    0.192970818E-15
    0.180371909E-15
    0.171377808E-15
    0.210783071E-15
    0.200135707E-15
    0.185802867E-15
    0.236387616E-15
    0.216453556E-15
    0.215222164E-15
    0.220860906E-15
    0.190449329E-15
    0.200357251E-15
    0.253314238E-15
    0.215958982E-15
    0.211246224E-15
    0.285444537E-15
    0.217211373E-15
    0.267480587E-15
    0.244261291E-15
    0.224291194E-15
    0.245921809E-15
    0.299511930E-15
    0.214267742E-15
    0.244692118E-15
    0.285589529E-15
    0.237592237E-15
    0.312526408E-15
    0.262056243E-15
    0.274311410E-15
    0.303865657E-15
    0.333019038E-15
    0.244887154E-15
    0.292047787E-15
    0.288939961E-15
    0.282528383E-15
    0.331190906E-15
    0.280415170E-15
    0.321821365E-15
    0.339910991E-15
    0.347173841E-15
    0.325469784E-15
    0.351582084E-15
    0.335828179E-15
    0.368572090E-15
    0.377352507E-15
    0.339541253E-15
    0.363095385E-15
    0.359333167E-15
    0.383013231E-15
    0.427514779E-15
    0.402365645E-15
    0.440022737E-15
    0.472310764E-15
    0.461258921E-15
    0.447475711E-15
    0.436696070E-15
    0.430715967E-15
    0.485759311E-15
    0.524496370E-15
    0.457361744E-15
    0.544418144E-15
    0.530379063E-15
    0.577699922E-15
    0.568141206E-15
    0.553933011E-15
    0.558741854E-15
    0.656208733E-15
    0.626767957E-15
    0.548891744E-15
    0.641859741E-15
    0.599380212E-15
    0.700075593E-15
    0.664558599E-15
    0.683534328E-15
    0.718137526E-15
    0.838476253E-15
    0.737862864E-15
    0.718578191E-15
    0.765129539E-15
    0.718495113E-15
    0.821657215E-15
    0.759515117E-15
    0.815344543E-15
    0.848473607E-15
    0.944545654E-15
    0.849383936E-15
    0.919024975E-15
    0.890329930E-15
    0.924710292E-15
    0.972955366E-15
    0.931542558E-15
    0.946522457E-15
    0.956414300E-15
    0.998925499E-15
    0.992977720E-15
    0.106302615E-14
    0.105356710E-14
    0.114621764E-14
    0.115864218E-14
    0.116811765E-14
    0.113926188E-14
    0.112982258E-14
    0.114289862E-14
    0.120908843E-14
    0.120167240E-14
    0.123418935E-14
    0.130645586E-14
    0.134471391E-14
    0.140469255E-14
    0.137615298E-14
    0.137417136E-14
    0.142994363E-14
    0.152453590E-14
    0.144323731E-14
    0.149714127E-14
    0.150105067E-14
    0.158480658E-14
    0.161220800E-14
    0.162292646E-14
    0.165278022E-14
    0.182012294E-14
    0.185731570E-14
    0.183793830E-14
    0.186166536E-14
    0.184577310E-14
    0.195079445E-14
    0.192806139E-14
    0.197240642E-14
    0.203356912E-14
    0.221711650E-14
    0.217439264E-14
    0.229196924E-14
    0.226586856E-14
    0.234955574E-14
    0.244469291E-14
    0.245228385E-14
    0.250760954E-14
    0.258780330E-14
    0.267057167E-14
    0.262198751E-14
    0.279793259E-14
    0.277926802E-14
    0.294985462E-14
    0.302843342E-14
    0.312131941E-14
    0.321087771E-14
    0.330743005E-14
    0.332976433E-14
    0.330888539E-14
    0.353076845E-14
    0.349499282E-14
    0.370481140E-14
    0.371360481E-14
    0.390540058E-14
    0.398582179E-14
    0.413484682E-14
    0.414504941E-14
    0.424360122E-14
    0.449260509E-14
    0.447243236E-14
    0.467700855E-14
    0.463736592E-14
    0.490485077E-14
    0.494728626E-14
    0.514768147E-14
    0.517838883E-14
    0.543957063E-14
    0.572357453E-14
    0.583145857E-14
    0.615316024E-14
    0.624413189E-14
    0.675578633E-14
    0.694334337E-14
    0.751038855E-14
    0.774967212E-14
    0.861087115E-14
    0.925415727E-14
    0.101197555E-13
    0.111772845E-13
    0.123239181E-13
    0.141228435E-13
    0.159278323E-13
    0.183640229E-13
    0.207879803E-13
    0.247140065E-13
    0.284839984E-13
    0.335949196E-13
    0.393006810E-13
    0.463689156E-13
    0.552492363E-13
    0.655078109E-13
    0.778791427E-13
    0.921552405E-13
    0.111056252E-12
    0.131308417E-12
    0.157128896E-12
    0.186253412E-12
    0.222402725E-12
    0.265032557E-12
    0.315424055E-12
    0.374202071E-12
    0.443912642E-12
    0.528601893E-12
    0.624403366E-12
    0.740552801E-12
    0.873967599E-12
    0.103529343E-11
    0.122266044E-11
    0.144309360E-11
    0.169910542E-11
    0.200160216E-11
    0.235808477E-11
    0.276809120E-11
    0.325292344E-11
    0.381300433E-11
    0.447658753E-11
    0.524133681E-11
    0.613695222E-11
    0.717074442E-11
    0.838469091E-11
    0.979343827E-11
    0.114241727E-10
    0.133228341E-10
    0.155223256E-10
    0.180870681E-10
    0.210417561E-10
    0.244721818E-10
    0.284264715E-10
    0.330265451E-10
    0.383306391E-10
    0.444569527E-10
    0.515321024E-10
    0.597083224E-10
    0.691503011E-10
    0.800167022E-10
    0.925510933E-10
    0.106969797E-09
    0.123619003E-09
    0.142743831E-09
    0.164742530E-09
    0.190025912E-09
    0.219111439E-09
    0.252502840E-09
    0.290819149E-09
    0.334787382E-09
    0.385212014E-09
    0.443096717E-09
    0.509367848E-09
    0.585279151E-09
    0.672193729E-09
    0.771722741E-09
    0.885515677E-09
    0.101562501E-08
    0.116429343E-08
    0.133416668E-08
    0.152822822E-08
    0.174961752E-08
    0.200220314E-08
    0.229030244E-08
    0.261881156E-08
    0.299300762E-08
    0.341927899E-08
    0.390447301E-08
    0.445680557E-08
    0.508511635E-08
    0.579937207E-08
    0.661111265E-08
    0.753348228E-08
    0.858093926E-08
    0.976976169E-08
    0.111187425E-07
    0.126485286E-07
    0.143832628E-07
    0.163489397E-07
    0.185753958E-07
    0.210961935E-07
    0.239497380E-07
    0.271775979E-07
    0.308278364E-07
    0.349537467E-07
    0.396154596E-07
    0.448809450E-07
    0.508249574E-07
    0.575322000E-07
    0.650978243E-07
    0.736290030E-07
    0.832429991E-07
    0.940741551E-07
    0.106270268E-06
    0.119998571E-06
    0.135445177E-06
    0.152816526E-06
    0.172344193E-06
    0.194287801E-06
    0.218936170E-06
    0.246608070E-06
    0.277664549E-06
    0.312501503E-06
    0.351565977E-06
    0.395350660E-06
    0.444404341E-06
    0.499336983E-06
    0.560830250E-06
    0.629636422E-06
    0.706589197E-06
    0.792621562E-06
    0.888757308E-06
    0.996144125E-06
    0.111604240E-05
    0.124985283E-05
    0.139912396E-05
    0.156557766E-05
    0.175110427E-05
    0.195780053E-05
    0.218798825E-05
    0.244421645E-05
    0.272932158E-05
    0.304640794E-05
    0.339891585E-05
    0.379062568E-05
    0.422572455E-05
    0.470878549E-05
    0.524487691E-05
    0.583955812E-05
    0.649893731E-05
    0.722975052E-05
    0.803936568E-05
    0.893589292E-05
    0.992822273E-05
    0.110261302E-04
    0.122402755E-04
    0.135824094E-04
    0.150653492E-04
    0.167031450E-04
    0.185111864E-04
    0.205062625E-04
    0.227067536E-04
    0.251327324E-04
    0.278061381E-04
    0.307508328E-04
    0.339929755E-04
    0.375609557E-04
    0.414857921E-04
    0.458012491E-04
    0.505440479E-04
    0.557541630E-04
    0.614750784E-04
    0.677540427E-04
    0.746423038E-04
    0.821956803E-04
    0.904745150E-04
    0.995444367E-04
    0.109476493E-03
    0.120347643E-03
    0.132241227E-03
    0.145247485E-03
    0.159463935E-03
    0.174995962E-03
    0.191957635E-03
    0.210471755E-03
    0.230671222E-03
    0.252699110E-03
    0.276709749E-03
    0.302869317E-03
    0.331356925E-03
    0.362365028E-03
    0.396100779E-03
    0.432786915E-03
    0.472662315E-03
    0.515983918E-03
    0.563026999E-03
    0.614086881E-03
    0.669479937E-03
    0.729545234E-03
    0.794645213E-03
    0.865167985E-03
    0.941528298E-03
    0.102416889E-02
    0.111356306E-02
    0.121021519E-02
    0.131466336E-02
    0.142748076E-02
    0.154927814E-02
    0.168070467E-02
    0.182245157E-02
    0.197525288E-02
    0.213988807E-02
    0.231718501E-02
    0.250802098E-02
    0.271332617E-02
    0.293408548E-02
    0.317134180E-02
    0.342619702E-02
    0.369981699E-02
    0.399343175E-02
    0.430833981E-02
    0.464591067E-02
    0.500758686E-02
    0.539488739E-02
    0.580941051E-02
    0.625283665E-02
    0.672693001E-02
    0.723354391E-02
    0.777462051E-02
    0.835219587E-02
    0.896840189E-02
    0.962546847E-02
    0.103257266E-01
    0.110716110E-01
    0.118656624E-01
    0.127105285E-01
    0.136089691E-01
    0.145638543E-01
    0.155781694E-01
    0.166550150E-01
    0.177976087E-01
    0.190092855E-01
    0.202935010E-01
    0.216538293E-01
    0.230939642E-01
    0.246177212E-01
    0.262290335E-01
    0.279319543E-01
    0.297306547E-01
    0.316294218E-01
    0.336326569E-01
    0.357448740E-01
    0.379706958E-01
    0.403148497E-01
    0.427821671E-01
    0.453775742E-01
    0.481060904E-01
    0.509728221E-01
    0.539829552E-01
    0.571417482E-01
    0.604545271E-01
    0.639266737E-01
    0.675636184E-01
    0.713708324E-01
    0.753538129E-01
    0.795180756E-01
    0.838691435E-01
    0.884125309E-01
    0.931537333E-01
    0.980982131E-01
    0.103251384E+00
    0.108618595E+00
    0.114205120E+00
    0.120016132E+00
    0.126056691E+00
    0.132331731E+00
    0.138846030E+00
    0.145604202E+00
    0.152610670E+00
    0.159869651E+00
    0.167385131E+00
    0.175160850E+00
    0.183200271E+00
    0.191506570E+00
    0.200082609E+00
    0.208930912E+00
    0.218053644E+00
    0.227452593E+00
    0.237129145E+00
    0.247084258E+00
    0.257318453E+00
    0.267831774E+00
    0.278623786E+00
    0.289693543E+00
    0.301039572E+00
    0.312659848E+00
    0.324551789E+00
    0.336712227E+00
    0.349137389E+00
    0.361822896E+00
    0.374763731E+00
    0.387954241E+00
    0.401388115E+00
    0.415058380E+00
    0.428957381E+00
    0.443076799E+00
    0.457407612E+00
    0.471940114E+00
    0.486663914E+00
    0.501567920E+00
    0.516640356E+00
    0.531868761E+00
    0.547239997E+00
    0.562740246E+00
    0.578355053E+00
    0.594069297E+00
    0.609867234E+00
    0.625732516E+00
    0.641648193E+00
    0.657596750E+00
    0.673560132E+00
    0.689519761E+00
    0.705456573E+00
    0.721351061E+00
    0.737183281E+00
    0.752932911E+00
    0.768579292E+00
    0.784101445E+00
    0.799478136E+00
    0.814687916E+00
    0.829709153E+00
    0.844520098E+00
    0.859098930E+00
    0.873423789E+00
    0.887472850E+00
    0.901224371E+00
    0.914656729E+00
    0.927748500E+00
    0.940478498E+00
    0.952825827E+00
    0.964769950E+00
    0.976290738E+00
    0.987368513E+00
    0.997984124E+00
    0.100811899E+01
    0.101775513E+01
    0.102687529E+01
    0.103546288E+01
    0.104350212E+01
    0.105097805E+01
    0.105787657E+01
    0.106418449E+01
    0.106988959E+01
    0.107498061E+01
    0.107944735E+01
    0.108328065E+01
    0.108647245E+01
    0.108901581E+01
    0.109090494E+01
    0.109213520E+01
    0.109270315E+01
    0.109260653E+01
    0.109184430E+01
    0.109041664E+01
    0.108832493E+01
    0.108557179E+01
    0.108216104E+01
    0.107809771E+01
    0.107338802E+01
    0.106803938E+01
    0.106206035E+01
    0.105546065E+01
    0.104825108E+01
    0.104044354E+01
    0.103205099E+01
    0.102308741E+01
    0.101356771E+01
    0.100350779E+01
    0.992924421E+00
    0.981835202E+00
    0.970258550E+00
    0.958213614E+00
    0.945720227E+00
    0.932798869E+00
    0.919470591E+00
    0.905756957E+00
    0.891680011E+00
    0.877262181E+00
    0.862526235E+00
    0.847495237E+00
    0.832192450E+00
    0.816641304E+00
    0.800865330E+00
    0.784888086E+00
    0.768733106E+00
    0.752423858E+00
    0.735983655E+00
    0.719435622E+00
    0.702802639E+00
    0.686107272E+00
    0.669371752E+00
    0.652617898E+00
    0.635867080E+00
    0.619140180E+00
    0.602457551E+00
    0.585838969E+00
    0.569303603E+00
    0.552869978E+00
    0.536555947E+00
    0.520378670E+00
    0.504354567E+00
    0.488499318E+00
    0.472827837E+00
    0.457354251E+00
    0.442091896E+00
    0.427053295E+00
    0.412250157E+00
    0.397693377E+00
    0.383393029E+00
    0.369358355E+00
    0.355597795E+00
    0.342118969E+00
    0.328928694E+00
    0.316033002E+00
    0.303437135E+00
    0.291145573E+00
    0.279162054E+00
    0.267489577E+00
    0.256130432E+00
    0.245086228E+00
    0.234357898E+00
    0.223945738E+00
    0.213849434E+00
    0.204068068E+00
    0.194600173E+00
    0.185443740E+00
    0.176596252E+00
    0.168054718E+00
    0.159815696E+00
    0.151875322E+00
    0.144229344E+00
    0.136873148E+00
    0.129801784E+00
    0.123010005E+00
    0.116492279E+00
    0.110242832E+00
    0.104255669E+00
    0.985245998E-01
    0.930432625E-01
    0.878051569E-01
    0.828036610E-01
    0.780320594E-01
    0.734835621E-01
    0.691513254E-01
    0.650284785E-01
    0.611081378E-01
    0.573834240E-01
    0.538474841E-01
    0.504935046E-01
    0.473147285E-01
    0.443044689E-01
    0.414561197E-01
    0.387631705E-01
    0.362192186E-01
    0.338179756E-01
    0.315532772E-01
    0.294190941E-01
    0.274095350E-01
    0.255188566E-01
    0.237414664E-01
    0.220719268E-01
    0.205049616E-01
    0.190354566E-01
    0.176584620E-01
    0.163691940E-01
    0.151630378E-01
    0.140355430E-01
    0.129824293E-01
    0.119995804E-01
    0.110830459E-01
    0.102290389E-01
    0.943393288E-02
    0.869425958E-02
    0.800670735E-02
    0.736811657E-02
    0.677547595E-02
    0.622592077E-02
    0.571672682E-02
    0.524530875E-02
    0.480921375E-02
    0.440611823E-02
    0.403382343E-02
    0.369025207E-02
    0.337344162E-02
    0.308154176E-02
    0.281280903E-02
    0.256560304E-02
    0.233838167E-02
    0.212969653E-02
    0.193818871E-02
    0.176258517E-02
    0.160169429E-02
    0.145440116E-02
    0.131966469E-02
    0.119651295E-02
    0.108404024E-02
    0.981402775E-03
    0.887815494E-03
    0.802548683E-03
    0.724924962E-03
    0.654315778E-03
    0.590138719E-03
    0.531854641E-03
    0.478964795E-03
    0.431008491E-03
    0.387560310E-03
    0.348228045E-03
    0.312650395E-03
    0.280494759E-03
    0.251455178E-03
    0.225250852E-03
    0.201623906E-03
    0.180337940E-03
    0.161176369E-03
    0.143941007E-03
    0.128450667E-03
    0.114539952E-03
    0.102057718E-03
    0.908662318E-04
    0.808401750E-04
    0.718653678E-04
    0.638380571E-04
    0.566639388E-04
    0.502574995E-04
    0.445411892E-04
    0.394448217E-04
    0.349047395E-04
    0.308634950E-04
    0.272691893E-04
    0.240749579E-04
    0.212385519E-04
    0.187218991E-04
    0.164907571E-04
    0.145143302E-04
    0.127649491E-04
    0.112177700E-04
    0.985052981E-05
    0.864326576E-05
    0.757811823E-05
    0.663911824E-05
    0.581198419E-05
    0.508398358E-05
    0.444374344E-05
    0.388112986E-05
    0.338714674E-05
    0.295376241E-05
    0.257384040E-05
    0.224105686E-05
    0.194980190E-05
    0.169509394E-05
    0.147253046E-05
    0.127820188E-05
    0.110866146E-05
    0.960879203E-06
    0.832156484E-06
    0.720122764E-06
    0.622694779E-06
    0.538037958E-06
    0.464536311E-06
    0.400770403E-06
    0.345492215E-06
    0.297610647E-06
    0.256172620E-06
    0.220336192E-06
    0.189369402E-06
    0.162631312E-06
    0.139563683E-06
    0.119678263E-06
    0.102548155E-06
    0.878047171E-07
    0.751243535E-07
    0.642268989E-07
    0.548696971E-07
    0.468416749E-07
    0.399581417E-07
    0.340612714E-07
    0.290134139E-07
    0.246950072E-07
    0.210051239E-07
    0.178532364E-07
    0.151627629E-07
    0.128689425E-07
    0.109146886E-07
    0.925022403E-08
    0.783410463E-08
    0.663003583E-08
    0.560704977E-08
    0.473899129E-08
    0.400241729E-08
    0.337773186E-08
    0.284882563E-08
    0.240114289E-08
    0.202240159E-08
    0.170221251E-08
    0.143185462E-08
    0.120366004E-08
    0.101118734E-08
    0.849008909E-09
    0.712312441E-09
    0.597253090E-09
    0.500460320E-09
    0.419145818E-09
    0.350755111E-09
    0.293453048E-09
    0.245311322E-09
    0.204917906E-09
    0.171139387E-09
    0.142837998E-09
    0.119101471E-09
    0.992759223E-10
    0.827263489E-10
    0.688765559E-10
    0.573537311E-10
    0.477021991E-10
    0.396478068E-10
    0.329642956E-10
    0.273974044E-10
    0.227386644E-10
    0.188744924E-10
    0.156616304E-10
    0.129891624E-10
    0.107679309E-10
    0.891956235E-11
    0.738334560E-11
    0.611267707E-11
    0.506265115E-11
    0.418790874E-11
    0.346143445E-11
    0.286051469E-11
    0.236408098E-11
    0.194842494E-11
    0.161089715E-11
    0.132799525E-11
    0.109451651E-11
    0.903305274E-12
    0.746447131E-12
    0.612841694E-12
    0.504777701E-12
    0.414567265E-12
    0.340115791E-12
    0.280344773E-12
    0.229609959E-12
    0.187759538E-12
    0.153463759E-12
    0.126231628E-12
    0.102353187E-12
    0.834744950E-13
    0.675574809E-13
    0.553598022E-13
    0.447174022E-13
    0.363292545E-13
    0.292814367E-13
    0.233700771E-13
    0.190561555E-13
    0.153618497E-13
    0.122710529E-13
    0.989770731E-14
    0.813696285E-14
    0.635454266E-14
    0.519982530E-14
    0.416877043E-14
    0.324156060E-14
    0.268133822E-14
    0.222405720E-14
    0.176752385E-14
    0.151067645E-14
    0.123811496E-14
    0.102767031E-14
    0.865313767E-15
    0.758853340E-15
    0.639118522E-15
    0.560965365E-15
    0.539816711E-15
    0.477135653E-15
    0.432845979E-15
    0.368421226E-15
    0.392084497E-15
    0.315191777E-15
    0.328960962E-15
    0.283518251E-15
    0.263957931E-15
    0.247224639E-15
    0.234713755E-15
    0.208240106E-15
    0.183783740E-15
    0.198578473E-15
    0.154554419E-15
    0.170621010E-15
    0.137858440E-15
    0.142722777E-15
    0.139209853E-15
    0.122410670E-15
    0.117437068E-15
    0.104654474E-15
    0.105652989E-15
    0.971913251E-16
    0.922778863E-16
    0.813242065E-16
    0.833337091E-16
    0.938480830E-16
    0.788019881E-16
    0.791093845E-16
    0.782820934E-16
    0.716461929E-16
    0.734950856E-16
    0.792489776E-16
    0.656120453E-16
    0.705954881E-16
    0.734971203E-16
    0.713072814E-16
    0.692001412E-16
    0.690592002E-16
    0.546041216E-16
    0.688049412E-16
    0.626466143E-16
    0.555926666E-16
    0.577994886E-16
    0.734239555E-16
    0.542455821E-16
    0.674199232E-16
    0.710459317E-16
    0.558558689E-16
    0.673087348E-16
    0.622538544E-16
    0.544635552E-16
    0.643484448E-16
    0.637280977E-16
    0.710955424E-16
    0.601550384E-16
    0.628764499E-16
    0.592657877E-16
    0.607275222E-16
    0.520732199E-16
    0.495215537E-16
    0.646278989E-16
    0.551255371E-16
    0.552806543E-16
    0.569091422E-16
    0.638999103E-16
    0.532888872E-16
    0.563691038E-16
    0.447504588E-16
    0.493488859E-16
    0.519712637E-16
    0.591786265E-16
    0.512038405E-16
    0.548836223E-16
    0.504452320E-16
    0.552787621E-16
    0.543645598E-16
    0.497667235E-16
    0.384114671E-16
    0.586126609E-16
    0.432892875E-16
    0.482331165E-16
    0.679053228E-16
    0.452481136E-16
    0.545185404E-16
    0.526226221E-16
    0.454777897E-16
    0.429036687E-16
    0.469458085E-16
    0.569332971E-16
    0.528830033E-16
    0.563203299E-16
    0.503691617E-16
    0.524551613E-16
    0.482526641E-16
    0.471278831E-16
    0.576665827E-16
    0.619939024E-16
    0.440985998E-16
    0.519496671E-16
    0.523599693E-16
    0.525861828E-16
    0.641750116E-16
    0.548990464E-16
    0.460546782E-16
    0.445930527E-16
    0.528206062E-16
    0.687487677E-16
    0.587016320E-16
    0.645831011E-16
    0.528997733E-16
    0.496803924E-16
    0.486476854E-16
    0.569543559E-16
    0.746684105E-16
    0.588983390E-16
    0.446559510E-16
    0.617974723E-16
    0.399069679E-16
    0.669434157E-16
    0.646917168E-16
    0.530029408E-16
    0.384557667E-16
    0.391843502E-16
    0.617499744E-16
    0.480040050E-16
    0.511882679E-16
    0.509938236E-16
    0.466686229E-16
    0.440150013E-16
    0.422553355E-16
    0.370600514E-16
    0.415467224E-16
    0.418961960E-16
    0.403621965E-16
    0.481258410E-16
    0.318343757E-16
    0.391432917E-16
    0.345443315E-16
    0.370319663E-16
    0.441477764E-16
    0.356307002E-16
    0.313056633E-16
    0.335658751E-16
    0.392864374E-16
    0.305973786E-16
    0.359525180E-16
    0.320502534E-16
    0.297885660E-16
    0.335333313E-16
    0.379653720E-16
    0.365160375E-16
    0.291796418E-16
    0.288492290E-16
    0.328750360E-16
    0.355153634E-16
    0.246697931E-16
    0.308496692E-16
    0.363828688E-16
    0.280463821E-16
    0.295705974E-16
    0.291798658E-16
    0.310696700E-16
    0.324662338E-16
    0.232378194E-16
    0.278671941E-16
    0.225615211E-16
    0.340564539E-16
    0.301231871E-16
    0.267747411E-16
    0.285075686E-16
    0.276061014E-16
    0.332743637E-16
    0.285123771E-16
    0.218359172E-16
    0.220505541E-16
    0.282337425E-16
    0.330030087E-16
    0.280466493E-16
    0.260430251E-16
    0.245291219E-16
    0.315908282E-16
    0.300283808E-16
    0.285460032E-16
    0.239993689E-16
    0.228121643E-16
    0.299975910E-16
    0.281416919E-16
    0.241977729E-16
    0.268383194E-16
    0.268561361E-16
    0.267649514E-16
    0.289462723E-16
    0.244958622E-16
    0.201871646E-16
    0.274891046E-16
    0.258773661E-16
    0.241848860E-16
    0.243856552E-16
    0.271119007E-16
    0.288455946E-16
    0.276465932E-16
    0.275457662E-16
    0.203856489E-16
    0.275908826E-16
    0.288065090E-16
    0.264092779E-16
    0.263438955E-16
    0.249254760E-16
    0.252023874E-16
    0.278541984E-16
    0.293806404E-16
    0.232914938E-16
    0.308136746E-16
    0.282580448E-16
    0.241399127E-16
    0.277685619E-16
    0.243435773E-16
    0.253631350E-16
    0.252084904E-16
    0.286955938E-16
    0.242692199E-16
    0.281776321E-16
    0.268870094E-16
    0.233349931E-16
    0.268266000E-16
    0.236861763E-16
    0.258435601E-16
    0.220856355E-16
    0.271368693E-16
    0.240949121E-16
    0.312204877E-16
    0.271772578E-16
    0.234387053E-16
    0.290466806E-16
    0.254494941E-16
    0.266620765E-16
    0.211415304E-16
    0.276187898E-16
    0.255049588E-16
    0.318227433E-16
    0.265965834E-16
    0.214129452E-16
    0.258686152E-16
    0.278726277E-16
    0.301905838E-16
    0.201645857E-16
    0.286191675E-16
    0.238184353E-16
    0.271679903E-16
    0.266948468E-16
    0.223370328E-16
    0.260645111E-16
    0.267291368E-16
    0.302890902E-16
    0.213050822E-16
    0.276580925E-16
    0.233912635E-16
    0.284571006E-16
    0.261350725E-16
    0.234948205E-16
    0.270622694E-16
    0.274618772E-16
    0.315506002E-16
    0.215111297E-16
    0.321639579E-16
    0.250034036E-16
    0.230782661E-16
    0.282470543E-16
    0.238418211E-16
    0.236547748E-16
    0.303601563E-16
    0.326620483E-16
    0.232246003E-16
    0.331413188E-16
    0.204035184E-16
    0.184781175E-16
    0.254511661E-16
    0.243670611E-16
    0.248396460E-16
    0.273543899E-16
    0.336277353E-16
    0.239882240E-16
    0.281190975E-16
    0.221773952E-16
    0.174763200E-16
    0.227663034E-16
    0.271711588E-16
    0.250629351E-16
    0.291350996E-16
    0.351930170E-16
    0.246810329E-16
    0.302529134E-16
    0.225441884E-16
    0.166423575E-16
    0.231699306E-16
    0.257090429E-16
    0.261904775E-16
    0.328386941E-16
    0.379066966E-16
    0.274137909E-16
    0.264466813E-16
    0.222370042E-16
    0.168755211E-16
    0.192625994E-16
    0.260593518E-16
    0.266849660E-16
    0.316465775E-16
    0.382185906E-16
    0.253766341E-16
    0.220653732E-16
    0.233424868E-16
    0.166025033E-16
    0.173318379E-16
    0.247952103E-16
    0.270419453E-16
    0.321482655E-16
    0.392402941E-16
    0.266394035E-16
    0.202723215E-16
    0.250453663E-16
    0.182417709E-16
    0.165822032E-16
    0.239097618E-16
    0.306778730E-16
    0.332850289E-16
    0.349820172E-16
    0.249257597E-16
    0.197257282E-16
    0.237742648E-16
    0.186000856E-16
    0.181081739E-16
    0.223043694E-16
    0.328066059E-16
    0.323887697E-16
    0.283265679E-16
    0.242765854E-16
    0.207029827E-16
    0.216437852E-16
    0.185190185E-16
    0.212725645E-16
    0.240477517E-16
    0.317191628E-16
    0.337149597E-16
    0.260356530E-16
    0.220351780E-16
    0.234837264E-16
    0.216900646E-16
    0.178560564E-16
    0.241118697E-16
    0.303705488E-16
    0.291538892E-16
    0.292429496E-16
    0.238085797E-16
    0.191755416E-16
    0.216500282E-16
    0.208732653E-16
    0.188561611E-16
    0.245035763E-16
    0.311183141E-16
    0.270778024E-16
    0.247722971E-16
    0.231367909E-16
    0.222562378E-16
    0.218728899E-16
    0.204283061E-16
    0.242343474E-16
    0.292718063E-16
    0.307819301E-16
    0.280320960E-16
    0.209788265E-16
    0.222837821E-16
    0.216169803E-16
    0.235083345E-16
    0.201629948E-16
    0.246835309E-16
    0.325953693E-16
    0.264458627E-16
    0.213966212E-16
    0.200654802E-16
    0.231506260E-16
    0.217125690E-16
    0.223433490E-16
    0.200965179E-16
    0.303469731E-16
    0.298882786E-16
    0.257214066E-16
    0.202019451E-16
    0.250479112E-16
    0.236200377E-16
    0.258713736E-16
    0.195624161E-16
    0.271142146E-16
    0.331110512E-16
    0.244082050E-16
    0.215591746E-16
    0.221778995E-16
    0.267323991E-16
    0.237048755E-16
    0.212529679E-16
    0.243520239E-16
    0.316821055E-16
