 #tdnd tdcion
    0.271356539E-16
    0.289311881E-16
    0.212768346E-16
    0.231782036E-16
    0.290417023E-16
    0.269342819E-16
    0.318258444E-16
    0.251451792E-16
    0.246187577E-16
    0.249763100E-16
    0.200034174E-16
    0.237446705E-16
    0.257866643E-16
    0.275875914E-16
    0.366466457E-16
    0.233969986E-16
    0.265240000E-16
    0.215502078E-16
    0.191788106E-16
    0.281127317E-16
    0.227180525E-16
    0.228655462E-16
    0.343952807E-16
    0.218535595E-16
    0.304478415E-16
    0.167790345E-16
    0.209664857E-16
    0.314019561E-16
    0.220813833E-16
    0.199085164E-16
    0.306593380E-16
    0.259104008E-16
    0.323731184E-16
    0.210747978E-16
    0.252025830E-16
    0.293413436E-16
    0.271109408E-16
    0.356160104E-16
    0.332899298E-16
    0.332498920E-16
    0.482487200E-16
    0.420736892E-16
    0.389335928E-16
    0.553152114E-16
    0.522140701E-16
    0.669041676E-16
    0.472941229E-16
    0.575265397E-16
    0.598193467E-16
    0.683010764E-16
    0.400748555E-16
    0.609399737E-16
    0.521581241E-16
    0.436823459E-16
    0.472196192E-16
    0.321085579E-16
    0.395806794E-16
    0.411753883E-16
    0.451486447E-16
    0.357356597E-16
    0.376902342E-16
    0.348942340E-16
    0.299839941E-16
    0.320845029E-16
    0.381473129E-16
    0.328697885E-16
    0.386262846E-16
    0.485705473E-16
    0.441652840E-16
    0.310669763E-16
    0.263049757E-16
    0.388171940E-16
    0.388755102E-16
    0.227261203E-16
    0.326859262E-16
    0.335038179E-16
    0.238684697E-16
    0.434578346E-16
    0.379458748E-16
    0.349555405E-16
    0.352564011E-16
    0.262933139E-16
    0.312191350E-16
    0.364096247E-16
    0.283063324E-16
    0.365958522E-16
    0.282293937E-16
    0.305466984E-16
    0.346724050E-16
    0.341165963E-16
    0.261188872E-16
    0.328026219E-16
    0.332821562E-16
    0.265670601E-16
    0.389491643E-16
    0.335823888E-16
    0.308144929E-16
    0.343251312E-16
    0.227449029E-16
    0.388678325E-16
    0.329699683E-16
    0.246942538E-16
    0.288865596E-16
    0.295814498E-16
    0.346827658E-16
    0.382980815E-16
    0.326311904E-16
    0.268940801E-16
    0.376593517E-16
    0.325604476E-16
    0.246851375E-16
    0.297436757E-16
    0.331042554E-16
    0.327365808E-16
    0.306088032E-16
    0.329839584E-16
    0.361096185E-16
    0.345499373E-16
    0.250437687E-16
    0.290861610E-16
    0.294848260E-16
    0.384128995E-16
    0.333067802E-16
    0.363909683E-16
    0.273241753E-16
    0.310286825E-16
    0.333580546E-16
    0.317808058E-16
    0.294721620E-16
    0.308253605E-16
    0.293232925E-16
    0.330879790E-16
    0.386548500E-16
    0.307218010E-16
    0.374472448E-16
    0.252116129E-16
    0.384925116E-16
    0.310583009E-16
    0.293408210E-16
    0.244258032E-16
    0.452410733E-16
    0.269073974E-16
    0.265367038E-16
    0.411240757E-16
    0.357152253E-16
    0.323257132E-16
    0.258020884E-16
    0.283433041E-16
    0.361845914E-16
    0.319969613E-16
    0.382610586E-16
    0.366239852E-16
    0.311478363E-16
    0.278907737E-16
    0.373804454E-16
    0.276953876E-16
    0.281079542E-16
    0.398400469E-16
    0.321161059E-16
    0.309831417E-16
    0.271985093E-16
    0.406924752E-16
    0.292238702E-16
    0.396865841E-16
    0.284217641E-16
    0.289962465E-16
    0.347860002E-16
    0.350688626E-16
    0.299812852E-16
    0.266321251E-16
    0.358399508E-16
    0.386282886E-16
    0.352766814E-16
    0.287016422E-16
    0.275911069E-16
    0.345838264E-16
    0.249509318E-16
    0.297954056E-16
    0.335066987E-16
    0.398202574E-16
    0.371347582E-16
    0.287691264E-16
    0.260178404E-16
    0.326924855E-16
    0.299822037E-16
    0.336012658E-16
    0.355724912E-16
    0.252629394E-16
    0.307638920E-16
    0.398078293E-16
    0.294171769E-16
    0.250711209E-16
    0.356513405E-16
    0.343472648E-16
    0.220486262E-16
    0.252221973E-16
    0.339509308E-16
    0.331583475E-16
    0.404240223E-16
    0.273829303E-16
    0.305276433E-16
    0.364455721E-16
    0.278472481E-16
    0.244792870E-16
    0.308567928E-16
    0.258874927E-16
    0.342079496E-16
    0.362864686E-16
    0.320743185E-16
    0.287666188E-16
    0.293791216E-16
    0.290392063E-16
    0.243715153E-16
    0.282141892E-16
    0.302397631E-16
    0.358336271E-16
    0.378725700E-16
    0.284697238E-16
    0.299396807E-16
    0.376409605E-16
    0.246704671E-16
    0.246936731E-16
    0.295841752E-16
    0.252982122E-16
    0.304733010E-16
    0.359548044E-16
    0.349000607E-16
    0.327805356E-16
    0.311706801E-16
    0.201537783E-16
    0.281247407E-16
    0.327782210E-16
    0.282251892E-16
    0.312541198E-16
    0.399258663E-16
    0.338626877E-16
    0.286090743E-16
    0.341180706E-16
    0.221960724E-16
    0.260696226E-16
    0.296528822E-16
    0.285262436E-16
    0.255898659E-16
    0.366463667E-16
    0.368637471E-16
    0.335276517E-16
    0.316287783E-16
    0.188077328E-16
    0.281727728E-16
    0.373673062E-16
    0.268759156E-16
    0.292968331E-16
    0.384566560E-16
    0.353664648E-16
    0.311054563E-16
    0.271607018E-16
    0.224544858E-16
    0.285207011E-16
    0.292382955E-16
    0.275817516E-16
    0.285786325E-16
    0.341396123E-16
    0.365381575E-16
    0.340067148E-16
    0.314718970E-16
    0.214943516E-16
    0.281248444E-16
    0.364252104E-16
    0.259281309E-16
    0.308150617E-16
    0.369010362E-16
    0.319814308E-16
    0.319336640E-16
    0.253720481E-16
    0.218537401E-16
    0.308396422E-16
    0.274473802E-16
    0.296639323E-16
    0.315129199E-16
    0.328115627E-16
    0.345251646E-16
    0.340945655E-16
    0.323098746E-16
    0.243627292E-16
    0.283082999E-16
    0.308673208E-16
    0.316909316E-16
    0.270985557E-16
    0.371570678E-16
    0.262488611E-16
    0.332319667E-16
    0.264620176E-16
    0.252793330E-16
    0.304079317E-16
    0.239393196E-16
    0.364362686E-16
    0.291361307E-16
    0.325955671E-16
    0.329068061E-16
    0.381623894E-16
    0.308818111E-16
    0.283287558E-16
    0.259301008E-16
    0.247325113E-16
    0.378065738E-16
    0.241543327E-16
    0.361449534E-16
    0.244337183E-16
    0.331763954E-16
    0.266323012E-16
    0.314268873E-16
    0.293906583E-16
    0.231164337E-16
    0.389670427E-16
    0.285594593E-16
    0.285532650E-16
    0.335813017E-16
    0.405921288E-16
    0.291107701E-16
    0.339214052E-16
    0.220919210E-16
    0.230396622E-16
    0.359417089E-16
    0.256939513E-16
    0.338032319E-16
    0.279628517E-16
    0.311513894E-16
    0.261853555E-16
    0.368978272E-16
    0.277549318E-16
    0.257390338E-16
    0.360530414E-16
    0.297323097E-16
    0.259015586E-16
    0.342139365E-16
    0.402635717E-16
    0.278464089E-16
    0.404762709E-16
    0.195080250E-16
    0.255652084E-16
    0.310633600E-16
    0.270943750E-16
    0.333224998E-16
    0.319548382E-16
    0.300330133E-16
    0.253887478E-16
    0.400741831E-16
    0.279672576E-16
    0.279125840E-16
    0.342827471E-16
    0.294558912E-16
    0.259919696E-16
    0.345359027E-16
    0.358723056E-16
    0.291938751E-16
    0.423923027E-16
    0.238623842E-16
    0.268911919E-16
    0.291542832E-16
    0.254664124E-16
    0.323719446E-16
    0.347138738E-16
    0.287707530E-16
    0.264304529E-16
    0.386905482E-16
    0.326896915E-16
    0.261914889E-16
    0.342042850E-16
    0.269750109E-16
    0.262968861E-16
    0.341677338E-16
    0.304344251E-16
    0.315001008E-16
    0.384554409E-16
    0.327537847E-16
    0.258873219E-16
    0.278846694E-16
    0.234735845E-16
    0.314251493E-16
    0.339560048E-16
    0.295256013E-16
    0.269284762E-16
    0.355942007E-16
    0.364844107E-16
    0.239242327E-16
    0.315804473E-16
    0.257142727E-16
    0.264976191E-16
    0.306182873E-16
    0.287065094E-16
    0.326133708E-16
    0.335781031E-16
    0.377080525E-16
    0.266797460E-16
    0.235737855E-16
    0.248732249E-16
    0.295448421E-16
    0.308484253E-16
    0.311444048E-16
    0.276349228E-16
    0.329097940E-16
    0.343165244E-16
    0.257666521E-16
    0.264772677E-16
    0.289724411E-16
    0.266820323E-16
    0.279582654E-16
    0.283082144E-16
    0.339776738E-16
    0.289262351E-16
    0.373255736E-16
    0.299399303E-16
    0.196935960E-16
    0.285282873E-16
    0.267755895E-16
    0.290054093E-16
    0.311402311E-16
    0.298450928E-16
    0.307962559E-16
    0.307546558E-16
    0.302789727E-16
    0.236953189E-16
    0.319300638E-16
    0.278192155E-16
    0.283034607E-16
    0.277823013E-16
    0.358995881E-16
    0.264400064E-16
    0.346059324E-16
    0.324297467E-16
    0.208007971E-16
    0.306134446E-16
    0.255182457E-16
    0.290932671E-16
    0.287577722E-16
    0.318657900E-16
    0.298504806E-16
    0.271198608E-16
    0.336332417E-16
    0.262379101E-16
    0.314739206E-16
    0.285414215E-16
    0.296762025E-16
    0.263357008E-16
    0.378202461E-16
    0.258269212E-16
    0.292442784E-16
    0.325023270E-16
    0.247518477E-16
    0.305060997E-16
    0.261328005E-16
    0.308848184E-16
    0.256945396E-16
    0.358384210E-16
    0.274457104E-16
    0.230019085E-16
    0.345238957E-16
    0.315900196E-16
    0.299228522E-16
    0.287319379E-16
    0.293946403E-16
    0.241764065E-16
    0.384669593E-16
    0.244572564E-16
    0.263031204E-16
    0.328553900E-16
    0.294656389E-16
    0.330054474E-16
    0.294111967E-16
    0.300734839E-16
    0.256920835E-16
    0.385109893E-16
    0.243343741E-16
    0.229590689E-16
    0.355562441E-16
    0.354893463E-16
    0.328262391E-16
    0.286245989E-16
    0.284420931E-16
    0.243193890E-16
    0.365884721E-16
    0.249330097E-16
    0.291570419E-16
    0.337390792E-16
    0.312256260E-16
    0.407947931E-16
    0.288096458E-16
    0.286302558E-16
    0.274063874E-16
    0.382604846E-16
    0.241679142E-16
    0.275877351E-16
    0.362052898E-16
    0.347216955E-16
    0.416698792E-16
    0.225411861E-16
    0.304435781E-16
    0.233771539E-16
    0.358332416E-16
    0.266511525E-16
    0.317342453E-16
    0.342003125E-16
    0.279615612E-16
    0.475927261E-16
    0.208311667E-16
    0.293924678E-16
    0.282648453E-16
    0.346047039E-16
    0.257635593E-16
    0.294669652E-16
    0.343600891E-16
    0.304327955E-16
    0.484132704E-16
    0.187651990E-16
    0.314921443E-16
    0.233750728E-16
    0.318496110E-16
    0.284111997E-16
    0.294986737E-16
    0.330019100E-16
    0.247957528E-16
    0.461462674E-16
    0.212332567E-16
    0.284203986E-16
    0.312742854E-16
    0.298660119E-16
    0.308261797E-16
    0.282028853E-16
    0.310314326E-16
    0.276521514E-16
    0.441736615E-16
    0.252067721E-16
    0.308761373E-16
    0.270115553E-16
    0.269186283E-16
    0.315144217E-16
    0.284158104E-16
    0.321833537E-16
    0.272210607E-16
    0.438851821E-16
    0.309435599E-16
    0.308891166E-16
    0.286062718E-16
    0.297137723E-16
    0.345701428E-16
    0.251100247E-16
    0.315319379E-16
    0.298868865E-16
    0.395631419E-16
    0.335924816E-16
    0.367668934E-16
    0.271105526E-16
    0.309361045E-16
    0.318234162E-16
    0.254250566E-16
    0.332730661E-16
    0.276514838E-16
    0.441035442E-16
    0.340466772E-16
    0.405035299E-16
    0.238755063E-16
    0.325437519E-16
    0.323800143E-16
    0.253386574E-16
    0.350381642E-16
    0.337959317E-16
    0.403029829E-16
    0.334855319E-16
    0.413834218E-16
    0.247234736E-16
    0.354554737E-16
    0.321505546E-16
    0.274269388E-16
    0.364187105E-16
    0.303708881E-16
    0.404553944E-16
    0.331106475E-16
    0.440404286E-16
    0.277970044E-16
    0.354354284E-16
    0.275680446E-16
    0.318684838E-16
    0.326936826E-16
    0.363672441E-16
    0.438915858E-16
    0.350157356E-16
    0.451485689E-16
    0.352154263E-16
    0.356186730E-16
    0.339388355E-16
    0.365194673E-16
    0.336352089E-16
    0.367953328E-16
    0.399374662E-16
    0.365197298E-16
    0.477961121E-16
    0.417652625E-16
    0.423582042E-16
    0.330122901E-16
    0.380034356E-16
    0.312020899E-16
    0.393122751E-16
    0.470870646E-16
    0.405384182E-16
    0.503093067E-16
    0.410213703E-16
    0.397972285E-16
    0.327459509E-16
    0.409774381E-16
    0.366218027E-16
    0.483007689E-16
    0.519433868E-16
    0.445817684E-16
    0.519408626E-16
    0.465989296E-16
    0.407932476E-16
    0.431286357E-16
    0.380083736E-16
    0.379038029E-16
    0.513351223E-16
    0.526444235E-16
    0.447870331E-16
    0.522940758E-16
    0.417178860E-16
    0.417185344E-16
    0.459270822E-16
    0.341402294E-16
    0.455025009E-16
    0.548481699E-16
    0.541628181E-16
    0.466909785E-16
    0.490795871E-16
    0.488379966E-16
    0.451321348E-16
    0.648197161E-16
    0.380407869E-16
    0.528560500E-16
    0.600602888E-16
    0.560498079E-16
    0.432000048E-16
    0.503901761E-16
    0.568719881E-16
    0.453276429E-16
    0.742025849E-16
    0.385650844E-16
    0.575733505E-16
    0.606956585E-16
    0.595530793E-16
    0.481977758E-16
    0.539384250E-16
    0.617621458E-16
    0.562546298E-16
    0.739764870E-16
    0.454612588E-16
    0.635125619E-16
    0.665445519E-16
    0.679019568E-16
    0.584647935E-16
    0.634129227E-16
    0.762609533E-16
    0.629790072E-16
    0.747453783E-16
    0.584523976E-16
    0.676799073E-16
    0.665125887E-16
    0.757177560E-16
    0.655140993E-16
    0.707282819E-16
    0.827833499E-16
    0.700055828E-16
    0.698198077E-16
    0.736524973E-16
    0.682773443E-16
    0.682056185E-16
    0.789347502E-16
    0.716053787E-16
    0.722978251E-16
    0.828723809E-16
    0.789624052E-16
    0.692450689E-16
    0.921428158E-16
    0.861880628E-16
    0.765643331E-16
    0.878458504E-16
    0.763198187E-16
    0.772781344E-16
    0.835055716E-16
    0.773287577E-16
    0.747241489E-16
    0.106188275E-15
    0.960088516E-16
    0.829722026E-16
    0.990980203E-16
    0.860324578E-16
    0.877486872E-16
    0.892138702E-16
    0.855044034E-16
    0.839741151E-16
    0.114961206E-15
    0.995984526E-16
    0.948743057E-16
    0.103042945E-15
    0.104159482E-15
    0.107149547E-15
    0.112477503E-15
    0.112221011E-15
    0.110321649E-15
    0.127238901E-15
    0.117402369E-15
    0.111887957E-15
    0.108499994E-15
    0.124680918E-15
    0.129104040E-15
    0.137951329E-15
    0.139172713E-15
    0.147082066E-15
    0.152712985E-15
    0.142568800E-15
    0.143007250E-15
    0.127480835E-15
    0.152507813E-15
    0.148790328E-15
    0.156608750E-15
    0.167089908E-15
    0.168492265E-15
    0.166658601E-15
    0.172323043E-15
    0.193508755E-15
    0.165793250E-15
    0.194603669E-15
    0.182267233E-15
    0.174199672E-15
    0.189223827E-15
    0.177008303E-15
    0.177100244E-15
    0.206853011E-15
    0.234638430E-15
    0.202726914E-15
    0.226560449E-15
    0.223482496E-15
    0.205666038E-15
    0.224890363E-15
    0.198517199E-15
    0.202247035E-15
    0.225198917E-15
    0.244547995E-15
    0.215199722E-15
    0.231414987E-15
    0.240150733E-15
    0.237417952E-15
    0.260537478E-15
    0.247503357E-15
    0.246055530E-15
    0.269458578E-15
    0.270914923E-15
    0.236403122E-15
    0.226019609E-15
    0.246579382E-15
    0.261675164E-15
    0.276458524E-15
    0.294369387E-15
    0.295745842E-15
    0.328543112E-15
    0.304513189E-15
    0.299913378E-15
    0.265721061E-15
    0.295155675E-15
    0.312985576E-15
    0.298588712E-15
    0.328188628E-15
    0.330513791E-15
    0.355918136E-15
    0.327986594E-15
    0.388276629E-15
    0.345021770E-15
    0.377560285E-15
    0.406170346E-15
    0.365803116E-15
    0.402786922E-15
    0.388078770E-15
    0.393387595E-15
    0.378245754E-15
    0.463753629E-15
    0.435357990E-15
    0.458493700E-15
    0.510564548E-15
    0.469794436E-15
    0.519553750E-15
    0.497440018E-15
    0.481637003E-15
    0.473836246E-15
    0.561373141E-15
    0.536138748E-15
    0.527459262E-15
    0.579178564E-15
    0.568934075E-15
    0.618531667E-15
    0.630228645E-15
    0.609136433E-15
    0.617000702E-15
    0.697639973E-15
    0.668017994E-15
    0.615331749E-15
    0.640012125E-15
    0.678955893E-15
    0.703802047E-15
    0.748568978E-15
    0.710761084E-15
    0.774213115E-15
    0.810318907E-15
    0.838427605E-15
    0.758760168E-15
    0.760493529E-15
    0.831763786E-15
    0.819601949E-15
    0.861859109E-15
    0.804500666E-15
    0.893856652E-15
    0.894040691E-15
    0.977600351E-15
    0.909455654E-15
    0.906560929E-15
    0.102347832E-14
    0.990669973E-15
    0.104193619E-14
    0.972637558E-15
    0.102883961E-14
    0.100247880E-14
    0.110062084E-14
    0.105616439E-14
    0.105906568E-14
    0.119686744E-14
    0.118528239E-14
    0.124772421E-14
    0.119856150E-14
    0.124705069E-14
    0.119901472E-14
    0.132114250E-14
    0.128957742E-14
    0.127890978E-14
    0.136213359E-14
    0.139488186E-14
    0.142789788E-14
    0.144595350E-14
    0.150259032E-14
    0.147976945E-14
    0.160484432E-14
    0.162289125E-14
    0.161405074E-14
    0.161318398E-14
    0.169228071E-14
    0.169074639E-14
    0.176255037E-14
    0.180114403E-14
    0.179644480E-14
    0.192326633E-14
    0.199237860E-14
    0.204945684E-14
    0.195539656E-14
    0.213833144E-14
    0.209966610E-14
    0.223646585E-14
    0.224856792E-14
    0.224341349E-14
    0.234468806E-14
    0.245901728E-14
    0.256585720E-14
    0.240466056E-14
    0.270369773E-14
    0.266467312E-14
    0.288009094E-14
    0.290869632E-14
    0.290239965E-14
    0.298092156E-14
    0.315654272E-14
    0.329666500E-14
    0.312008627E-14
    0.346019915E-14
    0.348633167E-14
    0.371138264E-14
    0.379071363E-14
    0.379188873E-14
    0.394832301E-14
    0.419355080E-14
    0.441692295E-14
    0.425371397E-14
    0.463970699E-14
    0.471775240E-14
    0.496418507E-14
    0.508525492E-14
    0.514599860E-14
    0.538943058E-14
    0.576532949E-14
    0.606580717E-14
    0.602423833E-14
    0.652132317E-14
    0.679186569E-14
    0.716876652E-14
    0.751686599E-14
    0.775963034E-14
    0.827238330E-14
    0.903073968E-14
    0.961909991E-14
    0.998915214E-14
    0.110163525E-13
    0.119680974E-13
    0.130604891E-13
    0.144135463E-13
    0.156513592E-13
    0.176426511E-13
    0.200905402E-13
    0.226540096E-13
    0.250540679E-13
    0.290773049E-13
    0.332968103E-13
    0.382516037E-13
    0.444023940E-13
    0.509127795E-13
    0.597318622E-13
    0.703328394E-13
    0.824507947E-13
    0.955166142E-13
    0.113420961E-12
    0.133577237E-12
    0.157109822E-12
    0.185808725E-12
    0.217883536E-12
    0.257969868E-12
    0.305271581E-12
    0.360037696E-12
    0.421983913E-12
    0.499762191E-12
    0.589121787E-12
    0.693596377E-12
    0.817999591E-12
    0.960782789E-12
    0.113199106E-11
    0.133334880E-11
    0.156598387E-11
    0.183433358E-11
    0.215566667E-11
    0.252808979E-11
    0.295937661E-11
    0.346721382E-11
    0.405200396E-11
    0.473989086E-11
    0.554272714E-11
    0.646905366E-11
    0.754233467E-11
    0.880170184E-11
    0.102587999E-10
    0.119428537E-10
    0.139037778E-10
    0.161617263E-10
    0.187877054E-10
    0.218300932E-10
    0.253338331E-10
    0.293787432E-10
    0.340755577E-10
    0.394858633E-10
    0.457241311E-10
    0.529318677E-10
    0.612242486E-10
    0.707891131E-10
    0.818231730E-10
    0.944830720E-10
    0.109051220E-09
    0.125834566E-09
    0.145097066E-09
    0.167216342E-09
    0.192635948E-09
    0.221777168E-09
    0.255222190E-09
    0.293614022E-09
    0.337537191E-09
    0.387875496E-09
    0.445568692E-09
    0.511537151E-09
    0.587006283E-09
    0.673336605E-09
    0.771953864E-09
    0.884632881E-09
    0.101339467E-08
    0.116022908E-08
    0.132779587E-08
    0.151901908E-08
    0.173687335E-08
    0.198516767E-08
    0.226805185E-08
    0.259002549E-08
    0.295646716E-08
    0.337349416E-08
    0.384743331E-08
    0.438616957E-08
    0.499846316E-08
    0.569348117E-08
    0.648262520E-08
    0.737815330E-08
    0.839374859E-08
    0.954518993E-08
    0.108504865E-07
    0.123287059E-07
    0.140026547E-07
    0.158978068E-07
    0.180413762E-07
    0.204659861E-07
    0.232071299E-07
    0.263042653E-07
    0.298025620E-07
    0.337530216E-07
    0.382107340E-07
    0.432397173E-07
    0.489115414E-07
    0.553037084E-07
    0.625066426E-07
    0.706195761E-07
    0.797522314E-07
    0.900297131E-07
    0.101591371E-06
    0.114590242E-06
    0.129199678E-06
    0.145614588E-06
    0.164046037E-06
    0.184737368E-06
    0.207954805E-06
    0.233993866E-06
    0.263187056E-06
    0.295904355E-06
    0.332552289E-06
    0.373587067E-06
    0.419518444E-06
    0.470902061E-06
    0.528367282E-06
    0.592606018E-06
    0.664381557E-06
    0.744549030E-06
    0.834053480E-06
    0.933935381E-06
    0.104535184E-05
    0.116958994E-05
    0.130805505E-05
    0.146232139E-05
    0.163411836E-05
    0.182534796E-05
    0.203812778E-05
    0.227478589E-05
    0.253788547E-05
    0.283025377E-05
    0.315502417E-05
    0.351561441E-05
    0.391581973E-05
    0.435980362E-05
    0.485212780E-05
    0.539784136E-05
    0.600247291E-05
    0.667209200E-05
    0.741335898E-05
    0.823361465E-05
    0.914085576E-05
    0.101438971E-04
    0.112523788E-04
    0.124768297E-04
    0.138288317E-04
    0.153210188E-04
    0.169672131E-04
    0.187825068E-04
    0.207834466E-04
    0.229880204E-04
    0.254159189E-04
    0.280886152E-04
    0.310294590E-04
    0.342640004E-04
    0.378199926E-04
    0.417276761E-04
    0.460199201E-04
    0.507325658E-04
    0.559044627E-04
    0.615778809E-04
    0.677987432E-04
    0.746167738E-04
    0.820860966E-04
    0.902652376E-04
    0.992177103E-04
    0.109012197E-03
    0.119723226E-03
    0.131431253E-03
    0.144223360E-03
    0.158193706E-03
    0.173443834E-03
    0.190083622E-03
    0.208231416E-03
    0.228014971E-03
    0.249571852E-03
    0.273050461E-03
    0.298610398E-03
    0.326423401E-03
    0.356674334E-03
    0.389561584E-03
    0.425298666E-03
    0.464114426E-03
    0.506254680E-03
    0.551982763E-03
    0.601581217E-03
    0.655352456E-03
    0.713620135E-03
    0.776730792E-03
    0.845054508E-03
    0.918987259E-03
    0.998951356E-03
    0.108539790E-02
    0.117880764E-02
    0.127969337E-02
    0.138860113E-02
    0.150611197E-02
    0.163284452E-02
    0.176945592E-02
    0.191664498E-02
    0.207515299E-02
    0.224576706E-02
    0.242932134E-02
    0.262670010E-02
    0.283883959E-02
    0.306673014E-02
    0.331141956E-02
    0.357401450E-02
    0.385568415E-02
    0.415766140E-02
    0.448124694E-02
    0.482781075E-02
    0.519879550E-02
    0.559571908E-02
    0.602017658E-02
    0.647384436E-02
    0.695848151E-02
    0.747593360E-02
    0.802813376E-02
    0.861710733E-02
    0.924497270E-02
    0.991394484E-02
    0.106263374E-01
    0.113845647E-01
    0.121911446E-01
    0.130487003E-01
    0.139599625E-01
    0.149277704E-01
    0.159550747E-01
    0.170449381E-01
    0.182005369E-01
    0.194251618E-01
    0.207222188E-01
    0.220952295E-01
    0.235478321E-01
    0.250837807E-01
    0.267069434E-01
    0.284213044E-01
    0.302309610E-01
    0.321401219E-01
    0.341531057E-01
    0.362743387E-01
    0.385083503E-01
    0.408597727E-01
    0.433333344E-01
    0.459338547E-01
    0.486662422E-01
    0.515354869E-01
    0.545466540E-01
    0.577048768E-01
    0.610153517E-01
    0.644833250E-01
    0.681140910E-01
    0.719129777E-01
    0.758853358E-01
    0.800365327E-01
    0.843719378E-01
    0.888969111E-01
    0.936167890E-01
    0.985368751E-01
    0.103662418E+00
    0.108998608E+00
    0.114550552E+00
    0.120323258E+00
    0.126321625E+00
    0.132550421E+00
    0.139014265E+00
    0.145717608E+00
    0.152664721E+00
    0.159859662E+00
    0.167306273E+00
    0.175008147E+00
    0.182968611E+00
    0.191190710E+00
    0.199677180E+00
    0.208430432E+00
    0.217452524E+00
    0.226745149E+00
    0.236309605E+00
    0.246146782E+00
    0.256257138E+00
    0.266640674E+00
    0.277296921E+00
    0.288224919E+00
    0.299423194E+00
    0.310889744E+00
    0.322622022E+00
    0.334616911E+00
    0.346870720E+00
    0.359379163E+00
    0.372137344E+00
    0.385139744E+00
    0.398380218E+00
    0.411851974E+00
    0.425547573E+00
    0.439458919E+00
    0.453577249E+00
    0.467893142E+00
    0.482396505E+00
    0.497076581E+00
    0.511921945E+00
    0.526920513E+00
    0.542059548E+00
    0.557325668E+00
    0.572704851E+00
    0.588182453E+00
    0.603743227E+00
    0.619371329E+00
    0.635050348E+00
    0.650763322E+00
    0.666492759E+00
    0.682220670E+00
    0.697928598E+00
    0.713597637E+00
    0.729208474E+00
    0.744741425E+00
    0.760176464E+00
    0.775493269E+00
    0.790671258E+00
    0.805689630E+00
    0.820527412E+00
    0.835163507E+00
    0.849576731E+00
    0.863745870E+00
    0.877649726E+00
    0.891267165E+00
    0.904577176E+00
    0.917558913E+00
    0.930191749E+00
    0.942455337E+00
    0.954329654E+00
    0.965795054E+00
    0.976832327E+00
    0.987422745E+00
    0.997548113E+00
    0.100719083E+01
    0.101633393E+01
    0.102496113E+01
    0.103305687E+01
    0.104060639E+01
    0.104759573E+01
    0.105401182E+01
    0.105984248E+01
    0.106507646E+01
    0.106970351E+01
    0.107371440E+01
    0.107710091E+01
    0.107985591E+01
    0.108197335E+01
    0.108344833E+01
    0.108427704E+01
    0.108445683E+01
    0.108398623E+01
    0.108286492E+01
    0.108109375E+01
    0.107867475E+01
    0.107561113E+01
    0.107190725E+01
    0.106756863E+01
    0.106260194E+01
    0.105701496E+01
    0.105081659E+01
    0.104401683E+01
    0.103662669E+01
    0.102865825E+01
    0.102012457E+01
    0.101103967E+01
    0.100141848E+01
    0.991276830E+00
    0.980631364E+00
    0.969499531E+00
    0.957899515E+00
    0.945850198E+00
    0.933371096E+00
    0.920482316E+00
    0.907204494E+00
    0.893558742E+00
    0.879566596E+00
    0.865249948E+00
    0.850630997E+00
    0.835732187E+00
    0.820576149E+00
    0.805185646E+00
    0.789583505E+00
    0.773792576E+00
    0.757835659E+00
    0.741735459E+00
    0.725514533E+00
    0.709195227E+00
    0.692799631E+00
    0.676349532E+00
    0.659866362E+00
    0.643371154E+00
    0.626884494E+00
    0.610426489E+00
    0.594016715E+00
    0.577674197E+00
    0.561417359E+00
    0.545263999E+00
    0.529231261E+00
    0.513335613E+00
    0.497592817E+00
    0.482017908E+00
    0.466625186E+00
    0.451428187E+00
    0.436439685E+00
    0.421671675E+00
    0.407135364E+00
    0.392841174E+00
    0.378798737E+00
    0.365016898E+00
    0.351503713E+00
    0.338266466E+00
    0.325311660E+00
    0.312645045E+00
    0.300271624E+00
    0.288195661E+00
    0.276420704E+00
    0.264949602E+00
    0.253784524E+00
    0.242926976E+00
    0.232377830E+00
    0.222137340E+00
    0.212205169E+00
    0.202580417E+00
    0.193261645E+00
    0.184246896E+00
    0.175533732E+00
    0.167119253E+00
    0.159000128E+00
    0.151172626E+00
    0.143632635E+00
    0.136375700E+00
    0.129397042E+00
    0.122691594E+00
    0.116254017E+00
    0.110078737E+00
    0.104159963E+00
    0.984917195E-01
    0.930678651E-01
    0.878821203E-01
    0.829280878E-01
    0.781992767E-01
    0.736891242E-01
    0.693910164E-01
    0.652983045E-01
    0.614043266E-01
    0.577024276E-01
    0.541859696E-01
    0.508483525E-01
    0.476830281E-01
    0.446835101E-01
    0.418433905E-01
    0.391563523E-01
    0.366161754E-01
    0.342167487E-01
    0.319520818E-01
    0.298163066E-01
    0.278036903E-01
    0.259086386E-01
    0.241257000E-01
    0.224495709E-01
    0.208751032E-01
    0.193973015E-01
    0.180113277E-01
    0.167125039E-01
    0.154963112E-01
    0.143583920E-01
    0.132945491E-01
    0.123007444E-01
    0.113730978E-01
    0.105078881E-01
    0.970154838E-02
    0.895066423E-02
    0.825197173E-02
    0.760235435E-02
    0.699884029E-02
    0.643859807E-02
    0.591893389E-02
    0.543728709E-02
    0.499122688E-02
    0.457844831E-02
    0.419676828E-02
    0.384412026E-02
    0.351855180E-02
    0.321821946E-02
    0.294138403E-02
    0.268640753E-02
    0.245174847E-02
    0.223595659E-02
    0.203767066E-02
    0.185561375E-02
    0.168858815E-02
    0.153547317E-02
    0.139522037E-02
    0.126684968E-02
    0.114944669E-02
    0.104215889E-02
    0.944191085E-03
    0.854803843E-03
    0.773309845E-03
    0.699070076E-03
    0.631491963E-03
    0.570025905E-03
    0.514162858E-03
    0.463431884E-03
    0.417397852E-03
    0.375658396E-03
    0.337842572E-03
    0.303608503E-03
    0.272641185E-03
    0.244650928E-03
    0.219371267E-03
    0.196557680E-03
    0.175985718E-03
    0.157449698E-03
    0.140761218E-03
    0.125747940E-03
    0.112252234E-03
    0.100130289E-03
    0.892507911E-04
    0.794940099E-04
    0.707510091E-04
    0.629226009E-04
    0.559185273E-04
    0.496570002E-04
    0.440636851E-04
    0.390711213E-04
    0.346183373E-04
    0.306500796E-04
    0.271163730E-04
    0.239721428E-04
    0.211766460E-04
    0.186931019E-04
    0.164884878E-04
    0.145330191E-04
    0.127998431E-04
    0.112649371E-04
    0.990666345E-05
    0.870564866E-05
    0.764451635E-05
    0.670771054E-05
    0.588129168E-05
    0.515284731E-05
    0.451125981E-05
    0.394660439E-05
    0.345005154E-05
    0.301372315E-05
    0.263062257E-05
    0.229451231E-05
    0.199985580E-05
    0.174174720E-05
    0.151582718E-05
    0.131823058E-05
    0.114554793E-05
    0.994750101E-06
    0.863165062E-06
    0.748438856E-06
    0.648482709E-06
    0.561461466E-06
    0.485767523E-06
    0.419970377E-06
    0.362817523E-06
    0.313219262E-06
    0.270204654E-06
    0.232929103E-06
    0.200652964E-06
    0.172724102E-06
    0.148576061E-06
    0.127715571E-06
    0.109705371E-06
    0.941667684E-07
    0.807743916E-07
    0.692378353E-07
    0.593078536E-07
    0.507670521E-07
    0.434258573E-07
    0.371212640E-07
    0.317108037E-07
    0.270701676E-07
    0.230931267E-07
    0.196876271E-07
    0.167732460E-07
    0.142809777E-07
    0.121510104E-07
    0.103320969E-07
    0.878023356E-08
    0.745652611E-08
    0.632829909E-08
    0.536782272E-08
    0.455012935E-08
    0.385471686E-08
    0.326363187E-08
    0.276144716E-08
    0.233529649E-08
    0.197387634E-08
    0.166724751E-08
    0.140748011E-08
    0.118773472E-08
    0.100156778E-08
    0.844141584E-09
    0.711105676E-09
    0.598682679E-09
    0.503870264E-09
    0.423843027E-09
    0.356284034E-09
    0.299401434E-09
    0.251518397E-09
    0.211145208E-09
    0.177146218E-09
    0.148600884E-09
    0.124569678E-09
    0.104426009E-09
    0.874592565E-10
    0.732232953E-10
    0.612961793E-10
    0.512895072E-10
    0.428856799E-10
    0.358472796E-10
    0.299630597E-10
    0.250350219E-10
    0.209119652E-10
    0.174510920E-10
    0.145646648E-10
    0.121610040E-10
    0.101386368E-10
    0.845676220E-11
    0.705283660E-11
    0.588353677E-11
    0.490452108E-11
    0.408625096E-11
    0.340062104E-11
    0.283518410E-11
    0.236192495E-11
    0.196471845E-11
    0.163571183E-11
    0.136414678E-11
    0.113503808E-11
    0.944235312E-12
    0.783906075E-12
    0.651580998E-12
    0.543129722E-12
    0.450680813E-12
    0.374392818E-12
    0.311003604E-12
    0.259243694E-12
    0.214321688E-12
    0.177890406E-12
    0.146548973E-12
    0.121959852E-12
    0.101011455E-12
    0.831069269E-13
    0.683978804E-13
    0.566059830E-13
    0.463223600E-13
    0.377481109E-13
    0.309541284E-13
    0.250742632E-13
    0.206099739E-13
    0.167576222E-13
    0.133686512E-13
    0.107773673E-13
    0.872394136E-14
    0.687998629E-14
    0.540310787E-14
    0.441765203E-14
    0.343517373E-14
    0.277105148E-14
    0.214156557E-14
    0.168524232E-14
    0.131124468E-14
    0.104446144E-14
    0.806171790E-15
    0.658347199E-15
    0.547878317E-15
    0.438816154E-15
    0.363463133E-15
    0.294253345E-15
    0.274459322E-15
    0.251389066E-15
    0.224638081E-15
    0.208169811E-15
    0.232690210E-15
    0.204965620E-15
    0.197080335E-15
    0.196322145E-15
    0.184689714E-15
    0.186587425E-15
    0.211069006E-15
    0.190004868E-15
    0.177487039E-15
    0.190275386E-15
    0.171291792E-15
    0.165734409E-15
    0.167027632E-15
    0.140527556E-15
    0.136689096E-15
    0.155418412E-15
    0.130694197E-15
    0.124337724E-15
    0.129319969E-15
    0.125868159E-15
    0.120178459E-15
    0.112577272E-15
    0.104412563E-15
    0.884381111E-16
    0.109213956E-15
    0.100896827E-15
    0.952639205E-16
    0.940084435E-16
    0.930510191E-16
    0.796653156E-16
    0.866733061E-16
    0.682719692E-16
    0.716109496E-16
    0.849712881E-16
    0.785694916E-16
    0.775495377E-16
    0.798650431E-16
    0.742999118E-16
    0.718662622E-16
    0.754683819E-16
    0.713221941E-16
    0.657633886E-16
    0.682175704E-16
    0.737765193E-16
    0.767857709E-16
    0.709341556E-16
    0.727536250E-16
    0.530322890E-16
    0.779859418E-16
    0.555042920E-16
    0.661775295E-16
    0.662086882E-16
    0.604365432E-16
    0.668752237E-16
    0.721515389E-16
    0.612343284E-16
    0.628170347E-16
    0.670671688E-16
    0.610176237E-16
    0.621914781E-16
    0.679671657E-16
    0.563351946E-16
    0.707409583E-16
    0.764190585E-16
    0.609156086E-16
    0.696502695E-16
    0.545526449E-16
    0.589433323E-16
    0.555389676E-16
    0.602755856E-16
    0.612142292E-16
    0.686333390E-16
    0.636513170E-16
    0.471458003E-16
    0.540374055E-16
    0.558807725E-16
    0.534443349E-16
    0.525083649E-16
    0.543670946E-16
    0.572432716E-16
    0.595764300E-16
    0.539524576E-16
    0.544641506E-16
    0.532966336E-16
    0.621711404E-16
    0.540285923E-16
    0.430252770E-16
    0.555608967E-16
    0.561449670E-16
    0.820610942E-16
    0.587571984E-16
    0.650251973E-16
    0.407679957E-16
    0.606184988E-16
    0.543974622E-16
    0.686858458E-16
    0.625411511E-16
    0.583758057E-16
    0.641586852E-16
    0.664599178E-16
    0.469426733E-16
    0.734245144E-16
    0.575570348E-16
    0.610970229E-16
    0.486153954E-16
    0.512961670E-16
    0.584268039E-16
    0.820840611E-16
    0.592611347E-16
    0.532024354E-16
    0.427307292E-16
    0.530783144E-16
    0.493893963E-16
    0.470689531E-16
    0.494746312E-16
    0.631862564E-16
    0.447802949E-16
    0.446027197E-16
    0.464341947E-16
    0.322615040E-16
    0.399349212E-16
    0.441994608E-16
    0.418512694E-16
    0.424021726E-16
    0.346791717E-16
    0.481443816E-16
    0.424769446E-16
    0.252053698E-16
    0.403055421E-16
    0.363728489E-16
    0.344753454E-16
    0.317872731E-16
    0.313020063E-16
    0.398763058E-16
    0.404606850E-16
    0.335175019E-16
    0.353437115E-16
    0.264282073E-16
    0.295010440E-16
    0.330522014E-16
    0.297134728E-16
    0.279031974E-16
    0.404852394E-16
    0.294129147E-16
    0.340174151E-16
    0.303764878E-16
    0.233777157E-16
    0.275862531E-16
    0.255373242E-16
    0.317136255E-16
    0.287500668E-16
    0.275273095E-16
    0.316652545E-16
    0.329299251E-16
    0.253001531E-16
    0.263273866E-16
    0.232139070E-16
    0.236158109E-16
    0.287260500E-16
    0.242391975E-16
    0.285151063E-16
    0.303866415E-16
    0.291647971E-16
    0.244027827E-16
    0.246287322E-16
    0.214938747E-16
    0.216431751E-16
    0.247873455E-16
    0.224560182E-16
    0.249941603E-16
    0.285925083E-16
    0.304043950E-16
    0.254734729E-16
    0.218649333E-16
    0.194503106E-16
    0.192089600E-16
    0.239213439E-16
    0.244177044E-16
    0.235762185E-16
    0.288840466E-16
    0.278462006E-16
    0.228783286E-16
    0.236917915E-16
    0.181424966E-16
    0.178663553E-16
    0.253185421E-16
    0.235150379E-16
    0.220783990E-16
    0.312955133E-16
    0.266416193E-16
    0.225854486E-16
    0.216400165E-16
    0.187259858E-16
    0.168828518E-16
    0.230759029E-16
    0.251693553E-16
    0.205587347E-16
    0.291367764E-16
    0.248357408E-16
    0.241207487E-16
    0.215951100E-16
    0.184620242E-16
    0.171444853E-16
    0.231113368E-16
    0.256818271E-16
    0.196200919E-16
    0.290369063E-16
    0.234545004E-16
    0.252764319E-16
    0.213121783E-16
    0.192506320E-16
    0.178946492E-16
    0.222357717E-16
    0.250299216E-16
    0.191720049E-16
    0.276680012E-16
    0.218091227E-16
    0.260538390E-16
    0.201754429E-16
    0.187402948E-16
    0.195773719E-16
    0.224829385E-16
    0.240794134E-16
    0.198171989E-16
    0.258668459E-16
    0.216071366E-16
    0.262431282E-16
    0.214239561E-16
    0.190303889E-16
    0.184150248E-16
    0.205108214E-16
    0.245166244E-16
    0.218590751E-16
    0.215314208E-16
    0.235114575E-16
    0.274179041E-16
    0.220940739E-16
    0.174548010E-16
    0.208048486E-16
    0.209700941E-16
    0.209701505E-16
    0.246423430E-16
    0.192179254E-16
    0.230354042E-16
    0.270722377E-16
    0.239180281E-16
    0.160430824E-16
    0.208309333E-16
    0.202737302E-16
    0.181582920E-16
    0.257938872E-16
    0.166036488E-16
    0.253818317E-16
    0.274128127E-16
    0.263170393E-16
    0.150282448E-16
    0.206536211E-16
    0.223854404E-16
    0.180114818E-16
    0.255271295E-16
    0.169699352E-16
    0.279460149E-16
    0.251725029E-16
    0.252423161E-16
    0.139735744E-16
    0.186930279E-16
    0.231978083E-16
    0.182959809E-16
    0.239441387E-16
    0.193109124E-16
    0.286770238E-16
    0.248552206E-16
    0.234206325E-16
    0.162856594E-16
    0.183181556E-16
    0.212788354E-16
    0.195099824E-16
    0.222181190E-16
    0.228926540E-16
    0.279083873E-16
    0.257303511E-16
    0.196081746E-16
    0.193914418E-16
    0.158920448E-16
    0.204779604E-16
    0.237552778E-16
    0.192135281E-16
    0.287657565E-16
    0.264016938E-16
    0.253667533E-16
    0.164391364E-16
    0.223369599E-16
    0.173314327E-16
    0.191825472E-16
    0.247412142E-16
    0.177330287E-16
    0.302415391E-16
    0.212080450E-16
    0.233591316E-16
    0.163164253E-16
    0.230756342E-16
    0.193804841E-16
    0.193410040E-16
    0.255563768E-16
    0.209574142E-16
    0.287714713E-16
    0.210459061E-16
    0.210682907E-16
    0.213610296E-16
    0.214168631E-16
    0.204010033E-16
    0.210022638E-16
    0.213126556E-16
    0.251735973E-16
    0.243756867E-16
    0.228592780E-16
    0.177397382E-16
    0.269603946E-16
    0.198637594E-16
    0.207293232E-16
    0.243388975E-16
    0.175713574E-16
    0.293882261E-16
    0.221670759E-16
    0.232709617E-16
    0.188176284E-16
    0.272257646E-16
    0.200102126E-16
    0.202531043E-16
    0.201569423E-16
    0.199621976E-16
    0.274801524E-16
    0.241407534E-16
    0.221191935E-16
    0.240721199E-16
    0.242180907E-16
    0.237099102E-16
    0.209458811E-16
    0.146427168E-16
    0.274640243E-16
    0.239867320E-16
    0.278508226E-16
    0.206927046E-16
    0.259708957E-16
    0.235675802E-16
    0.232769551E-16
    0.164618786E-16
    0.191051848E-16
    0.274637904E-16
    0.312236507E-16
    0.287033883E-16
    0.221135243E-16
    0.247129987E-16
    0.260152442E-16
    0.224159587E-16
    0.130319121E-16
    0.268800460E-16
    0.259638602E-16
    0.316910669E-16
    0.229332984E-16
    0.204049732E-16
    0.225823640E-16
    0.281165274E-16
    0.174254846E-16
    0.234178979E-16
    0.261080756E-16
    0.322216102E-16
    0.255931950E-16
    0.215468552E-16
    0.199009488E-16
    0.270529037E-16
    0.273254144E-16
    0.190975036E-16
    0.282496199E-16
    0.267422363E-16
    0.253012938E-16
    0.272927369E-16
    0.202273856E-16
    0.261884811E-16
    0.329413855E-16
    0.211250813E-16
    0.313905979E-16
    0.220929216E-16
    0.260148929E-16
    0.274795595E-16
    0.220302929E-16
    0.262100532E-16
    0.284455900E-16
    0.236629141E-16
    0.323899420E-16
    0.206087836E-16
    0.268875515E-16
    0.260418409E-16
    0.275066407E-16
    0.298309234E-16
    0.238590074E-16
    0.233314613E-16
    0.302783868E-16
    0.221090301E-16
    0.303498734E-16
    0.252128905E-16
