 #tdnd tdcion
    0.307545240E-16
    0.283811517E-16
    0.210459414E-16
    0.276016054E-16
    0.225319669E-16
    0.138130879E-16
    0.259255158E-16
    0.144186511E-16
    0.317260052E-16
    0.257484995E-16
    0.219399868E-16
    0.220418138E-16
    0.241308336E-16
    0.176629354E-16
    0.216007552E-16
    0.132915448E-16
    0.280331611E-16
    0.206653117E-16
    0.247069026E-16
    0.210829650E-16
    0.259730339E-16
    0.206413598E-16
    0.164750451E-16
    0.148760686E-16
    0.256103644E-16
    0.169672458E-16
    0.284973360E-16
    0.223737980E-16
    0.204800778E-16
    0.205130983E-16
    0.204896986E-16
    0.182203943E-16
    0.224720877E-16
    0.161547505E-16
    0.303450456E-16
    0.219250513E-16
    0.209206632E-16
    0.261934072E-16
    0.298242908E-16
    0.236142854E-16
    0.271813971E-16
    0.247056300E-16
    0.382490109E-16
    0.317722662E-16
    0.459700594E-16
    0.500041867E-16
    0.394679599E-16
    0.406994433E-16
    0.646580559E-16
    0.556896755E-16
    0.452926753E-16
    0.595354454E-16
    0.575302370E-16
    0.535442455E-16
    0.559701937E-16
    0.461645579E-16
    0.500483620E-16
    0.354873636E-16
    0.416713908E-16
    0.364709106E-16
    0.257287994E-16
    0.305977147E-16
    0.311319484E-16
    0.376794528E-16
    0.333614686E-16
    0.325074668E-16
    0.307547430E-16
    0.320323434E-16
    0.375120254E-16
    0.354940423E-16
    0.294202667E-16
    0.338156028E-16
    0.296187176E-16
    0.281702639E-16
    0.315683822E-16
    0.362505386E-16
    0.255728851E-16
    0.365038541E-16
    0.272663108E-16
    0.343832546E-16
    0.305626631E-16
    0.253782239E-16
    0.290730426E-16
    0.327871322E-16
    0.326533370E-16
    0.364085443E-16
    0.286721642E-16
    0.260314363E-16
    0.310290028E-16
    0.248234589E-16
    0.271539608E-16
    0.332568262E-16
    0.277057114E-16
    0.334371967E-16
    0.307198147E-16
    0.394514176E-16
    0.249921481E-16
    0.257516776E-16
    0.288203871E-16
    0.358504385E-16
    0.200264145E-16
    0.285343006E-16
    0.305846056E-16
    0.287192014E-16
    0.262398618E-16
    0.266844463E-16
    0.337837276E-16
    0.323338402E-16
    0.258400482E-16
    0.250585620E-16
    0.326633637E-16
    0.307220719E-16
    0.341525336E-16
    0.277998595E-16
    0.227307901E-16
    0.375200744E-16
    0.246582641E-16
    0.237822173E-16
    0.259278272E-16
    0.317637139E-16
    0.316958890E-16
    0.297201328E-16
    0.267932668E-16
    0.406021068E-16
    0.259373460E-16
    0.218268315E-16
    0.259643857E-16
    0.313036837E-16
    0.197398086E-16
    0.353186328E-16
    0.255805786E-16
    0.310462910E-16
    0.269425934E-16
    0.266269369E-16
    0.288060326E-16
    0.228732875E-16
    0.255425472E-16
    0.339931945E-16
    0.300678265E-16
    0.262678230E-16
    0.399797172E-16
    0.283944399E-16
    0.265207427E-16
    0.273175792E-16
    0.270704741E-16
    0.228130599E-16
    0.382205674E-16
    0.217471782E-16
    0.317928059E-16
    0.316679265E-16
    0.321279602E-16
    0.319678056E-16
    0.264585387E-16
    0.196138219E-16
    0.283922135E-16
    0.311519391E-16
    0.239301217E-16
    0.336385533E-16
    0.291673743E-16
    0.300112884E-16
    0.248463868E-16
    0.287666917E-16
    0.297823501E-16
    0.282169116E-16
    0.253305606E-16
    0.306535266E-16
    0.336223575E-16
    0.307231753E-16
    0.302400600E-16
    0.337171361E-16
    0.327952953E-16
    0.294661148E-16
    0.255215187E-16
    0.270772281E-16
    0.315790486E-16
    0.274105300E-16
    0.298110287E-16
    0.309652448E-16
    0.346832318E-16
    0.286893078E-16
    0.316609123E-16
    0.290804448E-16
    0.231596908E-16
    0.304919980E-16
    0.260644991E-16
    0.351795637E-16
    0.286895753E-16
    0.300882264E-16
    0.371136401E-16
    0.278539060E-16
    0.262600721E-16
    0.317523560E-16
    0.314904362E-16
    0.280681744E-16
    0.354233258E-16
    0.273451829E-16
    0.329627806E-16
    0.373663850E-16
    0.389601120E-16
    0.319138472E-16
    0.277562247E-16
    0.314189784E-16
    0.298374083E-16
    0.308524442E-16
    0.305683840E-16
    0.309743951E-16
    0.364077601E-16
    0.366290048E-16
    0.266430445E-16
    0.239629954E-16
    0.304209069E-16
    0.302427556E-16
    0.275600479E-16
    0.334466888E-16
    0.304830154E-16
    0.281464361E-16
    0.349225293E-16
    0.421989087E-16
    0.270954193E-16
    0.269800557E-16
    0.394605065E-16
    0.295126647E-16
    0.367609148E-16
    0.286000361E-16
    0.362943434E-16
    0.388167025E-16
    0.367923625E-16
    0.340577972E-16
    0.317385397E-16
    0.342932341E-16
    0.343179282E-16
    0.393401375E-16
    0.277043140E-16
    0.378452297E-16
    0.303665935E-16
    0.393468638E-16
    0.398574715E-16
    0.273423744E-16
    0.286635597E-16
    0.390043499E-16
    0.296254827E-16
    0.250696901E-16
    0.341053310E-16
    0.322293073E-16
    0.304253182E-16
    0.333432065E-16
    0.333809440E-16
    0.294864197E-16
    0.313232235E-16
    0.374345293E-16
    0.323623910E-16
    0.364328050E-16
    0.311413141E-16
    0.367101467E-16
    0.410121056E-16
    0.376218426E-16
    0.325768947E-16
    0.368366864E-16
    0.422276254E-16
    0.343375588E-16
    0.370448511E-16
    0.315249264E-16
    0.368506557E-16
    0.327476965E-16
    0.440384175E-16
    0.388204153E-16
    0.361585903E-16
    0.361738059E-16
    0.431933831E-16
    0.277721101E-16
    0.345778793E-16
    0.331782568E-16
    0.398247412E-16
    0.432787169E-16
    0.299591225E-16
    0.295569082E-16
    0.315110199E-16
    0.365584625E-16
    0.289916039E-16
    0.389187951E-16
    0.290420560E-16
    0.367048439E-16
    0.334227860E-16
    0.335122537E-16
    0.335901322E-16
    0.397837000E-16
    0.408495627E-16
    0.413376062E-16
    0.366943403E-16
    0.310384397E-16
    0.391613367E-16
    0.335763820E-16
    0.385779814E-16
    0.369473231E-16
    0.398845464E-16
    0.342703507E-16
    0.463283990E-16
    0.338384981E-16
    0.351981739E-16
    0.327990119E-16
    0.379737225E-16
    0.435187899E-16
    0.343887174E-16
    0.398941427E-16
    0.327614230E-16
    0.515205073E-16
    0.282507787E-16
    0.359128566E-16
    0.323407754E-16
    0.385277461E-16
    0.337771582E-16
    0.247136361E-16
    0.363657354E-16
    0.306964767E-16
    0.514420676E-16
    0.356346157E-16
    0.344207878E-16
    0.353018609E-16
    0.307285788E-16
    0.342942491E-16
    0.317600773E-16
    0.402371920E-16
    0.428227552E-16
    0.458437994E-16
    0.391039370E-16
    0.289403565E-16
    0.352882706E-16
    0.279021662E-16
    0.384017741E-16
    0.342766398E-16
    0.355216874E-16
    0.374467668E-16
    0.361225742E-16
    0.482235630E-16
    0.345106593E-16
    0.359502867E-16
    0.293883007E-16
    0.409016292E-16
    0.352022357E-16
    0.286885655E-16
    0.376158925E-16
    0.393025760E-16
    0.435463739E-16
    0.398735423E-16
    0.277469499E-16
    0.250793282E-16
    0.417342124E-16
    0.299727879E-16
    0.284150569E-16
    0.343795067E-16
    0.376997582E-16
    0.482753503E-16
    0.496320155E-16
    0.312328359E-16
    0.273252082E-16
    0.448552864E-16
    0.297817977E-16
    0.322144733E-16
    0.351861777E-16
    0.433430438E-16
    0.455922324E-16
    0.414753852E-16
    0.306045106E-16
    0.231515506E-16
    0.334554433E-16
    0.373701740E-16
    0.318271297E-16
    0.346934520E-16
    0.315638554E-16
    0.346561133E-16
    0.463397824E-16
    0.415710705E-16
    0.288496311E-16
    0.351673523E-16
    0.402563623E-16
    0.291998395E-16
    0.253421222E-16
    0.297541275E-16
    0.378395148E-16
    0.464397446E-16
    0.525636455E-16
    0.274560620E-16
    0.241270163E-16
    0.420942287E-16
    0.295680149E-16
    0.350478507E-16
    0.334382395E-16
    0.349568698E-16
    0.556070525E-16
    0.552718842E-16
    0.291773481E-16
    0.245780557E-16
    0.452293847E-16
    0.284406770E-16
    0.346552019E-16
    0.283623283E-16
    0.370148799E-16
    0.427130355E-16
    0.419284583E-16
    0.327357231E-16
    0.202211412E-16
    0.379856778E-16
    0.366298589E-16
    0.328093688E-16
    0.350343477E-16
    0.252310645E-16
    0.296801245E-16
    0.476314834E-16
    0.431532044E-16
    0.318897628E-16
    0.400425552E-16
    0.355250483E-16
    0.321005666E-16
    0.258807342E-16
    0.240492812E-16
    0.328250360E-16
    0.528405489E-16
    0.552506047E-16
    0.337753798E-16
    0.286038323E-16
    0.406383067E-16
    0.315107771E-16
    0.330390889E-16
    0.328362733E-16
    0.352051791E-16
    0.531146636E-16
    0.473034324E-16
    0.266366804E-16
    0.305868986E-16
    0.373986499E-16
    0.319238798E-16
    0.346819240E-16
    0.290467370E-16
    0.329351656E-16
    0.330874913E-16
    0.353064896E-16
    0.322496899E-16
    0.299258156E-16
    0.391216961E-16
    0.359997395E-16
    0.308664344E-16
    0.286318252E-16
    0.243425535E-16
    0.228670047E-16
    0.420354968E-16
    0.403926433E-16
    0.408686304E-16
    0.386364164E-16
    0.362530896E-16
    0.335702506E-16
    0.291521026E-16
    0.255544331E-16
    0.302920815E-16
    0.473340311E-16
    0.486297598E-16
    0.336339279E-16
    0.373726451E-16
    0.392825413E-16
    0.298737634E-16
    0.291732652E-16
    0.295787641E-16
    0.382011155E-16
    0.398932953E-16
    0.413780972E-16
    0.275465161E-16
    0.379098625E-16
    0.350107591E-16
    0.329762793E-16
    0.389283008E-16
    0.315630976E-16
    0.362482207E-16
    0.266210612E-16
    0.298592857E-16
    0.311599165E-16
    0.371972542E-16
    0.472317374E-16
    0.362784336E-16
    0.365738030E-16
    0.321545368E-16
    0.243578486E-16
    0.258905821E-16
    0.327645289E-16
    0.461753312E-16
    0.409602047E-16
    0.414376598E-16
    0.366168332E-16
    0.361269048E-16
    0.255620138E-16
    0.288272875E-16
    0.395240803E-16
    0.372181742E-16
    0.411507412E-16
    0.336710743E-16
    0.362869562E-16
    0.381428268E-16
    0.349375151E-16
    0.251312720E-16
    0.405918476E-16
    0.367148614E-16
    0.279019531E-16
    0.334572174E-16
    0.302002352E-16
    0.350321601E-16
    0.428648224E-16
    0.402816350E-16
    0.299912693E-16
    0.433031082E-16
    0.331037158E-16
    0.247630496E-16
    0.329304752E-16
    0.334058348E-16
    0.349080168E-16
    0.428167521E-16
    0.393817740E-16
    0.339964801E-16
    0.382179042E-16
    0.276709058E-16
    0.300599623E-16
    0.363120977E-16
    0.314847799E-16
    0.374313880E-16
    0.405285010E-16
    0.421744224E-16
    0.423562382E-16
    0.243873359E-16
    0.318153274E-16
    0.378590274E-16
    0.393750810E-16
    0.337429674E-16
    0.360597018E-16
    0.438660065E-16
    0.380808516E-16
    0.484011935E-16
    0.244049420E-16
    0.435800753E-16
    0.491837428E-16
    0.321312701E-16
    0.337613566E-16
    0.331332706E-16
    0.376617577E-16
    0.364617204E-16
    0.536777777E-16
    0.285085249E-16
    0.407484059E-16
    0.371497738E-16
    0.269769171E-16
    0.330419098E-16
    0.385702068E-16
    0.327649138E-16
    0.432247235E-16
    0.444643369E-16
    0.388994650E-16
    0.337940553E-16
    0.322290265E-16
    0.424773515E-16
    0.359088805E-16
    0.430586579E-16
    0.270914917E-16
    0.422373790E-16
    0.354479672E-16
    0.459965994E-16
    0.279238017E-16
    0.426572679E-16
    0.505809830E-16
    0.341195905E-16
    0.436154624E-16
    0.314842668E-16
    0.452288449E-16
    0.324649817E-16
    0.542780641E-16
    0.373156602E-16
    0.499554536E-16
    0.473885056E-16
    0.308732732E-16
    0.419070719E-16
    0.436840706E-16
    0.430649168E-16
    0.384617932E-16
    0.505205302E-16
    0.553689878E-16
    0.467598674E-16
    0.425686453E-16
    0.325495212E-16
    0.449003998E-16
    0.431232091E-16
    0.340127571E-16
    0.388705458E-16
    0.492046881E-16
    0.514685251E-16
    0.476524734E-16
    0.321077365E-16
    0.366470464E-16
    0.464402891E-16
    0.409800738E-16
    0.444469495E-16
    0.497645570E-16
    0.430066423E-16
    0.512458306E-16
    0.484679938E-16
    0.381170791E-16
    0.510372636E-16
    0.576373110E-16
    0.487531415E-16
    0.508321259E-16
    0.538533891E-16
    0.379741315E-16
    0.535916854E-16
    0.531534956E-16
    0.504136546E-16
    0.475552067E-16
    0.527826688E-16
    0.434463332E-16
    0.451033773E-16
    0.591535561E-16
    0.366686882E-16
    0.580462998E-16
    0.410947408E-16
    0.591072171E-16
    0.346257500E-16
    0.538770307E-16
    0.449679761E-16
    0.526142566E-16
    0.534546405E-16
    0.488293590E-16
    0.532426237E-16
    0.496034017E-16
    0.655727183E-16
    0.506916957E-16
    0.589805045E-16
    0.502891445E-16
    0.541165211E-16
    0.513706094E-16
    0.638770999E-16
    0.519785213E-16
    0.621988095E-16
    0.626789457E-16
    0.704841006E-16
    0.553019793E-16
    0.588320873E-16
    0.629200278E-16
    0.600095472E-16
    0.744243490E-16
    0.488586321E-16
    0.615171347E-16
    0.639606899E-16
    0.732516598E-16
    0.578690984E-16
    0.620087000E-16
    0.791170579E-16
    0.705936657E-16
    0.687868352E-16
    0.655586728E-16
    0.596018838E-16
    0.754550466E-16
    0.568025474E-16
    0.704149519E-16
    0.561830526E-16
    0.846022638E-16
    0.711167395E-16
    0.709261964E-16
    0.858212344E-16
    0.638057000E-16
    0.874729953E-16
    0.561048153E-16
    0.784391974E-16
    0.680172234E-16
    0.827694634E-16
    0.704142190E-16
    0.772808955E-16
    0.798373919E-16
    0.692079020E-16
    0.812255880E-16
    0.776011813E-16
    0.910311523E-16
    0.893834363E-16
    0.943641573E-16
    0.846095404E-16
    0.810616676E-16
    0.702248512E-16
    0.788592290E-16
    0.839996160E-16
    0.886658266E-16
    0.987420375E-16
    0.999562107E-16
    0.114713324E-15
    0.998160785E-16
    0.927720855E-16
    0.865056124E-16
    0.989511378E-16
    0.995614241E-16
    0.864481062E-16
    0.114553449E-15
    0.962523031E-16
    0.135907960E-15
    0.108955563E-15
    0.107633126E-15
    0.128556245E-15
    0.126041576E-15
    0.141120423E-15
    0.104863630E-15
    0.147666434E-15
    0.111808455E-15
    0.135912732E-15
    0.127120307E-15
    0.127010173E-15
    0.157625568E-15
    0.156558209E-15
    0.172776654E-15
    0.146129746E-15
    0.170146853E-15
    0.160178383E-15
    0.149732737E-15
    0.164890881E-15
    0.152822268E-15
    0.176348929E-15
    0.165977838E-15
    0.175944758E-15
    0.159461549E-15
    0.184281668E-15
    0.193252756E-15
    0.187689476E-15
    0.210752708E-15
    0.199493251E-15
    0.213103114E-15
    0.186276943E-15
    0.186504058E-15
    0.160574362E-15
    0.192546748E-15
    0.199280537E-15
    0.215825946E-15
    0.224633648E-15
    0.230302297E-15
    0.259847739E-15
    0.217196821E-15
    0.231648503E-15
    0.195770866E-15
    0.236452953E-15
    0.209055992E-15
    0.232259309E-15
    0.229281032E-15
    0.221349730E-15
    0.264007926E-15
    0.245999454E-15
    0.244270700E-15
    0.243596429E-15
    0.284657145E-15
    0.267632050E-15
    0.262660475E-15
    0.287924705E-15
    0.245156019E-15
    0.267888333E-15
    0.277064092E-15
    0.254762804E-15
    0.270375145E-15
    0.327514771E-15
    0.318368727E-15
    0.312827953E-15
    0.347737331E-15
    0.314435684E-15
    0.324247645E-15
    0.348134782E-15
    0.327768741E-15
    0.318843130E-15
    0.385848526E-15
    0.347538628E-15
    0.356502175E-15
    0.387449818E-15
    0.402437623E-15
    0.406276827E-15
    0.433229491E-15
    0.441726557E-15
    0.399005882E-15
    0.460799545E-15
    0.430153582E-15
    0.429670410E-15
    0.451730787E-15
    0.475484970E-15
    0.498487089E-15
    0.480131712E-15
    0.535087840E-15
    0.519549875E-15
    0.552809252E-15
    0.558251159E-15
    0.539055889E-15
    0.575013147E-15
    0.536622585E-15
    0.617827954E-15
    0.559865771E-15
    0.603963196E-15
    0.631722179E-15
    0.637532211E-15
    0.647504505E-15
    0.638141194E-15
    0.717981020E-15
    0.653230985E-15
    0.745503848E-15
    0.704762243E-15
    0.683765780E-15
    0.734241474E-15
    0.739645828E-15
    0.722427826E-15
    0.744112990E-15
    0.832308796E-15
    0.779991047E-15
    0.836210920E-15
    0.852435019E-15
    0.804802328E-15
    0.874995669E-15
    0.922875780E-15
    0.847965204E-15
    0.870348585E-15
    0.971982929E-15
    0.903979517E-15
    0.933745705E-15
    0.977069952E-15
    0.964006398E-15
    0.100241334E-14
    0.110745722E-14
    0.102841585E-14
    0.101933544E-14
    0.116775990E-14
    0.108820023E-14
    0.112883671E-14
    0.111366021E-14
    0.116536505E-14
    0.116247932E-14
    0.128250205E-14
    0.123545247E-14
    0.120679563E-14
    0.137069658E-14
    0.130595013E-14
    0.138005485E-14
    0.135146190E-14
    0.141352330E-14
    0.145011168E-14
    0.152178938E-14
    0.151610416E-14
    0.144005152E-14
    0.160938638E-14
    0.157266412E-14
    0.165815087E-14
    0.167704285E-14
    0.170425891E-14
    0.178809988E-14
    0.183438085E-14
    0.186864209E-14
    0.182062918E-14
    0.196677465E-14
    0.196259694E-14
    0.206515561E-14
    0.210012843E-14
    0.210649731E-14
    0.219527738E-14
    0.227801568E-14
    0.231972107E-14
    0.235896689E-14
    0.251825102E-14
    0.249076753E-14
    0.268152989E-14
    0.274403472E-14
    0.276220273E-14
    0.283900874E-14
    0.297474988E-14
    0.302883261E-14
    0.311701211E-14
    0.333741754E-14
    0.329246278E-14
    0.355517171E-14
    0.372115324E-14
    0.375661864E-14
    0.390792104E-14
    0.409502606E-14
    0.426136912E-14
    0.438297366E-14
    0.474600400E-14
    0.466786096E-14
    0.496966464E-14
    0.533139422E-14
    0.537143554E-14
    0.568569070E-14
    0.597967588E-14
    0.635086491E-14
    0.657530067E-14
    0.721576546E-14
    0.730266874E-14
    0.768438652E-14
    0.849759130E-14
    0.871171860E-14
    0.925229652E-14
    0.994626905E-14
    0.106954486E-13
    0.113697363E-13
    0.125360911E-13
    0.134570538E-13
    0.143284528E-13
    0.163745479E-13
    0.176358985E-13
    0.192959387E-13
    0.216222198E-13
    0.241081829E-13
    0.268534495E-13
    0.302304183E-13
    0.343359691E-13
    0.380033058E-13
    0.443723986E-13
    0.505467640E-13
    0.573016699E-13
    0.666096547E-13
    0.769650182E-13
    0.891467968E-13
    0.103188895E-12
    0.120868438E-12
    0.139183530E-12
    0.163645358E-12
    0.191767729E-12
    0.221868180E-12
    0.260636517E-12
    0.305168131E-12
    0.357438218E-12
    0.417945550E-12
    0.491372487E-12
    0.574197598E-12
    0.673238526E-12
    0.793035294E-12
    0.923858780E-12
    0.108392348E-11
    0.127004460E-11
    0.148598231E-11
    0.173707616E-11
    0.203250551E-11
    0.237474630E-11
    0.277057386E-11
    0.324511332E-11
    0.377816817E-11
    0.440667320E-11
    0.514262526E-11
    0.599087724E-11
    0.697599614E-11
    0.812021220E-11
    0.944809058E-11
    0.109730828E-10
    0.127651476E-10
    0.148141091E-10
    0.171784195E-10
    0.199404365E-10
    0.231089774E-10
    0.267754962E-10
    0.310035301E-10
    0.358913271E-10
    0.414988501E-10
    0.479982286E-10
    0.554700901E-10
    0.640204423E-10
    0.739315855E-10
    0.852876944E-10
    0.983446429E-10
    0.113339181E-09
    0.130573568E-09
    0.150311973E-09
    0.172989899E-09
    0.199026133E-09
    0.228742230E-09
    0.262903761E-09
    0.302003250E-09
    0.346711703E-09
    0.397886301E-09
    0.456395267E-09
    0.523247006E-09
    0.599600620E-09
    0.686931646E-09
    0.786381312E-09
    0.899970979E-09
    0.102962004E-08
    0.117725382E-08
    0.134558422E-08
    0.153727045E-08
    0.175553741E-08
    0.200382813E-08
    0.228656577E-08
    0.260775490E-08
    0.297281609E-08
    0.338792614E-08
    0.385902728E-08
    0.439391906E-08
    0.500084252E-08
    0.568926509E-08
    0.646964423E-08
    0.735440632E-08
    0.835657938E-08
    0.949099118E-08
    0.107758979E-07
    0.122292735E-07
    0.138729863E-07
    0.157314119E-07
    0.178314414E-07
    0.202035648E-07
    0.228822455E-07
    0.259059102E-07
    0.293161022E-07
    0.331632982E-07
    0.375000214E-07
    0.423862954E-07
    0.478905857E-07
    0.540878338E-07
    0.610626575E-07
    0.689094434E-07
    0.777343850E-07
    0.876526291E-07
    0.987980560E-07
    0.111317188E-06
    0.125370692E-06
    0.141143215E-06
    0.158836383E-06
    0.178676356E-06
    0.200914466E-06
    0.225831626E-06
    0.253736127E-06
    0.284974900E-06
    0.319935659E-06
    0.359038697E-06
    0.402761531E-06
    0.451628865E-06
    0.506223201E-06
    0.567190813E-06
    0.635248993E-06
    0.711188590E-06
    0.795885933E-06
    0.890320535E-06
    0.995559292E-06
    0.111279216E-05
    0.124333576E-05
    0.138863702E-05
    0.155030025E-05
    0.173009235E-05
    0.192996347E-05
    0.215205806E-05
    0.239875620E-05
    0.267266316E-05
    0.297664645E-05
    0.331388169E-05
    0.368784013E-05
    0.410235451E-05
    0.456162868E-05
    0.507028532E-05
    0.563338999E-05
    0.625652123E-05
    0.694579131E-05
    0.770788205E-05
    0.855015199E-05
    0.948063545E-05
    0.105081423E-04
    0.116423142E-04
    0.128936922E-04
    0.142738045E-04
    0.157952514E-04
    0.174718180E-04
    0.193185071E-04
    0.213517373E-04
    0.235894031E-04
    0.260510015E-04
    0.287578118E-04
    0.317329705E-04
    0.350016965E-04
    0.385914068E-04
    0.425319729E-04
    0.468558009E-04
    0.515981378E-04
    0.567972706E-04
    0.624947244E-04
    0.687356085E-04
    0.755687732E-04
    0.830472045E-04
    0.912282733E-04
    0.100174145E-03
    0.109952059E-03
    0.120634713E-03
    0.132300768E-03
    0.145035136E-03
    0.158929612E-03
    0.174083202E-03
    0.190602717E-03
    0.208603349E-03
    0.228209233E-03
    0.249554115E-03
    0.272781842E-03
    0.298047324E-03
    0.325516999E-03
    0.355369910E-03
    0.387798244E-03
    0.423008327E-03
    0.461221559E-03
    0.502675354E-03
    0.547624240E-03
    0.596340660E-03
    0.649116410E-03
    0.706263553E-03
    0.768115923E-03
    0.835030195E-03
    0.907387188E-03
    0.985593466E-03
    0.107008267E-02
    0.116131728E-02
    0.125978973E-02
    0.136602450E-02
    0.148057960E-02
    0.160404856E-02
    0.173706221E-02
    0.188029022E-02
    0.203444370E-02
    0.220027664E-02
    0.237858879E-02
    0.257022680E-02
    0.277608721E-02
    0.299711828E-02
    0.323432272E-02
    0.348875991E-02
    0.376154786E-02
    0.405386643E-02
    0.436695900E-02
    0.470213625E-02
    0.506077727E-02
    0.544433291E-02
    0.585432835E-02
    0.629236551E-02
    0.676012624E-02
    0.725937352E-02
    0.779195576E-02
    0.835980756E-02
    0.896495411E-02
    0.960951233E-02
    0.102956929E-01
    0.110258039E-01
    0.118022517E-01
    0.126275449E-01
    0.135042930E-01
    0.144352123E-01
    0.154231237E-01
    0.164709572E-01
    0.175817522E-01
    0.187586571E-01
    0.200049328E-01
    0.213239506E-01
    0.227191958E-01
    0.241942636E-01
    0.257528628E-01
    0.273988126E-01
    0.291360419E-01
    0.309685911E-01
    0.329006047E-01
    0.349363344E-01
    0.370801331E-01
    0.393364547E-01
    0.417098474E-01
    0.442049520E-01
    0.468264976E-01
    0.495792924E-01
    0.524682258E-01
    0.554982533E-01
    0.586743965E-01
    0.620017315E-01
    0.654853840E-01
    0.691305178E-01
    0.729423265E-01
    0.769260262E-01
    0.810868383E-01
    0.854299865E-01
    0.899606787E-01
    0.946840971E-01
    0.996053843E-01
    0.104729629E+00
    0.110061855E+00
    0.115606998E+00
    0.121369901E+00
    0.127355287E+00
    0.133567751E+00
    0.140011738E+00
    0.146691526E+00
    0.153611209E+00
    0.160774676E+00
    0.168185594E+00
    0.175847385E+00
    0.183763216E+00
    0.191935965E+00
    0.200368212E+00
    0.209062211E+00
    0.218019879E+00
    0.227242769E+00
    0.236732046E+00
    0.246488478E+00
    0.256512408E+00
    0.266803738E+00
    0.277361907E+00
    0.288185874E+00
    0.299274103E+00
    0.310624538E+00
    0.322234599E+00
    0.334101149E+00
    0.346220492E+00
    0.358588357E+00
    0.371199882E+00
    0.384049600E+00
    0.397131438E+00
    0.410438697E+00
    0.423964050E+00
    0.437699540E+00
    0.451636564E+00
    0.465765877E+00
    0.480077594E+00
    0.494561184E+00
    0.509205474E+00
    0.523998657E+00
    0.538928293E+00
    0.553981317E+00
    0.569144060E+00
    0.584402251E+00
    0.599741026E+00
    0.615144959E+00
    0.630598080E+00
    0.646083876E+00
    0.661585339E+00
    0.677084978E+00
    0.692564845E+00
    0.708006566E+00
    0.723391387E+00
    0.738700177E+00
    0.753913487E+00
    0.769011586E+00
    0.783974484E+00
    0.798781985E+00
    0.813413731E+00
    0.827849233E+00
    0.842067924E+00
    0.856049209E+00
    0.869772508E+00
    0.883217289E+00
    0.896363149E+00
    0.909189830E+00
    0.921677294E+00
    0.933805758E+00
    0.945555754E+00
    0.956908168E+00
    0.967844300E+00
    0.978345924E+00
    0.988395304E+00
    0.997975279E+00
    0.100706929E+01
    0.101566142E+01
    0.102373648E+01
    0.103127999E+01
    0.103827830E+01
    0.104471852E+01
    0.105058870E+01
    0.105587774E+01
    0.106057550E+01
    0.106467279E+01
    0.106816145E+01
    0.107103429E+01
    0.107328523E+01
    0.107490922E+01
    0.107590230E+01
    0.107626163E+01
    0.107598546E+01
    0.107507320E+01
    0.107352533E+01
    0.107134352E+01
    0.106853053E+01
    0.106509026E+01
    0.106102772E+01
    0.105634903E+01
    0.105106138E+01
    0.104517305E+01
    0.103869338E+01
    0.103163272E+01
    0.102400241E+01
    0.101581478E+01
    0.100708307E+01
    0.997821458E+00
    0.988044951E+00
    0.977769385E+00
    0.967011369E+00
    0.955788265E+00
    0.944118099E+00
    0.932019538E+00
    0.919511843E+00
    0.906614800E+00
    0.893348684E+00
    0.879734197E+00
    0.865792415E+00
    0.851544715E+00
    0.837012765E+00
    0.822218424E+00
    0.807183697E+00
    0.791930697E+00
    0.776481567E+00
    0.760858443E+00
    0.745083390E+00
    0.729178365E+00
    0.713165132E+00
    0.697065252E+00
    0.680900016E+00
    0.664690394E+00
    0.648456999E+00
    0.632220039E+00
    0.615999281E+00
    0.599814004E+00
    0.583682980E+00
    0.567624418E+00
    0.551655943E+00
    0.535794575E+00
    0.520056691E+00
    0.504458004E+00
    0.489013544E+00
    0.473737639E+00
    0.458643896E+00
    0.443745195E+00
    0.429053674E+00
    0.414580718E+00
    0.400336954E+00
    0.386332259E+00
    0.372575746E+00
    0.359075769E+00
    0.345839935E+00
    0.332875096E+00
    0.320187373E+00
    0.307782155E+00
    0.295664122E+00
    0.283837241E+00
    0.272304801E+00
    0.261069423E+00
    0.250133074E+00
    0.239497095E+00
    0.229162216E+00
    0.219128581E+00
    0.209395771E+00
    0.199962835E+00
    0.190828297E+00
    0.181990196E+00
    0.173446112E+00
    0.165193185E+00
    0.157228145E+00
    0.149547337E+00
    0.142146751E+00
    0.135022041E+00
    0.128168564E+00
    0.121581393E+00
    0.115255345E+00
    0.109185016E+00
    0.103364793E+00
    0.977888884E-01
    0.924513545E-01
    0.873461132E-01
    0.824669732E-01
    0.778076559E-01
    0.733618127E-01
    0.691230439E-01
    0.650849199E-01
    0.612409971E-01
    0.575848358E-01
    0.541100148E-01
    0.508101479E-01
    0.476788959E-01
    0.447099819E-01
    0.418972011E-01
    0.392344348E-01
    0.367156569E-01
    0.343349459E-01
    0.320864926E-01
    0.299646074E-01
    0.279637272E-01
    0.260784215E-01
    0.243033967E-01
    0.226335009E-01
    0.210637285E-01
    0.195892220E-01
    0.182052727E-01
    0.169073265E-01
    0.156909809E-01
    0.145519880E-01
    0.134862534E-01
    0.124898359E-01
    0.115589459E-01
    0.106899458E-01
    0.987934729E-02
    0.912380757E-02
    0.842013023E-02
    0.776526014E-02
    0.715628130E-02
    0.659041391E-02
    0.606501076E-02
    0.557755325E-02
    0.512564891E-02
    0.470702685E-02
    0.431953391E-02
    0.396113081E-02
    0.362988874E-02
    0.332398423E-02
    0.304169625E-02
    0.278140165E-02
    0.254157099E-02
    0.232076519E-02
    0.211763102E-02
    0.193089768E-02
    0.175937273E-02
    0.160193837E-02
    0.145754800E-02
    0.132522239E-02
    0.120404655E-02
    0.109316608E-02
    0.991784118E-03
    0.899158017E-03
    0.814596457E-03
    0.737456682E-03
    0.667141029E-03
    0.603095111E-03
    0.544804539E-03
    0.491792829E-03
    0.443618865E-03
    0.399874802E-03
    0.360183649E-03
    0.324197516E-03
    0.291595642E-03
    0.262082354E-03
    0.235385488E-03
    0.211254892E-03
    0.189460528E-03
    0.169791315E-03
    0.152053676E-03
    0.136070142E-03
    0.121678295E-03
    0.108729556E-03
    0.970881792E-04
    0.866301328E-04
    0.772423851E-04
    0.688218437E-04
    0.612746195E-04
    0.545153529E-04
    0.484663914E-04
    0.430572503E-04
    0.382239396E-04
    0.339084723E-04
    0.300583280E-04
    0.266259404E-04
    0.235683441E-04
    0.208466769E-04
    0.184258961E-04
    0.162743769E-04
    0.143636367E-04
    0.126680209E-04
    0.111644481E-04
    0.983220408E-05
    0.865265470E-05
    0.760909055E-05
    0.668654368E-05
    0.587160013E-05
    0.515225252E-05
    0.451777461E-05
    0.395857545E-05
    0.346609539E-05
    0.303270116E-05
    0.265160094E-05
    0.231672439E-05
    0.202269452E-05
    0.176472661E-05
    0.153856096E-05
    0.134043042E-05
    0.116698770E-05
    0.101527321E-05
    0.882658253E-06
    0.766829354E-06
    0.665734592E-06
    0.577563716E-06
    0.500725548E-06
    0.433809189E-06
    0.375576729E-06
    0.324939175E-06
    0.280938348E-06
    0.242731173E-06
    0.209577945E-06
    0.180832826E-06
    0.155926278E-06
    0.134361775E-06
    0.115703525E-06
    0.995713963E-07
    0.856333080E-07
    0.735995552E-07
    0.632165965E-07
    0.542644435E-07
    0.465506395E-07
    0.399095615E-07
    0.341948362E-07
    0.292803717E-07
    0.250576959E-07
    0.214313211E-07
    0.183191674E-07
    0.156497856E-07
    0.133622331E-07
    0.114023907E-07
    0.972486361E-08
    0.828979902E-08
    0.706233726E-08
    0.601382299E-08
    0.511840076E-08
    0.435399354E-08
    0.370186414E-08
    0.314611859E-08
    0.267247830E-08
    0.226906973E-08
    0.192574511E-08
    0.163357062E-08
    0.138516468E-08
    0.117412697E-08
    0.994709142E-09
    0.842356712E-09
    0.713161971E-09
    0.603492377E-09
    0.510512418E-09
    0.431665608E-09
    0.364877831E-09
    0.308342645E-09
    0.260452377E-09
    0.219920772E-09
    0.185619465E-09
    0.156663546E-09
    0.132142412E-09
    0.111446485E-09
    0.939492236E-10
    0.791722953E-10
    0.667330823E-10
    0.561936576E-10
    0.473118699E-10
    0.398335258E-10
    0.335285111E-10
    0.281995929E-10
    0.237187674E-10
    0.199434351E-10
    0.167611563E-10
    0.140936055E-10
    0.118368594E-10
    0.993629545E-11
    0.835175197E-11
    0.701384089E-11
    0.588113964E-11
    0.493821638E-11
    0.414275877E-11
    0.347726733E-11
    0.291789544E-11
    0.244739153E-11
    0.205204875E-11
    0.172372906E-11
    0.144685505E-11
    0.121072845E-11
    0.101675224E-11
    0.852949102E-12
    0.715900694E-12
    0.600816112E-12
    0.502904363E-12
    0.422784252E-12
    0.354799154E-12
    0.297448937E-12
    0.248815128E-12
    0.208866898E-12
    0.175378943E-12
    0.147108501E-12
    0.123250240E-12
    0.102732735E-12
    0.864268456E-13
    0.722563851E-13
    0.601944631E-13
    0.501600780E-13
    0.419081662E-13
    0.349346703E-13
    0.290519880E-13
    0.240062844E-13
    0.197329680E-13
    0.163457344E-13
    0.133963789E-13
    0.108835518E-13
    0.893280705E-14
    0.720634021E-14
    0.588548883E-14
    0.467959680E-14
    0.372018480E-14
    0.294831266E-14
    0.233029922E-14
    0.180999177E-14
    0.136598786E-14
    0.110312270E-14
    0.815733351E-15
    0.628328874E-15
    0.463319097E-15
    0.329446895E-15
    0.274528317E-15
    0.203174400E-15
    0.166768107E-15
    0.111174757E-15
    0.132229988E-15
    0.959361968E-16
    0.874452931E-16
    0.106188219E-15
    0.936673852E-16
    0.113915386E-15
    0.115195953E-15
    0.106159793E-15
    0.117876074E-15
    0.129207022E-15
    0.131515349E-15
    0.113798755E-15
    0.148587523E-15
    0.133566656E-15
    0.139217539E-15
    0.143873085E-15
    0.144611055E-15
    0.125171132E-15
    0.147563438E-15
    0.151614981E-15
    0.121340203E-15
    0.131312484E-15
    0.132281676E-15
    0.122617057E-15
    0.132242849E-15
    0.119778901E-15
    0.106283154E-15
    0.111862053E-15
    0.114927411E-15
    0.967894776E-16
    0.979841526E-16
    0.104920610E-15
    0.105220957E-15
    0.953830276E-16
    0.100869041E-15
    0.780637872E-16
    0.816244004E-16
    0.924445804E-16
    0.862641835E-16
    0.829660405E-16
    0.870832625E-16
    0.808842681E-16
    0.812741121E-16
    0.803099947E-16
    0.698438457E-16
    0.774920439E-16
    0.725725142E-16
    0.718169282E-16
    0.782627320E-16
    0.828891976E-16
    0.753985329E-16
    0.795084221E-16
    0.737434097E-16
    0.685443766E-16
    0.711587594E-16
    0.730041858E-16
    0.896309007E-16
    0.730293344E-16
    0.718931002E-16
    0.705290174E-16
    0.763723862E-16
    0.737047882E-16
    0.726727138E-16
    0.704325666E-16
    0.673138858E-16
    0.704683261E-16
    0.576654140E-16
    0.701047082E-16
    0.694278981E-16
    0.777904085E-16
    0.590919271E-16
    0.593201540E-16
    0.527473805E-16
    0.633699051E-16
    0.608950557E-16
    0.703729565E-16
    0.618384959E-16
    0.609005190E-16
    0.633115478E-16
    0.561862994E-16
    0.713820623E-16
    0.540941759E-16
    0.635075177E-16
    0.610453640E-16
    0.587219785E-16
    0.736234720E-16
    0.681685652E-16
    0.615952162E-16
    0.702861134E-16
    0.586190986E-16
    0.531782777E-16
    0.736158662E-16
    0.617155111E-16
    0.662305564E-16
    0.696736815E-16
    0.618231530E-16
    0.544466778E-16
    0.664925742E-16
    0.624389554E-16
    0.663201006E-16
    0.631279903E-16
    0.558769440E-16
    0.606644415E-16
    0.462516475E-16
    0.591423508E-16
    0.580576163E-16
    0.588609725E-16
    0.601199630E-16
    0.466805456E-16
    0.386985781E-16
    0.486699489E-16
    0.443105067E-16
    0.434348389E-16
    0.527774532E-16
    0.424620536E-16
    0.449328317E-16
    0.324665229E-16
    0.416265625E-16
    0.316578744E-16
    0.439912292E-16
    0.345647208E-16
    0.406123180E-16
    0.365146303E-16
    0.405646891E-16
    0.252359341E-16
    0.337348877E-16
    0.398223691E-16
    0.344658271E-16
    0.392439077E-16
    0.277795806E-16
    0.318364490E-16
    0.352491512E-16
    0.307216088E-16
    0.260407859E-16
    0.391971462E-16
    0.315157301E-16
    0.343055782E-16
    0.247916916E-16
    0.354121946E-16
    0.259524587E-16
    0.238769284E-16
    0.324298497E-16
    0.299070869E-16
    0.330050394E-16
    0.298466722E-16
    0.244676376E-16
    0.215160263E-16
    0.295505606E-16
    0.226086569E-16
    0.250960036E-16
    0.310070547E-16
    0.335880043E-16
    0.221245969E-16
    0.242329797E-16
    0.236061265E-16
    0.236455175E-16
    0.260521399E-16
    0.220043615E-16
    0.227123789E-16
    0.290966365E-16
    0.213740260E-16
    0.237669423E-16
    0.264391416E-16
    0.224535962E-16
    0.235617868E-16
    0.178058549E-16
    0.254049017E-16
    0.218006732E-16
    0.172310895E-16
    0.229767563E-16
    0.291614876E-16
    0.230823125E-16
    0.262952137E-16
    0.205032578E-16
    0.164291635E-16
    0.224713057E-16
    0.174746269E-16
    0.152229426E-16
    0.261378883E-16
    0.292052024E-16
    0.237508798E-16
    0.237084047E-16
    0.161095984E-16
    0.191057266E-16
    0.215484385E-16
    0.152878314E-16
    0.188067662E-16
    0.251335291E-16
    0.252888258E-16
    0.251309469E-16
    0.198548432E-16
    0.157388455E-16
    0.211270814E-16
    0.189047137E-16
    0.186440268E-16
    0.210064176E-16
    0.197956191E-16
    0.230861488E-16
    0.229766039E-16
    0.188451751E-16
    0.209719703E-16
    0.193311440E-16
    0.193265168E-16
    0.225325559E-16
    0.165057418E-16
    0.172870838E-16
    0.250648459E-16
    0.219681892E-16
    0.224557102E-16
    0.234235421E-16
    0.150087079E-16
    0.193435982E-16
    0.210895751E-16
    0.129659267E-16
    0.202114599E-16
    0.252078885E-16
    0.232744317E-16
    0.240044899E-16
    0.204958984E-16
    0.158533573E-16
    0.171813544E-16
    0.202468967E-16
    0.165969317E-16
    0.219505246E-16
    0.229908250E-16
    0.262636109E-16
    0.223649102E-16
    0.162932526E-16
    0.208197849E-16
    0.165115676E-16
    0.211518401E-16
    0.221630945E-16
    0.183046503E-16
    0.220498570E-16
    0.271202687E-16
    0.196835562E-16
    0.193018125E-16
    0.235223382E-16
    0.194525425E-16
    0.177303272E-16
    0.197975645E-16
    0.141637967E-16
    0.245701830E-16
    0.246043956E-16
    0.228035048E-16
    0.263325085E-16
    0.205265846E-16
    0.228089684E-16
    0.148935178E-16
    0.191409899E-16
    0.177936116E-16
    0.253091536E-16
    0.240432350E-16
    0.274373044E-16
    0.231229653E-16
    0.186120684E-16
    0.238694799E-16
    0.184974003E-16
    0.195705678E-16
    0.219144332E-16
    0.200703428E-16
    0.258437385E-16
    0.247835069E-16
    0.191474005E-16
    0.248049254E-16
    0.206627854E-16
    0.286027794E-16
    0.181140731E-16
    0.197976891E-16
    0.194352034E-16
    0.292347742E-16
    0.215546025E-16
    0.227168965E-16
    0.266441649E-16
    0.211835284E-16
    0.286301928E-16
    0.165832723E-16
    0.179136586E-16
    0.240554868E-16
    0.268663644E-16
    0.235581193E-16
    0.250892569E-16
    0.221833884E-16
    0.262988984E-16
    0.177555971E-16
    0.238617381E-16
    0.185455616E-16
    0.253120651E-16
    0.247209652E-16
    0.279640475E-16
    0.219355933E-16
    0.209696889E-16
    0.251888559E-16
    0.193668778E-16
    0.288095436E-16
    0.190050455E-16
    0.223815354E-16
    0.265358372E-16
    0.269938316E-16
    0.204558939E-16
    0.243752350E-16
    0.215141206E-16
    0.287397924E-16
    0.190813084E-16
    0.192795102E-16
    0.200513918E-16
    0.297445193E-16
    0.240323317E-16
    0.240663515E-16
    0.248796883E-16
    0.224281136E-16
    0.238239727E-16
    0.173602604E-16
    0.212619617E-16
    0.222026159E-16
    0.295611717E-16
    0.253570726E-16
    0.246190264E-16
    0.216117573E-16
    0.242635018E-16
    0.172004410E-16
    0.263958217E-16
    0.195068657E-16
    0.229181915E-16
    0.254981570E-16
    0.277593966E-16
    0.201236637E-16
    0.227862405E-16
    0.222045791E-16
    0.243032286E-16
    0.216001575E-16
    0.170467523E-16
    0.213891147E-16
    0.261555734E-16
    0.271659242E-16
    0.216075027E-16
    0.249505349E-16
    0.219653926E-16
    0.222359069E-16
    0.169900000E-16
    0.201249785E-16
    0.217046618E-16
    0.302876448E-16
    0.235258075E-16
    0.254245743E-16
    0.208407248E-16
    0.224990138E-16
    0.173139692E-16
    0.231296450E-16
    0.189631533E-16
    0.216718281E-16
    0.261877346E-16
    0.252442490E-16
    0.208919473E-16
    0.234473858E-16
    0.201265603E-16
    0.244885415E-16
    0.180109292E-16
    0.166894427E-16
    0.247337809E-16
    0.249424980E-16
    0.252308418E-16
    0.223192640E-16
    0.242192229E-16
    0.223614920E-16
    0.175247687E-16
    0.188874008E-16
    0.209156824E-16
    0.225337895E-16
    0.284901493E-16
    0.207642830E-16
    0.248366794E-16
    0.211158093E-16
    0.195878877E-16
    0.219813162E-16
    0.185944797E-16
    0.189084369E-16
    0.276952520E-16
    0.218356106E-16
    0.238691984E-16
    0.223977423E-16
    0.239287258E-16
    0.223479476E-16
    0.181173681E-16
    0.181014945E-16
    0.230873214E-16
    0.239271783E-16
    0.230736621E-16
    0.241876134E-16
    0.279385164E-16
    0.223483630E-16
    0.175398316E-16
    0.230774559E-16
    0.215284868E-16
    0.219000772E-16
    0.230594989E-16
    0.228762829E-16
    0.286606029E-16
    0.246655502E-16
    0.184908820E-16
    0.279927782E-16
    0.213849218E-16
    0.162040964E-16
    0.247503133E-16
    0.196534077E-16
