 #tdnd tdcion
    0.368735969E-16
    0.295586806E-16
    0.285556860E-16
    0.321842973E-16
    0.234093472E-16
    0.291184331E-16
    0.302694811E-16
    0.303986875E-16
    0.315767177E-16
    0.337560065E-16
    0.296115183E-16
    0.270647715E-16
    0.352680730E-16
    0.236281378E-16
    0.275574682E-16
    0.255921402E-16
    0.305699148E-16
    0.264311508E-16
    0.358189594E-16
    0.271732099E-16
    0.251127916E-16
    0.387046130E-16
    0.253003164E-16
    0.259348290E-16
    0.241894662E-16
    0.313472522E-16
    0.239756575E-16
    0.365877620E-16
    0.265958825E-16
    0.241192641E-16
    0.361026640E-16
    0.296442946E-16
    0.217987922E-16
    0.246250262E-16
    0.244849539E-16
    0.298036118E-16
    0.268957840E-16
    0.304523430E-16
    0.273074543E-16
    0.279096934E-16
    0.395302597E-16
    0.241916260E-16
    0.234719871E-16
    0.222339003E-16
    0.310203623E-16
    0.261228459E-16
    0.345507774E-16
    0.283307857E-16
    0.309006647E-16
    0.436777816E-16
    0.339247203E-16
    0.266160652E-16
    0.364068972E-16
    0.348673971E-16
    0.406935416E-16
    0.363273422E-16
    0.538440202E-16
    0.541166503E-16
    0.436054669E-16
    0.743911307E-16
    0.496391492E-16
    0.495457396E-16
    0.408022691E-16
    0.509764392E-16
    0.586620892E-16
    0.581403887E-16
    0.508256981E-16
    0.537150787E-16
    0.393917759E-16
    0.500893864E-16
    0.422484420E-16
    0.414213132E-16
    0.500151588E-16
    0.453492615E-16
    0.344794024E-16
    0.365545161E-16
    0.437325096E-16
    0.371075508E-16
    0.380699279E-16
    0.513194387E-16
    0.307954668E-16
    0.377749978E-16
    0.385116686E-16
    0.429043617E-16
    0.305100062E-16
    0.353117638E-16
    0.437203782E-16
    0.402668899E-16
    0.503014081E-16
    0.354639951E-16
    0.314666700E-16
    0.270076038E-16
    0.351161509E-16
    0.475961630E-16
    0.302708029E-16
    0.339118246E-16
    0.329415209E-16
    0.297090135E-16
    0.489287452E-16
    0.392100601E-16
    0.305848468E-16
    0.442923099E-16
    0.254564398E-16
    0.344530133E-16
    0.328854931E-16
    0.283284275E-16
    0.348566382E-16
    0.254794701E-16
    0.417660862E-16
    0.318867018E-16
    0.329695486E-16
    0.380776760E-16
    0.402233064E-16
    0.289239873E-16
    0.318550511E-16
    0.265071542E-16
    0.370596274E-16
    0.313899701E-16
    0.388040272E-16
    0.270166769E-16
    0.263367848E-16
    0.270657969E-16
    0.371409417E-16
    0.307602062E-16
    0.290268340E-16
    0.267365649E-16
    0.431105486E-16
    0.338904629E-16
    0.376888391E-16
    0.322767959E-16
    0.231158925E-16
    0.359112028E-16
    0.233558894E-16
    0.288610155E-16
    0.271980259E-16
    0.301507055E-16
    0.435027629E-16
    0.256924483E-16
    0.338085199E-16
    0.289122230E-16
    0.285204491E-16
    0.335126130E-16
    0.312355490E-16
    0.254118198E-16
    0.365043308E-16
    0.301306725E-16
    0.378987788E-16
    0.265544009E-16
    0.352556820E-16
    0.273625129E-16
    0.289854204E-16
    0.221602994E-16
    0.284939080E-16
    0.354215174E-16
    0.333486231E-16
    0.295062601E-16
    0.355821997E-16
    0.307052425E-16
    0.374214249E-16
    0.301379397E-16
    0.285122059E-16
    0.266272098E-16
    0.331309911E-16
    0.274623640E-16
    0.262046222E-16
    0.314787441E-16
    0.424295791E-16
    0.236725140E-16
    0.284454821E-16
    0.305348432E-16
    0.289452576E-16
    0.303651325E-16
    0.380308468E-16
    0.212942451E-16
    0.290179345E-16
    0.308017525E-16
    0.446826954E-16
    0.374449367E-16
    0.224191185E-16
    0.326908655E-16
    0.287963681E-16
    0.287401337E-16
    0.264559057E-16
    0.332740741E-16
    0.261987190E-16
    0.253962835E-16
    0.492034963E-16
    0.300479892E-16
    0.256045499E-16
    0.260131897E-16
    0.272438844E-16
    0.304227451E-16
    0.293866611E-16
    0.289318503E-16
    0.371796615E-16
    0.343336482E-16
    0.407756344E-16
    0.297946253E-16
    0.201063821E-16
    0.258228708E-16
    0.311671639E-16
    0.276614072E-16
    0.281122905E-16
    0.423376372E-16
    0.338805500E-16
    0.305696147E-16
    0.310806356E-16
    0.287415350E-16
    0.246107893E-16
    0.254472736E-16
    0.332710574E-16
    0.295440585E-16
    0.381915008E-16
    0.355835770E-16
    0.346639193E-16
    0.281411578E-16
    0.277537191E-16
    0.279243662E-16
    0.271630378E-16
    0.270699058E-16
    0.308520193E-16
    0.285147769E-16
    0.374698947E-16
    0.360950410E-16
    0.318696249E-16
    0.292794898E-16
    0.261021134E-16
    0.355019724E-16
    0.271887917E-16
    0.259120125E-16
    0.310715111E-16
    0.305853439E-16
    0.414434174E-16
    0.405218669E-16
    0.282780129E-16
    0.203055161E-16
    0.311532071E-16
    0.316605904E-16
    0.285803783E-16
    0.258953813E-16
    0.294593046E-16
    0.353568709E-16
    0.353822130E-16
    0.371461105E-16
    0.265200681E-16
    0.277140825E-16
    0.346248736E-16
    0.380166464E-16
    0.298325029E-16
    0.232747617E-16
    0.329834639E-16
    0.305518598E-16
    0.301797540E-16
    0.454137225E-16
    0.252035899E-16
    0.267470282E-16
    0.394686402E-16
    0.291433299E-16
    0.259787301E-16
    0.227606781E-16
    0.306990960E-16
    0.388066900E-16
    0.307949367E-16
    0.445254029E-16
    0.290810587E-16
    0.327650430E-16
    0.328446552E-16
    0.319146383E-16
    0.262948663E-16
    0.244601525E-16
    0.384018979E-16
    0.315453144E-16
    0.298090858E-16
    0.439713885E-16
    0.261502320E-16
    0.351437384E-16
    0.383493700E-16
    0.243761066E-16
    0.274035421E-16
    0.250879993E-16
    0.295123722E-16
    0.378150668E-16
    0.339113796E-16
    0.452981671E-16
    0.333591867E-16
    0.342407720E-16
    0.283136648E-16
    0.246088185E-16
    0.226800429E-16
    0.280422597E-16
    0.380226136E-16
    0.393858256E-16
    0.415586414E-16
    0.383289878E-16
    0.240548953E-16
    0.334575815E-16
    0.309173239E-16
    0.214858795E-16
    0.350820725E-16
    0.281488149E-16
    0.313356608E-16
    0.384438992E-16
    0.378352530E-16
    0.374409115E-16
    0.310408588E-16
    0.302093642E-16
    0.280135145E-16
    0.289501236E-16
    0.242002053E-16
    0.281942482E-16
    0.342775549E-16
    0.412374549E-16
    0.451600958E-16
    0.321876309E-16
    0.268270610E-16
    0.276990758E-16
    0.289246944E-16
    0.266011351E-16
    0.375808696E-16
    0.294643897E-16
    0.333634591E-16
    0.387840287E-16
    0.341204125E-16
    0.311027619E-16
    0.265937690E-16
    0.237412109E-16
    0.302845461E-16
    0.357503804E-16
    0.268553532E-16
    0.304532920E-16
    0.354824897E-16
    0.364411507E-16
    0.389391239E-16
    0.274805977E-16
    0.305152930E-16
    0.237887703E-16
    0.331612312E-16
    0.304822780E-16
    0.340109822E-16
    0.340824193E-16
    0.338795535E-16
    0.364833986E-16
    0.249071695E-16
    0.284318087E-16
    0.271863534E-16
    0.251704253E-16
    0.328868525E-16
    0.359736677E-16
    0.280882711E-16
    0.324188076E-16
    0.350450030E-16
    0.281398857E-16
    0.301183727E-16
    0.258775640E-16
    0.338838205E-16
    0.274454106E-16
    0.341633511E-16
    0.309621150E-16
    0.305263263E-16
    0.369934297E-16
    0.338020675E-16
    0.327716426E-16
    0.261828746E-16
    0.267219385E-16
    0.260218171E-16
    0.287893281E-16
    0.320272247E-16
    0.306578640E-16
    0.257781033E-16
    0.331042352E-16
    0.310143626E-16
    0.260643862E-16
    0.285912307E-16
    0.284042284E-16
    0.329433450E-16
    0.316728079E-16
    0.332170671E-16
    0.291591612E-16
    0.276651848E-16
    0.300935139E-16
    0.312303399E-16
    0.357610015E-16
    0.322570507E-16
    0.249722608E-16
    0.201761377E-16
    0.369846895E-16
    0.322196738E-16
    0.281976198E-16
    0.301061882E-16
    0.307010990E-16
    0.294299475E-16
    0.293714736E-16
    0.290386921E-16
    0.300759125E-16
    0.258903193E-16
    0.421607684E-16
    0.328865320E-16
    0.334347040E-16
    0.241813399E-16
    0.208651456E-16
    0.328284425E-16
    0.352005078E-16
    0.318671649E-16
    0.270976074E-16
    0.240630849E-16
    0.389132939E-16
    0.368309894E-16
    0.344872491E-16
    0.319814325E-16
    0.289353423E-16
    0.304448959E-16
    0.291849398E-16
    0.254256976E-16
    0.345696399E-16
    0.288954793E-16
    0.456175871E-16
    0.340306315E-16
    0.484417537E-16
    0.194307635E-16
    0.217927567E-16
    0.309399323E-16
    0.286438304E-16
    0.281693349E-16
    0.303588800E-16
    0.284200908E-16
    0.278600008E-16
    0.414456259E-16
    0.373042294E-16
    0.379313976E-16
    0.341810523E-16
    0.277708576E-16
    0.267233144E-16
    0.283701659E-16
    0.373244869E-16
    0.310906128E-16
    0.310258403E-16
    0.441620931E-16
    0.532481508E-16
    0.208354505E-16
    0.266484344E-16
    0.249928769E-16
    0.288955567E-16
    0.285149734E-16
    0.283167908E-16
    0.324911298E-16
    0.236265858E-16
    0.413383015E-16
    0.409543398E-16
    0.445504349E-16
    0.350350646E-16
    0.235962571E-16
    0.304800722E-16
    0.280209028E-16
    0.275622933E-16
    0.303209521E-16
    0.302934041E-16
    0.501807141E-16
    0.402040158E-16
    0.335914132E-16
    0.280775931E-16
    0.306281550E-16
    0.353669528E-16
    0.298011074E-16
    0.275039229E-16
    0.405440215E-16
    0.305067410E-16
    0.401566840E-16
    0.334371901E-16
    0.434897211E-16
    0.365444102E-16
    0.302003837E-16
    0.324763659E-16
    0.257916954E-16
    0.242892363E-16
    0.345942261E-16
    0.365652667E-16
    0.458928286E-16
    0.300163919E-16
    0.357059197E-16
    0.327502521E-16
    0.422366186E-16
    0.360984206E-16
    0.292609652E-16
    0.335982322E-16
    0.300344950E-16
    0.408444435E-16
    0.336390637E-16
    0.301879585E-16
    0.406756702E-16
    0.376293511E-16
    0.422853570E-16
    0.310838215E-16
    0.271949313E-16
    0.278195342E-16
    0.332665684E-16
    0.435041314E-16
    0.482796544E-16
    0.294267855E-16
    0.275885840E-16
    0.298038728E-16
    0.374266852E-16
    0.314216463E-16
    0.368853908E-16
    0.297361162E-16
    0.293852067E-16
    0.542875576E-16
    0.341195085E-16
    0.405320176E-16
    0.321383207E-16
    0.401918497E-16
    0.385674779E-16
    0.307417418E-16
    0.297836946E-16
    0.286632010E-16
    0.293849708E-16
    0.495445487E-16
    0.492477277E-16
    0.431143395E-16
    0.249209710E-16
    0.294309313E-16
    0.405553961E-16
    0.464206797E-16
    0.382591341E-16
    0.366960836E-16
    0.364123177E-16
    0.454604406E-16
    0.312675268E-16
    0.451257823E-16
    0.323897386E-16
    0.386850868E-16
    0.441466212E-16
    0.481492768E-16
    0.335632395E-16
    0.318619223E-16
    0.309969840E-16
    0.473114908E-16
    0.382819612E-16
    0.531565665E-16
    0.323420075E-16
    0.376661048E-16
    0.416989831E-16
    0.540498785E-16
    0.435617291E-16
    0.461530944E-16
    0.368457957E-16
    0.416822548E-16
    0.328253674E-16
    0.498349718E-16
    0.363348004E-16
    0.367145353E-16
    0.459819067E-16
    0.432844053E-16
    0.421360100E-16
    0.457238647E-16
    0.323804256E-16
    0.480790769E-16
    0.442000357E-16
    0.576982207E-16
    0.426750782E-16
    0.402047659E-16
    0.352308760E-16
    0.467824274E-16
    0.469754823E-16
    0.411720734E-16
    0.435506829E-16
    0.435403811E-16
    0.456273423E-16
    0.559435455E-16
    0.491200646E-16
    0.451365248E-16
    0.422160953E-16
    0.505217661E-16
    0.602881859E-16
    0.436290613E-16
    0.388017664E-16
    0.499274059E-16
    0.401015162E-16
    0.489161170E-16
    0.546055037E-16
    0.618073784E-16
    0.505830830E-16
    0.622720323E-16
    0.675598187E-16
    0.460045039E-16
    0.493136135E-16
    0.469437530E-16
    0.463105570E-16
    0.512823285E-16
    0.557299075E-16
    0.491790842E-16
    0.511618790E-16
    0.604401978E-16
    0.793744244E-16
    0.602767003E-16
    0.686792795E-16
    0.537099131E-16
    0.566882444E-16
    0.529743978E-16
    0.597863917E-16
    0.548576674E-16
    0.642232604E-16
    0.666084922E-16
    0.672503503E-16
    0.512741709E-16
    0.572296340E-16
    0.633888369E-16
    0.715844742E-16
    0.743740851E-16
    0.678472351E-16
    0.651036285E-16
    0.585702218E-16
    0.582879910E-16
    0.646026968E-16
    0.634532424E-16
    0.663190631E-16
    0.657380030E-16
    0.688806142E-16
    0.608058461E-16
    0.665208676E-16
    0.675125873E-16
    0.851648158E-16
    0.636275882E-16
    0.789609088E-16
    0.673197984E-16
    0.590565011E-16
    0.611423078E-16
    0.738823531E-16
    0.665452705E-16
    0.815998117E-16
    0.775171313E-16
    0.808357071E-16
    0.724812866E-16
    0.868496579E-16
    0.875926199E-16
    0.859662383E-16
    0.700085595E-16
    0.761027020E-16
    0.644462478E-16
    0.808339925E-16
    0.758992691E-16
    0.906814557E-16
    0.946903589E-16
    0.966419971E-16
    0.105438597E-15
    0.884488562E-16
    0.842307661E-16
    0.964765026E-16
    0.966080584E-16
    0.111830630E-15
    0.965192666E-16
    0.993472275E-16
    0.957059732E-16
    0.108013584E-15
    0.115371627E-15
    0.111192564E-15
    0.115330749E-15
    0.130117350E-15
    0.124837829E-15
    0.123564111E-15
    0.116362892E-15
    0.134405209E-15
    0.121172155E-15
    0.131282112E-15
    0.127699355E-15
    0.128177456E-15
    0.115142097E-15
    0.139909263E-15
    0.151880472E-15
    0.148109112E-15
    0.140941058E-15
    0.161313157E-15
    0.147487552E-15
    0.153550228E-15
    0.156971556E-15
    0.157632986E-15
    0.154889239E-15
    0.164816293E-15
    0.156978207E-15
    0.141424543E-15
    0.152978562E-15
    0.165694170E-15
    0.174025720E-15
    0.189334704E-15
    0.182628147E-15
    0.189221967E-15
    0.169481100E-15
    0.173847172E-15
    0.175064740E-15
    0.178604562E-15
    0.181257103E-15
    0.181708396E-15
    0.184487901E-15
    0.186741421E-15
    0.183186731E-15
    0.190703395E-15
    0.194525757E-15
    0.201105419E-15
    0.212498475E-15
    0.210351030E-15
    0.207466524E-15
    0.204246591E-15
    0.213176053E-15
    0.215441407E-15
    0.228515294E-15
    0.221274396E-15
    0.213102614E-15
    0.203341492E-15
    0.236500256E-15
    0.243280756E-15
    0.236741322E-15
    0.245751516E-15
    0.259349341E-15
    0.254864750E-15
    0.256221610E-15
    0.259586475E-15
    0.255841697E-15
    0.254595046E-15
    0.301794321E-15
    0.290895662E-15
    0.270566479E-15
    0.273079499E-15
    0.300605862E-15
    0.305657081E-15
    0.322794185E-15
    0.331967373E-15
    0.337706834E-15
    0.317087949E-15
    0.368805295E-15
    0.326119982E-15
    0.351328015E-15
    0.352883741E-15
    0.385266259E-15
    0.362398590E-15
    0.385178610E-15
    0.381584578E-15
    0.395822387E-15
    0.373577157E-15
    0.449337062E-15
    0.411737655E-15
    0.449479371E-15
    0.432417818E-15
    0.449764378E-15
    0.427517159E-15
    0.462865662E-15
    0.481920636E-15
    0.477025432E-15
    0.455000904E-15
    0.505117884E-15
    0.489089744E-15
    0.520925483E-15
    0.518252251E-15
    0.542791582E-15
    0.529441632E-15
    0.567885805E-15
    0.590865255E-15
    0.554734633E-15
    0.551316559E-15
    0.602566121E-15
    0.582694420E-15
    0.633445967E-15
    0.564424624E-15
    0.609302223E-15
    0.603830721E-15
    0.682560253E-15
    0.675921204E-15
    0.683278065E-15
    0.678789574E-15
    0.722854674E-15
    0.683295691E-15
    0.748222822E-15
    0.638180288E-15
    0.739871964E-15
    0.747590293E-15
    0.801522351E-15
    0.752602207E-15
    0.785155754E-15
    0.797896037E-15
    0.816734431E-15
    0.843633592E-15
    0.886237480E-15
    0.812737902E-15
    0.918170287E-15
    0.922712402E-15
    0.900559040E-15
    0.887110291E-15
    0.943867202E-15
    0.944263873E-15
    0.943997343E-15
    0.990630697E-15
    0.102123191E-14
    0.973107641E-15
    0.112791291E-14
    0.110815324E-14
    0.107534523E-14
    0.108805222E-14
    0.117322038E-14
    0.110063503E-14
    0.115203088E-14
    0.117004601E-14
    0.122287883E-14
    0.118362153E-14
    0.133168677E-14
    0.124938631E-14
    0.126661118E-14
    0.135565212E-14
    0.143583434E-14
    0.136018800E-14
    0.146650548E-14
    0.145502761E-14
    0.148829762E-14
    0.150510811E-14
    0.155273020E-14
    0.151511323E-14
    0.158130027E-14
    0.173815855E-14
    0.171992491E-14
    0.171754952E-14
    0.184676354E-14
    0.183219894E-14
    0.194237661E-14
    0.198933586E-14
    0.200104592E-14
    0.204367341E-14
    0.214621256E-14
    0.230080466E-14
    0.223678798E-14
    0.232978570E-14
    0.252849104E-14
    0.249108365E-14
    0.275113116E-14
    0.277338817E-14
    0.284985515E-14
    0.304048135E-14
    0.323582837E-14
    0.341868684E-14
    0.338917762E-14
    0.365305594E-14
    0.389609787E-14
    0.390854978E-14
    0.436396372E-14
    0.444224989E-14
    0.466893074E-14
    0.515651734E-14
    0.544562570E-14
    0.582052501E-14
    0.598538176E-14
    0.664489102E-14
    0.704777609E-14
    0.735218431E-14
    0.820526385E-14
    0.847552678E-14
    0.915803782E-14
    0.101517072E-13
    0.107875570E-13
    0.117012615E-13
    0.125486033E-13
    0.140220551E-13
    0.151522612E-13
    0.163707638E-13
    0.184620114E-13
    0.195938196E-13
    0.218891822E-13
    0.243474164E-13
    0.264534169E-13
    0.292673356E-13
    0.323072310E-13
    0.364691768E-13
    0.402341132E-13
    0.449336321E-13
    0.510924222E-13
    0.562140923E-13
    0.643538141E-13
    0.726487437E-13
    0.814726896E-13
    0.925330086E-13
    0.104812369E-12
    0.119995404E-12
    0.135598830E-12
    0.154845212E-12
    0.177833337E-12
    0.201032572E-12
    0.233124853E-12
    0.266352766E-12
    0.305493915E-12
    0.351862879E-12
    0.405519874E-12
    0.468652684E-12
    0.538533395E-12
    0.622428118E-12
    0.719379776E-12
    0.826707819E-12
    0.961207004E-12
    0.110662831E-11
    0.127956407E-11
    0.147996394E-11
    0.171194118E-11
    0.198267455E-11
    0.228950140E-11
    0.265259884E-11
    0.306861943E-11
    0.354417693E-11
    0.411204635E-11
    0.474336181E-11
    0.548880132E-11
    0.634311387E-11
    0.733260151E-11
    0.847166981E-11
    0.977630223E-11
    0.112931062E-10
    0.130316808E-10
    0.150307354E-10
    0.173625223E-10
    0.199942825E-10
    0.230655914E-10
    0.265712481E-10
    0.306151723E-10
    0.352508325E-10
    0.405582398E-10
    0.466749205E-10
    0.536607216E-10
    0.616831844E-10
    0.709067119E-10
    0.813853847E-10
    0.934793126E-10
    0.107259604E-09
    0.123068628E-09
    0.141118159E-09
    0.161732355E-09
    0.185333291E-09
    0.212233048E-09
    0.242989102E-09
    0.278095824E-09
    0.317994622E-09
    0.363668939E-09
    0.415559525E-09
    0.474793586E-09
    0.542142513E-09
    0.618807980E-09
    0.706096262E-09
    0.805285221E-09
    0.918159474E-09
    0.104636588E-08
    0.119182669E-08
    0.135730249E-08
    0.154480600E-08
    0.175778146E-08
    0.199905666E-08
    0.227257133E-08
    0.258261756E-08
    0.293361907E-08
    0.333129481E-08
    0.378107907E-08
    0.428984159E-08
    0.486561279E-08
    0.551599639E-08
    0.625139141E-08
    0.708153543E-08
    0.801899228E-08
    0.907716869E-08
    0.102707699E-07
    0.116171989E-07
    0.131343482E-07
    0.148440707E-07
    0.167704105E-07
    0.189387174E-07
    0.213799763E-07
    0.241255690E-07
    0.272137959E-07
    0.306859392E-07
    0.345874659E-07
    0.389709615E-07
    0.438915978E-07
    0.494157754E-07
    0.556140518E-07
    0.625653875E-07
    0.703593852E-07
    0.790926578E-07
    0.888768753E-07
    0.998340437E-07
    0.112098773E-06
    0.125823298E-06
    0.141171846E-06
    0.158335043E-06
    0.177516988E-06
    0.198947167E-06
    0.222880055E-06
    0.249594814E-06
    0.279407336E-06
    0.312662652E-06
    0.349742516E-06
    0.391071943E-06
    0.437114833E-06
    0.488397994E-06
    0.545488267E-06
    0.609022071E-06
    0.679695248E-06
    0.758280408E-06
    0.845631978E-06
    0.942690181E-06
    0.105048678E-05
    0.117016571E-05
    0.130297735E-05
    0.145031991E-05
    0.161370515E-05
    0.179481680E-05
    0.199548844E-05
    0.221775319E-05
    0.246383750E-05
    0.273618866E-05
    0.303748524E-05
    0.337067213E-05
    0.373897522E-05
    0.414595191E-05
    0.459546781E-05
    0.509178144E-05
    0.563953275E-05
    0.624383164E-05
    0.691024335E-05
    0.764486724E-05
    0.845435016E-05
    0.934596673E-05
    0.103276606E-04
    0.114081192E-04
    0.125967852E-04
    0.139039802E-04
    0.153409336E-04
    0.169199277E-04
    0.186542846E-04
    0.205585511E-04
    0.226485099E-04
    0.249413474E-04
    0.274557670E-04
    0.302120758E-04
    0.332323268E-04
    0.365404414E-04
    0.401624102E-04
    0.441264377E-04
    0.484630449E-04
    0.532053676E-04
    0.583892272E-04
    0.640534407E-04
    0.702400487E-04
    0.769944651E-04
    0.843658332E-04
    0.924071711E-04
    0.101175860E-03
    0.110733794E-03
    0.121147709E-03
    0.132489699E-03
    0.144837325E-03
    0.158274272E-03
    0.172890675E-03
    0.188783466E-03
    0.206057067E-03
    0.224823553E-03
    0.245203681E-03
    0.267326947E-03
    0.291332475E-03
    0.317369646E-03
    0.345598529E-03
    0.376190886E-03
    0.409330769E-03
    0.445215188E-03
    0.484055258E-03
    0.526076475E-03
    0.571520484E-03
    0.620645070E-03
    0.673725889E-03
    0.731057236E-03
    0.792952897E-03
    0.859747832E-03
    0.931798873E-03
    0.100948622E-02
    0.109321484E-02
    0.118341518E-02
    0.128054573E-02
    0.138509313E-02
    0.149757484E-02
    0.161854005E-02
    0.174857132E-02
    0.188828671E-02
    0.203834098E-02
    0.219942787E-02
    0.237228169E-02
    0.255767878E-02
    0.275644067E-02
    0.296943455E-02
    0.319757675E-02
    0.344183377E-02
    0.370322479E-02
    0.398282415E-02
    0.428176278E-02
    0.460123176E-02
    0.494248298E-02
    0.530683221E-02
    0.569566192E-02
    0.611042252E-02
    0.655263561E-02
    0.702389551E-02
    0.752587207E-02
    0.806031274E-02
    0.862904477E-02
    0.923397830E-02
    0.987710647E-02
    0.105605093E-01
    0.112863553E-01
    0.120569033E-01
    0.128745040E-01
    0.137416019E-01
    0.146607372E-01
    0.156345465E-01
    0.166657651E-01
    0.177572283E-01
    0.189118695E-01
    0.201327247E-01
    0.214229312E-01
    0.227857285E-01
    0.242244562E-01
    0.257425571E-01
    0.273435745E-01
    0.290311507E-01
    0.308090289E-01
    0.326810487E-01
    0.346511435E-01
    0.367233422E-01
    0.389017625E-01
    0.411906109E-01
    0.435941744E-01
    0.461168229E-01
    0.487629994E-01
    0.515372162E-01
    0.544440531E-01
    0.574881451E-01
    0.606741787E-01
    0.640068880E-01
    0.674910415E-01
    0.711314380E-01
    0.749328924E-01
    0.789002358E-01
    0.830382946E-01
    0.873518869E-01
    0.918458117E-01
    0.965248303E-01
    0.101393661E+00
    0.106456966E+00
    0.111719334E+00
    0.117185266E+00
    0.122859166E+00
    0.128745323E+00
    0.134847895E+00
    0.141170894E+00
    0.147718171E+00
    0.154493394E+00
    0.161500040E+00
    0.168741371E+00
    0.176220417E+00
    0.183939960E+00
    0.191902516E+00
    0.200110319E+00
    0.208565294E+00
    0.217269052E+00
    0.226222862E+00
    0.235427634E+00
    0.244883909E+00
    0.254591832E+00
    0.264551141E+00
    0.274761142E+00
    0.285220708E+00
    0.295928247E+00
    0.306881695E+00
    0.318078501E+00
    0.329515613E+00
    0.341189459E+00
    0.353095949E+00
    0.365230447E+00
    0.377587774E+00
    0.390162189E+00
    0.402947399E+00
    0.415936525E+00
    0.429122123E+00
    0.442496164E+00
    0.456050041E+00
    0.469774566E+00
    0.483659966E+00
    0.497695891E+00
    0.511871418E+00
    0.526175055E+00
    0.540594753E+00
    0.555117905E+00
    0.569731373E+00
    0.584421484E+00
    0.599174060E+00
    0.613974432E+00
    0.628807444E+00
    0.643657491E+00
    0.658508537E+00
    0.673344135E+00
    0.688147457E+00
    0.702901314E+00
    0.717588199E+00
    0.732190302E+00
    0.746689556E+00
    0.761067669E+00
    0.775306140E+00
    0.789386327E+00
    0.803289464E+00
    0.816996707E+00
    0.830489167E+00
    0.843747962E+00
    0.856754254E+00
    0.869489288E+00
    0.881934439E+00
    0.894071263E+00
    0.905881510E+00
    0.917347220E+00
    0.928450720E+00
    0.939174693E+00
    0.949502207E+00
    0.959416777E+00
    0.968902390E+00
    0.977943556E+00
    0.986525347E+00
    0.994633442E+00
    0.100225414E+01
    0.100937446E+01
    0.101598210E+01
    0.102206553E+01
    0.102761398E+01
    0.103261752E+01
    0.103706705E+01
    0.104095434E+01
    0.104427206E+01
    0.104701381E+01
    0.104917410E+01
    0.105074842E+01
    0.105173322E+01
    0.105212594E+01
    0.105192502E+01
    0.105112988E+01
    0.104974096E+01
    0.104775971E+01
    0.104518858E+01
    0.104203103E+01
    0.103829149E+01
    0.103397540E+01
    0.102908916E+01
    0.102364014E+01
    0.101763663E+01
    0.101108784E+01
    0.100400391E+01
    0.996395785E+00
    0.988275306E+00
    0.979655100E+00
    0.970548583E+00
    0.960969893E+00
    0.950933897E+00
    0.940456117E+00
    0.929552710E+00
    0.918240406E+00
    0.906536492E+00
    0.894458742E+00
    0.882025384E+00
    0.869255059E+00
    0.856166762E+00
    0.842779790E+00
    0.829113719E+00
    0.815188331E+00
    0.801023577E+00
    0.786639522E+00
    0.772056306E+00
    0.757294090E+00
    0.742373007E+00
    0.727313127E+00
    0.712134400E+00
    0.696856609E+00
    0.681499350E+00
    0.666081963E+00
    0.650623505E+00
    0.635142712E+00
    0.619657956E+00
    0.604187221E+00
    0.588748050E+00
    0.573357539E+00
    0.558032283E+00
    0.542788366E+00
    0.527641332E+00
    0.512606153E+00
    0.497697222E+00
    0.482928324E+00
    0.468312621E+00
    0.453862651E+00
    0.439590291E+00
    0.425506772E+00
    0.411622655E+00
    0.397947839E+00
    0.384491546E+00
    0.371262325E+00
    0.358268056E+00
    0.345515948E+00
    0.333012543E+00
    0.320763733E+00
    0.308774749E+00
    0.297050191E+00
    0.285594028E+00
    0.274409615E+00
    0.263499704E+00
    0.252866461E+00
    0.242511488E+00
    0.232435831E+00
    0.222640007E+00
    0.213124020E+00
    0.203887381E+00
    0.194929128E+00
    0.186247855E+00
    0.177841722E+00
    0.169708487E+00
    0.161845525E+00
    0.154249852E+00
    0.146918144E+00
    0.139846765E+00
    0.133031787E+00
    0.126469016E+00
    0.120154005E+00
    0.114082090E+00
    0.108248399E+00
    0.102647881E+00
    0.972753237E-01
    0.921253746E-01
    0.871925615E-01
    0.824713087E-01
    0.779559582E-01
    0.736407874E-01
    0.695200221E-01
    0.655878597E-01
    0.618384761E-01
    0.582660496E-01
    0.548647669E-01
    0.516288393E-01
    0.485525185E-01
    0.456301007E-01
    0.428559432E-01
    0.402244731E-01
    0.377301943E-01
    0.353676983E-01
    0.331316700E-01
    0.310168972E-01
    0.290182732E-01
    0.271308042E-01
    0.253496166E-01
    0.236699550E-01
    0.220871915E-01
    0.205968267E-01
    0.191944907E-01
    0.178759463E-01
    0.166370909E-01
    0.154739559E-01
    0.143827079E-01
    0.133596482E-01
    0.124012137E-01
    0.115039735E-01
    0.106646304E-01
    0.988001824E-02
    0.914709962E-02
    0.846296488E-02
    0.782482976E-02
    0.723003164E-02
    0.667602919E-02
    0.616039731E-02
    0.568082534E-02
    0.523511402E-02
    0.482117173E-02
    0.443701187E-02
    0.408074883E-02
    0.375059541E-02
    0.344485893E-02
    0.316193740E-02
    0.290031763E-02
    0.265856989E-02
    0.243534550E-02
    0.222937416E-02
    0.203945894E-02
    0.186447438E-02
    0.170336275E-02
    0.155513099E-02
    0.141884760E-02
    0.129363947E-02
    0.117868952E-02
    0.107323304E-02
    0.976555436E-03
    0.887989954E-03
    0.806913897E-03
    0.732747380E-03
    0.664950294E-03
    0.603020085E-03
    0.546489745E-03
    0.494925427E-03
    0.447924650E-03
    0.405114247E-03
    0.366148575E-03
    0.330707862E-03
    0.298496217E-03
    0.269240485E-03
    0.242688451E-03
    0.218607448E-03
    0.196783216E-03
    0.177018399E-03
    0.159131411E-03
    0.142955484E-03
    0.128337380E-03
    0.115136481E-03
    0.103223926E-03
    0.924816602E-04
    0.828016219E-04
    0.740849655E-04
    0.662414349E-04
    0.591886000E-04
    0.528512226E-04
    0.471608305E-04
    0.420549766E-04
    0.374768328E-04
    0.333748253E-04
    0.297020030E-04
    0.264158069E-04
    0.234776007E-04
    0.208523922E-04
    0.185085047E-04
    0.164172441E-04
    0.145527200E-04
    0.128914931E-04
    0.114124313E-04
    0.100965034E-04
    0.892650592E-05
    0.788700121E-05
    0.696406425E-05
    0.614518972E-05
    0.541915190E-05
    0.477586601E-05
    0.420629183E-05
    0.370232240E-05
    0.325671087E-05
    0.286296547E-05
    0.251527809E-05
    0.220847482E-05
    0.193792677E-05
    0.169950471E-05
    0.148953482E-05
    0.130474467E-05
    0.114221590E-05
    0.999362985E-06
    0.873885758E-06
    0.763736389E-06
    0.667105419E-06
    0.582385770E-06
    0.508157764E-06
    0.443158852E-06
    0.386276062E-06
    0.336527346E-06
    0.293040558E-06
    0.255053167E-06
    0.221886191E-06
    0.192944040E-06
    0.167703388E-06
    0.145700633E-06
    0.126533827E-06
    0.109843646E-06
    0.953178951E-07
    0.826822872E-07
    0.716957975E-07
    0.621485253E-07
    0.538542608E-07
    0.466528496E-07
    0.404025789E-07
    0.349793795E-07
    0.302767515E-07
    0.261998363E-07
    0.226667673E-07
    0.196057661E-07
    0.169550858E-07
    0.146600331E-07
    0.126734287E-07
    0.109546590E-07
    0.946780417E-08
    0.818170234E-08
    0.706949177E-08
    0.610813347E-08
    0.527708299E-08
    0.455876095E-08
    0.393813797E-08
    0.340177254E-08
    0.293844300E-08
    0.253816157E-08
    0.219251277E-08
    0.189388887E-08
    0.163580461E-08
    0.141307350E-08
    0.122063806E-08
    0.105442929E-08
    0.910882366E-09
    0.786881645E-09
    0.679803121E-09
    0.587254004E-09
    0.507384917E-09
    0.438338218E-09
    0.378643396E-09
    0.327131927E-09
    0.282598654E-09
    0.244127874E-09
    0.210870171E-09
    0.182141227E-09
    0.157302272E-09
    0.135834861E-09
    0.117285451E-09
    0.101251461E-09
    0.873926979E-10
    0.754147131E-10
    0.650693241E-10
    0.561240999E-10
    0.483936146E-10
    0.417164294E-10
    0.359422016E-10
    0.309645051E-10
    0.266521307E-10
    0.229422759E-10
    0.197350106E-10
    0.169627308E-10
    0.145788289E-10
    0.125166723E-10
    0.107422258E-10
    0.921103782E-11
    0.789268415E-11
    0.676058336E-11
    0.578194318E-11
    0.494691986E-11
    0.422486877E-11
    0.360516740E-11
    0.307660271E-11
    0.261995196E-11
    0.223114256E-11
    0.189779655E-11
    0.161283660E-11
    0.136925970E-11
    0.116272430E-11
    0.986439349E-12
    0.834626450E-12
    0.706968933E-12
    0.598505872E-12
    0.505706535E-12
    0.427636858E-12
    0.361803756E-12
    0.305467819E-12
    0.257509429E-12
    0.218515500E-12
    0.184170063E-12
    0.155485986E-12
    0.131553479E-12
    0.111334942E-12
    0.943241096E-13
    0.799036351E-13
    0.680701593E-13
    0.577501317E-13
    0.489592904E-13
    0.420057781E-13
    0.356709260E-13
    0.306727137E-13
    0.261432880E-13
    0.225320528E-13
    0.194729807E-13
    0.166583412E-13
    0.144378262E-13
    0.124589330E-13
    0.107237813E-13
    0.923628881E-14
    0.802902189E-14
    0.705243825E-14
    0.595735083E-14
    0.524520545E-14
    0.454370769E-14
    0.385485281E-14
    0.332420739E-14
    0.289085715E-14
    0.246982416E-14
    0.208419915E-14
    0.183955543E-14
    0.159167401E-14
    0.128546328E-14
    0.114287270E-14
    0.961218569E-15
    0.797301507E-15
    0.668662777E-15
    0.581414798E-15
    0.485311356E-15
    0.403808243E-15
    0.376741629E-15
    0.315367557E-15
    0.251359474E-15
    0.235318594E-15
    0.192006350E-15
    0.170364765E-15
    0.152370759E-15
    0.137788205E-15
    0.140889994E-15
    0.134592112E-15
    0.133220410E-15
    0.131990514E-15
    0.134674309E-15
    0.132583139E-15
    0.119206321E-15
    0.128737532E-15
    0.133795702E-15
    0.126398604E-15
    0.135642345E-15
    0.139128767E-15
    0.152141390E-15
    0.147545134E-15
    0.134365378E-15
    0.132925935E-15
    0.128158984E-15
    0.137897376E-15
    0.128259571E-15
    0.122757733E-15
    0.130840736E-15
    0.124679252E-15
    0.130521763E-15
    0.120494244E-15
    0.115691169E-15
    0.115805914E-15
    0.118075828E-15
    0.120819176E-15
    0.114102088E-15
    0.106028745E-15
    0.116803574E-15
    0.113275183E-15
    0.115201524E-15
    0.122857920E-15
    0.106471898E-15
    0.113159336E-15
    0.108237165E-15
    0.119116097E-15
    0.105092476E-15
    0.104981108E-15
    0.115717989E-15
    0.119212009E-15
    0.107011253E-15
    0.104449632E-15
    0.977563511E-16
    0.119532850E-15
    0.884803751E-16
    0.118218447E-15
    0.121106566E-15
    0.102196338E-15
    0.967506472E-16
    0.100660597E-15
    0.965682760E-16
    0.106518959E-15
    0.941823155E-16
    0.106092904E-15
    0.957338827E-16
    0.103612935E-15
    0.914905525E-16
    0.977408183E-16
    0.821653379E-16
    0.893946623E-16
    0.910806013E-16
    0.762442287E-16
    0.786518323E-16
    0.857648019E-16
    0.919665750E-16
    0.770545806E-16
    0.718532192E-16
    0.714994298E-16
    0.617232577E-16
    0.682968064E-16
    0.702905742E-16
    0.635732222E-16
    0.687375068E-16
    0.627340999E-16
    0.618743322E-16
    0.660707533E-16
    0.661140329E-16
    0.567735505E-16
    0.574540731E-16
    0.497467726E-16
    0.557932458E-16
    0.443290148E-16
    0.615367228E-16
    0.612840397E-16
    0.603488170E-16
    0.554613957E-16
    0.465675654E-16
    0.482824174E-16
    0.368086585E-16
    0.578482981E-16
    0.474370539E-16
    0.406031366E-16
    0.474162280E-16
    0.574769481E-16
    0.456654577E-16
    0.478364588E-16
    0.348668328E-16
    0.457774963E-16
    0.442158859E-16
    0.481068680E-16
    0.361857883E-16
    0.404547619E-16
    0.375872104E-16
    0.436342308E-16
    0.484292897E-16
    0.415721436E-16
    0.378815010E-16
    0.354630614E-16
    0.369171252E-16
    0.413157500E-16
    0.373190695E-16
    0.325237692E-16
    0.383926609E-16
    0.335341321E-16
    0.386600538E-16
    0.417664889E-16
    0.291788164E-16
    0.301654777E-16
    0.364538015E-16
    0.365665441E-16
    0.309389984E-16
    0.306820548E-16
    0.320373517E-16
    0.363504213E-16
    0.302577912E-16
    0.360567322E-16
    0.288729933E-16
    0.329923016E-16
    0.291135897E-16
    0.282433469E-16
    0.284935882E-16
    0.312289212E-16
    0.300599247E-16
    0.301544214E-16
    0.323777338E-16
    0.340050681E-16
    0.273915266E-16
    0.284197615E-16
    0.261171256E-16
    0.259980661E-16
    0.257828602E-16
    0.289461453E-16
    0.308090806E-16
    0.318404801E-16
    0.313985455E-16
    0.307349883E-16
    0.260315191E-16
    0.264372253E-16
    0.247196554E-16
    0.232776976E-16
    0.224920080E-16
    0.259905688E-16
    0.309861752E-16
    0.324605022E-16
    0.307472525E-16
    0.280747137E-16
    0.236588276E-16
    0.229380604E-16
    0.268652197E-16
    0.233941586E-16
    0.196738053E-16
    0.257986299E-16
    0.304703753E-16
    0.320636652E-16
    0.314985047E-16
    0.266118290E-16
    0.212713815E-16
    0.213058640E-16
    0.304669862E-16
    0.233631789E-16
    0.173814231E-16
    0.262823658E-16
    0.275675105E-16
    0.286225633E-16
    0.324654500E-16
    0.256508326E-16
    0.213393426E-16
    0.203502326E-16
    0.298824416E-16
    0.231121499E-16
    0.170908047E-16
    0.267215276E-16
    0.258641276E-16
    0.256382014E-16
    0.351982891E-16
    0.251757062E-16
    0.220036159E-16
    0.206561592E-16
    0.280082812E-16
    0.234258570E-16
    0.178376925E-16
    0.269969530E-16
    0.255781807E-16
    0.237704943E-16
    0.360247514E-16
    0.260650783E-16
    0.210695281E-16
    0.189555534E-16
    0.251676167E-16
    0.244127336E-16
    0.184784465E-16
    0.274978430E-16
    0.243360149E-16
    0.218334589E-16
    0.347745087E-16
    0.258181737E-16
    0.203437345E-16
    0.181976897E-16
    0.237085939E-16
    0.230270885E-16
    0.201316393E-16
    0.282943529E-16
    0.236477620E-16
    0.196905349E-16
    0.328268355E-16
    0.261895668E-16
    0.205951495E-16
    0.182742984E-16
    0.223087819E-16
    0.222494019E-16
    0.213868173E-16
    0.289775604E-16
    0.236440788E-16
    0.193986395E-16
    0.304663211E-16
    0.278766614E-16
    0.210134124E-16
    0.172428909E-16
    0.207493217E-16
    0.221640535E-16
    0.223381597E-16
    0.302048933E-16
    0.242294047E-16
    0.198441492E-16
    0.294527372E-16
    0.294358854E-16
    0.211341604E-16
    0.169473530E-16
    0.209872480E-16
    0.221711225E-16
    0.222034677E-16
    0.300628640E-16
    0.248203784E-16
    0.212935812E-16
    0.274179083E-16
    0.302477007E-16
    0.220337959E-16
    0.174573236E-16
    0.210934828E-16
    0.212272440E-16
    0.214313411E-16
    0.283862545E-16
    0.251081258E-16
    0.222625914E-16
    0.263140181E-16
    0.299574476E-16
    0.225051096E-16
    0.179756887E-16
    0.214554903E-16
    0.215975602E-16
    0.213538821E-16
    0.257085834E-16
    0.256802765E-16
    0.227405605E-16
    0.252827869E-16
    0.297465261E-16
    0.230129035E-16
    0.174220965E-16
    0.213752612E-16
    0.207068369E-16
    0.226166849E-16
    0.232993275E-16
    0.267670719E-16
    0.225496594E-16
    0.277428661E-16
    0.299027220E-16
    0.216733092E-16
    0.171394394E-16
    0.222307257E-16
    0.200187924E-16
    0.261771994E-16
    0.220942033E-16
    0.278422093E-16
    0.217921444E-16
    0.310385380E-16
    0.286338317E-16
    0.201775832E-16
    0.177382839E-16
    0.242124093E-16
    0.167360560E-16
    0.290365237E-16
    0.204921066E-16
    0.287273914E-16
    0.206431048E-16
    0.333822761E-16
    0.268914374E-16
    0.191363105E-16
    0.190527655E-16
    0.266220902E-16
    0.155093399E-16
    0.310319632E-16
    0.204962583E-16
    0.291277914E-16
    0.208035111E-16
    0.324145347E-16
    0.250607101E-16
    0.189230146E-16
    0.198677802E-16
    0.273299228E-16
    0.158815583E-16
    0.305086328E-16
    0.220263140E-16
    0.269614805E-16
    0.241695748E-16
    0.298532700E-16
    0.247632085E-16
    0.192569021E-16
    0.222108525E-16
    0.245877894E-16
    0.204862996E-16
    0.291311958E-16
    0.274242051E-16
    0.219466870E-16
    0.286480356E-16
    0.264243248E-16
    0.240083058E-16
    0.184161083E-16
    0.257050201E-16
    0.200065547E-16
    0.269496514E-16
    0.266512748E-16
    0.312828034E-16
    0.197960663E-16
    0.299144938E-16
    0.264069109E-16
    0.259821842E-16
    0.168580523E-16
    0.273698809E-16
    0.175265539E-16
    0.335346044E-16
    0.284548852E-16
    0.269862505E-16
    0.265133372E-16
    0.258512627E-16
    0.271472975E-16
    0.259552239E-16
    0.192532653E-16
    0.260870546E-16
    0.228986270E-16
    0.360415827E-16
    0.331556253E-16
    0.191857104E-16
    0.310073006E-16
    0.240684718E-16
    0.299232971E-16
    0.205102998E-16
    0.248268570E-16
    0.214212801E-16
    0.311960116E-16
    0.329461672E-16
    0.291247932E-16
    0.276109445E-16
    0.229960978E-16
    0.270337552E-16
    0.305654189E-16
    0.193764603E-16
    0.264555505E-16
    0.232818318E-16
    0.352598678E-16
    0.346924635E-16
    0.230670586E-16
    0.285864459E-16
    0.262277565E-16
    0.329176534E-16
    0.210669381E-16
    0.236884193E-16
    0.226590315E-16
    0.359806131E-16
    0.348624272E-16
    0.263066597E-16
    0.338664712E-16
    0.259486024E-16
    0.323056314E-16
    0.266181490E-16
    0.224121565E-16
    0.254937108E-16
    0.329086470E-16
    0.322752303E-16
    0.275656992E-16
    0.389027049E-16
    0.280258323E-16
    0.302926943E-16
    0.295145193E-16
    0.235172497E-16
    0.272474980E-16
    0.362586175E-16
    0.337731850E-16
    0.310554426E-16
