 #tdnd tdcion
    0.212081097E-16
    0.217530625E-16
    0.291038377E-16
    0.291162487E-16
    0.299784284E-16
    0.253712173E-16
    0.293570779E-16
    0.208700645E-16
    0.193709100E-16
    0.232523683E-16
    0.269248878E-16
    0.217533897E-16
    0.267976481E-16
    0.301486808E-16
    0.240855217E-16
    0.270751320E-16
    0.201295221E-16
    0.213168918E-16
    0.251538436E-16
    0.247243182E-16
    0.199574317E-16
    0.228345298E-16
    0.265580639E-16
    0.260333419E-16
    0.305536324E-16
    0.205289395E-16
    0.213558032E-16
    0.259935539E-16
    0.182640846E-16
    0.230006747E-16
    0.209309349E-16
    0.226383372E-16
    0.258887642E-16
    0.338797558E-16
    0.211227809E-16
    0.221088046E-16
    0.269531425E-16
    0.176276920E-16
    0.244410701E-16
    0.174596556E-16
    0.215417396E-16
    0.261736373E-16
    0.299454860E-16
    0.255664242E-16
    0.222022557E-16
    0.272291885E-16
    0.254719214E-16
    0.220805604E-16
    0.168485067E-16
    0.245291391E-16
    0.234219026E-16
    0.284786940E-16
    0.376816541E-16
    0.255181342E-16
    0.321151694E-16
    0.408022312E-16
    0.303719212E-16
    0.357654515E-16
    0.300164949E-16
    0.433882643E-16
    0.438634194E-16
    0.426450264E-16
    0.471930728E-16
    0.455783990E-16
    0.692167423E-16
    0.627746602E-16
    0.524073097E-16
    0.412187753E-16
    0.435069583E-16
    0.391600819E-16
    0.524102252E-16
    0.579392407E-16
    0.420466655E-16
    0.480569076E-16
    0.349372727E-16
    0.363054360E-16
    0.381129139E-16
    0.337930293E-16
    0.416749593E-16
    0.341840338E-16
    0.408404993E-16
    0.331152545E-16
    0.450519958E-16
    0.313387164E-16
    0.415896993E-16
    0.459691775E-16
    0.372333631E-16
    0.359474933E-16
    0.295270947E-16
    0.278947739E-16
    0.395608430E-16
    0.314806986E-16
    0.394726659E-16
    0.313339776E-16
    0.495694298E-16
    0.498133972E-16
    0.301584454E-16
    0.271713678E-16
    0.304180866E-16
    0.287667764E-16
    0.403738698E-16
    0.410465212E-16
    0.351294528E-16
    0.320562234E-16
    0.285034321E-16
    0.392929182E-16
    0.348448773E-16
    0.338138501E-16
    0.374458119E-16
    0.413623808E-16
    0.312765499E-16
    0.394164120E-16
    0.283352804E-16
    0.365580359E-16
    0.278487443E-16
    0.296952601E-16
    0.312424005E-16
    0.375263772E-16
    0.379258923E-16
    0.396840060E-16
    0.343411406E-16
    0.373006087E-16
    0.232740265E-16
    0.311612328E-16
    0.297635855E-16
    0.454905270E-16
    0.416993810E-16
    0.310456062E-16
    0.309291480E-16
    0.321624761E-16
    0.317230481E-16
    0.320391918E-16
    0.291660498E-16
    0.291394137E-16
    0.296128245E-16
    0.411244800E-16
    0.442534658E-16
    0.333347108E-16
    0.273629660E-16
    0.363619374E-16
    0.354047564E-16
    0.202601886E-16
    0.379840673E-16
    0.299662940E-16
    0.449331475E-16
    0.354990232E-16
    0.267014962E-16
    0.273779292E-16
    0.288689694E-16
    0.336515453E-16
    0.363864620E-16
    0.302959015E-16
    0.385309089E-16
    0.257233288E-16
    0.402208462E-16
    0.396923595E-16
    0.345774335E-16
    0.249831245E-16
    0.303747707E-16
    0.316929171E-16
    0.243748507E-16
    0.400231274E-16
    0.400868778E-16
    0.239140878E-16
    0.291708681E-16
    0.336855781E-16
    0.312581958E-16
    0.334677727E-16
    0.373717868E-16
    0.337229282E-16
    0.323930387E-16
    0.344706178E-16
    0.352218911E-16
    0.254378694E-16
    0.358240338E-16
    0.308199717E-16
    0.277432792E-16
    0.340350486E-16
    0.353260551E-16
    0.276886549E-16
    0.323508689E-16
    0.308626227E-16
    0.324592327E-16
    0.274211145E-16
    0.361047411E-16
    0.312270155E-16
    0.395737309E-16
    0.452220496E-16
    0.292557738E-16
    0.230000098E-16
    0.352432787E-16
    0.324889862E-16
    0.223151281E-16
    0.343141872E-16
    0.283534688E-16
    0.365880035E-16
    0.349464424E-16
    0.402922118E-16
    0.293683243E-16
    0.227710048E-16
    0.323125649E-16
    0.365266291E-16
    0.267888768E-16
    0.405807630E-16
    0.244008664E-16
    0.375538361E-16
    0.414021489E-16
    0.416447701E-16
    0.209619266E-16
    0.249422648E-16
    0.289585475E-16
    0.334158731E-16
    0.301970221E-16
    0.372620026E-16
    0.231354663E-16
    0.316769238E-16
    0.499761470E-16
    0.357545019E-16
    0.214323177E-16
    0.289030314E-16
    0.300216062E-16
    0.321022716E-16
    0.294562818E-16
    0.389434830E-16
    0.311091630E-16
    0.314757429E-16
    0.447637074E-16
    0.300318406E-16
    0.232074995E-16
    0.281963441E-16
    0.310408532E-16
    0.294204422E-16
    0.344432156E-16
    0.359742122E-16
    0.282748680E-16
    0.278135429E-16
    0.394814467E-16
    0.298761583E-16
    0.316987042E-16
    0.302501919E-16
    0.348708002E-16
    0.356617965E-16
    0.281474251E-16
    0.271343662E-16
    0.283172734E-16
    0.358172936E-16
    0.340114476E-16
    0.267419469E-16
    0.402714736E-16
    0.303506738E-16
    0.234872177E-16
    0.323899079E-16
    0.247245287E-16
    0.329017186E-16
    0.288276141E-16
    0.363028559E-16
    0.337675838E-16
    0.305545314E-16
    0.420428327E-16
    0.284175548E-16
    0.217078241E-16
    0.366327572E-16
    0.292465568E-16
    0.260381535E-16
    0.293764150E-16
    0.311954388E-16
    0.322788969E-16
    0.256582954E-16
    0.454852086E-16
    0.294640742E-16
    0.230008773E-16
    0.296695723E-16
    0.282567868E-16
    0.258099667E-16
    0.302895355E-16
    0.291699327E-16
    0.343055386E-16
    0.397800083E-16
    0.397537099E-16
    0.310759857E-16
    0.222945096E-16
    0.241606690E-16
    0.294417092E-16
    0.290879212E-16
    0.321676892E-16
    0.331214187E-16
    0.308274422E-16
    0.397610692E-16
    0.280332634E-16
    0.245182356E-16
    0.218351477E-16
    0.232913635E-16
    0.306221337E-16
    0.348892725E-16
    0.281990092E-16
    0.321303244E-16
    0.295507851E-16
    0.451109312E-16
    0.263590339E-16
    0.330828487E-16
    0.302977966E-16
    0.223681024E-16
    0.275997841E-16
    0.336940745E-16
    0.255309181E-16
    0.382330226E-16
    0.265215513E-16
    0.446037331E-16
    0.208221053E-16
    0.283394633E-16
    0.238646223E-16
    0.234834377E-16
    0.323562870E-16
    0.366347579E-16
    0.283038587E-16
    0.323865503E-16
    0.314643140E-16
    0.381633210E-16
    0.221758640E-16
    0.281843256E-16
    0.304393399E-16
    0.252073909E-16
    0.313312663E-16
    0.322141078E-16
    0.281031253E-16
    0.378801113E-16
    0.306327057E-16
    0.366032036E-16
    0.253753569E-16
    0.336078826E-16
    0.265344496E-16
    0.261777817E-16
    0.354431975E-16
    0.315606445E-16
    0.269750296E-16
    0.284465263E-16
    0.334396495E-16
    0.343005115E-16
    0.224434461E-16
    0.299234037E-16
    0.255383608E-16
    0.305243600E-16
    0.291808362E-16
    0.297158879E-16
    0.284538551E-16
    0.314098701E-16
    0.332668181E-16
    0.357163952E-16
    0.239472957E-16
    0.357373858E-16
    0.270318616E-16
    0.293022207E-16
    0.330833836E-16
    0.316823793E-16
    0.245678119E-16
    0.291200054E-16
    0.322133624E-16
    0.375593259E-16
    0.231305898E-16
    0.314824968E-16
    0.228011881E-16
    0.299821207E-16
    0.272712590E-16
    0.267845956E-16
    0.288510637E-16
    0.283673914E-16
    0.324464633E-16
    0.308196441E-16
    0.269722834E-16
    0.307333953E-16
    0.319009910E-16
    0.288373658E-16
    0.311838209E-16
    0.281175385E-16
    0.270747730E-16
    0.307416512E-16
    0.266302806E-16
    0.344863384E-16
    0.327318043E-16
    0.328813997E-16
    0.270391777E-16
    0.280849757E-16
    0.292612458E-16
    0.230421228E-16
    0.284079264E-16
    0.329922737E-16
    0.311635408E-16
    0.255082798E-16
    0.355225637E-16
    0.301908363E-16
    0.299438071E-16
    0.247491400E-16
    0.255695532E-16
    0.244205645E-16
    0.299916797E-16
    0.339340738E-16
    0.237734602E-16
    0.314806924E-16
    0.425338650E-16
    0.331853866E-16
    0.276186127E-16
    0.254663213E-16
    0.278067833E-16
    0.224564556E-16
    0.297573583E-16
    0.328140837E-16
    0.284741513E-16
    0.293058923E-16
    0.395821832E-16
    0.297553005E-16
    0.254663079E-16
    0.248427009E-16
    0.260466664E-16
    0.274882325E-16
    0.295598676E-16
    0.322164159E-16
    0.269318369E-16
    0.291791043E-16
    0.390706339E-16
    0.277722024E-16
    0.216868852E-16
    0.239765571E-16
    0.296653772E-16
    0.248313524E-16
    0.319028774E-16
    0.309568619E-16
    0.266236519E-16
    0.355708677E-16
    0.369485901E-16
    0.268738767E-16
    0.272150196E-16
    0.281091052E-16
    0.309456560E-16
    0.325864142E-16
    0.311701664E-16
    0.251950422E-16
    0.300602655E-16
    0.264852507E-16
    0.336158107E-16
    0.268552362E-16
    0.264938730E-16
    0.263243214E-16
    0.343719257E-16
    0.301209625E-16
    0.300872652E-16
    0.289625777E-16
    0.289551399E-16
    0.381751921E-16
    0.378183743E-16
    0.328781251E-16
    0.302266790E-16
    0.288163233E-16
    0.293270830E-16
    0.293558964E-16
    0.333789514E-16
    0.246678284E-16
    0.294846088E-16
    0.296628456E-16
    0.338295930E-16
    0.339360853E-16
    0.344723428E-16
    0.323258206E-16
    0.343724182E-16
    0.367221669E-16
    0.327803173E-16
    0.255390881E-16
    0.265029416E-16
    0.329021411E-16
    0.335556380E-16
    0.424033675E-16
    0.295775111E-16
    0.311772081E-16
    0.281063850E-16
    0.288483604E-16
    0.389426690E-16
    0.341481759E-16
    0.312586413E-16
    0.328032482E-16
    0.266624906E-16
    0.390840643E-16
    0.292513653E-16
    0.290441902E-16
    0.358039402E-16
    0.310662036E-16
    0.408166670E-16
    0.329066724E-16
    0.260089135E-16
    0.302958526E-16
    0.367621733E-16
    0.499727450E-16
    0.383367478E-16
    0.308725170E-16
    0.294840478E-16
    0.305251781E-16
    0.321679775E-16
    0.370684162E-16
    0.332376479E-16
    0.405113876E-16
    0.265580543E-16
    0.472041971E-16
    0.381981072E-16
    0.302446377E-16
    0.365205542E-16
    0.301385639E-16
    0.447512087E-16
    0.371179653E-16
    0.338911435E-16
    0.313507991E-16
    0.446050498E-16
    0.417531762E-16
    0.496607627E-16
    0.310829275E-16
    0.382088913E-16
    0.356793419E-16
    0.346250265E-16
    0.393482795E-16
    0.389642479E-16
    0.410156438E-16
    0.388196497E-16
    0.386531106E-16
    0.444826670E-16
    0.391777430E-16
    0.360967594E-16
    0.467421530E-16
    0.489304497E-16
    0.434134628E-16
    0.464253267E-16
    0.415526412E-16
    0.401180535E-16
    0.331703353E-16
    0.380151012E-16
    0.413195137E-16
    0.292048691E-16
    0.441268474E-16
    0.492925309E-16
    0.414797677E-16
    0.446090288E-16
    0.507400038E-16
    0.478471833E-16
    0.420133708E-16
    0.389115215E-16
    0.464083020E-16
    0.410198656E-16
    0.478242724E-16
    0.422846484E-16
    0.408243479E-16
    0.406356329E-16
    0.515904165E-16
    0.495334365E-16
    0.526453059E-16
    0.335818650E-16
    0.617817932E-16
    0.459382816E-16
    0.491430490E-16
    0.537473490E-16
    0.411900868E-16
    0.399713277E-16
    0.571483536E-16
    0.459592684E-16
    0.454915467E-16
    0.450070694E-16
    0.577624483E-16
    0.600381543E-16
    0.510220792E-16
    0.590464096E-16
    0.457525962E-16
    0.455495948E-16
    0.613209831E-16
    0.595466707E-16
    0.544246956E-16
    0.420964011E-16
    0.515559431E-16
    0.620129513E-16
    0.521041557E-16
    0.575550474E-16
    0.756931400E-16
    0.561336361E-16
    0.704952275E-16
    0.649344899E-16
    0.605018714E-16
    0.537240514E-16
    0.594016923E-16
    0.622177960E-16
    0.510339870E-16
    0.596675609E-16
    0.561574158E-16
    0.573105013E-16
    0.658796883E-16
    0.782890211E-16
    0.602439297E-16
    0.670358544E-16
    0.620928499E-16
    0.568393694E-16
    0.599031999E-16
    0.614006980E-16
    0.837208882E-16
    0.527096967E-16
    0.727042607E-16
    0.684665518E-16
    0.696437290E-16
    0.590785155E-16
    0.780348678E-16
    0.659582925E-16
    0.833767940E-16
    0.646542593E-16
    0.674116528E-16
    0.647344585E-16
    0.622653642E-16
    0.747758013E-16
    0.659425681E-16
    0.688921758E-16
    0.834511375E-16
    0.647618385E-16
    0.668369100E-16
    0.798820779E-16
    0.749671573E-16
    0.831948994E-16
    0.824473026E-16
    0.835681096E-16
    0.722898962E-16
    0.698551539E-16
    0.913518807E-16
    0.710418912E-16
    0.881723771E-16
    0.999461015E-16
    0.717212124E-16
    0.901950071E-16
    0.100820251E-15
    0.833243195E-16
    0.100650415E-15
    0.976051966E-16
    0.121742592E-15
    0.947108430E-16
    0.812011644E-16
    0.101688620E-15
    0.811477846E-16
    0.109296228E-15
    0.119735234E-15
    0.993576899E-16
    0.119114799E-15
    0.115735318E-15
    0.123403972E-15
    0.114093655E-15
    0.112162417E-15
    0.142877043E-15
    0.117214826E-15
    0.126067294E-15
    0.137749505E-15
    0.926017016E-16
    0.132774839E-15
    0.142002185E-15
    0.145893997E-15
    0.146463465E-15
    0.134647033E-15
    0.158481928E-15
    0.132730058E-15
    0.139183582E-15
    0.159876538E-15
    0.137589856E-15
    0.160458716E-15
    0.172372204E-15
    0.142101172E-15
    0.143235614E-15
    0.138927227E-15
    0.162835422E-15
    0.162578009E-15
    0.164551396E-15
    0.165148819E-15
    0.150433546E-15
    0.168035192E-15
    0.188428928E-15
    0.165054193E-15
    0.180013521E-15
    0.193409426E-15
    0.181571159E-15
    0.167663512E-15
    0.169580899E-15
    0.155088718E-15
    0.175130784E-15
    0.197731045E-15
    0.210316230E-15
    0.169876519E-15
    0.186371202E-15
    0.203969679E-15
    0.191734921E-15
    0.184529523E-15
    0.225821832E-15
    0.188208298E-15
    0.218126652E-15
    0.207440740E-15
    0.201927152E-15
    0.188136665E-15
    0.208686731E-15
    0.247812179E-15
    0.212664054E-15
    0.224944241E-15
    0.249486348E-15
    0.217012522E-15
    0.238552106E-15
    0.266338049E-15
    0.238388315E-15
    0.257285612E-15
    0.262143197E-15
    0.290433202E-15
    0.231823698E-15
    0.249506605E-15
    0.303307697E-15
    0.270214837E-15
    0.281168261E-15
    0.326744438E-15
    0.270349140E-15
    0.303915486E-15
    0.323311203E-15
    0.353720628E-15
    0.301541727E-15
    0.335593712E-15
    0.355430937E-15
    0.330651112E-15
    0.322226975E-15
    0.345834397E-15
    0.329032447E-15
    0.390865083E-15
    0.408842552E-15
    0.395813252E-15
    0.370608105E-15
    0.402708775E-15
    0.416202069E-15
    0.414160307E-15
    0.427069563E-15
    0.430781039E-15
    0.424520303E-15
    0.457394085E-15
    0.452753150E-15
    0.410641200E-15
    0.447377267E-15
    0.477849279E-15
    0.496261907E-15
    0.496600242E-15
    0.533240808E-15
    0.480118612E-15
    0.525041524E-15
    0.539869082E-15
    0.541295033E-15
    0.496461059E-15
    0.548088093E-15
    0.564063406E-15
    0.528698832E-15
    0.558981734E-15
    0.619686907E-15
    0.558522473E-15
    0.634570910E-15
    0.652864806E-15
    0.612053356E-15
    0.593517897E-15
    0.670574050E-15
    0.686985914E-15
    0.646245289E-15
    0.676161928E-15
    0.739524538E-15
    0.635022443E-15
    0.694633901E-15
    0.719100746E-15
    0.690859510E-15
    0.744904735E-15
    0.832472316E-15
    0.828040921E-15
    0.757796701E-15
    0.801596774E-15
    0.849889447E-15
    0.795657468E-15
    0.840993516E-15
    0.870565584E-15
    0.816575146E-15
    0.912571249E-15
    0.903671027E-15
    0.921727995E-15
    0.871769703E-15
    0.967184298E-15
    0.101020003E-14
    0.100949763E-14
    0.101153995E-14
    0.102969962E-14
    0.987214926E-15
    0.111182484E-14
    0.108723698E-14
    0.108391316E-14
    0.106561100E-14
    0.112012098E-14
    0.115014345E-14
    0.118123887E-14
    0.119934953E-14
    0.121054632E-14
    0.124470730E-14
    0.136170034E-14
    0.130009748E-14
    0.129176681E-14
    0.131302577E-14
    0.137496943E-14
    0.140753192E-14
    0.145992126E-14
    0.147283121E-14
    0.142448772E-14
    0.150624246E-14
    0.161802778E-14
    0.158900650E-14
    0.163640219E-14
    0.174412107E-14
    0.177720760E-14
    0.182746301E-14
    0.184852258E-14
    0.192785325E-14
    0.186200556E-14
    0.203684155E-14
    0.212692936E-14
    0.215072371E-14
    0.221216628E-14
    0.236470019E-14
    0.241568263E-14
    0.255541961E-14
    0.263553200E-14
    0.285497917E-14
    0.284093286E-14
    0.308843773E-14
    0.320535194E-14
    0.328967780E-14
    0.350402999E-14
    0.372545240E-14
    0.391559481E-14
    0.417432443E-14
    0.435164225E-14
    0.476705688E-14
    0.495913044E-14
    0.542881403E-14
    0.578696639E-14
    0.613028592E-14
    0.668371432E-14
    0.715371648E-14
    0.759634230E-14
    0.819297872E-14
    0.871994428E-14
    0.965866463E-14
    0.104194021E-13
    0.113954406E-13
    0.123778639E-13
    0.133396441E-13
    0.149419461E-13
    0.162449680E-13
    0.178955133E-13
    0.196110222E-13
    0.214609495E-13
    0.238455548E-13
    0.263707801E-13
    0.290572491E-13
    0.322484712E-13
    0.354802290E-13
    0.402353672E-13
    0.446496414E-13
    0.499662048E-13
    0.559894586E-13
    0.628049724E-13
    0.710447693E-13
    0.805607558E-13
    0.905240495E-13
    0.102425978E-12
    0.114971162E-12
    0.131804154E-12
    0.148989504E-12
    0.169552506E-12
    0.192906003E-12
    0.219967870E-12
    0.251558522E-12
    0.289035707E-12
    0.329853127E-12
    0.378698106E-12
    0.432836040E-12
    0.500107512E-12
    0.573662257E-12
    0.659063357E-12
    0.757718015E-12
    0.871555047E-12
    0.100341095E-11
    0.115869219E-11
    0.133196328E-11
    0.153597878E-11
    0.176705302E-11
    0.204385593E-11
    0.235608052E-11
    0.271745336E-11
    0.313412997E-11
    0.361616335E-11
    0.417014410E-11
    0.481654676E-11
    0.554735326E-11
    0.639680844E-11
    0.736636072E-11
    0.850097536E-11
    0.979312556E-11
    0.112784439E-10
    0.129890396E-10
    0.149584453E-10
    0.172193327E-10
    0.198335244E-10
    0.228085838E-10
    0.262352364E-10
    0.301541334E-10
    0.346787701E-10
    0.398440445E-10
    0.457546727E-10
    0.525260289E-10
    0.602890495E-10
    0.691617513E-10
    0.793444834E-10
    0.909438371E-10
    0.104217643E-09
    0.119374250E-09
    0.136736795E-09
    0.156528685E-09
    0.179090362E-09
    0.204843207E-09
    0.234215464E-09
    0.267684154E-09
    0.305850912E-09
    0.349249074E-09
    0.398646723E-09
    0.454861794E-09
    0.518873876E-09
    0.591619930E-09
    0.674245269E-09
    0.768141233E-09
    0.874811539E-09
    0.995887356E-09
    0.113332506E-08
    0.128914348E-08
    0.146575374E-08
    0.166596297E-08
    0.189287160E-08
    0.214978903E-08
    0.244048781E-08
    0.276952428E-08
    0.314169208E-08
    0.356257675E-08
    0.403822392E-08
    0.457562162E-08
    0.518234266E-08
    0.586747328E-08
    0.664077159E-08
    0.751305560E-08
    0.849641213E-08
    0.960496868E-08
    0.108539768E-07
    0.122609263E-07
    0.138447124E-07
    0.156273197E-07
    0.176322371E-07
    0.198872635E-07
    0.224223961E-07
    0.252711188E-07
    0.284705578E-07
    0.320634781E-07
    0.360958324E-07
    0.406208304E-07
    0.456948847E-07
    0.513841442E-07
    0.577590045E-07
    0.649010477E-07
    0.728993068E-07
    0.818522862E-07
    0.918695848E-07
    0.103074941E-06
    0.115602836E-06
    0.129606529E-06
    0.145250232E-06
    0.162722808E-06
    0.182227275E-06
    0.203994286E-06
    0.228276883E-06
    0.255354100E-06
    0.285534841E-06
    0.319165251E-06
    0.356620569E-06
    0.398326357E-06
    0.444738318E-06
    0.496375556E-06
    0.553798386E-06
    0.617633798E-06
    0.688572196E-06
    0.767369863E-06
    0.854862506E-06
    0.951977785E-06
    0.105972376E-05
    0.117923001E-05
    0.131171393E-05
    0.145854077E-05
    0.162119155E-05
    0.180130492E-05
    0.200068289E-05
    0.222129384E-05
    0.246530139E-05
    0.273509390E-05
    0.303326212E-05
    0.336268566E-05
    0.372647189E-05
    0.412807130E-05
    0.457123004E-05
    0.506005701E-05
    0.559906205E-05
    0.619314845E-05
    0.684768646E-05
    0.756856366E-05
    0.836216495E-05
    0.923551992E-05
    0.101962288E-04
    0.112526450E-04
    0.124138339E-04
    0.136896771E-04
    0.150909712E-04
    0.166294234E-04
    0.183177863E-04
    0.201699731E-04
    0.222010303E-04
    0.244274100E-04
    0.268668722E-04
    0.295388053E-04
    0.324641888E-04
    0.356657741E-04
    0.391683052E-04
    0.429985085E-04
    0.471853705E-04
    0.517603322E-04
    0.567573202E-04
    0.622131655E-04
    0.681675583E-04
    0.746635331E-04
    0.817474973E-04
    0.894695515E-04
    0.978838878E-04
    0.107048843E-03
    0.117027360E-03
    0.127887372E-03
    0.139701919E-03
    0.152549824E-03
    0.166515735E-03
    0.181690927E-03
    0.198173411E-03
    0.216068498E-03
    0.235489530E-03
    0.256557960E-03
    0.279404256E-03
    0.304168410E-03
    0.331000416E-03
    0.360061160E-03
    0.391522761E-03
    0.425569763E-03
    0.462399402E-03
    0.502222638E-03
    0.545265227E-03
    0.591768044E-03
    0.641988478E-03
    0.696201251E-03
    0.754699341E-03
    0.817795273E-03
    0.885821755E-03
    0.959133603E-03
    0.103810810E-02
    0.112314670E-02
    0.121467664E-02
    0.131315137E-02
    0.141905297E-02
    0.153289293E-02
    0.165521403E-02
    0.178659190E-02
    0.192763607E-02
    0.207899284E-02
    0.224134556E-02
    0.241541744E-02
    0.260197331E-02
    0.280182065E-02
    0.301581274E-02
    0.324484946E-02
    0.348988024E-02
    0.375190581E-02
    0.403197943E-02
    0.433121095E-02
    0.465076673E-02
    0.499187338E-02
    0.535581982E-02
    0.574395799E-02
    0.615770769E-02
    0.659855593E-02
    0.706806148E-02
    0.756785620E-02
    0.809964598E-02
    0.866521590E-02
    0.926642875E-02
    0.990523010E-02
    0.105836491E-01
    0.113037989E-01
    0.120678827E-01
    0.128781901E-01
    0.137371035E-01
    0.146470973E-01
    0.156107385E-01
    0.166306913E-01
    0.177097137E-01
    0.188506627E-01
    0.200564928E-01
    0.213302547E-01
    0.226751017E-01
    0.240942820E-01
    0.255911440E-01
    0.271691350E-01
    0.288317964E-01
    0.305827693E-01
    0.324257859E-01
    0.343646740E-01
    0.364033510E-01
    0.385458198E-01
    0.407961738E-01
    0.431585824E-01
    0.456372955E-01
    0.482366373E-01
    0.509609974E-01
    0.538148329E-01
    0.568026544E-01
    0.599290270E-01
    0.631985599E-01
    0.666158953E-01
    0.701857125E-01
    0.739127045E-01
    0.778015788E-01
    0.818570472E-01
    0.860838093E-01
    0.904865516E-01
    0.950699251E-01
    0.998385441E-01
    0.104796968E+00
    0.109949686E+00
    0.115301114E+00
    0.120855569E+00
    0.126617260E+00
    0.132590277E+00
    0.138778567E+00
    0.145185929E+00
    0.151815985E+00
    0.158672176E+00
    0.165757740E+00
    0.173075692E+00
    0.180628816E+00
    0.188419635E+00
    0.196450406E+00
    0.204723093E+00
    0.213239356E+00
    0.222000532E+00
    0.231007612E+00
    0.240261231E+00
    0.249761650E+00
    0.259508734E+00
    0.269501943E+00
    0.279740308E+00
    0.290222424E+00
    0.300946428E+00
    0.311909988E+00
    0.323110293E+00
    0.334544030E+00
    0.346207382E+00
    0.358096016E+00
    0.370205068E+00
    0.382529135E+00
    0.395062273E+00
    0.407797987E+00
    0.420729220E+00
    0.433848361E+00
    0.447147233E+00
    0.460617093E+00
    0.474248638E+00
    0.488032001E+00
    0.501956763E+00
    0.516011941E+00
    0.530186015E+00
    0.544466929E+00
    0.558842092E+00
    0.573298408E+00
    0.587822274E+00
    0.602399601E+00
    0.617015839E+00
    0.631655979E+00
    0.646304598E+00
    0.660945854E+00
    0.675563530E+00
    0.690141061E+00
    0.704661539E+00
    0.719107773E+00
    0.733462294E+00
    0.747707398E+00
    0.761825191E+00
    0.775797591E+00
    0.789606404E+00
    0.803233329E+00
    0.816660011E+00
    0.829868086E+00
    0.842839200E+00
    0.855555070E+00
    0.867997515E+00
    0.880148497E+00
    0.891990178E+00
    0.903504930E+00
    0.914675414E+00
    0.925484598E+00
    0.935915808E+00
    0.945952769E+00
    0.955579646E+00
    0.964781079E+00
    0.973542234E+00
    0.981848829E+00
    0.989687193E+00
    0.997044267E+00
    0.100390768E+01
    0.101026575E+01
    0.101610754E+01
    0.102142287E+01
    0.102620238E+01
    0.103043750E+01
    0.103412052E+01
    0.103724461E+01
    0.103980382E+01
    0.104179311E+01
    0.104320836E+01
    0.104404642E+01
    0.104430506E+01
    0.104398300E+01
    0.104307997E+01
    0.104159662E+01
    0.103953459E+01
    0.103689650E+01
    0.103368591E+01
    0.102990733E+01
    0.102556625E+01
    0.102066905E+01
    0.101522306E+01
    0.100923648E+01
    0.100271841E+01
    0.995678811E+00
    0.988128448E+00
    0.980078912E+00
    0.971542555E+00
    0.962532476E+00
    0.953062492E+00
    0.943147075E+00
    0.932801355E+00
    0.922041037E+00
    0.910882407E+00
    0.899342249E+00
    0.887437834E+00
    0.875186860E+00
    0.862607404E+00
    0.849717893E+00
    0.836537056E+00
    0.823083855E+00
    0.809377473E+00
    0.795437238E+00
    0.781282603E+00
    0.766933075E+00
    0.752408192E+00
    0.737727464E+00
    0.722910331E+00
    0.707976127E+00
    0.692944037E+00
    0.677833040E+00
    0.662661893E+00
    0.647449074E+00
    0.632212760E+00
    0.616970775E+00
    0.601740574E+00
    0.586539196E+00
    0.571383241E+00
    0.556288846E+00
    0.541271652E+00
    0.526346779E+00
    0.511528807E+00
    0.496831762E+00
    0.482269087E+00
    0.467853628E+00
    0.453597632E+00
    0.439512717E+00
    0.425609879E+00
    0.411899477E+00
    0.398391224E+00
    0.385094192E+00
    0.372016806E+00
    0.359166845E+00
    0.346551445E+00
    0.334177101E+00
    0.322049679E+00
    0.310174410E+00
    0.298555920E+00
    0.287198223E+00
    0.276104734E+00
    0.265278295E+00
    0.254721178E+00
    0.244435106E+00
    0.234421266E+00
    0.224680327E+00
    0.215212465E+00
    0.206017371E+00
    0.197094281E+00
    0.188441994E+00
    0.180058881E+00
    0.171942927E+00
    0.164091738E+00
    0.156502566E+00
    0.149172329E+00
    0.142097637E+00
    0.135274812E+00
    0.128699907E+00
    0.122368731E+00
    0.116276868E+00
    0.110419697E+00
    0.104792416E+00
    0.993900585E-01
    0.942075148E-01
    0.892395489E-01
    0.844808199E-01
    0.799258982E-01
    0.755692821E-01
    0.714054147E-01
    0.674286999E-01
    0.636335174E-01
    0.600142387E-01
    0.565652360E-01
    0.532809007E-01
    0.501556507E-01
    0.471839468E-01
    0.443602975E-01
    0.416792745E-01
    0.391355172E-01
    0.367237428E-01
    0.344387564E-01
    0.322754549E-01
    0.302288323E-01
    0.282939898E-01
    0.264661362E-01
    0.247405967E-01
    0.231128110E-01
    0.215783428E-01
    0.201328774E-01
    0.187722254E-01
    0.174923267E-01
    0.162892482E-01
    0.151591850E-01
    0.140984633E-01
    0.131035368E-01
    0.121709897E-01
    0.112975317E-01
    0.104800011E-01
    0.971536067E-02
    0.900069607E-02
    0.833321557E-02
    0.771024614E-02
    0.712923156E-02
    0.658773090E-02
    0.608341395E-02
    0.561406046E-02
    0.517755536E-02
    0.477188706E-02
    0.439514387E-02
    0.404551087E-02
    0.372126643E-02
    0.342077946E-02
    0.314250589E-02
    0.288498595E-02
    0.264683971E-02
    0.242676526E-02
    0.222353467E-02
    0.203599116E-02
    0.186304575E-02
    0.170367499E-02
    0.155691653E-02
    0.142186753E-02
    0.129768129E-02
    0.118356462E-02
    0.107877465E-02
    0.982616932E-03
    0.894442404E-03
    0.813645271E-03
    0.739660096E-03
    0.671960521E-03
    0.610055865E-03
    0.553489859E-03
    0.501838466E-03
    0.454707807E-03
    0.411732353E-03
    0.372573296E-03
    0.336916701E-03
    0.304472151E-03
    0.274970878E-03
    0.248164727E-03
    0.223824568E-03
    0.201738938E-03
    0.181713106E-03
    0.163567590E-03
    0.147137377E-03
    0.132270707E-03
    0.118828154E-03
    0.106681791E-03
    0.957143166E-04
    0.858181263E-04
    0.768948844E-04
    0.688544789E-04
    0.616146486E-04
    0.551001302E-04
    0.492423936E-04
    0.439788503E-04
    0.392524993E-04
    0.350114305E-04
    0.312085005E-04
    0.278007258E-04
    0.247491891E-04
    0.220185195E-04
    0.195766693E-04
    0.173945467E-04
    0.154458951E-04
    0.137069008E-04
    0.121560718E-04
    0.107739700E-04
    0.954309371E-05
    0.844761831E-05
    0.747330379E-05
    0.660733492E-05
    0.583818185E-05
    0.515546097E-05
    0.454987322E-05
    0.401304390E-05
    0.353748982E-05
    0.311648414E-05
    0.274400998E-05
    0.241468991E-05
    0.212370534E-05
    0.186675462E-05
    0.164000426E-05
    0.144002555E-05
    0.126377125E-05
    0.110851060E-05
    0.971836984E-06
    0.851592501E-06
    0.745860561E-06
    0.652947687E-06
    0.571347703E-06
    0.499718494E-06
    0.436878762E-06
    0.381780021E-06
    0.333496022E-06
    0.291200091E-06
    0.254175039E-06
    0.221776634E-06
    0.193440276E-06
    0.168668057E-06
    0.147023900E-06
    0.128118727E-06
    0.111612935E-06
    0.972085514E-07
    0.846433063E-07
    0.736851399E-07
    0.641334240E-07
    0.558089515E-07
    0.485572962E-07
    0.422414784E-07
    0.367424079E-07
    0.319561976E-07
    0.277904218E-07
    0.241661329E-07
    0.210131394E-07
    0.182712082E-07
    0.158866440E-07
    0.138128280E-07
    0.120101014E-07
    0.104430636E-07
    0.908035504E-08
    0.789625238E-08
    0.686675195E-08
    0.597204863E-08
    0.519400722E-08
    0.451810360E-08
    0.393030284E-08
    0.341920449E-08
    0.297495363E-08
    0.258878706E-08
    0.225276366E-08
    0.196068259E-08
    0.170655166E-08
    0.148556676E-08
    0.129318666E-08
    0.112594430E-08
    0.980285533E-09
    0.853543317E-09
    0.743252784E-09
    0.647212030E-09
    0.563589543E-09
    0.490791679E-09
    0.427369495E-09
    0.372141338E-09
    0.324039139E-09
    0.282142876E-09
    0.245614168E-09
    0.213815593E-09
    0.186130125E-09
    0.161959404E-09
    0.140932518E-09
    0.122604296E-09
    0.106638524E-09
    0.927177983E-10
    0.806077637E-10
    0.700495801E-10
    0.608489995E-10
    0.528421435E-10
    0.458820470E-10
    0.398000310E-10
    0.345240702E-10
    0.299204454E-10
    0.259288732E-10
    0.224508340E-10
    0.194299442E-10
    0.168018714E-10
    0.145219548E-10
    0.125402023E-10
    0.108241873E-10
    0.933240963E-11
    0.804471988E-11
    0.692002365E-11
    0.595423185E-11
    0.511865243E-11
    0.439311405E-11
    0.376605763E-11
    0.322879307E-11
    0.276230550E-11
    0.236102620E-11
    0.201624329E-11
    0.172161233E-11
    0.146458809E-11
    0.124647355E-11
    0.106053542E-11
    0.899957004E-12
    0.762183444E-12
    0.646860532E-12
    0.547031146E-12
    0.461821655E-12
    0.389900373E-12
    0.329335279E-12
    0.277348889E-12
    0.233657934E-12
    0.196627276E-12
    0.165602966E-12
    0.138984838E-12
    0.117285994E-12
    0.986820425E-13
    0.829019540E-13
    0.698273369E-13
    0.588775413E-13
    0.498814242E-13
    0.423506352E-13
    0.356151768E-13
    0.303925879E-13
    0.258509312E-13
    0.220909200E-13
    0.189573413E-13
    0.163197677E-13
    0.140519211E-13
    0.120987011E-13
    0.105436007E-13
    0.930105501E-14
    0.792408656E-14
    0.699463233E-14
    0.617088879E-14
    0.538221554E-14
    0.473749057E-14
    0.423181205E-14
    0.370937448E-14
    0.324720410E-14
    0.286669089E-14
    0.258288166E-14
    0.219529384E-14
    0.198483651E-14
    0.176719288E-14
    0.154131133E-14
    0.134535652E-14
    0.122303545E-14
    0.104325583E-14
    0.906936771E-15
    0.786987300E-15
    0.731084296E-15
    0.602290016E-15
    0.548982281E-15
    0.495758731E-15
    0.429208797E-15
    0.378897523E-15
    0.354113796E-15
    0.303787580E-15
    0.261760800E-15
    0.237852018E-15
    0.256442009E-15
    0.207471617E-15
    0.216445209E-15
    0.197939645E-15
    0.193982900E-15
    0.176568381E-15
    0.182447577E-15
    0.152963462E-15
    0.147875622E-15
    0.138748042E-15
    0.171759040E-15
    0.154132582E-15
    0.138673514E-15
    0.146227469E-15
    0.136618970E-15
    0.138335059E-15
    0.135088005E-15
    0.125381269E-15
    0.120315508E-15
    0.117517445E-15
    0.143887070E-15
    0.135652262E-15
    0.121887506E-15
    0.137678051E-15
    0.125279642E-15
    0.138593359E-15
    0.124764728E-15
    0.122055003E-15
    0.119385540E-15
    0.119602326E-15
    0.137291619E-15
    0.135861655E-15
    0.126886776E-15
    0.138040086E-15
    0.124757366E-15
    0.122333735E-15
    0.130963864E-15
    0.117031842E-15
    0.117092302E-15
    0.107946592E-15
    0.133405279E-15
    0.143576407E-15
    0.116147730E-15
    0.123357470E-15
    0.107612321E-15
    0.109932882E-15
    0.111807277E-15
    0.113406615E-15
    0.109880831E-15
    0.107351584E-15
    0.104892542E-15
    0.109146258E-15
    0.103041649E-15
    0.103371225E-15
    0.967844777E-16
    0.955999965E-16
    0.857483896E-16
    0.100984322E-15
    0.782916837E-16
    0.842965735E-16
    0.851034085E-16
    0.827158151E-16
    0.748326486E-16
    0.805541766E-16
    0.715135515E-16
    0.733790573E-16
    0.753271829E-16
    0.625108638E-16
    0.581913059E-16
    0.665236827E-16
    0.644558708E-16
    0.628811678E-16
    0.589338189E-16
    0.694405618E-16
    0.520055997E-16
    0.612337622E-16
    0.530838092E-16
    0.641917846E-16
    0.560606456E-16
    0.529375667E-16
    0.480261328E-16
    0.470773412E-16
    0.615019086E-16
    0.504210403E-16
    0.511530061E-16
    0.637572905E-16
    0.509206199E-16
    0.497639881E-16
    0.436228951E-16
    0.468749418E-16
    0.383577457E-16
    0.469556319E-16
    0.509736225E-16
    0.453827651E-16
    0.444179023E-16
    0.579373674E-16
    0.472776677E-16
    0.358372489E-16
    0.370808451E-16
    0.412905090E-16
    0.377901570E-16
    0.409934221E-16
    0.419069713E-16
    0.396252527E-16
    0.462909923E-16
    0.405274918E-16
    0.424601430E-16
    0.326527965E-16
    0.398801365E-16
    0.324745026E-16
    0.279348493E-16
    0.371563064E-16
    0.435880796E-16
    0.266571374E-16
    0.380376551E-16
    0.413718921E-16
    0.388407246E-16
    0.298301023E-16
    0.325333479E-16
    0.319320655E-16
    0.297468247E-16
    0.325545543E-16
    0.337460879E-16
    0.247700591E-16
    0.422807961E-16
    0.302249368E-16
    0.352185003E-16
    0.298184191E-16
    0.368861394E-16
    0.287458384E-16
    0.280855637E-16
    0.302459815E-16
    0.265397834E-16
    0.290448886E-16
    0.377504836E-16
    0.281676031E-16
    0.359105433E-16
    0.311735596E-16
    0.369002706E-16
    0.281981825E-16
    0.261936028E-16
    0.301318130E-16
    0.201465255E-16
    0.330612804E-16
    0.326150598E-16
    0.252478292E-16
    0.385376095E-16
    0.299833010E-16
    0.323970244E-16
    0.263173891E-16
    0.249986532E-16
    0.296137653E-16
    0.186032939E-16
    0.344155730E-16
    0.312120193E-16
    0.246583622E-16
    0.391065697E-16
    0.286497466E-16
    0.299357431E-16
    0.260051357E-16
    0.255022209E-16
    0.293884443E-16
    0.219461854E-16
    0.337541474E-16
    0.278254036E-16
    0.277168907E-16
    0.353981793E-16
    0.252943148E-16
    0.277590045E-16
    0.272920355E-16
    0.251956974E-16
    0.300937269E-16
    0.249795609E-16
    0.324562667E-16
    0.247711986E-16
    0.307107822E-16
    0.299566190E-16
    0.237569956E-16
    0.267878005E-16
    0.337685905E-16
    0.246624364E-16
    0.303282759E-16
    0.294258991E-16
    0.294488232E-16
    0.244926926E-16
    0.328745019E-16
    0.239575500E-16
    0.263375039E-16
    0.271508947E-16
    0.377164484E-16
    0.238020988E-16
    0.291378658E-16
    0.309053640E-16
    0.258963347E-16
    0.246365905E-16
    0.333401012E-16
    0.208890011E-16
    0.289317542E-16
    0.306037639E-16
    0.346848696E-16
    0.224923715E-16
    0.279445363E-16
    0.330046137E-16
    0.227798233E-16
    0.282946431E-16
    0.299419596E-16
    0.200436901E-16
    0.323147672E-16
    0.289990678E-16
    0.295247030E-16
    0.242591168E-16
    0.265197013E-16
    0.348490015E-16
    0.227300567E-16
    0.301085821E-16
    0.258273754E-16
    0.227832955E-16
    0.323601468E-16
    0.268107420E-16
    0.265655331E-16
    0.286101232E-16
    0.266227100E-16
    0.346817163E-16
    0.250485645E-16
    0.304740094E-16
    0.239607691E-16
    0.276587381E-16
    0.292398031E-16
    0.255374543E-16
    0.263601261E-16
    0.319208318E-16
    0.272893144E-16
    0.306826473E-16
    0.297490215E-16
    0.293391088E-16
    0.239842713E-16
    0.285384761E-16
    0.248926180E-16
    0.266013061E-16
    0.282598998E-16
    0.330314386E-16
    0.276962522E-16
    0.267012994E-16
    0.347472875E-16
    0.267383220E-16
    0.240448249E-16
    0.249236094E-16
    0.235853914E-16
    0.296624317E-16
    0.301916202E-16
    0.291814830E-16
    0.289582489E-16
    0.249480910E-16
    0.361881043E-16
    0.238807113E-16
    0.245474614E-16
    0.217426199E-16
    0.246836023E-16
    0.326289734E-16
    0.303545626E-16
    0.263990735E-16
    0.302967843E-16
    0.274640971E-16
    0.325305159E-16
    0.246649097E-16
    0.239448743E-16
    0.215712233E-16
    0.275853161E-16
    0.343471870E-16
    0.285470419E-16
    0.253013613E-16
    0.294186479E-16
    0.316196938E-16
    0.260971824E-16
    0.267355423E-16
    0.227147590E-16
    0.235614792E-16
    0.265244264E-16
    0.316564855E-16
    0.247635389E-16
    0.269320315E-16
    0.272333800E-16
    0.338727095E-16
    0.225391097E-16
    0.274636486E-16
    0.221275887E-16
    0.249944344E-16
    0.242453991E-16
    0.288651486E-16
    0.245440462E-16
    0.290731080E-16
    0.266800150E-16
    0.302702398E-16
    0.261548036E-16
    0.259593583E-16
    0.235620582E-16
    0.250130547E-16
    0.237527505E-16
    0.250288024E-16
    0.281110590E-16
    0.293897181E-16
    0.274065369E-16
    0.238151857E-16
    0.316511618E-16
    0.229016988E-16
    0.238297270E-16
    0.211374658E-16
    0.252405901E-16
    0.221096324E-16
    0.344056807E-16
    0.263589602E-16
    0.248264432E-16
    0.250037384E-16
    0.289755509E-16
    0.211690898E-16
    0.215390197E-16
    0.203253480E-16
    0.276740283E-16
    0.236701168E-16
    0.349735698E-16
    0.236491969E-16
    0.227183225E-16
    0.299584560E-16
    0.205169637E-16
    0.220604695E-16
    0.216125692E-16
    0.255687169E-16
    0.237945726E-16
    0.309146835E-16
    0.275918044E-16
    0.256741704E-16
    0.227669224E-16
    0.237058188E-16
    0.210335319E-16
    0.227028886E-16
    0.238029859E-16
    0.289917226E-16
    0.195308122E-16
    0.334009158E-16
    0.227180800E-16
    0.252881872E-16
    0.220881958E-16
    0.193441035E-16
    0.261072659E-16
    0.240294708E-16
    0.262463161E-16
    0.231521961E-16
    0.252759535E-16
    0.226500940E-16
    0.314752045E-16
    0.223208080E-16
    0.184238662E-16
    0.273751464E-16
    0.244293270E-16
    0.230508126E-16
    0.261863360E-16
    0.185190191E-16
    0.266809272E-16
    0.263429409E-16
    0.280225087E-16
    0.205198439E-16
    0.247505098E-16
    0.222516831E-16
    0.219083092E-16
    0.238517173E-16
    0.229189241E-16
    0.264856697E-16
    0.217638139E-16
    0.338221798E-16
    0.235650230E-16
    0.213177436E-16
    0.203620262E-16
    0.228404079E-16
    0.220506586E-16
    0.294925933E-16
    0.234325920E-16
    0.217493308E-16
    0.344408459E-16
    0.235516305E-16
    0.205325210E-16
    0.213357995E-16
    0.241035192E-16
    0.233837105E-16
    0.303883887E-16
    0.195636213E-16
    0.197731072E-16
    0.345946476E-16
    0.243227428E-16
    0.231429688E-16
    0.236327541E-16
    0.254007794E-16
    0.246217786E-16
    0.299708152E-16
    0.191264930E-16
    0.181928904E-16
    0.326933490E-16
    0.250309383E-16
    0.259555474E-16
    0.279746123E-16
    0.332243255E-16
    0.248008040E-16
    0.225726639E-16
