 #tdnd tdcion
    0.271639321E-16
    0.251221938E-16
    0.250261357E-16
    0.218588360E-16
    0.255000574E-16
    0.413420682E-16
    0.275581541E-16
    0.288716978E-16
    0.316715422E-16
    0.172814758E-16
    0.242630199E-16
    0.319503317E-16
    0.224776351E-16
    0.239930543E-16
    0.333857578E-16
    0.240730955E-16
    0.290258367E-16
    0.312655618E-16
    0.194334852E-16
    0.256545897E-16
    0.288894778E-16
    0.240802769E-16
    0.240109912E-16
    0.264058704E-16
    0.290418970E-16
    0.294583961E-16
    0.246664452E-16
    0.220293439E-16
    0.278151577E-16
    0.243404987E-16
    0.259804769E-16
    0.276586766E-16
    0.229335120E-16
    0.257739043E-16
    0.278942592E-16
    0.213436346E-16
    0.248933251E-16
    0.301715072E-16
    0.232523602E-16
    0.239882174E-16
    0.299216027E-16
    0.240230729E-16
    0.208794624E-16
    0.255699123E-16
    0.251415632E-16
    0.275634607E-16
    0.250295615E-16
    0.239145953E-16
    0.266473256E-16
    0.290785472E-16
    0.257090966E-16
    0.229806930E-16
    0.252559984E-16
    0.264871704E-16
    0.327030695E-16
    0.188834306E-16
    0.246658352E-16
    0.328345468E-16
    0.362910267E-16
    0.371590740E-16
    0.406095625E-16
    0.378079618E-16
    0.266640237E-16
    0.400558117E-16
    0.443690872E-16
    0.524865057E-16
    0.454109809E-16
    0.511696896E-16
    0.607811361E-16
    0.512531697E-16
    0.437159364E-16
    0.572057276E-16
    0.654924040E-16
    0.543427738E-16
    0.417236105E-16
    0.357890226E-16
    0.351920162E-16
    0.426701479E-16
    0.412784406E-16
    0.477453097E-16
    0.405969380E-16
    0.323659983E-16
    0.264063222E-16
    0.304372951E-16
    0.322102421E-16
    0.308462110E-16
    0.446804096E-16
    0.428862125E-16
    0.457568057E-16
    0.386780111E-16
    0.332176297E-16
    0.228251167E-16
    0.307860771E-16
    0.378945585E-16
    0.361468390E-16
    0.337932932E-16
    0.290558171E-16
    0.394409027E-16
    0.332472811E-16
    0.298579631E-16
    0.381481410E-16
    0.305435501E-16
    0.399180349E-16
    0.332634416E-16
    0.330879630E-16
    0.292201942E-16
    0.332121403E-16
    0.334282429E-16
    0.289147959E-16
    0.399100396E-16
    0.326899489E-16
    0.334527513E-16
    0.341616829E-16
    0.335152868E-16
    0.326083780E-16
    0.281898285E-16
    0.339349172E-16
    0.366498360E-16
    0.287164310E-16
    0.403247447E-16
    0.380255369E-16
    0.309590508E-16
    0.285206805E-16
    0.286889719E-16
    0.301773957E-16
    0.347299310E-16
    0.319050382E-16
    0.289196288E-16
    0.406386430E-16
    0.375094138E-16
    0.402225290E-16
    0.277098192E-16
    0.285322211E-16
    0.270111236E-16
    0.313501093E-16
    0.370358633E-16
    0.340356225E-16
    0.375030811E-16
    0.373186452E-16
    0.390158458E-16
    0.241795169E-16
    0.295876938E-16
    0.258950062E-16
    0.268666732E-16
    0.362435547E-16
    0.371055865E-16
    0.317338565E-16
    0.272719304E-16
    0.376476126E-16
    0.434638678E-16
    0.306605918E-16
    0.385832973E-16
    0.238922014E-16
    0.282272393E-16
    0.332918076E-16
    0.305535290E-16
    0.313171246E-16
    0.297032048E-16
    0.360159952E-16
    0.313685631E-16
    0.333196967E-16
    0.421089313E-16
    0.284744706E-16
    0.352281072E-16
    0.300161447E-16
    0.212300521E-16
    0.259554114E-16
    0.397635761E-16
    0.333102448E-16
    0.319291579E-16
    0.459930339E-16
    0.276251881E-16
    0.338388937E-16
    0.272717006E-16
    0.290876603E-16
    0.271654644E-16
    0.250754124E-16
    0.305640568E-16
    0.335787329E-16
    0.319120958E-16
    0.548079329E-16
    0.380404011E-16
    0.340080368E-16
    0.219574005E-16
    0.210308179E-16
    0.238480088E-16
    0.283959313E-16
    0.296031406E-16
    0.334417567E-16
    0.427844008E-16
    0.376365662E-16
    0.376436379E-16
    0.267185123E-16
    0.251455022E-16
    0.271662098E-16
    0.282544304E-16
    0.303068452E-16
    0.345063789E-16
    0.317525696E-16
    0.396723841E-16
    0.314083526E-16
    0.461260853E-16
    0.256018711E-16
    0.273503838E-16
    0.243608874E-16
    0.236736015E-16
    0.306644044E-16
    0.310959261E-16
    0.310137812E-16
    0.330396573E-16
    0.365713772E-16
    0.367850444E-16
    0.326570762E-16
    0.334184708E-16
    0.215166869E-16
    0.298379098E-16
    0.407570191E-16
    0.250966633E-16
    0.279898927E-16
    0.304848164E-16
    0.397721008E-16
    0.304387099E-16
    0.360502161E-16
    0.299489991E-16
    0.219145229E-16
    0.340406238E-16
    0.373708897E-16
    0.260529432E-16
    0.214358600E-16
    0.320598640E-16
    0.396474718E-16
    0.275351516E-16
    0.436770118E-16
    0.323893024E-16
    0.335243623E-16
    0.262003743E-16
    0.284315937E-16
    0.288011209E-16
    0.236766738E-16
    0.299537156E-16
    0.329426016E-16
    0.309145388E-16
    0.389984698E-16
    0.350223505E-16
    0.302074692E-16
    0.268680933E-16
    0.311114227E-16
    0.359306214E-16
    0.299840728E-16
    0.263790841E-16
    0.328615750E-16
    0.328719277E-16
    0.318499839E-16
    0.476243850E-16
    0.266811008E-16
    0.300579820E-16
    0.279498873E-16
    0.227516594E-16
    0.229417915E-16
    0.285856386E-16
    0.258358078E-16
    0.328421807E-16
    0.324776176E-16
    0.504127964E-16
    0.294409269E-16
    0.336454328E-16
    0.261675007E-16
    0.228973155E-16
    0.298081410E-16
    0.397785648E-16
    0.293794498E-16
    0.311567119E-16
    0.308878606E-16
    0.367167536E-16
    0.400443966E-16
    0.236001712E-16
    0.246693666E-16
    0.254278309E-16
    0.305709430E-16
    0.325958843E-16
    0.311419085E-16
    0.215511883E-16
    0.341279806E-16
    0.288538237E-16
    0.386603756E-16
    0.333739797E-16
    0.300389192E-16
    0.245134374E-16
    0.272506853E-16
    0.284808597E-16
    0.360869126E-16
    0.263822716E-16
    0.359367763E-16
    0.293643988E-16
    0.383412596E-16
    0.366484798E-16
    0.270755124E-16
    0.253345562E-16
    0.279145938E-16
    0.286193291E-16
    0.362160137E-16
    0.237924393E-16
    0.262842349E-16
    0.321739237E-16
    0.299108280E-16
    0.340059221E-16
    0.331749171E-16
    0.302139023E-16
    0.288499289E-16
    0.304377307E-16
    0.298069572E-16
    0.248440687E-16
    0.253921622E-16
    0.336249719E-16
    0.248673733E-16
    0.385630992E-16
    0.366630338E-16
    0.270295172E-16
    0.282640658E-16
    0.235278871E-16
    0.312076223E-16
    0.325020103E-16
    0.240662866E-16
    0.352129704E-16
    0.277394774E-16
    0.370665991E-16
    0.317864004E-16
    0.322480722E-16
    0.285602817E-16
    0.244880388E-16
    0.267055155E-16
    0.314131996E-16
    0.231213030E-16
    0.285929986E-16
    0.291098300E-16
    0.281478220E-16
    0.260215329E-16
    0.376293686E-16
    0.295399784E-16
    0.253909493E-16
    0.269068445E-16
    0.317200354E-16
    0.206642638E-16
    0.360346889E-16
    0.314747045E-16
    0.272665106E-16
    0.334240929E-16
    0.291859989E-16
    0.361408087E-16
    0.322638168E-16
    0.205175781E-16
    0.253512453E-16
    0.308890049E-16
    0.275462941E-16
    0.319171054E-16
    0.251997078E-16
    0.373822920E-16
    0.214127077E-16
    0.299404094E-16
    0.278853916E-16
    0.253253937E-16
    0.299810844E-16
    0.358544551E-16
    0.255260939E-16
    0.347741963E-16
    0.257268451E-16
    0.339836933E-16
    0.282713156E-16
    0.330000082E-16
    0.293611496E-16
    0.333165858E-16
    0.254171670E-16
    0.236134050E-16
    0.228874157E-16
    0.356836800E-16
    0.361058130E-16
    0.313472057E-16
    0.296720048E-16
    0.247671101E-16
    0.339445786E-16
    0.287231525E-16
    0.299379426E-16
    0.264606838E-16
    0.382131500E-16
    0.264632234E-16
    0.311615581E-16
    0.245226481E-16
    0.326115976E-16
    0.220600190E-16
    0.271481074E-16
    0.346719240E-16
    0.346637979E-16
    0.253278367E-16
    0.276259455E-16
    0.289602765E-16
    0.313161269E-16
    0.416907919E-16
    0.324747486E-16
    0.202958059E-16
    0.283497349E-16
    0.257823776E-16
    0.303033193E-16
    0.347477407E-16
    0.271844907E-16
    0.310387042E-16
    0.302673654E-16
    0.276896298E-16
    0.249517727E-16
    0.307831677E-16
    0.264778678E-16
    0.306949102E-16
    0.353276147E-16
    0.327777179E-16
    0.224873340E-16
    0.294034941E-16
    0.352770021E-16
    0.315248120E-16
    0.355008189E-16
    0.322889174E-16
    0.305027374E-16
    0.262252174E-16
    0.212714353E-16
    0.243903437E-16
    0.305835624E-16
    0.351940242E-16
    0.323786935E-16
    0.299370476E-16
    0.326352269E-16
    0.390006450E-16
    0.271125812E-16
    0.306052888E-16
    0.232575031E-16
    0.359919812E-16
    0.336572869E-16
    0.322095128E-16
    0.248528661E-16
    0.291283938E-16
    0.351154604E-16
    0.290425902E-16
    0.289086421E-16
    0.363833526E-16
    0.307325769E-16
    0.250425652E-16
    0.386177499E-16
    0.348393345E-16
    0.352136946E-16
    0.295428135E-16
    0.330857373E-16
    0.285695857E-16
    0.307624663E-16
    0.309169283E-16
    0.277126925E-16
    0.201266885E-16
    0.361121441E-16
    0.313451863E-16
    0.361942019E-16
    0.328179025E-16
    0.287686013E-16
    0.401819329E-16
    0.301454548E-16
    0.264894203E-16
    0.401848843E-16
    0.254457887E-16
    0.252134029E-16
    0.368638164E-16
    0.364327019E-16
    0.317751833E-16
    0.265814435E-16
    0.433809912E-16
    0.324000949E-16
    0.253005611E-16
    0.417864304E-16
    0.307722983E-16
    0.317349726E-16
    0.312102272E-16
    0.335548638E-16
    0.280803911E-16
    0.381807202E-16
    0.304717328E-16
    0.373139548E-16
    0.283493578E-16
    0.409351779E-16
    0.403098722E-16
    0.305598421E-16
    0.280695623E-16
    0.316495944E-16
    0.400666290E-16
    0.399240866E-16
    0.332711645E-16
    0.342869133E-16
    0.412144112E-16
    0.324910177E-16
    0.465358938E-16
    0.358820512E-16
    0.318153113E-16
    0.373398452E-16
    0.452452755E-16
    0.371091425E-16
    0.316706274E-16
    0.339930836E-16
    0.411267271E-16
    0.307785502E-16
    0.453216609E-16
    0.456901596E-16
    0.372732325E-16
    0.330269914E-16
    0.490620552E-16
    0.408217096E-16
    0.401534535E-16
    0.300178950E-16
    0.363210119E-16
    0.410538127E-16
    0.441618433E-16
    0.311263341E-16
    0.390304517E-16
    0.281983007E-16
    0.439828466E-16
    0.461804626E-16
    0.480311711E-16
    0.321536387E-16
    0.523825603E-16
    0.561098496E-16
    0.409679806E-16
    0.420760634E-16
    0.369599976E-16
    0.342049338E-16
    0.424920107E-16
    0.508781776E-16
    0.416832212E-16
    0.405547297E-16
    0.371240521E-16
    0.518270397E-16
    0.352055439E-16
    0.537685834E-16
    0.417837236E-16
    0.429435325E-16
    0.416612335E-16
    0.536703629E-16
    0.422526185E-16
    0.382905401E-16
    0.441688189E-16
    0.524419627E-16
    0.423186828E-16
    0.631326856E-16
    0.456399939E-16
    0.413895714E-16
    0.550483162E-16
    0.518516564E-16
    0.673836945E-16
    0.607655603E-16
    0.498404279E-16
    0.392079921E-16
    0.465169036E-16
    0.627257857E-16
    0.443785728E-16
    0.431127052E-16
    0.638198645E-16
    0.579125289E-16
    0.518438161E-16
    0.680108912E-16
    0.508513056E-16
    0.509817439E-16
    0.527420828E-16
    0.733956480E-16
    0.684959991E-16
    0.442156080E-16
    0.486324691E-16
    0.521163961E-16
    0.592329207E-16
    0.779426720E-16
    0.627895263E-16
    0.451074141E-16
    0.569277002E-16
    0.718024881E-16
    0.783117826E-16
    0.481664205E-16
    0.685008793E-16
    0.704790359E-16
    0.531392684E-16
    0.697019665E-16
    0.604508316E-16
    0.475640527E-16
    0.599743122E-16
    0.718496994E-16
    0.836702329E-16
    0.551081016E-16
    0.612930749E-16
    0.656793100E-16
    0.518853101E-16
    0.669314213E-16
    0.843682678E-16
    0.569200079E-16
    0.595386855E-16
    0.672088274E-16
    0.704120980E-16
    0.641906052E-16
    0.865616816E-16
    0.707475765E-16
    0.672970082E-16
    0.789935438E-16
    0.775248638E-16
    0.649541964E-16
    0.703637887E-16
    0.836774867E-16
    0.746545484E-16
    0.814380501E-16
    0.871828028E-16
    0.675324049E-16
    0.703156489E-16
    0.867773138E-16
    0.740321157E-16
    0.824819422E-16
    0.105935947E-15
    0.920500292E-16
    0.765623624E-16
    0.812574762E-16
    0.105227540E-15
    0.105673329E-15
    0.852253284E-16
    0.102747666E-15
    0.859545994E-16
    0.982132884E-16
    0.119268457E-15
    0.101523915E-15
    0.955847742E-16
    0.105167730E-15
    0.124403822E-15
    0.132546879E-15
    0.103206190E-15
    0.116211421E-15
    0.109957210E-15
    0.963880157E-16
    0.162732480E-15
    0.131531641E-15
    0.113402822E-15
    0.112796889E-15
    0.116750275E-15
    0.146128653E-15
    0.126815699E-15
    0.123224955E-15
    0.145320784E-15
    0.128441184E-15
    0.157588639E-15
    0.161473853E-15
    0.115885839E-15
    0.135658103E-15
    0.135537213E-15
    0.162435394E-15
    0.167511759E-15
    0.141973230E-15
    0.143802717E-15
    0.130082048E-15
    0.151601643E-15
    0.180089174E-15
    0.149434652E-15
    0.164432812E-15
    0.170186570E-15
    0.156918236E-15
    0.175676827E-15
    0.162967225E-15
    0.155658479E-15
    0.174488792E-15
    0.163415098E-15
    0.187584389E-15
    0.151071747E-15
    0.164097207E-15
    0.157007787E-15
    0.161274930E-15
    0.180398216E-15
    0.220336010E-15
    0.188215067E-15
    0.193735084E-15
    0.180318855E-15
    0.177462117E-15
    0.194564593E-15
    0.216820996E-15
    0.197708344E-15
    0.199195480E-15
    0.189603827E-15
    0.208338493E-15
    0.220358809E-15
    0.197559945E-15
    0.223969563E-15
    0.215549157E-15
    0.236896856E-15
    0.273661712E-15
    0.224191063E-15
    0.218479215E-15
    0.236255700E-15
    0.229337458E-15
    0.305043851E-15
    0.235723194E-15
    0.254124470E-15
    0.241352528E-15
    0.255068066E-15
    0.299159972E-15
    0.301175002E-15
    0.273753624E-15
    0.326664709E-15
    0.272545269E-15
    0.339832926E-15
    0.307183853E-15
    0.283094067E-15
    0.320325082E-15
    0.311735071E-15
    0.372137073E-15
    0.359364461E-15
    0.309233455E-15
    0.344169903E-15
    0.336815088E-15
    0.362758732E-15
    0.435196104E-15
    0.369920969E-15
    0.416427443E-15
    0.381219092E-15
    0.406255570E-15
    0.409201937E-15
    0.372613702E-15
    0.400303367E-15
    0.437167403E-15
    0.403120574E-15
    0.489972816E-15
    0.432731704E-15
    0.425266668E-15
    0.469667161E-15
    0.485124837E-15
    0.500456587E-15
    0.482241271E-15
    0.504734906E-15
    0.506418753E-15
    0.488835867E-15
    0.512227024E-15
    0.534834439E-15
    0.490054723E-15
    0.566276984E-15
    0.551487882E-15
    0.542079972E-15
    0.546967190E-15
    0.599637308E-15
    0.607393733E-15
    0.633704486E-15
    0.604974974E-15
    0.644509762E-15
    0.607055072E-15
    0.613409924E-15
    0.655718894E-15
    0.616422897E-15
    0.640654105E-15
    0.720615093E-15
    0.710927662E-15
    0.702116194E-15
    0.686931553E-15
    0.700034371E-15
    0.789831596E-15
    0.749756918E-15
    0.839262189E-15
    0.766880511E-15
    0.759110394E-15
    0.817007982E-15
    0.830132764E-15
    0.785770847E-15
    0.839221937E-15
    0.801249803E-15
    0.925505123E-15
    0.908053720E-15
    0.906319133E-15
    0.908235921E-15
    0.895385109E-15
    0.102268811E-14
    0.103499099E-14
    0.963501311E-15
    0.986529327E-15
    0.971082863E-15
    0.100563276E-14
    0.111792037E-14
    0.100762969E-14
    0.106583476E-14
    0.108735576E-14
    0.116303203E-14
    0.118079443E-14
    0.113297593E-14
    0.115800296E-14
    0.125542702E-14
    0.122859336E-14
    0.139054920E-14
    0.124064167E-14
    0.120339781E-14
    0.130777565E-14
    0.136844977E-14
    0.139995163E-14
    0.140197705E-14
    0.141095123E-14
    0.153751532E-14
    0.151918645E-14
    0.160266438E-14
    0.163692793E-14
    0.150421550E-14
    0.174661559E-14
    0.182100458E-14
    0.181058256E-14
    0.177912897E-14
    0.182882004E-14
    0.194552142E-14
    0.206338241E-14
    0.208818295E-14
    0.228142874E-14
    0.219222857E-14
    0.240390557E-14
    0.264522786E-14
    0.261169186E-14
    0.270260805E-14
    0.286919183E-14
    0.303632379E-14
    0.325428724E-14
    0.329153608E-14
    0.351075901E-14
    0.368999870E-14
    0.395093806E-14
    0.444579079E-14
    0.463381740E-14
    0.487108631E-14
    0.533310405E-14
    0.569350547E-14
    0.614742550E-14
    0.655954651E-14
    0.698658634E-14
    0.771387539E-14
    0.829259563E-14
    0.909646804E-14
    0.978391396E-14
    0.105603991E-13
    0.116897569E-13
    0.129691860E-13
    0.142675639E-13
    0.156570099E-13
    0.170281916E-13
    0.189210643E-13
    0.209947062E-13
    0.230939062E-13
    0.255471771E-13
    0.282053633E-13
    0.313931618E-13
    0.350538383E-13
    0.389613388E-13
    0.435049625E-13
    0.484799611E-13
    0.547466707E-13
    0.619653139E-13
    0.695670391E-13
    0.779628091E-13
    0.879647921E-13
    0.991791457E-13
    0.112446680E-12
    0.127202902E-12
    0.144005836E-12
    0.162864658E-12
    0.185103069E-12
    0.211125610E-12
    0.240516007E-12
    0.273560778E-12
    0.312930205E-12
    0.357803860E-12
    0.409523657E-12
    0.468435419E-12
    0.536626791E-12
    0.613849557E-12
    0.704286290E-12
    0.808975085E-12
    0.928795557E-12
    0.106440467E-11
    0.122180392E-11
    0.140480305E-11
    0.161389375E-11
    0.185670291E-11
    0.213573136E-11
    0.245690466E-11
    0.282542352E-11
    0.325393705E-11
    0.374401912E-11
    0.430720449E-11
    0.495220718E-11
    0.570142861E-11
    0.655488972E-11
    0.753817830E-11
    0.866748749E-11
    0.996621244E-11
    0.114527413E-10
    0.131718607E-10
    0.151370066E-10
    0.173946492E-10
    0.199700107E-10
    0.229420115E-10
    0.263367335E-10
    0.302264778E-10
    0.346843313E-10
    0.397884554E-10
    0.456149911E-10
    0.522905804E-10
    0.599213202E-10
    0.686376331E-10
    0.785860725E-10
    0.899595181E-10
    0.102958726E-09
    0.117757567E-09
    0.134670604E-09
    0.153952555E-09
    0.175920536E-09
    0.200954646E-09
    0.229483326E-09
    0.261933480E-09
    0.298856551E-09
    0.340829705E-09
    0.388635768E-09
    0.442880047E-09
    0.504578695E-09
    0.574646297E-09
    0.654196442E-09
    0.744429029E-09
    0.846868832E-09
    0.962971428E-09
    0.109462012E-08
    0.124370087E-08
    0.141272318E-08
    0.160397083E-08
    0.182042294E-08
    0.206538655E-08
    0.234236660E-08
    0.265542389E-08
    0.300926894E-08
    0.340891201E-08
    0.386021053E-08
    0.436945742E-08
    0.494424337E-08
    0.559254626E-08
    0.632329379E-08
    0.714713017E-08
    0.807514542E-08
    0.912015226E-08
    0.102965513E-07
    0.116204013E-07
    0.131095066E-07
    0.147838590E-07
    0.166657926E-07
    0.187808173E-07
    0.211556433E-07
    0.238224984E-07
    0.268154246E-07
    0.301730845E-07
    0.339384735E-07
    0.381598807E-07
    0.428903076E-07
    0.481894815E-07
    0.541228018E-07
    0.607654868E-07
    0.681971203E-07
    0.765098613E-07
    0.858042930E-07
    0.961920063E-07
    0.107797198E-06
    0.120758408E-06
    0.135227846E-06
    0.151375936E-06
    0.169388570E-06
    0.189476613E-06
    0.211868279E-06
    0.236818090E-06
    0.264609783E-06
    0.295553225E-06
    0.329993441E-06
    0.368311301E-06
    0.410927107E-06
    0.458305610E-06
    0.510957245E-06
    0.569448361E-06
    0.634403415E-06
    0.706503574E-06
    0.786510514E-06
    0.875253486E-06
    0.973650380E-06
    0.108270928E-05
    0.120354026E-05
    0.133736257E-05
    0.148551701E-05
    0.164947129E-05
    0.183085178E-05
    0.203141997E-05
    0.225313021E-05
    0.249811297E-05
    0.276870924E-05
    0.306747971E-05
    0.339723503E-05
    0.376104492E-05
    0.416227910E-05
    0.460460338E-05
    0.509205587E-05
    0.562902039E-05
    0.622029942E-05
    0.687114033E-05
    0.758726532E-05
    0.837491653E-05
    0.924090832E-05
    0.101926561E-04
    0.112382629E-04
    0.123865201E-04
    0.136470301E-04
    0.150302354E-04
    0.165474700E-04
    0.182110918E-04
    0.200345124E-04
    0.220323051E-04
    0.242202941E-04
    0.266156530E-04
    0.292370208E-04
    0.321046089E-04
    0.352402925E-04
    0.386678487E-04
    0.424129352E-04
    0.465033900E-04
    0.509693195E-04
    0.558432863E-04
    0.611604765E-04
    0.669589372E-04
    0.732797225E-04
    0.801672409E-04
    0.876692631E-04
    0.958374950E-04
    0.104727550E-03
    0.114399405E-03
    0.124917665E-03
    0.136351922E-03
    0.148776979E-03
    0.162273413E-03
    0.176927715E-03
    0.192833033E-03
    0.210089193E-03
    0.228803524E-03
    0.249091204E-03
    0.271075681E-03
    0.294889362E-03
    0.320674219E-03
    0.348582134E-03
    0.378775902E-03
    0.411429505E-03
    0.446729258E-03
    0.484874191E-03
    0.526076874E-03
    0.570564592E-03
    0.618579700E-03
    0.670380786E-03
    0.726243756E-03
    0.786462481E-03
    0.851350078E-03
    0.921239892E-03
    0.996486570E-03
    0.107746760E-02
    0.116458369E-02
    0.125826109E-02
    0.135895220E-02
    0.146713702E-02
    0.158332488E-02
    0.170805571E-02
    0.184190131E-02
    0.198546758E-02
    0.213939513E-02
    0.230436245E-02
    0.248108579E-02
    0.267032242E-02
    0.287287189E-02
    0.308957767E-02
    0.332132923E-02
    0.356906450E-02
    0.383377063E-02
    0.411648754E-02
    0.441830827E-02
    0.474038289E-02
    0.508391904E-02
    0.545018470E-02
    0.584051053E-02
    0.625629181E-02
    0.669898991E-02
    0.717013605E-02
    0.767133136E-02
    0.820425101E-02
    0.877064435E-02
    0.937233871E-02
    0.100112404E-01
    0.106893366E-01
    0.114086974E-01
    0.121714787E-01
    0.129799213E-01
    0.138363554E-01
    0.147432002E-01
    0.157029660E-01
    0.167182553E-01
    0.177917636E-01
    0.189262809E-01
    0.201246921E-01
    0.213899767E-01
    0.227252108E-01
    0.241335657E-01
    0.256183081E-01
    0.271827998E-01
    0.288304969E-01
    0.305649488E-01
    0.323897962E-01
    0.343087703E-01
    0.363256902E-01
    0.384444607E-01
    0.406690681E-01
    0.430035804E-01
    0.454521386E-01
    0.480189574E-01
    0.507083173E-01
    0.535245614E-01
    0.564720887E-01
    0.595553489E-01
    0.627788350E-01
    0.661470790E-01
    0.696646375E-01
    0.733360942E-01
    0.771660400E-01
    0.811590722E-01
    0.853197803E-01
    0.896527381E-01
    0.941624905E-01
    0.988535457E-01
    0.103730358E+00
    0.108797323E+00
    0.114058756E+00
    0.119518887E+00
    0.125181840E+00
    0.131051623E+00
    0.137132111E+00
    0.143427034E+00
    0.149939957E+00
    0.156674269E+00
    0.163633160E+00
    0.170819617E+00
    0.178236391E+00
    0.185885994E+00
    0.193770678E+00
    0.201892411E+00
    0.210252873E+00
    0.218853427E+00
    0.227695109E+00
    0.236778612E+00
    0.246104260E+00
    0.255672007E+00
    0.265481407E+00
    0.275531606E+00
    0.285821327E+00
    0.296348849E+00
    0.307112003E+00
    0.318108151E+00
    0.329334173E+00
    0.340786468E+00
    0.352460921E+00
    0.364352915E+00
    0.376457311E+00
    0.388768439E+00
    0.401280102E+00
    0.413985554E+00
    0.426877514E+00
    0.439948152E+00
    0.453189086E+00
    0.466591396E+00
    0.480145608E+00
    0.493841711E+00
    0.507669153E+00
    0.521616851E+00
    0.535673204E+00
    0.549826086E+00
    0.564062882E+00
    0.578370477E+00
    0.592735288E+00
    0.607143268E+00
    0.621579936E+00
    0.636030384E+00
    0.650479314E+00
    0.664911037E+00
    0.679309533E+00
    0.693658434E+00
    0.707941096E+00
    0.722140590E+00
    0.736239757E+00
    0.750221229E+00
    0.764067467E+00
    0.777760792E+00
    0.791283424E+00
    0.804617507E+00
    0.817745170E+00
    0.830648534E+00
    0.843309783E+00
    0.855711174E+00
    0.867835093E+00
    0.879664104E+00
    0.891180960E+00
    0.902368671E+00
    0.913210540E+00
    0.923690182E+00
    0.933791601E+00
    0.943499188E+00
    0.952797798E+00
    0.961672765E+00
    0.970109935E+00
    0.978095738E+00
    0.985617180E+00
    0.992661896E+00
    0.999218203E+00
    0.100527509E+01
    0.101082229E+01
    0.101585027E+01
    0.102035029E+01
    0.102431442E+01
    0.102773555E+01
    0.103060740E+01
    0.103292460E+01
    0.103468263E+01
    0.103587787E+01
    0.103650762E+01
    0.103657010E+01
    0.103606446E+01
    0.103499075E+01
    0.103334999E+01
    0.103114412E+01
    0.102837599E+01
    0.102504941E+01
    0.102116906E+01
    0.101674057E+01
    0.101177042E+01
    0.100626600E+01
    0.100023555E+01
    0.993688124E+00
    0.986633625E+00
    0.979082718E+00
    0.971046859E+00
    0.962538216E+00
    0.953569677E+00
    0.944154795E+00
    0.934307764E+00
    0.924043379E+00
    0.913377006E+00
    0.902324524E+00
    0.890902319E+00
    0.879127201E+00
    0.867016411E+00
    0.854587527E+00
    0.841858462E+00
    0.828847406E+00
    0.815572772E+00
    0.802053169E+00
    0.788307351E+00
    0.774354168E+00
    0.760212538E+00
    0.745901377E+00
    0.731439593E+00
    0.716846009E+00
    0.702139339E+00
    0.687338162E+00
    0.672460846E+00
    0.657525544E+00
    0.642550145E+00
    0.627552232E+00
    0.612549071E+00
    0.597557543E+00
    0.582594153E+00
    0.567674973E+00
    0.552815624E+00
    0.538031262E+00
    0.523336538E+00
    0.508745582E+00
    0.494271994E+00
    0.479928810E+00
    0.465728509E+00
    0.451682971E+00
    0.437803494E+00
    0.424100767E+00
    0.410584868E+00
    0.397265261E+00
    0.384150794E+00
    0.371249688E+00
    0.358569548E+00
    0.346117355E+00
    0.333899489E+00
    0.321921706E+00
    0.310189168E+00
    0.298706441E+00
    0.287477510E+00
    0.276505786E+00
    0.265794118E+00
    0.255344814E+00
    0.245159646E+00
    0.235239869E+00
    0.225586246E+00
    0.216199051E+00
    0.207078096E+00
    0.198222751E+00
    0.189631956E+00
    0.181304250E+00
    0.173237778E+00
    0.165430327E+00
    0.157879338E+00
    0.150581924E+00
    0.143534898E+00
    0.136734785E+00
    0.130177854E+00
    0.123860128E+00
    0.117777409E+00
    0.111925299E+00
    0.106299212E+00
    0.100894405E+00
    0.957059879E-01
    0.907289445E-01
    0.859581503E-01
    0.813883862E-01
    0.770143627E-01
    0.728307294E-01
    0.688320904E-01
    0.650130231E-01
    0.613680874E-01
    0.578918421E-01
    0.545788564E-01
    0.514237215E-01
    0.484210635E-01
    0.455655479E-01
    0.428518979E-01
    0.402748988E-01
    0.378294039E-01
    0.355103472E-01
    0.333127465E-01
    0.312317134E-01
    0.292624538E-01
    0.274002782E-01
    0.256406036E-01
    0.239789567E-01
    0.224109782E-01
    0.209324280E-01
    0.195391814E-01
    0.182272377E-01
    0.169927157E-01
    0.158318608E-01
    0.147410385E-01
    0.137167399E-01
    0.127555791E-01
    0.118542936E-01
    0.110097421E-01
    0.102189049E-01
    0.947888049E-02
    0.878688662E-02
    0.814025507E-02
    0.753643291E-02
    0.697297727E-02
    0.644755480E-02
    0.595793814E-02
    0.550200368E-02
    0.507772934E-02
    0.468318997E-02
    0.431655552E-02
    0.397608880E-02
    0.366014088E-02
    0.336714912E-02
    0.309563336E-02
    0.284419368E-02
    0.261150662E-02
    0.239632214E-02
    0.219746168E-02
    0.201381381E-02
    0.184433141E-02
    0.168803034E-02
    0.154398470E-02
    0.141132537E-02
    0.128923617E-02
    0.117695271E-02
    0.107375846E-02
    0.978983080E-03
    0.891999567E-03
    0.812222562E-03
    0.739104987E-03
    0.672137404E-03
    0.610844498E-03
    0.554784201E-03
    0.503544773E-03
    0.456744035E-03
    0.414026708E-03
    0.375063403E-03
    0.339548508E-03
    0.307199019E-03
    0.277753013E-03
    0.250968328E-03
    0.226621039E-03
    0.204504537E-03
    0.184428119E-03
    0.166216128E-03
    0.149706656E-03
    0.134750764E-03
    0.121211587E-03
    0.108963134E-03
    0.978899798E-04
    0.878862077E-04
    0.788546127E-04
    0.707062802E-04
    0.633597964E-04
    0.567407922E-04
    0.507812286E-04
    0.454190215E-04
    0.405975874E-04
    0.362652896E-04
    0.323750940E-04
    0.288843055E-04
    0.257539436E-04
    0.229487090E-04
    0.204364783E-04
    0.181881876E-04
    0.161774102E-04
    0.143802602E-04
    0.127750799E-04
    0.113423297E-04
    0.100643090E-04
    0.892506500E-05
    0.791016952E-05
    0.700664784E-05
    0.620278502E-05
    0.548805744E-05
    0.485297167E-05
    0.428902228E-05
    0.378854767E-05
    0.334467106E-05
    0.295125667E-05
    0.260276404E-05
    0.229425049E-05
    0.202130085E-05
    0.177995332E-05
    0.156667820E-05
    0.137831157E-05
    0.121204365E-05
    0.106536886E-05
    0.936037628E-06
    0.822070684E-06
    0.721694960E-06
    0.633327002E-06
    0.555580931E-06
    0.487206444E-06
    0.427107119E-06
    0.374301558E-06
    0.327928189E-06
    0.287221318E-06
    0.251504018E-06
    0.220174804E-06
    0.192708382E-06
    0.168633294E-06
    0.147542235E-06
    0.129068824E-06
    0.112894244E-06
    0.987352871E-07
    0.863453492E-07
    0.755046052E-07
    0.660225676E-07
    0.577306032E-07
    0.504792119E-07
    0.441397178E-07
    0.385982260E-07
    0.337540733E-07
    0.295204107E-07
    0.258197834E-07
    0.225860037E-07
    0.197595475E-07
    0.172886390E-07
    0.151296493E-07
    0.132420520E-07
    0.115917338E-07
    0.101493195E-07
    0.888741464E-08
    0.778416918E-08
    0.681889787E-08
    0.597457464E-08
    0.523573067E-08
    0.458897003E-08
    0.402271777E-08
    0.352707765E-08
    0.309280344E-08
    0.271258298E-08
    0.237922265E-08
    0.208713963E-08
    0.183110097E-08
    0.160662124E-08
    0.140972180E-08
    0.123705446E-08
    0.108555547E-08
    0.952566754E-09
    0.835935663E-09
    0.733534919E-09
    0.643642624E-09
    0.564726311E-09
    0.495446801E-09
    0.434618589E-09
    0.381192835E-09
    0.334264275E-09
    0.293119857E-09
    0.256935326E-09
    0.225178319E-09
    0.197315121E-09
    0.172824211E-09
    0.151356380E-09
    0.132499490E-09
    0.115963676E-09
    0.101446360E-09
    0.887090648E-10
    0.775436070E-10
    0.677738745E-10
    0.591815665E-10
    0.516721533E-10
    0.450838441E-10
    0.393175371E-10
    0.342712809E-10
    0.298598845E-10
    0.259947203E-10
    0.226200849E-10
    0.196643379E-10
    0.170889346E-10
    0.148416691E-10
    0.128728697E-10
    0.111651197E-10
    0.966885433E-11
    0.836831035E-11
    0.723767948E-11
    0.625329764E-11
    0.539604124E-11
    0.465550849E-11
    0.400570359E-11
    0.344900958E-11
    0.296242909E-11
    0.254413388E-11
    0.218157253E-11
    0.186694516E-11
    0.159643392E-11
    0.136351659E-11
    0.116216574E-11
    0.991305334E-12
    0.842330063E-12
    0.714374292E-12
    0.606197121E-12
    0.513063884E-12
    0.434265099E-12
    0.366395445E-12
    0.308658030E-12
    0.259426207E-12
    0.218115864E-12
    0.183400269E-12
    0.153967715E-12
    0.128434991E-12
    0.107438607E-12
    0.899308168E-13
    0.751150674E-13
    0.628544592E-13
    0.524626493E-13
    0.436584811E-13
    0.365090710E-13
    0.307556599E-13
    0.256885114E-13
    0.217148420E-13
    0.181252103E-13
    0.154487841E-13
    0.130669121E-13
    0.112142240E-13
    0.962934668E-14
    0.829377248E-14
    0.714515488E-14
    0.632595606E-14
    0.543094878E-14
    0.489486341E-14
    0.430954450E-14
    0.382401121E-14
    0.343251850E-14
    0.306239054E-14
    0.279301054E-14
    0.251211428E-14
    0.225626631E-14
    0.206596646E-14
    0.180180240E-14
    0.168261561E-14
    0.156808444E-14
    0.136887643E-14
    0.125336287E-14
    0.111186576E-14
    0.103763611E-14
    0.945825300E-15
    0.855531356E-15
    0.752195557E-15
    0.683704163E-15
    0.623482167E-15
    0.611898357E-15
    0.513172138E-15
    0.484787473E-15
    0.421066411E-15
    0.394304009E-15
    0.374601259E-15
    0.351905950E-15
    0.314378701E-15
    0.282927570E-15
    0.258007320E-15
    0.267840005E-15
    0.241376458E-15
    0.213104755E-15
    0.199647256E-15
    0.195751701E-15
    0.195508895E-15
    0.198784140E-15
    0.177052655E-15
    0.173688872E-15
    0.170524580E-15
    0.157641768E-15
    0.172831757E-15
    0.156829950E-15
    0.173032156E-15
    0.156010159E-15
    0.149597506E-15
    0.169287711E-15
    0.156404742E-15
    0.168399883E-15
    0.145313210E-15
    0.156171733E-15
    0.160846893E-15
    0.153811661E-15
    0.149765134E-15
    0.149937501E-15
    0.144644196E-15
    0.171363726E-15
    0.151951273E-15
    0.144628421E-15
    0.138594125E-15
    0.159883844E-15
    0.148387256E-15
    0.140643786E-15
    0.131892255E-15
    0.138040742E-15
    0.139206023E-15
    0.136356496E-15
    0.135482324E-15
    0.147177295E-15
    0.125768679E-15
    0.120867933E-15
    0.121493821E-15
    0.121348761E-15
    0.121761444E-15
    0.119529179E-15
    0.117015177E-15
    0.106219553E-15
    0.114747633E-15
    0.100459659E-15
    0.118490810E-15
    0.943499153E-16
    0.975847829E-16
    0.855219997E-16
    0.933669479E-16
    0.977878043E-16
    0.798575268E-16
    0.756690746E-16
    0.981704888E-16
    0.748447447E-16
    0.898559698E-16
    0.640810700E-16
    0.737221195E-16
    0.778190926E-16
    0.671442698E-16
    0.721628180E-16
    0.654339655E-16
    0.691342094E-16
    0.745065771E-16
    0.709626743E-16
    0.675350274E-16
    0.611108519E-16
    0.665764624E-16
    0.625052888E-16
    0.632959730E-16
    0.628460910E-16
    0.673574086E-16
    0.676212094E-16
    0.542813742E-16
    0.574177442E-16
    0.519622500E-16
    0.736521957E-16
    0.491416726E-16
    0.543967246E-16
    0.526258099E-16
    0.495463906E-16
    0.674230455E-16
    0.375495922E-16
    0.469575218E-16
    0.614931301E-16
    0.472726395E-16
    0.465784312E-16
    0.435513487E-16
    0.468589792E-16
    0.479022958E-16
    0.484350764E-16
    0.457777962E-16
    0.412777061E-16
    0.454335286E-16
    0.391825888E-16
    0.446009457E-16
    0.423997540E-16
    0.440377987E-16
    0.468643898E-16
    0.360844588E-16
    0.449304178E-16
    0.381934363E-16
    0.414789882E-16
    0.424446382E-16
    0.328788644E-16
    0.422098830E-16
    0.359155076E-16
    0.431265897E-16
    0.383917172E-16
    0.286681065E-16
    0.407485416E-16
    0.326117113E-16
    0.387159287E-16
    0.299251440E-16
    0.304554187E-16
    0.355655690E-16
    0.328897218E-16
    0.384156623E-16
    0.294043408E-16
    0.338376186E-16
    0.289572501E-16
    0.377200245E-16
    0.295629718E-16
    0.287273421E-16
    0.381989374E-16
    0.287819957E-16
    0.334381645E-16
    0.342411989E-16
    0.330333182E-16
    0.332639165E-16
    0.209286706E-16
    0.387322287E-16
    0.253205211E-16
    0.319452894E-16
    0.367323799E-16
    0.239671998E-16
    0.331007261E-16
    0.262902953E-16
    0.330941293E-16
    0.276032088E-16
    0.205106224E-16
    0.348316885E-16
    0.251410628E-16
    0.338906494E-16
    0.256377763E-16
    0.261142559E-16
    0.279974641E-16
    0.262671525E-16
    0.278406017E-16
    0.259280160E-16
    0.286599981E-16
    0.247811990E-16
    0.290441439E-16
    0.270168552E-16
    0.223097687E-16
    0.302173657E-16
    0.231644686E-16
    0.284911626E-16
    0.253805142E-16
    0.276675384E-16
    0.294914292E-16
    0.169090181E-16
    0.316823795E-16
    0.208694273E-16
    0.279018820E-16
    0.262446725E-16
    0.223935741E-16
    0.285871386E-16
    0.231597399E-16
    0.287416319E-16
    0.219975034E-16
    0.195979044E-16
    0.284526605E-16
    0.205167340E-16
    0.291546105E-16
    0.205040913E-16
    0.249300928E-16
    0.246494853E-16
    0.247436236E-16
    0.247392008E-16
    0.221658612E-16
    0.235257148E-16
    0.202821508E-16
    0.273715014E-16
    0.201419943E-16
    0.243163523E-16
    0.261571636E-16
    0.188372903E-16
    0.260060428E-16
    0.213213792E-16
    0.258293185E-16
    0.220003166E-16
    0.148805569E-16
    0.285319207E-16
    0.167340229E-16
    0.264484673E-16
    0.213223450E-16
    0.197664731E-16
    0.237143662E-16
    0.222275605E-16
    0.241963236E-16
    0.188178236E-16
    0.190723388E-16
    0.217157995E-16
    0.222653239E-16
    0.227387370E-16
    0.192095864E-16
    0.245461262E-16
    0.198733689E-16
    0.245521436E-16
    0.207865117E-16
    0.218801727E-16
    0.211826512E-16
    0.161823364E-16
    0.277593237E-16
    0.170209909E-16
    0.238526307E-16
    0.235955875E-16
    0.192323297E-16
    0.239426623E-16
    0.212613681E-16
    0.236099037E-16
    0.197578024E-16
    0.181513110E-16
    0.228318449E-16
    0.202966653E-16
    0.246957360E-16
    0.200447248E-16
    0.231098116E-16
    0.212019822E-16
    0.243358552E-16
    0.219830113E-16
    0.198379659E-16
    0.210854051E-16
    0.168261307E-16
    0.277361883E-16
    0.206057882E-16
    0.211089102E-16
    0.252005101E-16
    0.209789861E-16
    0.246036425E-16
    0.215756751E-16
    0.215063523E-16
    0.209620241E-16
    0.198562363E-16
    0.241549969E-16
    0.210780933E-16
    0.246037125E-16
    0.222298964E-16
    0.235134312E-16
    0.224230393E-16
    0.240777144E-16
    0.229940841E-16
    0.199200645E-16
    0.238880606E-16
    0.170102366E-16
    0.264585912E-16
    0.250204607E-16
    0.203700874E-16
    0.252371287E-16
    0.232458214E-16
    0.263809243E-16
    0.231498992E-16
    0.205359458E-16
    0.214791806E-16
    0.217285170E-16
    0.248711721E-16
    0.244973652E-16
    0.242197833E-16
    0.233210022E-16
    0.264014066E-16
    0.242316297E-16
    0.235590936E-16
    0.234050536E-16
    0.201555848E-16
    0.282101410E-16
    0.190138418E-16
    0.246106163E-16
    0.284554026E-16
    0.211322537E-16
    0.249933186E-16
    0.251457175E-16
    0.272047038E-16
    0.239822582E-16
    0.237026090E-16
    0.216454578E-16
    0.235749805E-16
    0.246383729E-16
    0.268225281E-16
    0.245782603E-16
    0.232517280E-16
    0.309028474E-16
    0.254423886E-16
    0.227820621E-16
    0.259904005E-16
    0.202702616E-16
    0.280446480E-16
    0.246532887E-16
    0.234967572E-16
    0.283137043E-16
    0.243033941E-16
    0.263816474E-16
    0.260031079E-16
    0.257409440E-16
    0.231864626E-16
    0.304020956E-16
    0.201485756E-16
    0.249552809E-16
    0.279737107E-16
    0.238606121E-16
    0.258098432E-16
    0.248110303E-16
    0.317616180E-16
    0.240069528E-16
    0.254066869E-16
    0.272731742E-16
    0.228603194E-16
    0.240348501E-16
    0.301274872E-16
    0.237765333E-16
    0.235155944E-16
    0.322940013E-16
    0.241617229E-16
    0.242419485E-16
    0.286147803E-16
    0.231496345E-16
    0.284012261E-16
    0.258503713E-16
    0.240936810E-16
    0.299572444E-16
    0.230225147E-16
    0.245191920E-16
    0.284965918E-16
    0.263500833E-16
    0.233148289E-16
    0.333586288E-16
    0.223371791E-16
    0.223945025E-16
    0.330991393E-16
    0.231076110E-16
    0.238849529E-16
    0.255381442E-16
    0.304150009E-16
    0.228760667E-16
    0.282326689E-16
    0.255437348E-16
    0.247586272E-16
    0.290998143E-16
    0.287614508E-16
    0.259992316E-16
    0.223394576E-16
    0.293771605E-16
    0.227645261E-16
    0.243171782E-16
    0.271519995E-16
    0.298557822E-16
    0.268358145E-16
    0.254032289E-16
    0.293075402E-16
    0.261427096E-16
    0.224201375E-16
    0.227235042E-16
    0.280616880E-16
    0.256878437E-16
    0.283899080E-16
    0.289931760E-16
    0.222085438E-16
    0.304027440E-16
    0.312015317E-16
    0.239350083E-16
    0.229624104E-16
    0.250625311E-16
    0.236566535E-16
    0.260868940E-16
    0.297511862E-16
    0.266221399E-16
    0.344670928E-16
    0.239021054E-16
    0.290611123E-16
    0.215286373E-16
    0.208278733E-16
    0.277405414E-16
    0.296059934E-16
    0.237467778E-16
    0.301532930E-16
    0.394613075E-16
    0.192394039E-16
    0.357289758E-16
    0.205584780E-16
    0.204384245E-16
    0.263884810E-16
    0.295500741E-16
    0.249648176E-16
    0.359206915E-16
    0.370909107E-16
    0.269602247E-16
