 #tdnd tdcion
    0.423718712E-16
    0.297284238E-16
    0.291042608E-16
    0.336207694E-16
    0.287754144E-16
    0.368048342E-16
    0.359729457E-16
    0.367030293E-16
    0.274021373E-16
    0.254790523E-16
    0.366135984E-16
    0.285468623E-16
    0.236007090E-16
    0.329610994E-16
    0.328425601E-16
    0.244558467E-16
    0.296585419E-16
    0.286901943E-16
    0.260685296E-16
    0.253374253E-16
    0.284585672E-16
    0.321408868E-16
    0.200228312E-16
    0.278068724E-16
    0.350708389E-16
    0.273522057E-16
    0.273871981E-16
    0.246814395E-16
    0.287974997E-16
    0.284468468E-16
    0.251005675E-16
    0.353611211E-16
    0.281818022E-16
    0.209968465E-16
    0.312959104E-16
    0.350466108E-16
    0.206177491E-16
    0.221583848E-16
    0.238433827E-16
    0.336165005E-16
    0.255416580E-16
    0.314661822E-16
    0.308336696E-16
    0.195382975E-16
    0.272597991E-16
    0.317126414E-16
    0.268154329E-16
    0.196313144E-16
    0.174025469E-16
    0.233152413E-16
    0.292055768E-16
    0.286194583E-16
    0.339023663E-16
    0.278205180E-16
    0.193530170E-16
    0.269588317E-16
    0.303301747E-16
    0.236787591E-16
    0.190915094E-16
    0.173717555E-16
    0.280393682E-16
    0.281723608E-16
    0.349563647E-16
    0.370453051E-16
    0.257938205E-16
    0.287004787E-16
    0.369261047E-16
    0.325983116E-16
    0.307770607E-16
    0.290972614E-16
    0.232135431E-16
    0.389480397E-16
    0.432544454E-16
    0.546324067E-16
    0.555313803E-16
    0.482961012E-16
    0.436070454E-16
    0.358119671E-16
    0.524992212E-16
    0.469938865E-16
    0.574207364E-16
    0.390441569E-16
    0.501788315E-16
    0.467302111E-16
    0.453502388E-16
    0.406505043E-16
    0.502069007E-16
    0.356288216E-16
    0.370905485E-16
    0.274168669E-16
    0.340783302E-16
    0.306432782E-16
    0.240914166E-16
    0.468250064E-16
    0.331143839E-16
    0.380571530E-16
    0.353744190E-16
    0.423594949E-16
    0.397176358E-16
    0.271534989E-16
    0.254757480E-16
    0.304237690E-16
    0.369151023E-16
    0.255350827E-16
    0.471317896E-16
    0.356214955E-16
    0.303515911E-16
    0.284433592E-16
    0.315613016E-16
    0.403340987E-16
    0.294532291E-16
    0.296800315E-16
    0.338931726E-16
    0.330264112E-16
    0.318988419E-16
    0.402259600E-16
    0.262018957E-16
    0.303023772E-16
    0.249086919E-16
    0.355694496E-16
    0.348383635E-16
    0.291773316E-16
    0.278772470E-16
    0.269569510E-16
    0.396390736E-16
    0.295794062E-16
    0.432745676E-16
    0.299197300E-16
    0.303632655E-16
    0.236029596E-16
    0.324346899E-16
    0.323996105E-16
    0.294243102E-16
    0.222867421E-16
    0.221693254E-16
    0.476292635E-16
    0.299852453E-16
    0.472055209E-16
    0.270273396E-16
    0.382698274E-16
    0.290000919E-16
    0.263106878E-16
    0.312028184E-16
    0.227445178E-16
    0.289187407E-16
    0.308636605E-16
    0.399663842E-16
    0.275437770E-16
    0.330977927E-16
    0.278140507E-16
    0.366334139E-16
    0.299775070E-16
    0.308416605E-16
    0.298928429E-16
    0.260089760E-16
    0.399206453E-16
    0.274070246E-16
    0.422679527E-16
    0.320132197E-16
    0.312346914E-16
    0.249045311E-16
    0.361424059E-16
    0.249548260E-16
    0.334826398E-16
    0.354310767E-16
    0.303975949E-16
    0.283322806E-16
    0.257919999E-16
    0.424256544E-16
    0.313178255E-16
    0.335731751E-16
    0.306940967E-16
    0.334191986E-16
    0.324865812E-16
    0.234558056E-16
    0.362959639E-16
    0.260755540E-16
    0.305662455E-16
    0.332210985E-16
    0.352428877E-16
    0.246506550E-16
    0.338037737E-16
    0.327212159E-16
    0.446186477E-16
    0.341643848E-16
    0.258400891E-16
    0.300636920E-16
    0.296437920E-16
    0.418601277E-16
    0.346455334E-16
    0.229037899E-16
    0.317607037E-16
    0.374111079E-16
    0.261158120E-16
    0.289962652E-16
    0.287354208E-16
    0.355552660E-16
    0.292164925E-16
    0.252669795E-16
    0.368386537E-16
    0.390336393E-16
    0.353610147E-16
    0.284204141E-16
    0.285296151E-16
    0.399748113E-16
    0.293612285E-16
    0.281706680E-16
    0.337419441E-16
    0.206525904E-16
    0.377014885E-16
    0.327858388E-16
    0.358269562E-16
    0.303846670E-16
    0.279070210E-16
    0.315573983E-16
    0.353005713E-16
    0.317578355E-16
    0.326115093E-16
    0.371230029E-16
    0.260514803E-16
    0.331640524E-16
    0.284760860E-16
    0.352235704E-16
    0.232757930E-16
    0.285215357E-16
    0.295889612E-16
    0.290177341E-16
    0.333279384E-16
    0.308378390E-16
    0.383562431E-16
    0.262071141E-16
    0.298595170E-16
    0.309940720E-16
    0.450672381E-16
    0.214435759E-16
    0.286329574E-16
    0.266507868E-16
    0.375405682E-16
    0.377081567E-16
    0.272292015E-16
    0.289105119E-16
    0.231592271E-16
    0.304571303E-16
    0.337027283E-16
    0.303296862E-16
    0.302350183E-16
    0.349769393E-16
    0.242200577E-16
    0.298760199E-16
    0.274586433E-16
    0.355948183E-16
    0.320175099E-16
    0.218877005E-16
    0.311538462E-16
    0.384459968E-16
    0.365079271E-16
    0.265720882E-16
    0.263538101E-16
    0.283317668E-16
    0.236831435E-16
    0.265801555E-16
    0.354537426E-16
    0.351635501E-16
    0.300429394E-16
    0.321045252E-16
    0.341785922E-16
    0.224982004E-16
    0.303883389E-16
    0.289951713E-16
    0.313736433E-16
    0.240247706E-16
    0.336570924E-16
    0.355130568E-16
    0.279707094E-16
    0.255172999E-16
    0.289489738E-16
    0.361799501E-16
    0.288987823E-16
    0.250653930E-16
    0.313948829E-16
    0.295388054E-16
    0.250368779E-16
    0.304899414E-16
    0.286341444E-16
    0.293464195E-16
    0.256856715E-16
    0.331461105E-16
    0.415410064E-16
    0.301715655E-16
    0.320206777E-16
    0.197818074E-16
    0.282632746E-16
    0.279013998E-16
    0.324576314E-16
    0.278943024E-16
    0.250411232E-16
    0.274553204E-16
    0.281535010E-16
    0.351129658E-16
    0.283391530E-16
    0.261817418E-16
    0.249882907E-16
    0.322632439E-16
    0.381345004E-16
    0.276325892E-16
    0.310869613E-16
    0.236602096E-16
    0.263591755E-16
    0.338970333E-16
    0.295174015E-16
    0.364544035E-16
    0.288744846E-16
    0.240989032E-16
    0.265534195E-16
    0.368808151E-16
    0.179422952E-16
    0.225619103E-16
    0.304018896E-16
    0.329859517E-16
    0.328486122E-16
    0.344972864E-16
    0.308237192E-16
    0.199636685E-16
    0.398624724E-16
    0.246684095E-16
    0.317785364E-16
    0.266323883E-16
    0.297350317E-16
    0.226938139E-16
    0.331870692E-16
    0.411063986E-16
    0.335449935E-16
    0.294747802E-16
    0.200205143E-16
    0.394542090E-16
    0.287051623E-16
    0.210719655E-16
    0.279166425E-16
    0.352371611E-16
    0.281508053E-16
    0.233628000E-16
    0.408552219E-16
    0.395266575E-16
    0.244057035E-16
    0.247386846E-16
    0.355835373E-16
    0.294116304E-16
    0.228941980E-16
    0.304180202E-16
    0.362116047E-16
    0.204984490E-16
    0.326704453E-16
    0.428402413E-16
    0.286980977E-16
    0.268941033E-16
    0.301814346E-16
    0.291528710E-16
    0.283228259E-16
    0.289639425E-16
    0.282561624E-16
    0.314489667E-16
    0.284556023E-16
    0.327441564E-16
    0.441950700E-16
    0.293284890E-16
    0.250177788E-16
    0.380872393E-16
    0.327075006E-16
    0.260699380E-16
    0.313205124E-16
    0.335739220E-16
    0.182373312E-16
    0.204564201E-16
    0.393144203E-16
    0.358370139E-16
    0.317917781E-16
    0.218706316E-16
    0.307234996E-16
    0.371231374E-16
    0.297485267E-16
    0.359223791E-16
    0.316710126E-16
    0.318949957E-16
    0.230668141E-16
    0.421119037E-16
    0.332352891E-16
    0.321894835E-16
    0.267193996E-16
    0.336336317E-16
    0.317196383E-16
    0.307591458E-16
    0.362005932E-16
    0.316552044E-16
    0.328117980E-16
    0.394143722E-16
    0.421164531E-16
    0.293968371E-16
    0.267704142E-16
    0.351148954E-16
    0.265183964E-16
    0.269955014E-16
    0.337291416E-16
    0.283672002E-16
    0.269060139E-16
    0.347910025E-16
    0.363519938E-16
    0.354284960E-16
    0.397568797E-16
    0.259424682E-16
    0.441305616E-16
    0.330966922E-16
    0.373973128E-16
    0.338701691E-16
    0.307447631E-16
    0.253300582E-16
    0.391408531E-16
    0.404104678E-16
    0.295641814E-16
    0.350016192E-16
    0.340647218E-16
    0.343783013E-16
    0.273179217E-16
    0.350862253E-16
    0.334427594E-16
    0.381260311E-16
    0.408394028E-16
    0.318404260E-16
    0.259430224E-16
    0.349107427E-16
    0.335415412E-16
    0.392142462E-16
    0.336917667E-16
    0.289588180E-16
    0.361402422E-16
    0.344576041E-16
    0.359351890E-16
    0.353452067E-16
    0.390927132E-16
    0.263670001E-16
    0.381211142E-16
    0.339295431E-16
    0.374763155E-16
    0.337767482E-16
    0.428644916E-16
    0.327933016E-16
    0.398353473E-16
    0.499257713E-16
    0.421712402E-16
    0.328890483E-16
    0.350151096E-16
    0.349685244E-16
    0.295402537E-16
    0.354135531E-16
    0.331480586E-16
    0.423126350E-16
    0.374991656E-16
    0.460771176E-16
    0.317014376E-16
    0.373909821E-16
    0.387301181E-16
    0.380911712E-16
    0.414838464E-16
    0.386301588E-16
    0.347209618E-16
    0.390803546E-16
    0.398714858E-16
    0.336504901E-16
    0.427505053E-16
    0.481325960E-16
    0.366917307E-16
    0.452939563E-16
    0.371682297E-16
    0.404612853E-16
    0.405285661E-16
    0.420698841E-16
    0.437851932E-16
    0.413024122E-16
    0.408247951E-16
    0.364905455E-16
    0.499553148E-16
    0.371643771E-16
    0.306750795E-16
    0.342893675E-16
    0.368381591E-16
    0.362309964E-16
    0.496154895E-16
    0.400109358E-16
    0.383901295E-16
    0.433848241E-16
    0.412134157E-16
    0.504548778E-16
    0.468054802E-16
    0.328066360E-16
    0.429670953E-16
    0.420446834E-16
    0.300566496E-16
    0.484829165E-16
    0.419489133E-16
    0.516214232E-16
    0.430411186E-16
    0.454255642E-16
    0.554823943E-16
    0.386979180E-16
    0.422948479E-16
    0.467893773E-16
    0.388175830E-16
    0.393899859E-16
    0.518811229E-16
    0.340178270E-16
    0.505576528E-16
    0.448746106E-16
    0.471477722E-16
    0.538603294E-16
    0.401796661E-16
    0.404388026E-16
    0.491501406E-16
    0.536691819E-16
    0.518446659E-16
    0.477635486E-16
    0.462453127E-16
    0.576362233E-16
    0.474325387E-16
    0.588181428E-16
    0.593668861E-16
    0.424059450E-16
    0.546344042E-16
    0.461336113E-16
    0.520039917E-16
    0.553456606E-16
    0.525496572E-16
    0.494372185E-16
    0.671479136E-16
    0.496226840E-16
    0.562158989E-16
    0.667759042E-16
    0.412674658E-16
    0.442204801E-16
    0.576418851E-16
    0.490605707E-16
    0.544872842E-16
    0.609830924E-16
    0.510917278E-16
    0.661021103E-16
    0.495139340E-16
    0.553328749E-16
    0.653975452E-16
    0.516766404E-16
    0.479608048E-16
    0.730080445E-16
    0.588806856E-16
    0.523921092E-16
    0.630328857E-16
    0.573248450E-16
    0.735349551E-16
    0.476265886E-16
    0.573883372E-16
    0.633972244E-16
    0.455494451E-16
    0.609626048E-16
    0.611910782E-16
    0.659037990E-16
    0.673573749E-16
    0.613860028E-16
    0.498323157E-16
    0.584848951E-16
    0.582778266E-16
    0.636201125E-16
    0.741380417E-16
    0.516856830E-16
    0.655792105E-16
    0.677838438E-16
    0.746823421E-16
    0.710984222E-16
    0.550113365E-16
    0.672604039E-16
    0.749829116E-16
    0.806755772E-16
    0.819487831E-16
    0.701908070E-16
    0.646492008E-16
    0.784486015E-16
    0.853124337E-16
    0.794206971E-16
    0.717518557E-16
    0.686714058E-16
    0.705379638E-16
    0.116582741E-15
    0.837822921E-16
    0.864378635E-16
    0.945152950E-16
    0.919602895E-16
    0.927468284E-16
    0.100535371E-15
    0.730519163E-16
    0.847521457E-16
    0.104452570E-15
    0.917658003E-16
    0.129776178E-15
    0.881642187E-16
    0.939132328E-16
    0.111996890E-15
    0.108139425E-15
    0.120924408E-15
    0.131843270E-15
    0.924155496E-16
    0.118993567E-15
    0.112535106E-15
    0.116093118E-15
    0.133258705E-15
    0.971337904E-16
    0.120586313E-15
    0.141513640E-15
    0.123944396E-15
    0.127240588E-15
    0.106215349E-15
    0.119175808E-15
    0.165785790E-15
    0.143175991E-15
    0.129961926E-15
    0.127103431E-15
    0.124404485E-15
    0.145974017E-15
    0.137698124E-15
    0.118691993E-15
    0.136203148E-15
    0.123990939E-15
    0.155168748E-15
    0.156850636E-15
    0.119988961E-15
    0.131545172E-15
    0.152494838E-15
    0.177641900E-15
    0.173852804E-15
    0.155698506E-15
    0.141485220E-15
    0.132252350E-15
    0.161218225E-15
    0.156967102E-15
    0.165567383E-15
    0.144198781E-15
    0.149170326E-15
    0.188497413E-15
    0.168585249E-15
    0.154579773E-15
    0.171714018E-15
    0.170085880E-15
    0.177163466E-15
    0.206826527E-15
    0.173868865E-15
    0.174398025E-15
    0.166016296E-15
    0.162130509E-15
    0.240408212E-15
    0.184345534E-15
    0.194708368E-15
    0.199080968E-15
    0.188351705E-15
    0.229457852E-15
    0.214982616E-15
    0.191668616E-15
    0.245173925E-15
    0.229733456E-15
    0.235309489E-15
    0.249582144E-15
    0.200220417E-15
    0.237581725E-15
    0.237798247E-15
    0.247615966E-15
    0.286975591E-15
    0.237174321E-15
    0.247329622E-15
    0.296927089E-15
    0.261926538E-15
    0.288100204E-15
    0.278136114E-15
    0.304433234E-15
    0.310469220E-15
    0.292437725E-15
    0.299669208E-15
    0.284645388E-15
    0.272539142E-15
    0.331959218E-15
    0.359822609E-15
    0.322841096E-15
    0.317216306E-15
    0.331576134E-15
    0.377308031E-15
    0.346026174E-15
    0.388248559E-15
    0.377050275E-15
    0.358034934E-15
    0.371808651E-15
    0.388378539E-15
    0.387272795E-15
    0.351264543E-15
    0.353220807E-15
    0.440370322E-15
    0.436277078E-15
    0.407214509E-15
    0.455030218E-15
    0.405407692E-15
    0.412308629E-15
    0.467210139E-15
    0.475029761E-15
    0.495127974E-15
    0.433560012E-15
    0.452141712E-15
    0.519321567E-15
    0.451755381E-15
    0.461181316E-15
    0.510380839E-15
    0.469780523E-15
    0.548490182E-15
    0.547494909E-15
    0.540229701E-15
    0.552510983E-15
    0.535589160E-15
    0.595360851E-15
    0.624821862E-15
    0.570541060E-15
    0.600819964E-15
    0.583773264E-15
    0.550655312E-15
    0.610738858E-15
    0.590686885E-15
    0.638720097E-15
    0.664013611E-15
    0.672917083E-15
    0.704406239E-15
    0.682270124E-15
    0.690114432E-15
    0.719515291E-15
    0.739366747E-15
    0.713867354E-15
    0.764735797E-15
    0.727928516E-15
    0.746358607E-15
    0.741070612E-15
    0.770029489E-15
    0.757913603E-15
    0.816688318E-15
    0.848935139E-15
    0.861387387E-15
    0.882628328E-15
    0.847839597E-15
    0.874133437E-15
    0.890371826E-15
    0.927160554E-15
    0.945071593E-15
    0.936664855E-15
    0.866589519E-15
    0.944518247E-15
    0.922682164E-15
    0.954187464E-15
    0.101926119E-14
    0.100025781E-14
    0.106098668E-14
    0.110159118E-14
    0.108384102E-14
    0.109365530E-14
    0.106068285E-14
    0.106619308E-14
    0.118166018E-14
    0.111277754E-14
    0.118817304E-14
    0.117942464E-14
    0.113466467E-14
    0.120519757E-14
    0.126991898E-14
    0.128231413E-14
    0.136889236E-14
    0.132758643E-14
    0.141297027E-14
    0.143241424E-14
    0.138819508E-14
    0.148223907E-14
    0.148799715E-14
    0.146234950E-14
    0.159120792E-14
    0.163420138E-14
    0.165299370E-14
    0.169365958E-14
    0.178661719E-14
    0.191775981E-14
    0.200140348E-14
    0.210028740E-14
    0.226222352E-14
    0.225708277E-14
    0.223631579E-14
    0.244418491E-14
    0.257447946E-14
    0.271591631E-14
    0.289891551E-14
    0.321034555E-14
    0.332140039E-14
    0.358867849E-14
    0.384331288E-14
    0.421920243E-14
    0.445402111E-14
    0.481103049E-14
    0.539881910E-14
    0.588703548E-14
    0.624372330E-14
    0.683747754E-14
    0.744696162E-14
    0.793627407E-14
    0.899361120E-14
    0.986105835E-14
    0.111220661E-13
    0.120012347E-13
    0.133788349E-13
    0.150506940E-13
    0.167840798E-13
    0.184436333E-13
    0.209582368E-13
    0.229121485E-13
    0.255660046E-13
    0.285820218E-13
    0.318032876E-13
    0.357794542E-13
    0.396933215E-13
    0.451316678E-13
    0.511427519E-13
    0.573505544E-13
    0.642797578E-13
    0.728363532E-13
    0.812448636E-13
    0.927570330E-13
    0.104764721E-12
    0.119086252E-12
    0.134527732E-12
    0.151666894E-12
    0.172578104E-12
    0.195893660E-12
    0.221522070E-12
    0.252339305E-12
    0.287127253E-12
    0.325932287E-12
    0.372959468E-12
    0.423821572E-12
    0.485077646E-12
    0.552137612E-12
    0.631196819E-12
    0.722840915E-12
    0.825039621E-12
    0.940287762E-12
    0.107639734E-11
    0.122840952E-11
    0.140672165E-11
    0.161174823E-11
    0.184430340E-11
    0.211410219E-11
    0.241607139E-11
    0.277006214E-11
    0.317386892E-11
    0.363370820E-11
    0.416181021E-11
    0.477424857E-11
    0.546386085E-11
    0.626677069E-11
    0.717414943E-11
    0.822056310E-11
    0.941547444E-11
    0.107785659E-10
    0.123519813E-10
    0.141418519E-10
    0.161778237E-10
    0.185219904E-10
    0.211989167E-10
    0.242530491E-10
    0.277635956E-10
    0.317445968E-10
    0.363144679E-10
    0.414981186E-10
    0.474271353E-10
    0.541988826E-10
    0.619025527E-10
    0.706767666E-10
    0.807133494E-10
    0.921066258E-10
    0.105094631E-09
    0.119875340E-09
    0.136665662E-09
    0.155816957E-09
    0.177520656E-09
    0.202256153E-09
    0.230337145E-09
    0.262188014E-09
    0.298364051E-09
    0.339484609E-09
    0.386039814E-09
    0.438946907E-09
    0.498815549E-09
    0.566718357E-09
    0.643609552E-09
    0.730614740E-09
    0.829223444E-09
    0.940738679E-09
    0.106684838E-08
    0.120953422E-08
    0.137081344E-08
    0.155290120E-08
    0.175873258E-08
    0.199087609E-08
    0.225318649E-08
    0.254888231E-08
    0.288246722E-08
    0.325861643E-08
    0.368238233E-08
    0.415971693E-08
    0.469753547E-08
    0.530272943E-08
    0.598387955E-08
    0.675008914E-08
    0.761146390E-08
    0.858011060E-08
    0.966791276E-08
    0.108903135E-07
    0.122627380E-07
    0.138031237E-07
    0.155314429E-07
    0.174702680E-07
    0.196433757E-07
    0.220794811E-07
    0.248082725E-07
    0.278648906E-07
    0.312869978E-07
    0.351160560E-07
    0.394007418E-07
    0.441916030E-07
    0.495475482E-07
    0.555327575E-07
    0.622191758E-07
    0.696849379E-07
    0.780199068E-07
    0.873189598E-07
    0.976936219E-07
    0.109259897E-06
    0.122152883E-06
    0.136519251E-06
    0.152520273E-06
    0.170336068E-06
    0.190165226E-06
    0.212226394E-06
    0.236762461E-06
    0.264041501E-06
    0.294357566E-06
    0.328040225E-06
    0.365442114E-06
    0.406967037E-06
    0.453046552E-06
    0.504164197E-06
    0.560848431E-06
    0.623683462E-06
    0.693309739E-06
    0.770435280E-06
    0.855831819E-06
    0.950356040E-06
    0.105494220E-05
    0.117061480E-05
    0.129851270E-05
    0.143986314E-05
    0.159603186E-05
    0.176850041E-05
    0.195890405E-05
    0.216902886E-05
    0.240083308E-05
    0.265645227E-05
    0.293823853E-05
    0.324873978E-05
    0.359076467E-05
    0.396737403E-05
    0.438189859E-05
    0.483800062E-05
    0.533964192E-05
    0.589118238E-05
    0.649734933E-05
    0.716330179E-05
    0.789465805E-05
    0.869755295E-05
    0.957862654E-05
    0.105451621E-04
    0.116050202E-04
    0.127667879E-04
    0.140397805E-04
    0.154341032E-04
    0.169607766E-04
    0.186317118E-04
    0.204598444E-04
    0.224592174E-04
    0.246450348E-04
    0.270337704E-04
    0.296432976E-04
    0.324928982E-04
    0.356035286E-04
    0.389977653E-04
    0.427000648E-04
    0.467368972E-04
    0.511367490E-04
    0.559304664E-04
    0.611513180E-04
    0.668351887E-04
    0.730207861E-04
    0.797498254E-04
    0.870672223E-04
    0.950214517E-04
    0.103664515E-03
    0.113052562E-03
    0.123245896E-03
    0.134309266E-03
    0.146312394E-03
    0.159330054E-03
    0.173442620E-03
    0.188736240E-03
    0.205303378E-03
    0.223243177E-03
    0.242661932E-03
    0.263673259E-03
    0.286399236E-03
    0.310970078E-03
    0.337525313E-03
    0.366214065E-03
    0.397195747E-03
    0.430640618E-03
    0.466730370E-03
    0.505659018E-03
    0.547633597E-03
    0.592874635E-03
    0.641617185E-03
    0.694111929E-03
    0.750625200E-03
    0.811440928E-03
    0.876860710E-03
    0.947205579E-03
    0.102281625E-02
    0.110405465E-02
    0.119130523E-02
    0.128497574E-02
    0.138549825E-02
    0.149333113E-02
    0.160895978E-02
    0.173289790E-02
    0.186568949E-02
    0.200790942E-02
    0.216016610E-02
    0.232310125E-02
    0.249739326E-02
    0.268375807E-02
    0.288295041E-02
    0.309576592E-02
    0.332304324E-02
    0.356566485E-02
    0.382455992E-02
    0.410070523E-02
    0.439512771E-02
    0.470890648E-02
    0.504317298E-02
    0.539911617E-02
    0.577798157E-02
    0.618107430E-02
    0.660976140E-02
    0.706547326E-02
    0.754970567E-02
    0.806402260E-02
    0.861005599E-02
    0.918951094E-02
    0.980416441E-02
    0.104558682E-01
    0.111465527E-01
    0.118782247E-01
    0.126529724E-01
    0.134729657E-01
    0.143404564E-01
    0.152577829E-01
    0.162273678E-01
    0.172517204E-01
    0.183334398E-01
    0.194752114E-01
    0.206798107E-01
    0.219501041E-01
    0.232890452E-01
    0.246996809E-01
    0.261851450E-01
    0.277486610E-01
    0.293935433E-01
    0.311231901E-01
    0.329410881E-01
    0.348508085E-01
    0.368560038E-01
    0.389604075E-01
    0.411678311E-01
    0.434821581E-01
    0.459073481E-01
    0.484474206E-01
    0.511064641E-01
    0.538886228E-01
    0.567980927E-01
    0.598391183E-01
    0.630159859E-01
    0.663330144E-01
    0.697945517E-01
    0.734049636E-01
    0.771686297E-01
    0.810899332E-01
    0.851732458E-01
    0.894229314E-01
    0.938433223E-01
    0.984387164E-01
    0.103213363E+00
    0.108171456E+00
    0.113317112E+00
    0.118654369E+00
    0.124187164E+00
    0.129919328E+00
    0.135854565E+00
    0.141996441E+00
    0.148348369E+00
    0.154913597E+00
    0.161695185E+00
    0.168695998E+00
    0.175918691E+00
    0.183365680E+00
    0.191039141E+00
    0.198940988E+00
    0.207072858E+00
    0.215436090E+00
    0.224031718E+00
    0.232860445E+00
    0.241922639E+00
    0.251218305E+00
    0.260747079E+00
    0.270508215E+00
    0.280500555E+00
    0.290722536E+00
    0.301172163E+00
    0.311847001E+00
    0.322744163E+00
    0.333860297E+00
    0.345191578E+00
    0.356733700E+00
    0.368481859E+00
    0.380430759E+00
    0.392574597E+00
    0.404907053E+00
    0.417421302E+00
    0.430109994E+00
    0.442965263E+00
    0.455978730E+00
    0.469141484E+00
    0.482444115E+00
    0.495876697E+00
    0.509428791E+00
    0.523089476E+00
    0.536847333E+00
    0.550690463E+00
    0.564606511E+00
    0.578582656E+00
    0.592605653E+00
    0.606661832E+00
    0.620737111E+00
    0.634817043E+00
    0.648886807E+00
    0.662931247E+00
    0.676934897E+00
    0.690881998E+00
    0.704756532E+00
    0.718542250E+00
    0.732222690E+00
    0.745781234E+00
    0.759201111E+00
    0.772465440E+00
    0.785557276E+00
    0.798459629E+00
    0.811155501E+00
    0.823627930E+00
    0.835860024E+00
    0.847834990E+00
    0.859536181E+00
    0.870947125E+00
    0.882051577E+00
    0.892833535E+00
    0.903277296E+00
    0.913367483E+00
    0.923089091E+00
    0.932427505E+00
    0.941368561E+00
    0.949898563E+00
    0.958004317E+00
    0.965673178E+00
    0.972893064E+00
    0.979652504E+00
    0.985940660E+00
    0.991747344E+00
    0.997063068E+00
    0.100187906E+01
    0.100618726E+01
    0.100998040E+01
    0.101325197E+01
    0.101599625E+01
    0.101820836E+01
    0.101988422E+01
    0.102102060E+01
    0.102161511E+01
    0.102166623E+01
    0.102117329E+01
    0.102013649E+01
    0.101855688E+01
    0.101643641E+01
    0.101377786E+01
    0.101058486E+01
    0.100686192E+01
    0.100261434E+01
    0.997848304E+00
    0.992570753E+00
    0.986789444E+00
    0.980512903E+00
    0.973750420E+00
    0.966511997E+00
    0.958808364E+00
    0.950650912E+00
    0.942051700E+00
    0.933023402E+00
    0.923579282E+00
    0.913733170E+00
    0.903499421E+00
    0.892892876E+00
    0.881928835E+00
    0.870623022E+00
    0.858991530E+00
    0.847050807E+00
    0.834817597E+00
    0.822308913E+00
    0.809541993E+00
    0.796534257E+00
    0.783303274E+00
    0.769866723E+00
    0.756242341E+00
    0.742447898E+00
    0.728501156E+00
    0.714419819E+00
    0.700221514E+00
    0.685923739E+00
    0.671543834E+00
    0.657098952E+00
    0.642606007E+00
    0.628081664E+00
    0.613542295E+00
    0.599003952E+00
    0.584482333E+00
    0.569992775E+00
    0.555550197E+00
    0.541169110E+00
    0.526863570E+00
    0.512647168E+00
    0.498533017E+00
    0.484533721E+00
    0.470661373E+00
    0.456927536E+00
    0.443343233E+00
    0.429918930E+00
    0.416664551E+00
    0.403589437E+00
    0.390702377E+00
    0.378011575E+00
    0.365524672E+00
    0.353248735E+00
    0.341190262E+00
    0.329355182E+00
    0.317748868E+00
    0.306376135E+00
    0.295241252E+00
    0.284347955E+00
    0.273699446E+00
    0.263298415E+00
    0.253147048E+00
    0.243247041E+00
    0.233599612E+00
    0.224205522E+00
    0.215065082E+00
    0.206178178E+00
    0.197544283E+00
    0.189162472E+00
    0.181031450E+00
    0.173149557E+00
    0.165514797E+00
    0.158124851E+00
    0.150977097E+00
    0.144068629E+00
    0.137396276E+00
    0.130956620E+00
    0.124746015E+00
    0.118760608E+00
    0.112996346E+00
    0.107449012E+00
    0.102114227E+00
    0.969874733E-01
    0.920641117E-01
    0.873393940E-01
    0.828084833E-01
    0.784664664E-01
    0.743083682E-01
    0.703291666E-01
    0.665238079E-01
    0.628872122E-01
    0.594142990E-01
    0.560999835E-01
    0.529392001E-01
    0.499269049E-01
    0.470580893E-01
    0.443277874E-01
    0.417310869E-01
    0.392631332E-01
    0.369191398E-01
    0.346943945E-01
    0.325842622E-01
    0.305841974E-01
    0.286897411E-01
    0.268965312E-01
    0.252003030E-01
    0.235968947E-01
    0.220822480E-01
    0.206524141E-01
    0.193035515E-01
    0.180319303E-01
    0.168339334E-01
    0.157060547E-01
    0.146449032E-01
    0.136472004E-01
    0.127097806E-01
    0.118295915E-01
    0.110036919E-01
    0.102292511E-01
    0.950354865E-02
    0.882397145E-02
    0.818801231E-02
    0.759326980E-02
    0.703744245E-02
    0.651833106E-02
    0.603383324E-02
    0.558194211E-02
    0.516074433E-02
    0.476841620E-02
    0.440322204E-02
    0.406351140E-02
    0.374771633E-02
    0.345434788E-02
    0.318199528E-02
    0.292932000E-02
    0.269505666E-02
    0.247800749E-02
    0.227704113E-02
    0.209108920E-02
    0.191914421E-02
    0.176025617E-02
    0.161353103E-02
    0.147812746E-02
    0.135325442E-02
    0.123816949E-02
    0.113217519E-02
    0.103461821E-02
    0.944886258E-03
    0.862406172E-03
    0.786641895E-03
    0.717092707E-03
    0.653290705E-03
    0.594799660E-03
    0.541212809E-03
    0.492151190E-03
    0.447262428E-03
    0.406218507E-03
    0.368714775E-03
    0.334468480E-03
    0.303217101E-03
    0.274717539E-03
    0.248744531E-03
    0.225089596E-03
    0.203559910E-03
    0.183977427E-03
    0.166177545E-03
    0.150008748E-03
    0.135331046E-03
    0.122015625E-03
    0.109943922E-03
    0.990068770E-04
    0.891042854E-04
    0.801441243E-04
    0.720419690E-04
    0.647203513E-04
    0.581084021E-04
    0.521411025E-04
    0.467591653E-04
    0.419082185E-04
    0.375386832E-04
    0.336053003E-04
    0.300668066E-04
    0.268855380E-04
    0.240272769E-04
    0.214608320E-04
    0.191578557E-04
    0.170926081E-04
    0.152416696E-04
    0.135838566E-04
    0.120999243E-04
    0.107724416E-04
    0.958565098E-05
    0.852527050E-05
    0.757839841E-05
    0.673339259E-05
    0.597973843E-05
    0.530795022E-05
    0.470948674E-05
    0.417662870E-05
    0.370246172E-05
    0.328075795E-05
    0.290591221E-05
    0.257289884E-05
    0.227719766E-05
    0.201477007E-05
    0.178198013E-05
    0.157559230E-05
    0.139269129E-05
    0.123068677E-05
    0.108724416E-05
    0.960298646E-06
    0.847999921E-06
    0.748696225E-06
    0.660912915E-06
    0.583346900E-06
    0.514829071E-06
    0.454321039E-06
    0.400905633E-06
    0.353759979E-06
    0.312162238E-06
    0.275463499E-06
    0.243094266E-06
    0.214548942E-06
    0.189377062E-06
    0.167182531E-06
    0.147616227E-06
    0.130365225E-06
    0.115156458E-06
    0.101746991E-06
    0.899232293E-07
    0.794976319E-07
    0.703029993E-07
    0.621917309E-07
    0.550358448E-07
    0.487203684E-07
    0.431462408E-07
    0.382239246E-07
    0.338767670E-07
    0.300352011E-07
    0.266397911E-07
    0.236371208E-07
    0.209812327E-07
    0.186307847E-07
    0.165492534E-07
    0.147056386E-07
    0.130717781E-07
    0.116230919E-07
    0.103378510E-07
    0.919752676E-08
    0.818466255E-08
    0.728531347E-08
    0.648571768E-08
    0.577500577E-08
    0.514283911E-08
    0.458025437E-08
    0.407965013E-08
    0.363387119E-08
    0.323670582E-08
    0.288300294E-08
    0.256770897E-08
    0.228674545E-08
    0.203632916E-08
    0.181297862E-08
    0.161381644E-08
    0.143628216E-08
    0.127792750E-08
    0.113679729E-08
    0.101086580E-08
    0.898649518E-09
    0.798595075E-09
    0.709405758E-09
    0.629950850E-09
    0.559173162E-09
    0.496130928E-09
    0.439943846E-09
    0.390016862E-09
    0.345526918E-09
    0.306004554E-09
    0.270831982E-09
    0.239601425E-09
    0.211833882E-09
    0.187206423E-09
    0.165317431E-09
    0.145952761E-09
    0.128748751E-09
    0.113505572E-09
    0.100034843E-09
    0.880747957E-10
    0.775354882E-10
    0.681934223E-10
    0.599430049E-10
    0.526661762E-10
    0.462391081E-10
    0.405658874E-10
    0.355849284E-10
    0.311730960E-10
    0.273059514E-10
    0.238978327E-10
    0.208968674E-10
    0.182761631E-10
    0.159537663E-10
    0.139275659E-10
    0.121506538E-10
    0.105887256E-10
    0.922324716E-11
    0.802719981E-11
    0.697880405E-11
    0.606633715E-11
    0.526400284E-11
    0.456793947E-11
    0.395975779E-11
    0.342447892E-11
    0.296440987E-11
    0.256098488E-11
    0.221087203E-11
    0.190512341E-11
    0.164013311E-11
    0.141149186E-11
    0.121141430E-11
    0.103931204E-11
    0.890348691E-12
    0.760978008E-12
    0.649387890E-12
    0.553838747E-12
    0.471189900E-12
    0.400408562E-12
    0.338360127E-12
    0.287156098E-12
    0.242128040E-12
    0.203521104E-12
    0.171580802E-12
    0.143170613E-12
    0.120178521E-12
    0.999899616E-13
    0.830912515E-13
    0.690876135E-13
    0.569711912E-13
    0.468294470E-13
    0.389378457E-13
    0.314719231E-13
    0.259093954E-13
    0.211059299E-13
    0.169632607E-13
    0.141155546E-13
    0.111493942E-13
    0.909895981E-14
    0.735877987E-14
    0.592874283E-14
    0.486708859E-14
    0.398262763E-14
    0.318717749E-14
    0.274159241E-14
    0.222879018E-14
    0.192337341E-14
    0.171708864E-14
    0.143571055E-14
    0.133524507E-14
    0.120558951E-14
    0.115224665E-14
    0.105658474E-14
    0.981404031E-15
    0.986254269E-15
    0.897490063E-15
    0.906806402E-15
    0.852031297E-15
    0.837694493E-15
    0.812522232E-15
    0.773440261E-15
    0.739860788E-15
    0.747657589E-15
    0.679965788E-15
    0.673825787E-15
    0.665738948E-15
    0.582491059E-15
    0.602295856E-15
    0.541008372E-15
    0.552354460E-15
    0.507799497E-15
    0.471855252E-15
    0.466075500E-15
    0.452038737E-15
    0.398290771E-15
    0.419784674E-15
    0.373630759E-15
    0.335909870E-15
    0.350320501E-15
    0.320526811E-15
    0.329032911E-15
    0.305080100E-15
    0.260852001E-15
    0.290168746E-15
    0.272562228E-15
    0.245774665E-15
    0.275195251E-15
    0.225602711E-15
    0.234322808E-15
    0.226596778E-15
    0.221831951E-15
    0.232226379E-15
    0.197002579E-15
    0.222202998E-15
    0.214963325E-15
    0.194344477E-15
    0.205478446E-15
    0.216300227E-15
    0.171012217E-15
    0.190124403E-15
    0.181360920E-15
    0.179802944E-15
    0.183636709E-15
    0.153083861E-15
    0.175931657E-15
    0.172935597E-15
    0.150940668E-15
    0.163756094E-15
    0.158658076E-15
    0.133857834E-15
    0.150752851E-15
    0.139070310E-15
    0.147833098E-15
    0.131083130E-15
    0.123341861E-15
    0.142424675E-15
    0.134276615E-15
    0.116851415E-15
    0.135131783E-15
    0.119182636E-15
    0.112415412E-15
    0.118372657E-15
    0.106070410E-15
    0.119332749E-15
    0.102155515E-15
    0.110225227E-15
    0.105527634E-15
    0.950693292E-16
    0.104750867E-15
    0.113799049E-15
    0.794030608E-16
    0.898441389E-16
    0.952687715E-16
    0.907743719E-16
    0.916848682E-16
    0.701043327E-16
    0.895792115E-16
    0.823147202E-16
    0.845377821E-16
    0.784493586E-16
    0.902222522E-16
    0.726150043E-16
    0.799456189E-16
    0.650606316E-16
    0.707795887E-16
    0.681210068E-16
    0.645022260E-16
    0.665063819E-16
    0.641706994E-16
    0.727723688E-16
    0.645006052E-16
    0.686399785E-16
    0.630970517E-16
    0.617344492E-16
    0.625757787E-16
    0.565619899E-16
    0.527962644E-16
    0.546980872E-16
    0.518321563E-16
    0.566691917E-16
    0.606082742E-16
    0.568428562E-16
    0.473465941E-16
    0.546246567E-16
    0.488353316E-16
    0.440953248E-16
    0.512187733E-16
    0.458886083E-16
    0.441896370E-16
    0.486205329E-16
    0.511026289E-16
    0.444766185E-16
    0.507837310E-16
    0.425527881E-16
    0.430569801E-16
    0.426561871E-16
    0.356588192E-16
    0.392080308E-16
    0.428538786E-16
    0.355539057E-16
    0.407947600E-16
    0.425005211E-16
    0.356784865E-16
    0.432119285E-16
    0.446966478E-16
    0.337166133E-16
    0.404688573E-16
    0.329717420E-16
    0.340890749E-16
    0.350251231E-16
    0.341325117E-16
    0.329287797E-16
    0.388767259E-16
    0.332209165E-16
    0.346159294E-16
    0.455887456E-16
    0.285052457E-16
    0.357879158E-16
    0.317703546E-16
    0.289815114E-16
    0.289750528E-16
    0.327568770E-16
    0.264608872E-16
    0.338221021E-16
    0.320533501E-16
    0.312322670E-16
    0.413991120E-16
    0.259607562E-16
    0.290769203E-16
    0.310282151E-16
    0.288148150E-16
    0.277007149E-16
    0.304770820E-16
    0.292341439E-16
    0.283524511E-16
    0.335825802E-16
    0.303577250E-16
    0.342318513E-16
    0.262062309E-16
    0.266491261E-16
    0.265271852E-16
    0.266057486E-16
    0.268963737E-16
    0.303495342E-16
    0.266426417E-16
    0.243321461E-16
    0.300338326E-16
    0.307559644E-16
    0.244557993E-16
    0.251806922E-16
    0.297725001E-16
    0.232990908E-16
    0.249731193E-16
    0.294228246E-16
    0.248461851E-16
    0.292383910E-16
    0.297078508E-16
    0.223364933E-16
    0.337573816E-16
    0.275497930E-16
    0.278329367E-16
    0.311166328E-16
    0.204824508E-16
    0.263729539E-16
    0.311613110E-16
    0.246271422E-16
    0.269916198E-16
    0.285472691E-16
    0.220876249E-16
    0.316093295E-16
    0.262400941E-16
    0.265334760E-16
    0.310979077E-16
    0.239372362E-16
    0.219369699E-16
    0.272961373E-16
    0.270320533E-16
    0.212649506E-16
    0.252666178E-16
    0.250000235E-16
    0.297107598E-16
    0.227491983E-16
    0.250309595E-16
    0.267688088E-16
    0.280602131E-16
    0.192057115E-16
    0.269768927E-16
    0.257022994E-16
    0.212059109E-16
    0.217464602E-16
    0.249253922E-16
    0.242759997E-16
    0.220297642E-16
    0.289523301E-16
    0.232088299E-16
    0.280130601E-16
    0.199633771E-16
    0.291590614E-16
    0.264912741E-16
    0.227466362E-16
    0.214654181E-16
    0.267200385E-16
    0.240929925E-16
    0.208780314E-16
    0.302391416E-16
    0.191521806E-16
    0.291193509E-16
    0.237308697E-16
    0.254043646E-16
    0.253158842E-16
    0.265249041E-16
    0.206957269E-16
    0.240351317E-16
    0.265012044E-16
    0.234004229E-16
    0.316266749E-16
    0.201410288E-16
    0.256814026E-16
    0.262743348E-16
    0.247008968E-16
    0.225296450E-16
    0.239485606E-16
    0.239391785E-16
    0.233345141E-16
    0.247075429E-16
    0.245807969E-16
    0.327254265E-16
    0.245014984E-16
    0.195701595E-16
    0.267967304E-16
    0.269543947E-16
    0.233270686E-16
    0.206825377E-16
    0.243817295E-16
    0.233247990E-16
    0.238091358E-16
    0.248867512E-16
    0.287900844E-16
    0.277121268E-16
    0.186330998E-16
    0.285702669E-16
    0.258314741E-16
    0.240793111E-16
    0.198863756E-16
    0.222553567E-16
    0.224792567E-16
    0.236742310E-16
    0.270148410E-16
    0.228079376E-16
    0.293767163E-16
    0.205342884E-16
    0.263039453E-16
    0.246909778E-16
    0.256320459E-16
    0.193399391E-16
    0.214317740E-16
    0.257450799E-16
    0.243219594E-16
    0.285498663E-16
    0.191202010E-16
    0.293161848E-16
    0.205263586E-16
    0.238053524E-16
    0.252424210E-16
    0.263738798E-16
    0.207011381E-16
    0.190620969E-16
    0.249933254E-16
    0.265709397E-16
    0.309937336E-16
    0.191415685E-16
    0.292195203E-16
    0.227836052E-16
    0.232166080E-16
    0.243399401E-16
    0.255219095E-16
    0.220664761E-16
    0.176153154E-16
    0.264929028E-16
    0.279579239E-16
    0.325202942E-16
    0.203900015E-16
    0.280731400E-16
    0.240774895E-16
    0.233411338E-16
    0.237147445E-16
    0.231200480E-16
    0.233444014E-16
    0.195193979E-16
    0.242528148E-16
    0.259349034E-16
    0.332687905E-16
    0.233678519E-16
    0.264220776E-16
    0.233982297E-16
    0.240148335E-16
    0.211749993E-16
    0.239404531E-16
    0.272259599E-16
    0.212735560E-16
    0.253881633E-16
    0.248580930E-16
    0.303980581E-16
    0.228701971E-16
    0.233933987E-16
    0.274096320E-16
    0.307280776E-16
    0.193271459E-16
    0.235703131E-16
    0.300185094E-16
    0.241794522E-16
    0.298438754E-16
    0.274045367E-16
    0.320349222E-16
    0.258084251E-16
    0.248070849E-16
    0.255142918E-16
    0.339535333E-16
    0.197195279E-16
    0.213425300E-16
    0.304820886E-16
    0.268146636E-16
    0.323374336E-16
    0.259832862E-16
    0.269488332E-16
    0.278258787E-16
    0.276140937E-16
    0.218926641E-16
    0.297197375E-16
    0.219657261E-16
    0.223062947E-16
    0.288264102E-16
    0.240451555E-16
    0.358503086E-16
    0.291842069E-16
    0.214876135E-16
    0.227460467E-16
    0.289442273E-16
    0.247513567E-16
    0.284739131E-16
    0.222819021E-16
    0.190258540E-16
    0.344308987E-16
    0.256279328E-16
    0.304331618E-16
    0.332714189E-16
    0.266207477E-16
    0.274015686E-16
    0.255445216E-16
    0.357449146E-16
    0.277873901E-16
    0.232575984E-16
    0.243773629E-16
    0.348734972E-16
    0.352290910E-16
    0.336674493E-16
    0.253843112E-16
    0.269027277E-16
    0.374859130E-16
    0.189161888E-16
    0.293407565E-16
    0.247362434E-16
    0.231827930E-16
    0.309498541E-16
    0.301173156E-16
    0.243866761E-16
    0.377947480E-16
    0.275039643E-16
    0.224931584E-16
    0.290192252E-16
    0.263934157E-16
    0.294424889E-16
    0.270789988E-16
    0.253295424E-16
    0.295479538E-16
    0.352432483E-16
    0.371482003E-16
    0.304408444E-16
    0.211678090E-16
    0.398664491E-16
    0.278279837E-16
    0.265348276E-16
    0.310709885E-16
    0.329875892E-16
    0.268321521E-16
    0.422566790E-16
    0.314361808E-16
    0.333305865E-16
    0.215936680E-16
    0.357142726E-16
    0.348431491E-16
    0.238892665E-16
    0.283989044E-16
    0.275863590E-16
    0.234728708E-16
    0.454907880E-16
    0.335056787E-16
    0.339177470E-16
    0.214834370E-16
    0.308360238E-16
