 #tdnd tdcion
    0.287975005E-16
    0.270967898E-16
    0.381917757E-16
    0.265757714E-16
    0.312092544E-16
    0.323714324E-16
    0.325062715E-16
    0.266128324E-16
    0.320190011E-16
    0.311013592E-16
    0.282073886E-16
    0.247142063E-16
    0.364028170E-16
    0.253045638E-16
    0.264125462E-16
    0.287200081E-16
    0.272225521E-16
    0.258557977E-16
    0.243740040E-16
    0.333384679E-16
    0.331993864E-16
    0.278491961E-16
    0.354538372E-16
    0.247686309E-16
    0.245702294E-16
    0.261775917E-16
    0.268232134E-16
    0.260870889E-16
    0.213440223E-16
    0.287062867E-16
    0.332418545E-16
    0.278832120E-16
    0.252446750E-16
    0.275323645E-16
    0.254968319E-16
    0.241491105E-16
    0.265076674E-16
    0.261959794E-16
    0.242194070E-16
    0.224733688E-16
    0.373404287E-16
    0.322249254E-16
    0.211045975E-16
    0.315943193E-16
    0.267492739E-16
    0.215110601E-16
    0.261882910E-16
    0.237999686E-16
    0.242661501E-16
    0.189734106E-16
    0.311145504E-16
    0.291659352E-16
    0.279248977E-16
    0.205083212E-16
    0.309679524E-16
    0.247770392E-16
    0.230975749E-16
    0.239632320E-16
    0.241098980E-16
    0.265878141E-16
    0.208540999E-16
    0.306588520E-16
    0.314949513E-16
    0.206969502E-16
    0.312028676E-16
    0.311232264E-16
    0.226176773E-16
    0.267416863E-16
    0.242418239E-16
    0.275352990E-16
    0.242622853E-16
    0.287606570E-16
    0.339971473E-16
    0.420287313E-16
    0.293937413E-16
    0.431034011E-16
    0.361393649E-16
    0.344297068E-16
    0.446101511E-16
    0.487037177E-16
    0.542078360E-16
    0.318503260E-16
    0.328749645E-16
    0.525653120E-16
    0.582507329E-16
    0.487391127E-16
    0.556499170E-16
    0.445035469E-16
    0.448811764E-16
    0.340887475E-16
    0.347918817E-16
    0.368649578E-16
    0.322867981E-16
    0.337597635E-16
    0.411554212E-16
    0.322373335E-16
    0.473518317E-16
    0.375746037E-16
    0.316786119E-16
    0.310073446E-16
    0.306697033E-16
    0.299419511E-16
    0.497558512E-16
    0.306444839E-16
    0.265444946E-16
    0.340627151E-16
    0.268355049E-16
    0.452059943E-16
    0.401392875E-16
    0.300610308E-16
    0.296270947E-16
    0.323416773E-16
    0.357872357E-16
    0.290915597E-16
    0.273318712E-16
    0.358611596E-16
    0.307826941E-16
    0.298802237E-16
    0.436032076E-16
    0.298130748E-16
    0.289370188E-16
    0.245391406E-16
    0.280514841E-16
    0.348176544E-16
    0.261903901E-16
    0.279214380E-16
    0.333138427E-16
    0.347217443E-16
    0.388077557E-16
    0.384570907E-16
    0.341020142E-16
    0.293540648E-16
    0.282685976E-16
    0.232073796E-16
    0.307033266E-16
    0.231793549E-16
    0.302621497E-16
    0.319636220E-16
    0.349312914E-16
    0.291473259E-16
    0.419515273E-16
    0.310110710E-16
    0.251623238E-16
    0.350983654E-16
    0.273737378E-16
    0.334891478E-16
    0.174571899E-16
    0.228016857E-16
    0.349291897E-16
    0.368420081E-16
    0.294151917E-16
    0.385065034E-16
    0.277031791E-16
    0.287356200E-16
    0.261134926E-16
    0.265864502E-16
    0.412350032E-16
    0.260411741E-16
    0.237469141E-16
    0.342710008E-16
    0.269037816E-16
    0.429089029E-16
    0.338832031E-16
    0.275396252E-16
    0.280307622E-16
    0.273591022E-16
    0.239218272E-16
    0.284756370E-16
    0.281125493E-16
    0.295430989E-16
    0.293673234E-16
    0.311858953E-16
    0.298641396E-16
    0.291020197E-16
    0.416472009E-16
    0.280263147E-16
    0.303674430E-16
    0.281563752E-16
    0.309015323E-16
    0.245615454E-16
    0.266537518E-16
    0.356769631E-16
    0.363567062E-16
    0.290985619E-16
    0.286983172E-16
    0.307606944E-16
    0.326761137E-16
    0.347966488E-16
    0.244232701E-16
    0.325834345E-16
    0.278588873E-16
    0.258248553E-16
    0.295347947E-16
    0.354144973E-16
    0.293498318E-16
    0.322449995E-16
    0.369801510E-16
    0.329595257E-16
    0.377228965E-16
    0.270893151E-16
    0.270277317E-16
    0.229146655E-16
    0.247445608E-16
    0.371951436E-16
    0.442629272E-16
    0.207953030E-16
    0.308008548E-16
    0.338915197E-16
    0.364694611E-16
    0.392759389E-16
    0.272961996E-16
    0.289521832E-16
    0.289879416E-16
    0.302188814E-16
    0.424690111E-16
    0.304462722E-16
    0.265373097E-16
    0.297088112E-16
    0.402119644E-16
    0.332306043E-16
    0.311631075E-16
    0.231091529E-16
    0.278765688E-16
    0.324935655E-16
    0.319748610E-16
    0.436579560E-16
    0.342244624E-16
    0.269373489E-16
    0.281116160E-16
    0.435354010E-16
    0.385488884E-16
    0.342574226E-16
    0.257953476E-16
    0.303061147E-16
    0.256582533E-16
    0.316461895E-16
    0.397961421E-16
    0.342957897E-16
    0.251698825E-16
    0.262586154E-16
    0.355673467E-16
    0.374235446E-16
    0.366685664E-16
    0.301176895E-16
    0.371870340E-16
    0.303563749E-16
    0.343938563E-16
    0.402493291E-16
    0.329223636E-16
    0.246782475E-16
    0.232023077E-16
    0.379475073E-16
    0.386573486E-16
    0.359669454E-16
    0.334360421E-16
    0.283991705E-16
    0.290237959E-16
    0.307751800E-16
    0.369933197E-16
    0.463512807E-16
    0.195987588E-16
    0.321027256E-16
    0.297006280E-16
    0.400349983E-16
    0.358712584E-16
    0.341799474E-16
    0.311030146E-16
    0.267378809E-16
    0.292144748E-16
    0.316981298E-16
    0.441514033E-16
    0.217454754E-16
    0.296928684E-16
    0.356850210E-16
    0.381537415E-16
    0.363757068E-16
    0.311666252E-16
    0.289089291E-16
    0.367784739E-16
    0.272843428E-16
    0.355486277E-16
    0.429754365E-16
    0.245477791E-16
    0.323333562E-16
    0.286555662E-16
    0.346356364E-16
    0.300642289E-16
    0.397103559E-16
    0.354150242E-16
    0.280899793E-16
    0.296814707E-16
    0.304371060E-16
    0.368600291E-16
    0.228382223E-16
    0.335339563E-16
    0.322224699E-16
    0.302999977E-16
    0.355315319E-16
    0.351094129E-16
    0.393361595E-16
    0.366396913E-16
    0.262043729E-16
    0.282685110E-16
    0.381478301E-16
    0.349611883E-16
    0.301029656E-16
    0.333537238E-16
    0.261204336E-16
    0.320611504E-16
    0.475958347E-16
    0.339025641E-16
    0.296220525E-16
    0.350016580E-16
    0.287671689E-16
    0.335503068E-16
    0.312785998E-16
    0.370342184E-16
    0.303021229E-16
    0.228452444E-16
    0.389493927E-16
    0.414125593E-16
    0.368259535E-16
    0.308728954E-16
    0.329027991E-16
    0.202103104E-16
    0.370410962E-16
    0.289486185E-16
    0.269429590E-16
    0.405556207E-16
    0.255002822E-16
    0.398236025E-16
    0.398720543E-16
    0.408237376E-16
    0.380987952E-16
    0.362302159E-16
    0.237772718E-16
    0.354423786E-16
    0.322482582E-16
    0.348842027E-16
    0.347231270E-16
    0.245373039E-16
    0.354635326E-16
    0.325049323E-16
    0.308864693E-16
    0.391648199E-16
    0.315787888E-16
    0.226044605E-16
    0.325020909E-16
    0.381224325E-16
    0.331412532E-16
    0.404029992E-16
    0.273291790E-16
    0.389283046E-16
    0.307465880E-16
    0.357958664E-16
    0.365441015E-16
    0.329347953E-16
    0.225118593E-16
    0.261423072E-16
    0.339660730E-16
    0.342658017E-16
    0.456907025E-16
    0.308580542E-16
    0.357005151E-16
    0.333191281E-16
    0.472552665E-16
    0.448633622E-16
    0.250833342E-16
    0.277811745E-16
    0.291610202E-16
    0.341798625E-16
    0.268362210E-16
    0.395967663E-16
    0.328391404E-16
    0.319519568E-16
    0.407245192E-16
    0.344713403E-16
    0.452955424E-16
    0.313970146E-16
    0.275082123E-16
    0.284497373E-16
    0.345941317E-16
    0.313510959E-16
    0.407756661E-16
    0.308133820E-16
    0.282266494E-16
    0.323226121E-16
    0.463261053E-16
    0.401486782E-16
    0.359890746E-16
    0.342107270E-16
    0.366300068E-16
    0.302473325E-16
    0.304594199E-16
    0.472201864E-16
    0.349050493E-16
    0.250621275E-16
    0.443026840E-16
    0.487639356E-16
    0.335354531E-16
    0.259300138E-16
    0.274127932E-16
    0.305601856E-16
    0.255895590E-16
    0.376043923E-16
    0.349744763E-16
    0.407759243E-16
    0.271378065E-16
    0.391271972E-16
    0.356102695E-16
    0.417817842E-16
    0.330841834E-16
    0.287690979E-16
    0.370864673E-16
    0.383006684E-16
    0.274431449E-16
    0.400970327E-16
    0.411551150E-16
    0.305476113E-16
    0.412892411E-16
    0.491871045E-16
    0.339600075E-16
    0.403434636E-16
    0.241592772E-16
    0.300781262E-16
    0.321740254E-16
    0.364787429E-16
    0.379931155E-16
    0.448696604E-16
    0.347459098E-16
    0.398473889E-16
    0.376402058E-16
    0.449279975E-16
    0.286176655E-16
    0.257143650E-16
    0.369223760E-16
    0.435474261E-16
    0.316785701E-16
    0.338723180E-16
    0.441038421E-16
    0.375895219E-16
    0.430149706E-16
    0.376193318E-16
    0.588055278E-16
    0.361113947E-16
    0.357136049E-16
    0.386080788E-16
    0.411085469E-16
    0.285055074E-16
    0.376248145E-16
    0.459969614E-16
    0.480240699E-16
    0.308987760E-16
    0.401441933E-16
    0.545049705E-16
    0.342413441E-16
    0.293208417E-16
    0.291952049E-16
    0.452699070E-16
    0.451578935E-16
    0.406694673E-16
    0.444310536E-16
    0.413988901E-16
    0.408932366E-16
    0.326225197E-16
    0.551577852E-16
    0.305949014E-16
    0.401044961E-16
    0.314111485E-16
    0.502849901E-16
    0.444457432E-16
    0.281179166E-16
    0.550436785E-16
    0.480920006E-16
    0.372479821E-16
    0.427416064E-16
    0.629274633E-16
    0.437123312E-16
    0.293551118E-16
    0.326103613E-16
    0.452175070E-16
    0.419491052E-16
    0.439440946E-16
    0.471416387E-16
    0.424030667E-16
    0.528889318E-16
    0.410607776E-16
    0.467502482E-16
    0.438041812E-16
    0.263333740E-16
    0.405295172E-16
    0.642623466E-16
    0.480008024E-16
    0.385389648E-16
    0.467320933E-16
    0.445833413E-16
    0.575242241E-16
    0.501823481E-16
    0.485113674E-16
    0.531524766E-16
    0.400811386E-16
    0.646870486E-16
    0.480963123E-16
    0.417922546E-16
    0.495142471E-16
    0.535521905E-16
    0.663746922E-16
    0.705985421E-16
    0.426427628E-16
    0.420964613E-16
    0.451296071E-16
    0.415222551E-16
    0.559082675E-16
    0.521514441E-16
    0.480929464E-16
    0.678196061E-16
    0.556321381E-16
    0.579715616E-16
    0.573227064E-16
    0.484374921E-16
    0.373703996E-16
    0.694092252E-16
    0.648845201E-16
    0.578892113E-16
    0.566286248E-16
    0.491003592E-16
    0.567611827E-16
    0.439388934E-16
    0.730004587E-16
    0.616185628E-16
    0.549403383E-16
    0.548591813E-16
    0.662524521E-16
    0.680535872E-16
    0.399328092E-16
    0.583008389E-16
    0.570704500E-16
    0.686207515E-16
    0.593734240E-16
    0.499118138E-16
    0.578299659E-16
    0.537311075E-16
    0.538435242E-16
    0.686048191E-16
    0.602026833E-16
    0.437820792E-16
    0.753790997E-16
    0.673494277E-16
    0.580304091E-16
    0.435698842E-16
    0.642910258E-16
    0.675454449E-16
    0.821116012E-16
    0.666480955E-16
    0.576128509E-16
    0.556805653E-16
    0.510961344E-16
    0.860938530E-16
    0.646681882E-16
    0.648980415E-16
    0.695655221E-16
    0.805121770E-16
    0.947746295E-16
    0.683921007E-16
    0.693328071E-16
    0.565070986E-16
    0.746209293E-16
    0.755137719E-16
    0.923294112E-16
    0.725418716E-16
    0.709650592E-16
    0.763796722E-16
    0.938050566E-16
    0.936178270E-16
    0.980094012E-16
    0.889921297E-16
    0.771986516E-16
    0.914246199E-16
    0.102467928E-15
    0.908936037E-16
    0.839522494E-16
    0.913432747E-16
    0.974765717E-16
    0.109686451E-15
    0.108953140E-15
    0.940274855E-16
    0.100276121E-15
    0.105161888E-15
    0.126385372E-15
    0.128063883E-15
    0.104298285E-15
    0.109966187E-15
    0.116865756E-15
    0.115528715E-15
    0.117280767E-15
    0.106656659E-15
    0.116106436E-15
    0.127111798E-15
    0.115238207E-15
    0.114189588E-15
    0.122702895E-15
    0.105720519E-15
    0.137367518E-15
    0.144194093E-15
    0.135889130E-15
    0.131162366E-15
    0.129004317E-15
    0.131537898E-15
    0.138217083E-15
    0.131610684E-15
    0.127792938E-15
    0.130076690E-15
    0.130714358E-15
    0.150582176E-15
    0.133465924E-15
    0.131069324E-15
    0.129844044E-15
    0.164168148E-15
    0.154320393E-15
    0.154834160E-15
    0.156286788E-15
    0.132677216E-15
    0.140548166E-15
    0.150541874E-15
    0.166750702E-15
    0.158525478E-15
    0.151093978E-15
    0.144952900E-15
    0.166075664E-15
    0.145807596E-15
    0.164349420E-15
    0.173357828E-15
    0.160377262E-15
    0.172410149E-15
    0.210637933E-15
    0.174513247E-15
    0.173249769E-15
    0.161839782E-15
    0.172990424E-15
    0.213979520E-15
    0.173882160E-15
    0.197744755E-15
    0.214847559E-15
    0.185183503E-15
    0.189849470E-15
    0.232501008E-15
    0.200282655E-15
    0.237645623E-15
    0.227841310E-15
    0.229628079E-15
    0.232351420E-15
    0.200228507E-15
    0.223344846E-15
    0.255743116E-15
    0.218264795E-15
    0.246940063E-15
    0.275890983E-15
    0.241717527E-15
    0.257591433E-15
    0.268299822E-15
    0.272519636E-15
    0.278716900E-15
    0.282764020E-15
    0.304156469E-15
    0.318194157E-15
    0.279488913E-15
    0.276220338E-15
    0.294427810E-15
    0.290497949E-15
    0.309133113E-15
    0.351041563E-15
    0.305429668E-15
    0.330795604E-15
    0.338748619E-15
    0.332777073E-15
    0.367491297E-15
    0.366132855E-15
    0.352000445E-15
    0.363274123E-15
    0.370394076E-15
    0.346320138E-15
    0.398986136E-15
    0.323213423E-15
    0.370690429E-15
    0.408205476E-15
    0.386678294E-15
    0.422738639E-15
    0.428581199E-15
    0.399306277E-15
    0.422935963E-15
    0.458060303E-15
    0.432362106E-15
    0.520080010E-15
    0.408127944E-15
    0.470697603E-15
    0.472542868E-15
    0.418285738E-15
    0.462390292E-15
    0.499091250E-15
    0.452956737E-15
    0.497538480E-15
    0.531232582E-15
    0.503268008E-15
    0.593501563E-15
    0.491444693E-15
    0.587793213E-15
    0.586223081E-15
    0.538359931E-15
    0.570865585E-15
    0.603689121E-15
    0.526492228E-15
    0.557045900E-15
    0.590933176E-15
    0.595886810E-15
    0.676850847E-15
    0.614496221E-15
    0.666542864E-15
    0.681751900E-15
    0.645018761E-15
    0.680611123E-15
    0.743016370E-15
    0.690338613E-15
    0.713966678E-15
    0.726649561E-15
    0.715613505E-15
    0.745722510E-15
    0.702656693E-15
    0.726098162E-15
    0.773719969E-15
    0.760852207E-15
    0.809259712E-15
    0.874847865E-15
    0.829839269E-15
    0.828373511E-15
    0.865309039E-15
    0.876631272E-15
    0.888330924E-15
    0.891577169E-15
    0.822232435E-15
    0.889365188E-15
    0.868583142E-15
    0.900016132E-15
    0.958309229E-15
    0.980045614E-15
    0.967897691E-15
    0.103954006E-14
    0.100002447E-14
    0.102991883E-14
    0.106079333E-14
    0.965761971E-15
    0.108564394E-14
    0.107726657E-14
    0.108440050E-14
    0.110309215E-14
    0.112808683E-14
    0.103479017E-14
    0.113901185E-14
    0.112424898E-14
    0.122732926E-14
    0.131860426E-14
    0.120402633E-14
    0.133126292E-14
    0.132527466E-14
    0.129572072E-14
    0.131327622E-14
    0.141067410E-14
    0.130603123E-14
    0.144944388E-14
    0.142127163E-14
    0.155618533E-14
    0.163658988E-14
    0.155966548E-14
    0.174713238E-14
    0.184508251E-14
    0.185619148E-14
    0.195487431E-14
    0.211160333E-14
    0.202743852E-14
    0.221923774E-14
    0.227654472E-14
    0.255917838E-14
    0.272756498E-14
    0.280940180E-14
    0.302458205E-14
    0.331923107E-14
    0.343373387E-14
    0.383207887E-14
    0.429472693E-14
    0.460224769E-14
    0.506256450E-14
    0.555987575E-14
    0.607698322E-14
    0.662030970E-14
    0.709382166E-14
    0.777873816E-14
    0.882118745E-14
    0.966033913E-14
    0.109790755E-13
    0.123788465E-13
    0.136405390E-13
    0.150103083E-13
    0.169930951E-13
    0.189926697E-13
    0.214274192E-13
    0.238848396E-13
    0.266766766E-13
    0.301448144E-13
    0.334674664E-13
    0.379341620E-13
    0.429149126E-13
    0.482277432E-13
    0.540046193E-13
    0.616857135E-13
    0.692492275E-13
    0.784936725E-13
    0.884317733E-13
    0.100230086E-12
    0.114201374E-12
    0.129261364E-12
    0.147275991E-12
    0.167145106E-12
    0.188523052E-12
    0.213084174E-12
    0.243446652E-12
    0.276116407E-12
    0.315115503E-12
    0.358400544E-12
    0.408277611E-12
    0.465322556E-12
    0.529689086E-12
    0.605282378E-12
    0.690699878E-12
    0.786845267E-12
    0.897540682E-12
    0.102786333E-11
    0.117113207E-11
    0.133846121E-11
    0.152802949E-11
    0.174715328E-11
    0.199787642E-11
    0.228392240E-11
    0.261334585E-11
    0.298610840E-11
    0.340949303E-11
    0.389955093E-11
    0.446661766E-11
    0.510549943E-11
    0.584377552E-11
    0.668190972E-11
    0.764188129E-11
    0.873661784E-11
    0.998927636E-11
    0.114250991E-10
    0.130585399E-10
    0.149207832E-10
    0.170583178E-10
    0.195023957E-10
    0.222689900E-10
    0.254426776E-10
    0.290566848E-10
    0.331838082E-10
    0.378857655E-10
    0.432453003E-10
    0.493517791E-10
    0.562866957E-10
    0.641837175E-10
    0.732041958E-10
    0.834684853E-10
    0.951053971E-10
    0.108369343E-09
    0.123420949E-09
    0.140528073E-09
    0.159956103E-09
    0.182026668E-09
    0.207091138E-09
    0.235497619E-09
    0.267732234E-09
    0.304330795E-09
    0.345778822E-09
    0.392683937E-09
    0.445894700E-09
    0.506117431E-09
    0.574298528E-09
    0.651442353E-09
    0.738688911E-09
    0.837345304E-09
    0.948778446E-09
    0.107475923E-08
    0.121713633E-08
    0.137782084E-08
    0.155907545E-08
    0.176372664E-08
    0.199441609E-08
    0.225456309E-08
    0.254774989E-08
    0.287808574E-08
    0.325019562E-08
    0.366896495E-08
    0.414039431E-08
    0.467082594E-08
    0.526713253E-08
    0.593746195E-08
    0.669109586E-08
    0.753751946E-08
    0.848818463E-08
    0.955527920E-08
    0.107526998E-07
    0.120960930E-07
    0.136022429E-07
    0.152909817E-07
    0.171833935E-07
    0.193028883E-07
    0.216761442E-07
    0.243331555E-07
    0.273056828E-07
    0.306311425E-07
    0.343492158E-07
    0.385052728E-07
    0.431495008E-07
    0.483360251E-07
    0.541276446E-07
    0.605917759E-07
    0.678034956E-07
    0.758475134E-07
    0.848167702E-07
    0.948124536E-07
    0.105949930E-06
    0.118352993E-06
    0.132162062E-06
    0.147531692E-06
    0.164629230E-06
    0.183645497E-06
    0.204785876E-06
    0.228279150E-06
    0.254378721E-06
    0.283363576E-06
    0.315538464E-06
    0.351246116E-06
    0.390854219E-06
    0.434777969E-06
    0.483469188E-06
    0.537419944E-06
    0.597184079E-06
    0.663359648E-06
    0.736608907E-06
    0.817660458E-06
    0.907310869E-06
    0.100643351E-05
    0.111599616E-05
    0.123704228E-05
    0.137073968E-05
    0.151835301E-05
    0.168126134E-05
    0.186099715E-05
    0.205921686E-05
    0.227774387E-05
    0.251857080E-05
    0.278387417E-05
    0.307603210E-05
    0.339765598E-05
    0.375156245E-05
    0.414087701E-05
    0.456896936E-05
    0.503951536E-05
    0.555655862E-05
    0.612446947E-05
    0.674802567E-05
    0.743242629E-05
    0.818332224E-05
    0.900687099E-05
    0.990977893E-05
    0.108992857E-04
    0.119833499E-04
    0.131705321E-04
    0.144701403E-04
    0.158923281E-04
    0.174480510E-04
    0.191492198E-04
    0.210087341E-04
    0.230405686E-04
    0.252598695E-04
    0.276830362E-04
    0.303277401E-04
    0.332132471E-04
    0.363602367E-04
    0.397911034E-04
    0.435301033E-04
    0.476033425E-04
    0.520390363E-04
    0.568676098E-04
    0.621218746E-04
    0.678372171E-04
    0.740517611E-04
    0.808064689E-04
    0.881456678E-04
    0.961168100E-04
    0.104771026E-03
    0.114163350E-03
    0.124352836E-03
    0.135402954E-03
    0.147381840E-03
    0.160362636E-03
    0.174423799E-03
    0.189649455E-03
    0.206129653E-03
    0.223961164E-03
    0.243247310E-03
    0.264098781E-03
    0.286634078E-03
    0.310979849E-03
    0.337271455E-03
    0.365653547E-03
    0.396280625E-03
    0.429317561E-03
    0.464940324E-03
    0.503336403E-03
    0.544706015E-03
    0.589262153E-03
    0.637231681E-03
    0.688856214E-03
    0.744392801E-03
    0.804114698E-03
    0.868312442E-03
    0.937294738E-03
    0.101138922E-02
    0.109094389E-02
    0.117632762E-02
    0.126793192E-02
    0.136617160E-02
    0.147148570E-02
    0.158433950E-02
    0.170522527E-02
    0.183466349E-02
    0.197320450E-02
    0.212142991E-02
    0.227995341E-02
    0.244942352E-02
    0.263052351E-02
    0.282397435E-02
    0.303053585E-02
    0.325100735E-02
    0.348623110E-02
    0.373709300E-02
    0.400452410E-02
    0.428950302E-02
    0.459305759E-02
    0.491626576E-02
    0.526025983E-02
    0.562622506E-02
    0.601540414E-02
    0.642909877E-02
    0.686866909E-02
    0.733553923E-02
    0.783119675E-02
    0.835719498E-02
    0.891515531E-02
    0.950676901E-02
    0.101337975E-01
    0.107980779E-01
    0.115015192E-01
    0.122461086E-01
    0.130339120E-01
    0.138670723E-01
    0.147478158E-01
    0.156784497E-01
    0.166613649E-01
    0.176990363E-01
    0.187940248E-01
    0.199489754E-01
    0.211666233E-01
    0.224497863E-01
    0.238013718E-01
    0.252243750E-01
    0.267218750E-01
    0.282970402E-01
    0.299531225E-01
    0.316934597E-01
    0.335214717E-01
    0.354406612E-01
    0.374546086E-01
    0.395669752E-01
    0.417814921E-01
    0.441019657E-01
    0.465322707E-01
    0.490763440E-01
    0.517381849E-01
    0.545218466E-01
    0.574314352E-01
    0.604710994E-01
    0.636450290E-01
    0.669574451E-01
    0.704125964E-01
    0.740147472E-01
    0.777681743E-01
    0.816771569E-01
    0.857459663E-01
    0.899788578E-01
    0.943800599E-01
    0.989537680E-01
    0.103704126E+00
    0.108635222E+00
    0.113751074E+00
    0.119055616E+00
    0.124552688E+00
    0.130246020E+00
    0.136139224E+00
    0.142235773E+00
    0.148538991E+00
    0.155052038E+00
    0.161777898E+00
    0.168719354E+00
    0.175878987E+00
    0.183259150E+00
    0.190861953E+00
    0.198689258E+00
    0.206742647E+00
    0.215023418E+00
    0.223532570E+00
    0.232270777E+00
    0.241238383E+00
    0.250435385E+00
    0.259861413E+00
    0.269515722E+00
    0.279397176E+00
    0.289504227E+00
    0.299834922E+00
    0.310386863E+00
    0.321157219E+00
    0.332142706E+00
    0.343339573E+00
    0.354743599E+00
    0.366350084E+00
    0.378153838E+00
    0.390149180E+00
    0.402329928E+00
    0.414689395E+00
    0.427220402E+00
    0.439915242E+00
    0.452765719E+00
    0.465763125E+00
    0.478898251E+00
    0.492161388E+00
    0.505542335E+00
    0.519030408E+00
    0.532614441E+00
    0.546282810E+00
    0.560023425E+00
    0.573823767E+00
    0.587670878E+00
    0.601551399E+00
    0.615451573E+00
    0.629357276E+00
    0.643254024E+00
    0.657127009E+00
    0.670961118E+00
    0.684740947E+00
    0.698450852E+00
    0.712074952E+00
    0.725597169E+00
    0.739001258E+00
    0.752270837E+00
    0.765389416E+00
    0.778340438E+00
    0.791107298E+00
    0.803673392E+00
    0.816022151E+00
    0.828137053E+00
    0.840001702E+00
    0.851599822E+00
    0.862915310E+00
    0.873932289E+00
    0.884635110E+00
    0.895008414E+00
    0.905037165E+00
    0.914706670E+00
    0.924002634E+00
    0.932911186E+00
    0.941418897E+00
    0.949512852E+00
    0.957180639E+00
    0.964410398E+00
    0.971190872E+00
    0.977511390E+00
    0.983361933E+00
    0.988733145E+00
    0.993616354E+00
    0.998003602E+00
    0.100188766E+01
    0.100526206E+01
    0.100812108E+01
    0.101045980E+01
    0.101227410E+01
    0.101356066E+01
    0.101431697E+01
    0.101454136E+01
    0.101423299E+01
    0.101339184E+01
    0.101201875E+01
    0.101011538E+01
    0.100768421E+01
    0.100472856E+01
    0.100125257E+01
    0.997261185E+00
    0.992760149E+00
    0.987755983E+00
    0.982255985E+00
    0.976268196E+00
    0.969801400E+00
    0.962865076E+00
    0.955469400E+00
    0.947625216E+00
    0.939343984E+00
    0.930637795E+00
    0.921519308E+00
    0.912001731E+00
    0.902098795E+00
    0.891824712E+00
    0.881194140E+00
    0.870222168E+00
    0.858924244E+00
    0.847316178E+00
    0.835414089E+00
    0.823234344E+00
    0.810793571E+00
    0.798108575E+00
    0.785196323E+00
    0.772073907E+00
    0.758758494E+00
    0.745267298E+00
    0.731617545E+00
    0.717826423E+00
    0.703911064E+00
    0.689888503E+00
    0.675775624E+00
    0.661589166E+00
    0.647345648E+00
    0.633061370E+00
    0.618752369E+00
    0.604434387E+00
    0.590122848E+00
    0.575832837E+00
    0.561579061E+00
    0.547375843E+00
    0.533237086E+00
    0.519176259E+00
    0.505206380E+00
    0.491339992E+00
    0.477589154E+00
    0.463965430E+00
    0.450479866E+00
    0.437142990E+00
    0.423964797E+00
    0.410954748E+00
    0.398121757E+00
    0.385474193E+00
    0.373019883E+00
    0.360766092E+00
    0.348719547E+00
    0.336886423E+00
    0.325272356E+00
    0.313882444E+00
    0.302721254E+00
    0.291792828E+00
    0.281100700E+00
    0.270647889E+00
    0.260436929E+00
    0.250469875E+00
    0.240748302E+00
    0.231273340E+00
    0.222045674E+00
    0.213065565E+00
    0.204332863E+00
    0.195847025E+00
    0.187607129E+00
    0.179611899E+00
    0.171859707E+00
    0.164348606E+00
    0.157076343E+00
    0.150040367E+00
    0.143237866E+00
    0.136665764E+00
    0.130320756E+00
    0.124199315E+00
    0.118297713E+00
    0.112612038E+00
    0.107138214E+00
    0.101872009E+00
    0.968090618E-01
    0.919448898E-01
    0.872749091E-01
    0.827944478E-01
    0.784987586E-01
    0.743830357E-01
    0.704424281E-01
    0.666720492E-01
    0.630669938E-01
    0.596223447E-01
    0.563331890E-01
    0.531946231E-01
    0.502017674E-01
    0.473497745E-01
    0.446338358E-01
    0.420491915E-01
    0.395911375E-01
    0.372550337E-01
    0.350363082E-01
    0.329304657E-01
    0.309330897E-01
    0.290398523E-01
    0.272465111E-01
    0.255489204E-01
    0.239430310E-01
    0.224248924E-01
    0.209906575E-01
    0.196365817E-01
    0.183590279E-01
    0.171544649E-01
    0.160194698E-01
    0.149507274E-01
    0.139450326E-01
    0.129992862E-01
    0.121104987E-01
    0.112757874E-01
    0.104923757E-01
    0.975759323E-02
    0.906887181E-02
    0.842374691E-02
    0.781985402E-02
    0.725492742E-02
    0.672679812E-02
    0.623339231E-02
    0.577272759E-02
    0.534291236E-02
    0.494214212E-02
    0.456869808E-02
    0.422094410E-02
    0.389732389E-02
    0.359635869E-02
    0.331664514E-02
    0.305685159E-02
    0.281571676E-02
    0.259204594E-02
    0.238470967E-02
    0.219263964E-02
    0.201482758E-02
    0.185032193E-02
    0.169822590E-02
    0.155769467E-02
    0.142793299E-02
    0.130819342E-02
    0.119777345E-02
    0.109601378E-02
    0.100229572E-02
    0.916040015E-03
    0.836703549E-03
    0.763778637E-03
    0.696790358E-03
    0.635295219E-03
    0.578879301E-03
    0.527156395E-03
    0.479766734E-03
    0.436375319E-03
    0.396670346E-03
    0.360361988E-03
    0.327181135E-03
    0.296877834E-03
    0.269220325E-03
    0.243993815E-03
    0.220999303E-03
    0.200052856E-03
    0.180984195E-03
    0.163636116E-03
    0.147863459E-03
    0.133532292E-03
    0.120519159E-03
    0.108710381E-03
    0.980013264E-04
    0.882957281E-04
    0.795051479E-04
    0.715483247E-04
    0.643507619E-04
    0.578441123E-04
    0.519657310E-04
    0.466583123E-04
    0.418693815E-04
    0.375509960E-04
    0.336593175E-04
    0.301543965E-04
    0.269997174E-04
    0.241620500E-04
    0.216110850E-04
    0.193192566E-04
    0.172615023E-04
    0.154150118E-04
    0.137591000E-04
    0.122749787E-04
    0.109456169E-04
    0.975555550E-05
    0.869083418E-05
    0.773878890E-05
    0.688798684E-05
    0.612808653E-05
    0.544974495E-05
    0.484454682E-05
    0.430489089E-05
    0.382393415E-05
    0.339551654E-05
    0.301409089E-05
    0.267466862E-05
    0.237276943E-05
    0.210437566E-05
    0.186587293E-05
    0.165403016E-05
    0.146594050E-05
    0.129901268E-05
    0.115092088E-05
    0.101958911E-05
    0.903158611E-06
    0.799974627E-06
    0.708555218E-06
    0.627581208E-06
    0.555877464E-06
    0.492396337E-06
    0.436204803E-06
    0.386475192E-06
    0.342468207E-06
    0.303530655E-06
    0.269079167E-06
    0.238597957E-06
    0.211629670E-06
    0.187768535E-06
    0.166653994E-06
    0.147967639E-06
    0.131428159E-06
    0.116784833E-06
    0.103819002E-06
    0.923335197E-07
    0.821574529E-07
    0.731373570E-07
    0.651395164E-07
    0.580448627E-07
    0.517488774E-07
    0.461586788E-07
    0.411924440E-07
    0.367787562E-07
    0.328534204E-07
    0.293608654E-07
    0.262513648E-07
    0.234812634E-07
    0.210119663E-07
    0.188097559E-07
    0.168442584E-07
    0.150892122E-07
    0.135210298E-07
    0.121190476E-07
    0.108650804E-07
    0.974281267E-08
    0.873767224E-08
    0.783753491E-08
    0.703054070E-08
    0.630709979E-08
    0.565817350E-08
    0.507586244E-08
    0.455325139E-08
    0.408402858E-08
    0.366274041E-08
    0.328434310E-08
    0.294448943E-08
    0.263901882E-08
    0.236485287E-08
    0.211836411E-08
    0.189705447E-08
    0.169818927E-08
    0.151961366E-08
    0.135926460E-08
    0.121529941E-08
    0.108610755E-08
    0.970153842E-09
    0.866166412E-09
    0.772873130E-09
    0.689344075E-09
    0.614430518E-09
    0.547381764E-09
    0.487330128E-09
    0.433635010E-09
    0.385612685E-09
    0.342697245E-09
    0.304371153E-09
    0.270136371E-09
    0.239624205E-09
    0.212401004E-09
    0.188162696E-09
    0.166572531E-09
    0.147362585E-09
    0.130274384E-09
    0.115106631E-09
    0.101624076E-09
    0.896697394E-10
    0.790659301E-10
    0.696624092E-10
    0.613517957E-10
    0.539875298E-10
    0.474721051E-10
    0.417285435E-10
    0.366453722E-10
    0.321636919E-10
    0.282146012E-10
    0.247288308E-10
    0.216641872E-10
    0.189669343E-10
    0.165911273E-10
    0.145094496E-10
    0.126753585E-10
    0.110641261E-10
    0.965976704E-11
    0.842120826E-11
    0.733794020E-11
    0.638977869E-11
    0.555889267E-11
    0.483396557E-11
    0.420071686E-11
    0.364660747E-11
    0.316278346E-11
    0.274128032E-11
    0.237196544E-11
    0.205465163E-11
    0.177473208E-11
    0.153221639E-11
    0.132079290E-11
    0.113836944E-11
    0.979015265E-12
    0.842015035E-12
    0.722291845E-12
    0.618463492E-12
    0.529496006E-12
    0.451962261E-12
    0.385848522E-12
    0.328386126E-12
    0.278719556E-12
    0.236134590E-12
    0.200095794E-12
    0.168559195E-12
    0.142072910E-12
    0.119269156E-12
    0.995500345E-13
    0.834289686E-13
    0.692320351E-13
    0.573874881E-13
    0.474712175E-13
    0.390157908E-13
    0.319409344E-13
    0.262111650E-13
    0.211256563E-13
    0.171461029E-13
    0.137923814E-13
    0.110069530E-13
    0.881341363E-14
    0.694651322E-14
    0.540278708E-14
    0.430297265E-14
    0.334334153E-14
    0.259407032E-14
    0.202570681E-14
    0.155990991E-14
    0.121481136E-14
    0.995527654E-15
    0.819931432E-15
    0.677791935E-15
    0.583294929E-15
    0.516564568E-15
    0.493293149E-15
    0.499382479E-15
    0.478269600E-15
    0.473468337E-15
    0.501555536E-15
    0.490739863E-15
    0.522927884E-15
    0.540586971E-15
    0.518533357E-15
    0.537115320E-15
    0.556304896E-15
    0.532483236E-15
    0.564192346E-15
    0.527855995E-15
    0.536304500E-15
    0.539250388E-15
    0.507342130E-15
    0.508763229E-15
    0.509272678E-15
    0.465584053E-15
    0.468384034E-15
    0.451437172E-15
    0.424297390E-15
    0.427051580E-15
    0.403238125E-15
    0.380583754E-15
    0.378878455E-15
    0.358396889E-15
    0.356244101E-15
    0.334224229E-15
    0.315933332E-15
    0.312153058E-15
    0.301200115E-15
    0.296204794E-15
    0.282717149E-15
    0.261884336E-15
    0.276144256E-15
    0.262565715E-15
    0.258087555E-15
    0.245628561E-15
    0.246692926E-15
    0.224859120E-15
    0.232880920E-15
    0.228947600E-15
    0.213060361E-15
    0.200749321E-15
    0.209772836E-15
    0.208842516E-15
    0.183003398E-15
    0.195722759E-15
    0.188806010E-15
    0.183275637E-15
    0.173632662E-15
    0.172059125E-15
    0.170984284E-15
    0.172137975E-15
    0.147764147E-15
    0.168092701E-15
    0.159220122E-15
    0.153487931E-15
    0.158221497E-15
    0.144267360E-15
    0.143557730E-15
    0.144436661E-15
    0.141356357E-15
    0.135211943E-15
    0.138027889E-15
    0.120950509E-15
    0.129151026E-15
    0.135737523E-15
    0.120102030E-15
    0.126318859E-15
    0.115697502E-15
    0.115063594E-15
    0.121001774E-15
    0.108374820E-15
    0.111586751E-15
    0.104660457E-15
    0.951765073E-16
    0.112702848E-15
    0.102117820E-15
    0.891615926E-16
    0.998058320E-16
    0.886636265E-16
    0.925707217E-16
    0.901353683E-16
    0.923356920E-16
    0.850128009E-16
    0.802763227E-16
    0.820056081E-16
    0.852114820E-16
    0.861537903E-16
    0.736152750E-16
    0.789884329E-16
    0.754715041E-16
    0.804694506E-16
    0.750211357E-16
    0.710150513E-16
    0.663864270E-16
    0.648726016E-16
    0.732089416E-16
    0.693358565E-16
    0.664496851E-16
    0.586533378E-16
    0.682872234E-16
    0.593182274E-16
    0.642806761E-16
    0.593045008E-16
    0.642568422E-16
    0.563818869E-16
    0.549367594E-16
    0.603918081E-16
    0.602241080E-16
    0.544164878E-16
    0.526361420E-16
    0.623511327E-16
    0.470063259E-16
    0.543837163E-16
    0.479701395E-16
    0.523398899E-16
    0.477510079E-16
    0.468306239E-16
    0.509226848E-16
    0.517767710E-16
    0.452887199E-16
    0.442756067E-16
    0.559347506E-16
    0.417027950E-16
    0.437137624E-16
    0.370168357E-16
    0.462680714E-16
    0.467359446E-16
    0.404460541E-16
    0.415192269E-16
    0.435361761E-16
    0.391851025E-16
    0.413210579E-16
    0.437427563E-16
    0.337703513E-16
    0.358072083E-16
    0.330706742E-16
    0.423535713E-16
    0.376017955E-16
    0.351150172E-16
    0.409463361E-16
    0.355143385E-16
    0.360052860E-16
    0.384449778E-16
    0.377008127E-16
    0.385076874E-16
    0.330502316E-16
    0.313797904E-16
    0.414492822E-16
    0.305094343E-16
    0.303351474E-16
    0.418289310E-16
    0.313941742E-16
    0.366339490E-16
    0.339902654E-16
    0.329932021E-16
    0.326085397E-16
    0.264566115E-16
    0.294360183E-16
    0.321222145E-16
    0.267008559E-16
    0.287972471E-16
    0.334258872E-16
    0.294488633E-16
    0.264783337E-16
    0.282491688E-16
    0.306017672E-16
    0.273426189E-16
    0.269221582E-16
    0.302548075E-16
    0.270343260E-16
    0.272075221E-16
    0.261571520E-16
    0.324643598E-16
    0.353087533E-16
    0.250535472E-16
    0.305880373E-16
    0.318353598E-16
    0.296984289E-16
    0.275761933E-16
    0.259608557E-16
    0.292501447E-16
    0.271910425E-16
    0.220326668E-16
    0.320021059E-16
    0.339470205E-16
    0.232701961E-16
    0.245892574E-16
    0.253593704E-16
    0.235284686E-16
    0.261551061E-16
    0.220861604E-16
    0.301866956E-16
    0.206505456E-16
    0.207084240E-16
    0.279237960E-16
    0.262329707E-16
    0.248703656E-16
    0.236133573E-16
    0.239188173E-16
    0.228906929E-16
    0.245487885E-16
    0.234301374E-16
    0.284059220E-16
    0.220259627E-16
    0.183805811E-16
    0.272817019E-16
    0.284425031E-16
    0.237207789E-16
    0.206898890E-16
    0.223672906E-16
    0.205831194E-16
    0.237958791E-16
    0.225592597E-16
    0.260476375E-16
    0.222382511E-16
    0.189001222E-16
    0.260314480E-16
    0.262936445E-16
    0.248503750E-16
    0.214147019E-16
    0.204376614E-16
    0.214366093E-16
    0.261228654E-16
    0.230951438E-16
    0.265733745E-16
    0.218522431E-16
    0.178544355E-16
    0.254672011E-16
    0.265424750E-16
    0.258064463E-16
    0.193448697E-16
    0.210917755E-16
    0.216533214E-16
    0.241942107E-16
    0.219668594E-16
    0.291145221E-16
    0.229242064E-16
    0.176027801E-16
    0.250622497E-16
    0.250090049E-16
    0.250813692E-16
    0.193981956E-16
    0.188433983E-16
    0.201641948E-16
    0.263476850E-16
    0.228259816E-16
    0.272213151E-16
    0.233254101E-16
    0.195439867E-16
    0.256485139E-16
    0.255009559E-16
    0.281473407E-16
    0.202519923E-16
    0.209993097E-16
    0.222264509E-16
    0.288323025E-16
    0.240657145E-16
    0.282770594E-16
    0.221332233E-16
    0.183984512E-16
    0.243925354E-16
    0.251660453E-16
    0.274259344E-16
    0.197597015E-16
    0.196163651E-16
    0.203920643E-16
    0.280735148E-16
    0.221105003E-16
    0.269373636E-16
    0.223895448E-16
    0.187687119E-16
    0.236245190E-16
    0.235648391E-16
    0.256553272E-16
    0.193497907E-16
    0.236271062E-16
    0.202246736E-16
    0.280159985E-16
    0.262745968E-16
    0.284850830E-16
    0.206751365E-16
    0.196228088E-16
    0.255581675E-16
    0.254876129E-16
    0.244573996E-16
    0.206956305E-16
    0.250083766E-16
    0.196466213E-16
    0.309671228E-16
    0.266241432E-16
    0.238103222E-16
    0.211467395E-16
    0.216226975E-16
    0.242439483E-16
    0.268159823E-16
    0.253661417E-16
    0.200401457E-16
    0.293506260E-16
    0.206083284E-16
    0.280178553E-16
    0.291795800E-16
    0.258774125E-16
    0.181684652E-16
    0.209564498E-16
    0.257213983E-16
    0.277577319E-16
    0.221080454E-16
    0.191396165E-16
    0.315963747E-16
    0.217205530E-16
    0.260743721E-16
    0.279899729E-16
    0.255722223E-16
    0.170296091E-16
    0.207343223E-16
    0.250865572E-16
    0.262342343E-16
    0.221876520E-16
    0.198170096E-16
    0.317140625E-16
    0.239201829E-16
    0.263526264E-16
    0.250686917E-16
    0.250474452E-16
    0.181507937E-16
    0.233216397E-16
    0.258659648E-16
    0.265648270E-16
    0.233477723E-16
    0.252946296E-16
    0.280681127E-16
    0.285385931E-16
    0.290640790E-16
    0.237780178E-16
    0.220886176E-16
    0.184797041E-16
    0.258734085E-16
    0.267900822E-16
    0.258089790E-16
    0.226924600E-16
    0.311077559E-16
    0.229494356E-16
    0.281586009E-16
    0.276033102E-16
    0.228346486E-16
    0.196398725E-16
    0.215860935E-16
    0.265052218E-16
    0.285023836E-16
    0.264839023E-16
    0.204679252E-16
    0.380174108E-16
    0.244450077E-16
    0.267929005E-16
    0.246683846E-16
    0.254220214E-16
    0.164357286E-16
    0.248760575E-16
    0.261821615E-16
    0.286476530E-16
    0.261100597E-16
    0.258021149E-16
    0.294063844E-16
    0.262705556E-16
    0.252897567E-16
    0.217936709E-16
    0.224984896E-16
    0.187472098E-16
    0.270543002E-16
    0.280985371E-16
    0.269903503E-16
    0.231456475E-16
    0.429248972E-16
    0.253453502E-16
    0.264447853E-16
    0.269356537E-16
    0.254023629E-16
    0.170432082E-16
    0.260841590E-16
    0.256920075E-16
    0.295333560E-16
    0.277658037E-16
    0.297672228E-16
    0.297539316E-16
    0.271077593E-16
    0.243621626E-16
    0.240026516E-16
    0.224142329E-16
    0.243433706E-16
    0.267550662E-16
    0.294030569E-16
    0.297071460E-16
    0.261652263E-16
    0.442151511E-16
    0.296980416E-16
    0.209208715E-16
    0.297133995E-16
    0.245346202E-16
    0.233471660E-16
    0.291342430E-16
    0.285293804E-16
    0.298190371E-16
    0.239686485E-16
    0.396130497E-16
    0.258323926E-16
    0.206507232E-16
    0.325762359E-16
    0.279494498E-16
    0.261190971E-16
    0.289887618E-16
    0.268136790E-16
    0.271190909E-16
    0.315938376E-16
    0.492474037E-16
    0.334761310E-16
    0.216802043E-16
    0.277339016E-16
    0.295874623E-16
    0.272273302E-16
    0.324087735E-16
    0.317022017E-16
    0.307171700E-16
    0.286153801E-16
    0.455521981E-16
    0.345879720E-16
