 #tdnd tdcion
    0.332626536E-16
    0.264355557E-16
    0.258313627E-16
    0.320813744E-16
    0.294583727E-16
    0.265009298E-16
    0.264769238E-16
    0.355450741E-16
    0.320216575E-16
    0.307414160E-16
    0.304262861E-16
    0.290692061E-16
    0.273715506E-16
    0.226971162E-16
    0.309996483E-16
    0.318830864E-16
    0.339598933E-16
    0.272876187E-16
    0.343045065E-16
    0.275925699E-16
    0.333297646E-16
    0.305488553E-16
    0.211918944E-16
    0.328278162E-16
    0.397601692E-16
    0.347769353E-16
    0.270700791E-16
    0.313184952E-16
    0.332500689E-16
    0.249366157E-16
    0.231268440E-16
    0.266182395E-16
    0.349314507E-16
    0.203310023E-16
    0.217063138E-16
    0.305977465E-16
    0.353522435E-16
    0.266638274E-16
    0.266018746E-16
    0.291452053E-16
    0.282206276E-16
    0.207129022E-16
    0.232458453E-16
    0.231015229E-16
    0.295911533E-16
    0.311809209E-16
    0.276350367E-16
    0.241846206E-16
    0.333863695E-16
    0.283487626E-16
    0.299337350E-16
    0.267653297E-16
    0.230984783E-16
    0.286936634E-16
    0.326861202E-16
    0.220628860E-16
    0.290968506E-16
    0.360617015E-16
    0.314766085E-16
    0.266031594E-16
    0.312870230E-16
    0.308253718E-16
    0.273329308E-16
    0.196975214E-16
    0.224937359E-16
    0.286714258E-16
    0.294221505E-16
    0.282505584E-16
    0.276078354E-16
    0.321421014E-16
    0.294136342E-16
    0.333876039E-16
    0.288812032E-16
    0.273171297E-16
    0.291721932E-16
    0.264137667E-16
    0.282023358E-16
    0.253210238E-16
    0.251838684E-16
    0.321677364E-16
    0.317127438E-16
    0.316003473E-16
    0.302631340E-16
    0.339142459E-16
    0.346452763E-16
    0.275505938E-16
    0.430930961E-16
    0.288528182E-16
    0.425859680E-16
    0.363412034E-16
    0.462262610E-16
    0.597254665E-16
    0.338372487E-16
    0.470024842E-16
    0.424584811E-16
    0.442673403E-16
    0.588834928E-16
    0.462142091E-16
    0.588170292E-16
    0.409973474E-16
    0.495906649E-16
    0.417409196E-16
    0.511832273E-16
    0.466836192E-16
    0.428889700E-16
    0.390465987E-16
    0.449989877E-16
    0.391573621E-16
    0.412351491E-16
    0.457370747E-16
    0.350895191E-16
    0.223805353E-16
    0.349563308E-16
    0.438563911E-16
    0.442621611E-16
    0.349885409E-16
    0.343931181E-16
    0.483639955E-16
    0.330191290E-16
    0.384063023E-16
    0.413545043E-16
    0.385334536E-16
    0.499661712E-16
    0.409082053E-16
    0.299966947E-16
    0.445640270E-16
    0.371214399E-16
    0.422306221E-16
    0.356307486E-16
    0.368090594E-16
    0.418408994E-16
    0.397891834E-16
    0.306787146E-16
    0.213320599E-16
    0.308725971E-16
    0.451231796E-16
    0.430875877E-16
    0.378413795E-16
    0.336237138E-16
    0.319794898E-16
    0.445017088E-16
    0.469967523E-16
    0.306669724E-16
    0.434962410E-16
    0.387727892E-16
    0.353596810E-16
    0.293939326E-16
    0.348317833E-16
    0.392235130E-16
    0.305588818E-16
    0.437660509E-16
    0.409751323E-16
    0.420621909E-16
    0.393302769E-16
    0.331775743E-16
    0.355106052E-16
    0.319437715E-16
    0.453744735E-16
    0.399445544E-16
    0.231807674E-16
    0.316001809E-16
    0.378492119E-16
    0.541669686E-16
    0.360425209E-16
    0.315960976E-16
    0.372762210E-16
    0.370986678E-16
    0.330005759E-16
    0.224767803E-16
    0.331615927E-16
    0.372318550E-16
    0.337795935E-16
    0.369478903E-16
    0.411224975E-16
    0.357133137E-16
    0.320618025E-16
    0.418633593E-16
    0.362190645E-16
    0.351675823E-16
    0.459855578E-16
    0.334446245E-16
    0.269467257E-16
    0.348513976E-16
    0.396181217E-16
    0.412790939E-16
    0.314624075E-16
    0.367274805E-16
    0.333090810E-16
    0.319435316E-16
    0.261587769E-16
    0.348163687E-16
    0.269856458E-16
    0.517724633E-16
    0.353058454E-16
    0.242514506E-16
    0.344150345E-16
    0.325351232E-16
    0.452051532E-16
    0.410825680E-16
    0.320335580E-16
    0.328840573E-16
    0.325692822E-16
    0.365413632E-16
    0.271218412E-16
    0.438997160E-16
    0.295014670E-16
    0.306872875E-16
    0.367995562E-16
    0.341625938E-16
    0.415312935E-16
    0.339827496E-16
    0.394928643E-16
    0.364902505E-16
    0.369643749E-16
    0.324235199E-16
    0.351545231E-16
    0.319268765E-16
    0.316179208E-16
    0.346600268E-16
    0.307501770E-16
    0.334078899E-16
    0.360203837E-16
    0.287392595E-16
    0.337129038E-16
    0.269076626E-16
    0.332201253E-16
    0.303875058E-16
    0.479106852E-16
    0.382539677E-16
    0.325066438E-16
    0.335146602E-16
    0.368648035E-16
    0.324693663E-16
    0.308641435E-16
    0.337263238E-16
    0.281443002E-16
    0.360200250E-16
    0.412687317E-16
    0.352392438E-16
    0.344146449E-16
    0.283374826E-16
    0.375292300E-16
    0.419108250E-16
    0.315287142E-16
    0.392119082E-16
    0.335693227E-16
    0.286338696E-16
    0.265782977E-16
    0.390546318E-16
    0.272871699E-16
    0.430805980E-16
    0.311944544E-16
    0.217507231E-16
    0.302357945E-16
    0.356135595E-16
    0.332609629E-16
    0.380008798E-16
    0.379689208E-16
    0.284499429E-16
    0.341818617E-16
    0.459403537E-16
    0.373176072E-16
    0.394904072E-16
    0.273252670E-16
    0.304184469E-16
    0.378577508E-16
    0.294592048E-16
    0.340888577E-16
    0.376804286E-16
    0.346977932E-16
    0.365038834E-16
    0.415719298E-16
    0.393038081E-16
    0.337269589E-16
    0.303831255E-16
    0.283496291E-16
    0.334537821E-16
    0.365382618E-16
    0.371109241E-16
    0.313948201E-16
    0.370670250E-16
    0.285551795E-16
    0.285451631E-16
    0.309835786E-16
    0.302756193E-16
    0.384379459E-16
    0.367804675E-16
    0.379994316E-16
    0.437899415E-16
    0.368991341E-16
    0.403574571E-16
    0.294498571E-16
    0.377284997E-16
    0.337961879E-16
    0.344893521E-16
    0.327637118E-16
    0.291097903E-16
    0.327358841E-16
    0.356925747E-16
    0.384128609E-16
    0.323901807E-16
    0.384395305E-16
    0.298680733E-16
    0.373635344E-16
    0.353423429E-16
    0.377084125E-16
    0.351336444E-16
    0.306906452E-16
    0.401937050E-16
    0.258995958E-16
    0.277753316E-16
    0.336139198E-16
    0.329864973E-16
    0.255337911E-16
    0.333813563E-16
    0.361274708E-16
    0.397167781E-16
    0.447743321E-16
    0.351229697E-16
    0.294346580E-16
    0.359518613E-16
    0.489394395E-16
    0.389847891E-16
    0.321393590E-16
    0.431347393E-16
    0.246669368E-16
    0.412361646E-16
    0.353379690E-16
    0.385345537E-16
    0.334869813E-16
    0.363883503E-16
    0.344354146E-16
    0.319723461E-16
    0.317601614E-16
    0.396198775E-16
    0.317333461E-16
    0.252538264E-16
    0.381450958E-16
    0.373932699E-16
    0.313500197E-16
    0.445421012E-16
    0.296191708E-16
    0.312754549E-16
    0.338005486E-16
    0.474187523E-16
    0.284619046E-16
    0.304346698E-16
    0.382602229E-16
    0.346365527E-16
    0.361619818E-16
    0.438360283E-16
    0.353049027E-16
    0.372501307E-16
    0.343577193E-16
    0.342811485E-16
    0.310254152E-16
    0.267209725E-16
    0.371482010E-16
    0.346186368E-16
    0.385105565E-16
    0.461840442E-16
    0.319730421E-16
    0.278606644E-16
    0.427384339E-16
    0.366332742E-16
    0.321787484E-16
    0.343810410E-16
    0.359158049E-16
    0.297334993E-16
    0.396687286E-16
    0.327920677E-16
    0.335927484E-16
    0.417456381E-16
    0.336130412E-16
    0.341229970E-16
    0.370777664E-16
    0.365692967E-16
    0.384022418E-16
    0.366766972E-16
    0.222902929E-16
    0.479044262E-16
    0.478645610E-16
    0.422259734E-16
    0.389178097E-16
    0.294371437E-16
    0.311252039E-16
    0.405891057E-16
    0.362719743E-16
    0.374972723E-16
    0.342250022E-16
    0.389188146E-16
    0.292990435E-16
    0.414783508E-16
    0.400373838E-16
    0.311147017E-16
    0.480291183E-16
    0.299575930E-16
    0.315298351E-16
    0.418657325E-16
    0.420145913E-16
    0.350796523E-16
    0.331440211E-16
    0.332190980E-16
    0.531010184E-16
    0.509730750E-16
    0.450018805E-16
    0.321044272E-16
    0.362628667E-16
    0.394783799E-16
    0.420462599E-16
    0.372820643E-16
    0.436544506E-16
    0.375184425E-16
    0.361833120E-16
    0.345450091E-16
    0.409355831E-16
    0.450208717E-16
    0.408912999E-16
    0.359374292E-16
    0.371801812E-16
    0.377500017E-16
    0.410543473E-16
    0.403375664E-16
    0.319151074E-16
    0.399079908E-16
    0.390724869E-16
    0.488131666E-16
    0.406625043E-16
    0.377354683E-16
    0.318088343E-16
    0.324280900E-16
    0.432043191E-16
    0.469387538E-16
    0.493888200E-16
    0.416335972E-16
    0.452254153E-16
    0.370935156E-16
    0.424847061E-16
    0.427541668E-16
    0.410100579E-16
    0.474091469E-16
    0.461083813E-16
    0.369635647E-16
    0.549223146E-16
    0.433764542E-16
    0.500737600E-16
    0.384351293E-16
    0.582257953E-16
    0.404763036E-16
    0.550858551E-16
    0.449311567E-16
    0.417009257E-16
    0.397221447E-16
    0.477136976E-16
    0.401628533E-16
    0.599922102E-16
    0.401301206E-16
    0.483054694E-16
    0.493260336E-16
    0.474236966E-16
    0.380670530E-16
    0.465885058E-16
    0.538200606E-16
    0.513406013E-16
    0.524592417E-16
    0.492672048E-16
    0.675378446E-16
    0.573943820E-16
    0.477172371E-16
    0.521409688E-16
    0.511503486E-16
    0.432376003E-16
    0.507932446E-16
    0.485762903E-16
    0.511256521E-16
    0.571131810E-16
    0.600822585E-16
    0.464471148E-16
    0.711014881E-16
    0.360641629E-16
    0.671160379E-16
    0.492521340E-16
    0.531304089E-16
    0.591861561E-16
    0.494916401E-16
    0.603102113E-16
    0.444273274E-16
    0.388798004E-16
    0.532131706E-16
    0.657454082E-16
    0.531272040E-16
    0.564802844E-16
    0.691679405E-16
    0.483612481E-16
    0.539363527E-16
    0.502906648E-16
    0.534121905E-16
    0.539755824E-16
    0.551837653E-16
    0.568575691E-16
    0.595058592E-16
    0.627202515E-16
    0.455375050E-16
    0.592319216E-16
    0.446273645E-16
    0.633444665E-16
    0.708732584E-16
    0.556251811E-16
    0.670519870E-16
    0.644009638E-16
    0.480091045E-16
    0.580040795E-16
    0.634023706E-16
    0.493461239E-16
    0.775616906E-16
    0.510810095E-16
    0.633524512E-16
    0.820637166E-16
    0.598652875E-16
    0.608658009E-16
    0.698882347E-16
    0.743736976E-16
    0.696470086E-16
    0.779083199E-16
    0.904304419E-16
    0.869393375E-16
    0.740626262E-16
    0.657255280E-16
    0.984114843E-16
    0.660268606E-16
    0.655585204E-16
    0.793082129E-16
    0.865832994E-16
    0.722376539E-16
    0.907962180E-16
    0.788249165E-16
    0.981074974E-16
    0.983021815E-16
    0.722739321E-16
    0.110475126E-15
    0.120132137E-15
    0.849392545E-16
    0.892308641E-16
    0.977256228E-16
    0.973451423E-16
    0.828136136E-16
    0.836732505E-16
    0.111118406E-15
    0.122710261E-15
    0.861453281E-16
    0.111886576E-15
    0.118297939E-15
    0.992022004E-16
    0.103174847E-15
    0.112514908E-15
    0.130531142E-15
    0.111277941E-15
    0.123196717E-15
    0.101798199E-15
    0.124316390E-15
    0.890705572E-16
    0.956318412E-16
    0.118446451E-15
    0.109055426E-15
    0.129228209E-15
    0.127932083E-15
    0.111996037E-15
    0.127409383E-15
    0.115550771E-15
    0.112608355E-15
    0.118597195E-15
    0.143752834E-15
    0.111405372E-15
    0.147660037E-15
    0.105131702E-15
    0.120687587E-15
    0.128164073E-15
    0.112537474E-15
    0.120948979E-15
    0.146970244E-15
    0.135156598E-15
    0.143482540E-15
    0.142500895E-15
    0.139524712E-15
    0.146762388E-15
    0.139292650E-15
    0.123197505E-15
    0.173152660E-15
    0.152975385E-15
    0.125453298E-15
    0.134551009E-15
    0.156545154E-15
    0.120887172E-15
    0.162384188E-15
    0.144334831E-15
    0.196026526E-15
    0.195759283E-15
    0.158070863E-15
    0.169491710E-15
    0.191926575E-15
    0.146772107E-15
    0.134194841E-15
    0.176808822E-15
    0.185087676E-15
    0.180344331E-15
    0.197275055E-15
    0.193348738E-15
    0.229339574E-15
    0.164510281E-15
    0.191066270E-15
    0.213940262E-15
    0.233079715E-15
    0.224756997E-15
    0.214709028E-15
    0.258172391E-15
    0.211840497E-15
    0.221333949E-15
    0.187105261E-15
    0.241929209E-15
    0.225419010E-15
    0.213047780E-15
    0.243874377E-15
    0.257392049E-15
    0.260523283E-15
    0.242923334E-15
    0.251939036E-15
    0.297155192E-15
    0.286107880E-15
    0.289369588E-15
    0.281246397E-15
    0.313352096E-15
    0.234608799E-15
    0.277867298E-15
    0.251542280E-15
    0.288563867E-15
    0.313056902E-15
    0.303191326E-15
    0.309766220E-15
    0.344819698E-15
    0.304776876E-15
    0.306284557E-15
    0.327489333E-15
    0.328938798E-15
    0.359902418E-15
    0.389589933E-15
    0.340080676E-15
    0.362550048E-15
    0.363512633E-15
    0.308972265E-15
    0.314723984E-15
    0.365680213E-15
    0.347027514E-15
    0.403931981E-15
    0.391312548E-15
    0.406326548E-15
    0.459507738E-15
    0.389348824E-15
    0.390509370E-15
    0.457045159E-15
    0.453095781E-15
    0.381711908E-15
    0.462483089E-15
    0.432345305E-15
    0.431579052E-15
    0.428103859E-15
    0.424732230E-15
    0.516261223E-15
    0.497117472E-15
    0.453954449E-15
    0.497930434E-15
    0.551561115E-15
    0.486133197E-15
    0.473664628E-15
    0.570867520E-15
    0.525601863E-15
    0.588880009E-15
    0.513984112E-15
    0.578908326E-15
    0.597705987E-15
    0.511737394E-15
    0.503532216E-15
    0.604916881E-15
    0.623125621E-15
    0.574098382E-15
    0.644749963E-15
    0.671635579E-15
    0.666662718E-15
    0.652003715E-15
    0.608854260E-15
    0.724111840E-15
    0.656844166E-15
    0.628287609E-15
    0.675339979E-15
    0.733597475E-15
    0.680839239E-15
    0.701330067E-15
    0.716123633E-15
    0.737430728E-15
    0.762999409E-15
    0.711274782E-15
    0.791804652E-15
    0.804476860E-15
    0.756543924E-15
    0.774927733E-15
    0.834127585E-15
    0.804410258E-15
    0.835540746E-15
    0.807199645E-15
    0.801324744E-15
    0.849800463E-15
    0.818643492E-15
    0.826594057E-15
    0.904120331E-15
    0.858748264E-15
    0.903843453E-15
    0.903954495E-15
    0.920104043E-15
    0.896821938E-15
    0.962294332E-15
    0.825846994E-15
    0.952143845E-15
    0.935637523E-15
    0.921795384E-15
    0.954010621E-15
    0.934563698E-15
    0.938479722E-15
    0.970526004E-15
    0.947995663E-15
    0.952732951E-15
    0.102058777E-14
    0.981451324E-15
    0.956649279E-15
    0.109170147E-14
    0.998054928E-15
    0.106065976E-14
    0.101952743E-14
    0.104087972E-14
    0.111482155E-14
    0.109200396E-14
    0.106014252E-14
    0.115453656E-14
    0.123019607E-14
    0.119901615E-14
    0.132782374E-14
    0.139981917E-14
    0.147996977E-14
    0.153460701E-14
    0.156446069E-14
    0.180911904E-14
    0.193922741E-14
    0.199580887E-14
    0.223477225E-14
    0.253460590E-14
    0.277778826E-14
    0.311898302E-14
    0.338410006E-14
    0.384393203E-14
    0.431839489E-14
    0.469089940E-14
    0.559576151E-14
    0.639574938E-14
    0.719165426E-14
    0.801772546E-14
    0.926710518E-14
    0.104183110E-13
    0.120909529E-13
    0.135662304E-13
    0.154606575E-13
    0.179997528E-13
    0.201995608E-13
    0.231666543E-13
    0.268014307E-13
    0.302432834E-13
    0.344745456E-13
    0.392503648E-13
    0.452279828E-13
    0.514932531E-13
    0.593638597E-13
    0.666084371E-13
    0.768902703E-13
    0.874815610E-13
    0.993443401E-13
    0.114404037E-12
    0.130336071E-12
    0.148288361E-12
    0.168686035E-12
    0.192420371E-12
    0.219477187E-12
    0.250669816E-12
    0.285619588E-12
    0.324772131E-12
    0.372844532E-12
    0.422830825E-12
    0.482982819E-12
    0.551527131E-12
    0.626797022E-12
    0.715015495E-12
    0.814359005E-12
    0.930718753E-12
    0.106004117E-11
    0.121048456E-11
    0.137501065E-11
    0.157043065E-11
    0.178951843E-11
    0.203753555E-11
    0.232668195E-11
    0.265052038E-11
    0.301826499E-11
    0.344000652E-11
    0.391948855E-11
    0.447052732E-11
    0.509275485E-11
    0.580561748E-11
    0.660785663E-11
    0.753959221E-11
    0.857627527E-11
    0.977193972E-11
    0.111312171E-10
    0.126655881E-10
    0.144233588E-10
    0.164172984E-10
    0.186944904E-10
    0.212708918E-10
    0.242054794E-10
    0.275214815E-10
    0.313130157E-10
    0.356116221E-10
    0.404802525E-10
    0.460346595E-10
    0.523116221E-10
    0.594257740E-10
    0.675205750E-10
    0.766791379E-10
    0.870943858E-10
    0.988549198E-10
    0.112209410E-09
    0.127284543E-09
    0.144427250E-09
    0.163737877E-09
    0.185662186E-09
    0.210451884E-09
    0.238442708E-09
    0.270138925E-09
    0.305948419E-09
    0.346410313E-09
    0.392094809E-09
    0.443669819E-09
    0.501857601E-09
    0.567575317E-09
    0.641691596E-09
    0.725210383E-09
    0.819460032E-09
    0.925551602E-09
    0.104504946E-08
    0.117976594E-08
    0.133129787E-08
    0.150196045E-08
    0.169379828E-08
    0.190965120E-08
    0.215216465E-08
    0.242497205E-08
    0.273118228E-08
    0.307541450E-08
    0.346178874E-08
    0.389533198E-08
    0.438192359E-08
    0.492771133E-08
    0.553950432E-08
    0.622534101E-08
    0.699372770E-08
    0.785439750E-08
    0.881824334E-08
    0.989706971E-08
    0.111040649E-07
    0.124545423E-07
    0.139641866E-07
    0.156518110E-07
    0.175381874E-07
    0.196449115E-07
    0.219976470E-07
    0.246237315E-07
    0.275544716E-07
    0.308234240E-07
    0.344696109E-07
    0.385334257E-07
    0.430633513E-07
    0.481089356E-07
    0.537277486E-07
    0.599832200E-07
    0.669451068E-07
    0.746891303E-07
    0.833019703E-07
    0.928771791E-07
    0.103518565E-06
    0.115341009E-06
    0.128470701E-06
    0.143046919E-06
    0.159225268E-06
    0.177172508E-06
    0.197078205E-06
    0.219148343E-06
    0.243607397E-06
    0.270705130E-06
    0.300716897E-06
    0.333945417E-06
    0.370720113E-06
    0.411409340E-06
    0.456408695E-06
    0.506164702E-06
    0.561152871E-06
    0.621907101E-06
    0.689008211E-06
    0.763094713E-06
    0.844860436E-06
    0.935074773E-06
    0.103457653E-05
    0.114428098E-05
    0.126519081E-05
    0.139840576E-05
    0.154512490E-05
    0.170666718E-05
    0.188445652E-05
    0.208006919E-05
    0.229521066E-05
    0.253174563E-05
    0.279170762E-05
    0.307732269E-05
    0.339101677E-05
    0.373541349E-05
    0.411339726E-05
    0.452808223E-05
    0.498289084E-05
    0.548150489E-05
    0.602796522E-05
    0.662664423E-05
    0.728230281E-05
    0.800009777E-05
    0.878564408E-05
    0.964503555E-05
    0.105848713E-04
    0.116122975E-04
    0.127350934E-04
    0.139616616E-04
    0.153011313E-04
    0.167633358E-04
    0.183589723E-04
    0.200995698E-04
    0.219976179E-04
    0.240666080E-04
    0.263211264E-04
    0.287769469E-04
    0.314510187E-04
    0.343617104E-04
    0.375287839E-04
    0.409736154E-04
    0.447191453E-04
    0.487901757E-04
    0.532133546E-04
    0.580174055E-04
    0.632331968E-04
    0.688939565E-04
    0.750353967E-04
    0.816959021E-04
    0.889166329E-04
    0.967418875E-04
    0.105219149E-03
    0.114399392E-03
    0.124337186E-03
    0.135091114E-03
    0.146723880E-03
    0.159302673E-03
    0.172899412E-03
    0.187591020E-03
    0.203459840E-03
    0.220593752E-03
    0.239086783E-03
    0.259039293E-03
    0.280558597E-03
    0.303758954E-03
    0.328762493E-03
    0.355699233E-03
    0.384707905E-03
    0.415936169E-03
    0.449541357E-03
    0.485690844E-03
    0.524562780E-03
    0.566346515E-03
    0.611243334E-03
    0.659467185E-03
    0.711245169E-03
    0.766818296E-03
    0.826442413E-03
    0.890388718E-03
    0.958944805E-03
    0.103241531E-02
    0.111112285E-02
    0.119540893E-02
    0.128563484E-02
    0.138218275E-02
    0.148545637E-02
    0.159588285E-02
    0.171391239E-02
    0.184002107E-02
    0.197471044E-02
    0.211850981E-02
    0.227197690E-02
    0.243569927E-02
    0.261029561E-02
    0.279641697E-02
    0.299474850E-02
    0.320600983E-02
    0.343095790E-02
    0.367038713E-02
    0.392513174E-02
    0.419606718E-02
    0.448411080E-02
    0.479022474E-02
    0.511541638E-02
    0.546074038E-02
    0.582730039E-02
    0.621625059E-02
    0.662879745E-02
    0.706620035E-02
    0.752977542E-02
    0.802089407E-02
    0.854098850E-02
    0.909154913E-02
    0.967412907E-02
    0.102903452E-01
    0.109418783E-01
    0.116304766E-01
    0.123579553E-01
    0.131262000E-01
    0.139371652E-01
    0.147928785E-01
    0.156954394E-01
    0.166470229E-01
    0.176498787E-01
    0.187063307E-01
    0.198187819E-01
    0.209897110E-01
    0.222216744E-01
    0.235173078E-01
    0.248793245E-01
    0.263105163E-01
    0.278137521E-01
    0.293919793E-01
    0.310482208E-01
    0.327855791E-01
    0.346072272E-01
    0.365164136E-01
    0.385164600E-01
    0.406107552E-01
    0.428027571E-01
    0.450959893E-01
    0.474940366E-01
    0.500005419E-01
    0.526192052E-01
    0.553537746E-01
    0.582080495E-01
    0.611858686E-01
    0.642911060E-01
    0.675276704E-01
    0.708994937E-01
    0.744105259E-01
    0.780647309E-01
    0.818660771E-01
    0.858185269E-01
    0.899260346E-01
    0.941925308E-01
    0.986219188E-01
    0.103218064E+00
    0.107984780E+00
    0.112925823E+00
    0.118044878E+00
    0.123345548E+00
    0.128831341E+00
    0.134505664E+00
    0.140371801E+00
    0.146432907E+00
    0.152691994E+00
    0.159151912E+00
    0.165815347E+00
    0.172684792E+00
    0.179762544E+00
    0.187050687E+00
    0.194551074E+00
    0.202265317E+00
    0.210194769E+00
    0.218340512E+00
    0.226703339E+00
    0.235283747E+00
    0.244081909E+00
    0.253097677E+00
    0.262330553E+00
    0.271779684E+00
    0.281443853E+00
    0.291321450E+00
    0.301410477E+00
    0.311708530E+00
    0.322212784E+00
    0.332919988E+00
    0.343826460E+00
    0.354928063E+00
    0.366220217E+00
    0.377697875E+00
    0.389355523E+00
    0.401187189E+00
    0.413186418E+00
    0.425346277E+00
    0.437659367E+00
    0.450117802E+00
    0.462713221E+00
    0.475436801E+00
    0.488279240E+00
    0.501230779E+00
    0.514281205E+00
    0.527419849E+00
    0.540635615E+00
    0.553916983E+00
    0.567252007E+00
    0.580628358E+00
    0.594033319E+00
    0.607453803E+00
    0.620876384E+00
    0.634287314E+00
    0.647672526E+00
    0.661017687E+00
    0.674308198E+00
    0.687529227E+00
    0.700665747E+00
    0.713702541E+00
    0.726624249E+00
    0.739415393E+00
    0.752060400E+00
    0.764543640E+00
    0.776849465E+00
    0.788962223E+00
    0.800866310E+00
    0.812546190E+00
    0.823986434E+00
    0.835171756E+00
    0.846087041E+00
    0.856717385E+00
    0.867048130E+00
    0.877064886E+00
    0.886753579E+00
    0.896100474E+00
    0.905092209E+00
    0.913715832E+00
    0.921958826E+00
    0.929809136E+00
    0.937255214E+00
    0.944286021E+00
    0.950891072E+00
    0.957060472E+00
    0.962784902E+00
    0.968055679E+00
    0.972864767E+00
    0.977204780E+00
    0.981069018E+00
    0.984451492E+00
    0.987346899E+00
    0.989750683E+00
    0.991659015E+00
    0.993068804E+00
    0.993977726E+00
    0.994384209E+00
    0.994287432E+00
    0.993687355E+00
    0.992584689E+00
    0.990980901E+00
    0.988878234E+00
    0.986279663E+00
    0.983188913E+00
    0.979610448E+00
    0.975549447E+00
    0.971011799E+00
    0.966004096E+00
    0.960533597E+00
    0.954608232E+00
    0.948236571E+00
    0.941427797E+00
    0.934191702E+00
    0.926538649E+00
    0.918479548E+00
    0.910025840E+00
    0.901189463E+00
    0.891982824E+00
    0.882418770E+00
    0.872510561E+00
    0.862271842E+00
    0.851716608E+00
    0.840859166E+00
    0.829714124E+00
    0.818296336E+00
    0.806620879E+00
    0.794703030E+00
    0.782558212E+00
    0.770201983E+00
    0.757649990E+00
    0.744917937E+00
    0.732021563E+00
    0.718976605E+00
    0.705798757E+00
    0.692503657E+00
    0.679106849E+00
    0.665623738E+00
    0.652069600E+00
    0.638459515E+00
    0.624808357E+00
    0.611130776E+00
    0.597441158E+00
    0.583753606E+00
    0.570081929E+00
    0.556439603E+00
    0.542839759E+00
    0.529295175E+00
    0.515818233E+00
    0.502420925E+00
    0.489114836E+00
    0.475911114E+00
    0.462820474E+00
    0.449853188E+00
    0.437019062E+00
    0.424327437E+00
    0.411787186E+00
    0.399406697E+00
    0.387193882E+00
    0.375156166E+00
    0.363300487E+00
    0.351633299E+00
    0.340160571E+00
    0.328887787E+00
    0.317819955E+00
    0.306961610E+00
    0.296316815E+00
    0.285889174E+00
    0.275681835E+00
    0.265697505E+00
    0.255938450E+00
    0.246406513E+00
    0.237103127E+00
    0.228029314E+00
    0.219185714E+00
    0.210572585E+00
    0.202189822E+00
    0.194036975E+00
    0.186113252E+00
    0.178417543E+00
    0.170948434E+00
    0.163704221E+00
    0.156682917E+00
    0.149882286E+00
    0.143299838E+00
    0.136932859E+00
    0.130778421E+00
    0.124833396E+00
    0.119094471E+00
    0.113558170E+00
    0.108220858E+00
    0.103078762E+00
    0.981279877E-01
    0.933645227E-01
    0.887842620E-01
    0.843830156E-01
    0.801565185E-01
    0.761004485E-01
    0.722104365E-01
    0.684820735E-01
    0.649109262E-01
    0.614925489E-01
    0.582224863E-01
    0.550962899E-01
    0.521095236E-01
    0.492577725E-01
    0.465366514E-01
    0.439418117E-01
    0.414689488E-01
    0.391138076E-01
    0.368721907E-01
    0.347399592E-01
    0.327130440E-01
    0.307874458E-01
    0.289592400E-01
    0.272245814E-01
    0.255797069E-01
    0.240209391E-01
    0.225446862E-01
    0.211474488E-01
    0.198258163E-01
    0.185764718E-01
    0.173961928E-01
    0.162818507E-01
    0.152304121E-01
    0.142389394E-01
    0.133045899E-01
    0.124246154E-01
    0.115963638E-01
    0.108172752E-01
    0.100848833E-01
    0.939681408E-02
    0.875078305E-02
    0.814459546E-02
    0.757614498E-02
    0.704341030E-02
    0.654445434E-02
    0.607742371E-02
    0.564054416E-02
    0.523212082E-02
    0.485053517E-02
    0.449424275E-02
    0.416177159E-02
    0.385172001E-02
    0.356275352E-02
    0.329360383E-02
    0.304306632E-02
    0.280999654E-02
    0.259331003E-02
    0.239197879E-02
    0.220502941E-02
    0.203154105E-02
    0.187064308E-02
    0.172151329E-02
    0.158337551E-02
    0.145549805E-02
    0.133719112E-02
    0.122780544E-02
    0.112673009E-02
    0.103339075E-02
    0.947247980E-03
    0.867795394E-03
    0.794558206E-03
    0.727091146E-03
    0.664977606E-03
    0.607827526E-03
    0.555276215E-03
    0.506983086E-03
    0.462629993E-03
    0.421920108E-03
    0.384576945E-03
    0.350342819E-03
    0.318977766E-03
    0.290258836E-03
    0.263978590E-03
    0.239944463E-03
    0.217977780E-03
    0.197912745E-03
    0.179595733E-03
    0.162884600E-03
    0.147647610E-03
    0.133763049E-03
    0.121118544E-03
    0.109610126E-03
    0.991420071E-04
    0.896258113E-04
    0.809801200E-04
    0.731299686E-04
    0.660063746E-04
    0.595458981E-04
    0.536902583E-04
    0.483859662E-04
    0.435838939E-04
    0.392390471E-04
    0.353101642E-04
    0.317594780E-04
    0.285524251E-04
    0.256573995E-04
    0.230455447E-04
    0.206904802E-04
    0.185681486E-04
    0.166566226E-04
    0.149358890E-04
    0.133877663E-04
    0.119956889E-04
    0.107445712E-04
    0.962074204E-05
    0.861177017E-05
    0.770636410E-05
    0.689430103E-05
    0.616630677E-05
    0.551397872E-05
    0.492972601E-05
    0.440667167E-05
    0.393859465E-05
    0.351990232E-05
    0.314551863E-05
    0.281087241E-05
    0.251185882E-05
    0.224476139E-05
    0.200624604E-05
    0.179330595E-05
    0.160324626E-05
    0.143364026E-05
    0.128231398E-05
    0.114731205E-05
    0.102688345E-05
    0.919462593E-06
    0.823642687E-06
    0.738167802E-06
    0.661913570E-06
    0.593877180E-06
    0.533160409E-06
    0.478961386E-06
    0.430568059E-06
    0.387341748E-06
    0.348714990E-06
    0.314183943E-06
    0.283295247E-06
    0.255650826E-06
    0.230894976E-06
    0.208707699E-06
    0.188810066E-06
    0.170951399E-06
    0.154909760E-06
    0.140486830E-06
    0.127508406E-06
    0.115817998E-06
    0.105278260E-06
    0.957669317E-07
    0.871735435E-07
    0.794040304E-07
    0.723704170E-07
    0.659970309E-07
    0.602164609E-07
    0.549685727E-07
    0.501998133E-07
    0.458617062E-07
    0.419126109E-07
    0.383141732E-07
    0.350329867E-07
    0.320386511E-07
    0.293041429E-07
    0.268054520E-07
    0.245205160E-07
    0.224303845E-07
    0.205172614E-07
    0.187658218E-07
    0.171613539E-07
    0.156912304E-07
    0.143441413E-07
    0.131092511E-07
    0.119773961E-07
    0.109397083E-07
    0.998840043E-08
    0.911624674E-08
    0.831692949E-08
    0.758431796E-08
    0.691306260E-08
    0.629812543E-08
    0.573486148E-08
    0.521928523E-08
    0.474734382E-08
    0.431563851E-08
    0.392085904E-08
    0.355999625E-08
    0.323027561E-08
    0.292926197E-08
    0.265453728E-08
    0.240394430E-08
    0.217552091E-08
    0.196739852E-08
    0.177796553E-08
    0.160558897E-08
    0.144885520E-08
    0.130646695E-08
    0.117717503E-08
    0.105986921E-08
    0.953520813E-09
    0.857203701E-09
    0.769971592E-09
    0.691085111E-09
    0.619774238E-09
    0.555407458E-09
    0.497307043E-09
    0.444911431E-09
    0.397721440E-09
    0.355227370E-09
    0.317041534E-09
    0.282702306E-09
    0.251895518E-09
    0.224244961E-09
    0.199458122E-09
    0.177264876E-09
    0.157419507E-09
    0.139693340E-09
    0.123830882E-09
    0.109700981E-09
    0.970840698E-10
    0.858633818E-10
    0.758811351E-10
    0.669954721E-10
    0.591124955E-10
    0.521059104E-10
    0.458984178E-10
    0.403956990E-10
    0.355394475E-10
    0.312335787E-10
    0.274272375E-10
    0.240727369E-10
    0.211066764E-10
    0.185035634E-10
    0.162053018E-10
    0.141841264E-10
    0.124065255E-10
    0.108461309E-10
    0.947414918E-11
    0.827322422E-11
    0.722306001E-11
    0.629851891E-11
    0.549179508E-11
    0.478517257E-11
    0.416773732E-11
    0.362874781E-11
    0.315914850E-11
    0.274699090E-11
    0.238934747E-11
    0.207684516E-11
    0.180365931E-11
    0.156735089E-11
    0.136079785E-11
    0.118119730E-11
    0.102435761E-11
    0.888790789E-12
    0.769427629E-12
    0.667243817E-12
    0.578296260E-12
    0.499752803E-12
    0.432984991E-12
    0.373632961E-12
    0.322980858E-12
    0.278658674E-12
    0.240677730E-12
    0.207263615E-12
    0.178319039E-12
    0.153373390E-12
    0.131204781E-12
    0.113135446E-12
    0.966762292E-13
    0.825861056E-13
    0.705040661E-13
    0.599133599E-13
    0.509772124E-13
    0.431515804E-13
    0.366820356E-13
    0.307317481E-13
    0.259297831E-13
    0.216369775E-13
    0.180490550E-13
    0.151361043E-13
    0.124589212E-13
    0.102406806E-13
    0.838450869E-14
    0.685522186E-14
    0.552453962E-14
    0.448416358E-14
    0.357076271E-14
    0.278766087E-14
    0.221418135E-14
    0.169870724E-14
    0.132648811E-14
    0.103171663E-14
    0.769209572E-15
    0.555359809E-15
    0.432103784E-15
    0.321551966E-15
    0.238967018E-15
    0.217502198E-15
    0.168135654E-15
    0.133673066E-15
    0.155758882E-15
    0.140836239E-15
    0.155867993E-15
    0.170063094E-15
    0.200784310E-15
    0.206813980E-15
    0.214414688E-15
    0.245022153E-15
    0.258881337E-15
    0.285385178E-15
    0.284713813E-15
    0.321018285E-15
    0.321852887E-15
    0.346705034E-15
    0.337125904E-15
    0.339366289E-15
    0.363012056E-15
    0.352288324E-15
    0.387188334E-15
    0.353232982E-15
    0.350893264E-15
    0.362601479E-15
    0.361478396E-15
    0.374839200E-15
    0.337833842E-15
    0.379287940E-15
    0.338531392E-15
    0.334586599E-15
    0.345706726E-15
    0.329098563E-15
    0.339334513E-15
    0.302127059E-15
    0.312347188E-15
    0.300352271E-15
    0.310249040E-15
    0.293798492E-15
    0.283176846E-15
    0.281510766E-15
    0.262053097E-15
    0.284424316E-15
    0.259422025E-15
    0.264854863E-15
    0.249144376E-15
    0.229779607E-15
    0.243771018E-15
    0.238995041E-15
    0.245095274E-15
    0.219917765E-15
    0.233520292E-15
    0.210317993E-15
    0.208171457E-15
    0.215714866E-15
    0.197947690E-15
    0.211319978E-15
    0.180049068E-15
    0.176765045E-15
    0.180363424E-15
    0.191682095E-15
    0.180808920E-15
    0.164993244E-15
    0.175401669E-15
    0.158771916E-15
    0.165968378E-15
    0.166937884E-15
    0.160855584E-15
    0.148770317E-15
    0.133446096E-15
    0.147834769E-15
    0.142500353E-15
    0.148160530E-15
    0.139670981E-15
    0.131753057E-15
    0.119907569E-15
    0.128364915E-15
    0.130173885E-15
    0.122295939E-15
    0.125766214E-15
    0.101838793E-15
    0.107748912E-15
    0.111970186E-15
    0.110074169E-15
    0.118672558E-15
    0.103381897E-15
    0.104898646E-15
    0.993387430E-16
    0.104789239E-15
    0.108325096E-15
    0.987409550E-16
    0.909460841E-16
    0.788164829E-16
    0.955882860E-16
    0.881137112E-16
    0.925361738E-16
    0.892635375E-16
    0.781479187E-16
    0.761350938E-16
    0.829567910E-16
    0.868538070E-16
    0.849856107E-16
    0.753811497E-16
    0.663659266E-16
    0.645083262E-16
    0.716720602E-16
    0.805846407E-16
    0.729183258E-16
    0.692474701E-16
    0.704208867E-16
    0.613843072E-16
    0.704600448E-16
    0.731525937E-16
    0.607271299E-16
    0.612757092E-16
    0.587841050E-16
    0.490215285E-16
    0.530705228E-16
    0.642450932E-16
    0.545391429E-16
    0.571392790E-16
    0.501848946E-16
    0.560790679E-16
    0.522321299E-16
    0.561664765E-16
    0.501351024E-16
    0.483102952E-16
    0.477746586E-16
    0.409505012E-16
    0.515999327E-16
    0.461865335E-16
    0.558246692E-16
    0.496741306E-16
    0.401425180E-16
    0.556951287E-16
    0.427905275E-16
    0.469612146E-16
    0.489499030E-16
    0.373890944E-16
    0.364166083E-16
    0.365531365E-16
    0.398123521E-16
    0.422062629E-16
    0.396763879E-16
    0.365244605E-16
    0.370080762E-16
    0.364382160E-16
    0.403813379E-16
    0.314761357E-16
    0.325200430E-16
    0.357234501E-16
    0.298700001E-16
    0.277560399E-16
    0.327895629E-16
    0.364121499E-16
    0.318355833E-16
    0.371447297E-16
    0.400663447E-16
    0.314396621E-16
    0.370291565E-16
    0.315075815E-16
    0.287177725E-16
    0.385798171E-16
    0.284574409E-16
    0.290754274E-16
    0.331399219E-16
    0.272861765E-16
    0.332424303E-16
    0.329882719E-16
    0.413085973E-16
    0.316769942E-16
    0.254217774E-16
    0.300272347E-16
    0.275023929E-16
    0.269605761E-16
    0.246026414E-16
    0.272648899E-16
    0.285342843E-16
    0.222086628E-16
    0.259674402E-16
    0.316687022E-16
    0.275684726E-16
    0.280024370E-16
    0.220185683E-16
    0.210420135E-16
    0.257753770E-16
    0.189156010E-16
    0.216789290E-16
    0.198218927E-16
    0.222970330E-16
    0.195443925E-16
    0.221787034E-16
    0.339610059E-16
    0.213363242E-16
    0.213060960E-16
    0.234937218E-16
    0.192512837E-16
    0.219898372E-16
    0.188600211E-16
    0.218560483E-16
    0.222149249E-16
    0.165662511E-16
    0.239629056E-16
    0.221779523E-16
    0.269308548E-16
    0.248694499E-16
    0.162876960E-16
    0.252788877E-16
    0.268180247E-16
    0.183910569E-16
    0.170727484E-16
    0.183528280E-16
    0.223881949E-16
    0.166490498E-16
    0.252745793E-16
    0.309198401E-16
    0.189270291E-16
    0.232062932E-16
    0.197279816E-16
    0.219786402E-16
    0.274347758E-16
    0.201445576E-16
    0.214026547E-16
    0.174765263E-16
    0.190107696E-16
    0.208762412E-16
    0.218457240E-16
    0.310517144E-16
    0.220767996E-16
    0.191845666E-16
    0.276205372E-16
    0.237078235E-16
    0.207116472E-16
    0.178057001E-16
    0.219500403E-16
    0.203938665E-16
    0.170653222E-16
    0.275436139E-16
    0.254861783E-16
    0.206206706E-16
    0.237126703E-16
    0.175715789E-16
    0.274531910E-16
    0.285971868E-16
    0.203522781E-16
    0.190539421E-16
    0.172920192E-16
    0.217308949E-16
    0.183981249E-16
    0.270748622E-16
    0.307836881E-16
    0.184755560E-16
    0.222686875E-16
    0.233115226E-16
    0.218777325E-16
    0.258476575E-16
    0.209830656E-16
    0.239257770E-16
    0.157117808E-16
    0.209699976E-16
    0.256043595E-16
    0.236909021E-16
    0.248847907E-16
    0.212458291E-16
    0.193340923E-16
    0.296409614E-16
    0.252085767E-16
    0.212666795E-16
    0.171470559E-16
    0.233547382E-16
    0.194539324E-16
    0.199828491E-16
    0.300567764E-16
    0.271782195E-16
    0.173593592E-16
    0.228270467E-16
    0.184361336E-16
    0.262309178E-16
    0.282010098E-16
    0.233979791E-16
    0.203958081E-16
    0.182549798E-16
    0.211825664E-16
    0.218593479E-16
    0.260992827E-16
    0.282427564E-16
    0.172025949E-16
    0.232730425E-16
    0.258942331E-16
    0.204016890E-16
    0.236423861E-16
    0.213840888E-16
    0.228399423E-16
    0.202163535E-16
    0.241646365E-16
    0.269821376E-16
    0.233426145E-16
    0.203698364E-16
    0.216000605E-16
    0.188568131E-16
    0.303412594E-16
    0.248199290E-16
    0.248691625E-16
    0.196426060E-16
    0.218448773E-16
    0.208343009E-16
    0.247809014E-16
    0.275203453E-16
    0.260853354E-16
    0.165172049E-16
    0.270457111E-16
    0.172159577E-16
    0.236045017E-16
    0.245227667E-16
    0.279155863E-16
    0.202410509E-16
    0.219017651E-16
    0.240840221E-16
    0.267175054E-16
    0.217384718E-16
    0.255441232E-16
    0.171240138E-16
    0.269827902E-16
    0.222091618E-16
    0.222035568E-16
    0.223702078E-16
    0.259422748E-16
    0.229866155E-16
    0.231805639E-16
    0.254134054E-16
    0.293913660E-16
    0.183289730E-16
    0.228817266E-16
    0.196631695E-16
    0.262930696E-16
    0.247697441E-16
    0.239963907E-16
    0.264995019E-16
    0.258222090E-16
    0.212559541E-16
    0.254371273E-16
    0.249469504E-16
    0.284861034E-16
    0.195603828E-16
    0.221590970E-16
    0.220094719E-16
    0.212600770E-16
    0.223700180E-16
    0.264023007E-16
    0.308874946E-16
    0.309725134E-16
    0.212404188E-16
    0.259552386E-16
    0.236124553E-16
    0.234732828E-16
    0.236121080E-16
    0.234500622E-16
    0.238653048E-16
    0.233796684E-16
    0.248262130E-16
    0.284453041E-16
    0.249163573E-16
    0.259257807E-16
    0.238561371E-16
    0.301480972E-16
    0.211895938E-16
    0.213856701E-16
    0.228200199E-16
    0.246943288E-16
    0.219568217E-16
    0.250499027E-16
    0.285767264E-16
    0.320965628E-16
    0.220258639E-16
    0.265431787E-16
    0.211970424E-16
    0.260828393E-16
    0.225265092E-16
    0.246992187E-16
    0.200169203E-16
    0.270470561E-16
    0.210063188E-16
    0.286369159E-16
    0.365229262E-16
    0.365430143E-16
    0.188849290E-16
    0.302299361E-16
    0.270830869E-16
    0.304079426E-16
    0.172762533E-16
    0.293111229E-16
    0.226890633E-16
    0.283380572E-16
    0.261378918E-16
    0.323044667E-16
    0.327547796E-16
    0.304703168E-16
    0.278767400E-16
    0.280132328E-16
    0.243305163E-16
    0.335468776E-16
    0.208257233E-16
    0.244191446E-16
    0.254759281E-16
    0.285825698E-16
    0.435431099E-16
    0.251182409E-16
    0.252961716E-16
    0.222504925E-16
    0.263739734E-16
    0.341931800E-16
    0.307153892E-16
    0.226349990E-16
    0.276858248E-16
    0.205437673E-16
    0.290709015E-16
    0.346177805E-16
    0.419574484E-16
    0.302436953E-16
    0.253397342E-16
    0.319163120E-16
    0.353069305E-16
    0.235873823E-16
    0.210222711E-16
    0.320282380E-16
    0.321190797E-16
    0.372483360E-16
    0.391788151E-16
    0.545949149E-16
    0.545922837E-16
    0.350470059E-16
    0.334530651E-16
    0.336256651E-16
