 #tdnd tdcion
    0.217198701E-16
    0.274285645E-16
    0.381493433E-16
    0.350259529E-16
    0.260188863E-16
    0.284688970E-16
    0.310867008E-16
    0.324771919E-16
    0.347062865E-16
    0.267450196E-16
    0.343923428E-16
    0.271760636E-16
    0.276385447E-16
    0.332217189E-16
    0.354707233E-16
    0.336694602E-16
    0.268331460E-16
    0.345799355E-16
    0.339580386E-16
    0.302538065E-16
    0.202690104E-16
    0.308256670E-16
    0.189308867E-16
    0.214317055E-16
    0.302456738E-16
    0.371993738E-16
    0.389865011E-16
    0.292248935E-16
    0.303332681E-16
    0.292693086E-16
    0.256071971E-16
    0.310161537E-16
    0.351130827E-16
    0.237282987E-16
    0.219909270E-16
    0.227600985E-16
    0.306556779E-16
    0.403108495E-16
    0.333456619E-16
    0.287644061E-16
    0.313867966E-16
    0.222855949E-16
    0.301684267E-16
    0.230671709E-16
    0.273926974E-16
    0.244821942E-16
    0.223441756E-16
    0.292034212E-16
    0.276426167E-16
    0.358044113E-16
    0.340658831E-16
    0.306395965E-16
    0.347780594E-16
    0.228515486E-16
    0.278713386E-16
    0.299819987E-16
    0.229477177E-16
    0.249029919E-16
    0.231403766E-16
    0.259240916E-16
    0.307315067E-16
    0.392270312E-16
    0.343940766E-16
    0.246569764E-16
    0.239565547E-16
    0.264159397E-16
    0.245168025E-16
    0.300965822E-16
    0.199227349E-16
    0.249924247E-16
    0.257582544E-16
    0.252544876E-16
    0.282401179E-16
    0.416688345E-16
    0.312952756E-16
    0.287212723E-16
    0.242819429E-16
    0.307797315E-16
    0.292941161E-16
    0.284658061E-16
    0.228464287E-16
    0.258748399E-16
    0.269814269E-16
    0.281894739E-16
    0.354329734E-16
    0.348950754E-16
    0.337064778E-16
    0.355951705E-16
    0.318592278E-16
    0.335362365E-16
    0.292760348E-16
    0.334328011E-16
    0.374700129E-16
    0.478456267E-16
    0.357136737E-16
    0.397922880E-16
    0.448926968E-16
    0.508787712E-16
    0.402521381E-16
    0.632017354E-16
    0.448113332E-16
    0.507193947E-16
    0.524089929E-16
    0.491390028E-16
    0.428189832E-16
    0.404134367E-16
    0.483478830E-16
    0.449154322E-16
    0.412100931E-16
    0.521413892E-16
    0.323048239E-16
    0.397717532E-16
    0.368337316E-16
    0.372967247E-16
    0.337295645E-16
    0.321951832E-16
    0.280228170E-16
    0.383492756E-16
    0.381132699E-16
    0.338243302E-16
    0.419151836E-16
    0.332669470E-16
    0.355082184E-16
    0.388740976E-16
    0.359545113E-16
    0.410347483E-16
    0.382990819E-16
    0.442435858E-16
    0.356004592E-16
    0.339875042E-16
    0.448408645E-16
    0.344408747E-16
    0.347602130E-16
    0.397199804E-16
    0.360315115E-16
    0.291579263E-16
    0.330378562E-16
    0.351118873E-16
    0.368927592E-16
    0.365605435E-16
    0.352325611E-16
    0.436267150E-16
    0.346215735E-16
    0.327892072E-16
    0.451980381E-16
    0.359713006E-16
    0.377279621E-16
    0.349675090E-16
    0.244633758E-16
    0.439788049E-16
    0.240366575E-16
    0.416485272E-16
    0.297536609E-16
    0.293253931E-16
    0.462862918E-16
    0.499450635E-16
    0.267984601E-16
    0.458015673E-16
    0.317131515E-16
    0.449311799E-16
    0.299899930E-16
    0.361434276E-16
    0.291859810E-16
    0.343691472E-16
    0.298404368E-16
    0.300217771E-16
    0.469067105E-16
    0.431818393E-16
    0.349463019E-16
    0.378306861E-16
    0.335045128E-16
    0.345944185E-16
    0.345544939E-16
    0.321837735E-16
    0.277022542E-16
    0.331780511E-16
    0.357367926E-16
    0.407836724E-16
    0.305951198E-16
    0.281228833E-16
    0.378444998E-16
    0.426567814E-16
    0.428995478E-16
    0.401779085E-16
    0.347369707E-16
    0.357110745E-16
    0.304593297E-16
    0.310983664E-16
    0.388957935E-16
    0.289528336E-16
    0.359363589E-16
    0.361315732E-16
    0.400827108E-16
    0.428346784E-16
    0.301158600E-16
    0.363729950E-16
    0.402271456E-16
    0.356834667E-16
    0.329539165E-16
    0.308794275E-16
    0.253610167E-16
    0.319618920E-16
    0.511378128E-16
    0.302524921E-16
    0.322434366E-16
    0.444748523E-16
    0.198776575E-16
    0.243744035E-16
    0.334330581E-16
    0.375680998E-16
    0.401111460E-16
    0.327903095E-16
    0.372768900E-16
    0.390556627E-16
    0.331600572E-16
    0.437476391E-16
    0.316702894E-16
    0.487851685E-16
    0.324959801E-16
    0.264857836E-16
    0.282130610E-16
    0.303356589E-16
    0.326612872E-16
    0.334775839E-16
    0.297047436E-16
    0.289306174E-16
    0.375279707E-16
    0.368509989E-16
    0.334990763E-16
    0.412376707E-16
    0.371269845E-16
    0.275386050E-16
    0.322238082E-16
    0.364631516E-16
    0.355641533E-16
    0.232704281E-16
    0.257675562E-16
    0.341578157E-16
    0.241831752E-16
    0.419088788E-16
    0.346589743E-16
    0.367404171E-16
    0.418274024E-16
    0.400546296E-16
    0.364561780E-16
    0.334956036E-16
    0.360701462E-16
    0.422206275E-16
    0.258476464E-16
    0.292480863E-16
    0.380943715E-16
    0.347584616E-16
    0.298388317E-16
    0.341557598E-16
    0.370698338E-16
    0.311498986E-16
    0.298252304E-16
    0.215294743E-16
    0.296838727E-16
    0.310999547E-16
    0.375951468E-16
    0.411191959E-16
    0.297972616E-16
    0.436273225E-16
    0.384526475E-16
    0.252476180E-16
    0.347011987E-16
    0.309668583E-16
    0.290595672E-16
    0.287100716E-16
    0.362387757E-16
    0.357927197E-16
    0.391268591E-16
    0.367127917E-16
    0.421030892E-16
    0.299496826E-16
    0.361512953E-16
    0.453809699E-16
    0.371739559E-16
    0.213323240E-16
    0.309682773E-16
    0.259707107E-16
    0.272610529E-16
    0.342210868E-16
    0.353945910E-16
    0.341237199E-16
    0.293116152E-16
    0.308589297E-16
    0.395497169E-16
    0.382515221E-16
    0.300758946E-16
    0.297891061E-16
    0.292980593E-16
    0.370678104E-16
    0.284819375E-16
    0.301776717E-16
    0.397521108E-16
    0.311873585E-16
    0.366096602E-16
    0.311850559E-16
    0.379492227E-16
    0.443742631E-16
    0.306500480E-16
    0.365065894E-16
    0.353405240E-16
    0.412703467E-16
    0.395530282E-16
    0.319206001E-16
    0.345772323E-16
    0.296273161E-16
    0.431207378E-16
    0.250626728E-16
    0.365113086E-16
    0.354409414E-16
    0.311594578E-16
    0.335042407E-16
    0.261384619E-16
    0.339056636E-16
    0.234786885E-16
    0.427901974E-16
    0.246107931E-16
    0.316456833E-16
    0.532457412E-16
    0.415723111E-16
    0.331666733E-16
    0.374505697E-16
    0.382135353E-16
    0.346452153E-16
    0.317924044E-16
    0.325126296E-16
    0.290035224E-16
    0.420364560E-16
    0.282929126E-16
    0.417294540E-16
    0.392720516E-16
    0.302571069E-16
    0.453561290E-16
    0.365303271E-16
    0.338657565E-16
    0.334952459E-16
    0.295327659E-16
    0.226331426E-16
    0.353136123E-16
    0.372745900E-16
    0.378403611E-16
    0.366490138E-16
    0.344464313E-16
    0.382714532E-16
    0.326969798E-16
    0.349382900E-16
    0.329933318E-16
    0.319148385E-16
    0.322764210E-16
    0.343203983E-16
    0.310938182E-16
    0.327096002E-16
    0.500170931E-16
    0.379134057E-16
    0.312108083E-16
    0.333157347E-16
    0.393400906E-16
    0.363713912E-16
    0.388347569E-16
    0.363064200E-16
    0.325032791E-16
    0.382073432E-16
    0.434510285E-16
    0.400692456E-16
    0.394793660E-16
    0.397582579E-16
    0.354396506E-16
    0.324447205E-16
    0.306677800E-16
    0.387170493E-16
    0.283677109E-16
    0.304640020E-16
    0.357982850E-16
    0.366705271E-16
    0.316461147E-16
    0.431004483E-16
    0.445719770E-16
    0.430191199E-16
    0.303470307E-16
    0.398057382E-16
    0.439395800E-16
    0.389833675E-16
    0.285200819E-16
    0.331890821E-16
    0.401154379E-16
    0.426492382E-16
    0.487731546E-16
    0.328050152E-16
    0.390844057E-16
    0.378923482E-16
    0.352317835E-16
    0.372900255E-16
    0.323969838E-16
    0.510971079E-16
    0.286947662E-16
    0.341346318E-16
    0.393814747E-16
    0.351661491E-16
    0.388554605E-16
    0.388856247E-16
    0.378684813E-16
    0.338499538E-16
    0.399311358E-16
    0.477900430E-16
    0.303555185E-16
    0.430686373E-16
    0.339114808E-16
    0.322706106E-16
    0.411338265E-16
    0.390637679E-16
    0.302967320E-16
    0.393447159E-16
    0.337549214E-16
    0.430064148E-16
    0.531247479E-16
    0.338510801E-16
    0.406397985E-16
    0.429395572E-16
    0.487343699E-16
    0.290233063E-16
    0.470336773E-16
    0.362742665E-16
    0.412486203E-16
    0.371319950E-16
    0.391935092E-16
    0.534627004E-16
    0.472222679E-16
    0.345003698E-16
    0.407530984E-16
    0.337081049E-16
    0.454424975E-16
    0.387505014E-16
    0.482500797E-16
    0.434125496E-16
    0.454356418E-16
    0.303213193E-16
    0.558110940E-16
    0.605059473E-16
    0.397879239E-16
    0.416431723E-16
    0.550504551E-16
    0.395228598E-16
    0.464157550E-16
    0.367806026E-16
    0.413188265E-16
    0.508725037E-16
    0.524518112E-16
    0.408662847E-16
    0.589700363E-16
    0.715349481E-16
    0.437949663E-16
    0.456492154E-16
    0.534180787E-16
    0.345914305E-16
    0.570312573E-16
    0.371718313E-16
    0.438460610E-16
    0.519950475E-16
    0.460011765E-16
    0.503622538E-16
    0.513912214E-16
    0.534430373E-16
    0.414068547E-16
    0.548160547E-16
    0.556061557E-16
    0.371937916E-16
    0.651065696E-16
    0.472908184E-16
    0.521631112E-16
    0.483283170E-16
    0.468066728E-16
    0.510051509E-16
    0.499607474E-16
    0.581398348E-16
    0.540594498E-16
    0.448857907E-16
    0.516919935E-16
    0.555365533E-16
    0.627975995E-16
    0.444793537E-16
    0.590533534E-16
    0.465897284E-16
    0.559372574E-16
    0.416208156E-16
    0.464807902E-16
    0.661953861E-16
    0.506189874E-16
    0.442306134E-16
    0.514941853E-16
    0.615987147E-16
    0.523776342E-16
    0.663975248E-16
    0.620668503E-16
    0.626231613E-16
    0.644883766E-16
    0.503014382E-16
    0.660672635E-16
    0.671388025E-16
    0.640723440E-16
    0.515968699E-16
    0.740631177E-16
    0.740454907E-16
    0.539166160E-16
    0.698457996E-16
    0.603112377E-16
    0.775844701E-16
    0.676383879E-16
    0.697085055E-16
    0.881022560E-16
    0.893623506E-16
    0.810271657E-16
    0.770152516E-16
    0.924650534E-16
    0.527324972E-16
    0.755278554E-16
    0.711507250E-16
    0.735192763E-16
    0.966025200E-16
    0.733506616E-16
    0.933021005E-16
    0.877182827E-16
    0.910069207E-16
    0.851158730E-16
    0.109821904E-15
    0.107222484E-15
    0.841907092E-16
    0.117652788E-15
    0.890097849E-16
    0.109229879E-15
    0.850474988E-16
    0.909886231E-16
    0.977651456E-16
    0.848532001E-16
    0.109875426E-15
    0.110027199E-15
    0.110508750E-15
    0.105204561E-15
    0.103347071E-15
    0.127842499E-15
    0.931387032E-16
    0.140202624E-15
    0.104249278E-15
    0.115802149E-15
    0.985053584E-16
    0.804345526E-16
    0.111946102E-15
    0.109798009E-15
    0.971690771E-16
    0.122821138E-15
    0.122341371E-15
    0.123653840E-15
    0.123441018E-15
    0.120695701E-15
    0.105833729E-15
    0.129461377E-15
    0.104525910E-15
    0.112657288E-15
    0.144166292E-15
    0.138161957E-15
    0.113767329E-15
    0.141871406E-15
    0.112751226E-15
    0.108168573E-15
    0.122335827E-15
    0.133060204E-15
    0.147796767E-15
    0.150976655E-15
    0.130286758E-15
    0.142298991E-15
    0.158552431E-15
    0.126358412E-15
    0.121802904E-15
    0.158104739E-15
    0.121740915E-15
    0.140313642E-15
    0.134407977E-15
    0.152467599E-15
    0.167732138E-15
    0.135562550E-15
    0.161796252E-15
    0.171297105E-15
    0.190425955E-15
    0.175253200E-15
    0.182965132E-15
    0.181848761E-15
    0.155004035E-15
    0.172426321E-15
    0.146706048E-15
    0.196317020E-15
    0.191006840E-15
    0.174446976E-15
    0.206797516E-15
    0.181863620E-15
    0.187411674E-15
    0.211691965E-15
    0.194885601E-15
    0.222453370E-15
    0.222286601E-15
    0.252920787E-15
    0.221335247E-15
    0.266449301E-15
    0.206236946E-15
    0.205397827E-15
    0.207405288E-15
    0.185877054E-15
    0.232317906E-15
    0.257886601E-15
    0.253659555E-15
    0.279682600E-15
    0.262073782E-15
    0.255429275E-15
    0.255791554E-15
    0.285400792E-15
    0.260754403E-15
    0.303056668E-15
    0.286497125E-15
    0.256418181E-15
    0.302726071E-15
    0.279727889E-15
    0.260739279E-15
    0.286940593E-15
    0.284605352E-15
    0.298480484E-15
    0.308397942E-15
    0.317820261E-15
    0.337441840E-15
    0.335919337E-15
    0.286997218E-15
    0.331391546E-15
    0.379685508E-15
    0.360639766E-15
    0.346567618E-15
    0.379641923E-15
    0.331341437E-15
    0.341546484E-15
    0.305175287E-15
    0.347686288E-15
    0.406948597E-15
    0.373207059E-15
    0.388569776E-15
    0.438393639E-15
    0.444811875E-15
    0.399154372E-15
    0.384130978E-15
    0.418305115E-15
    0.398591138E-15
    0.456239703E-15
    0.417901975E-15
    0.484028582E-15
    0.472302432E-15
    0.404771449E-15
    0.429414620E-15
    0.451835498E-15
    0.488923237E-15
    0.476285274E-15
    0.486271710E-15
    0.547817664E-15
    0.521515522E-15
    0.538874231E-15
    0.469357107E-15
    0.572693322E-15
    0.520945115E-15
    0.536315874E-15
    0.560952439E-15
    0.586935726E-15
    0.583298567E-15
    0.544035161E-15
    0.541405151E-15
    0.609620243E-15
    0.606961088E-15
    0.625858914E-15
    0.605414258E-15
    0.695487224E-15
    0.631300974E-15
    0.660753522E-15
    0.621333566E-15
    0.649045925E-15
    0.660572997E-15
    0.667979711E-15
    0.697729930E-15
    0.748506629E-15
    0.720757528E-15
    0.695117604E-15
    0.660384456E-15
    0.719409392E-15
    0.748021588E-15
    0.776384598E-15
    0.738848818E-15
    0.822629154E-15
    0.790889928E-15
    0.784604878E-15
    0.772922472E-15
    0.815701188E-15
    0.765737357E-15
    0.795848365E-15
    0.778937474E-15
    0.864176331E-15
    0.888332260E-15
    0.833496948E-15
    0.780465566E-15
    0.872699594E-15
    0.825536873E-15
    0.872152022E-15
    0.861264940E-15
    0.917218441E-15
    0.848913412E-15
    0.890853475E-15
    0.823637779E-15
    0.928801524E-15
    0.908507658E-15
    0.830731576E-15
    0.844442310E-15
    0.921129136E-15
    0.875363762E-15
    0.893005191E-15
    0.843397865E-15
    0.904355712E-15
    0.876107103E-15
    0.906054619E-15
    0.862305007E-15
    0.959884151E-15
    0.921748920E-15
    0.865884753E-15
    0.885924826E-15
    0.961785189E-15
    0.950515879E-15
    0.999849182E-15
    0.971528356E-15
    0.108717146E-14
    0.112105688E-14
    0.115407142E-14
    0.118643993E-14
    0.130070144E-14
    0.144114503E-14
    0.156025613E-14
    0.167329306E-14
    0.195221474E-14
    0.216596402E-14
    0.237912779E-14
    0.261096915E-14
    0.305330691E-14
    0.343029472E-14
    0.394260515E-14
    0.440206624E-14
    0.510680661E-14
    0.604616956E-14
    0.689541810E-14
    0.763292647E-14
    0.911509633E-14
    0.104140906E-13
    0.119105685E-13
    0.136765317E-13
    0.159470672E-13
    0.183149754E-13
    0.211512088E-13
    0.239105627E-13
    0.278467177E-13
    0.322394805E-13
    0.367119864E-13
    0.415891480E-13
    0.486304625E-13
    0.551719968E-13
    0.632089169E-13
    0.723997652E-13
    0.833753802E-13
    0.955820712E-13
    0.109406364E-12
    0.124458488E-12
    0.143244040E-12
    0.164059331E-12
    0.186055492E-12
    0.212448888E-12
    0.244500791E-12
    0.277648588E-12
    0.317347207E-12
    0.362087450E-12
    0.414046185E-12
    0.472155208E-12
    0.537771461E-12
    0.612588101E-12
    0.701391264E-12
    0.799100402E-12
    0.908866718E-12
    0.103719791E-11
    0.118521429E-11
    0.134659707E-11
    0.153728315E-11
    0.175154882E-11
    0.199912706E-11
    0.227523567E-11
    0.258978319E-11
    0.294883000E-11
    0.336322352E-11
    0.382515533E-11
    0.435221924E-11
    0.496263825E-11
    0.565047715E-11
    0.642641957E-11
    0.731764643E-11
    0.832948703E-11
    0.947938600E-11
    0.107809461E-10
    0.122583783E-10
    0.139529621E-10
    0.158698878E-10
    0.180366918E-10
    0.204976188E-10
    0.233165139E-10
    0.264847664E-10
    0.300909497E-10
    0.341882217E-10
    0.388400741E-10
    0.440974218E-10
    0.500503038E-10
    0.568023173E-10
    0.644822870E-10
    0.731543386E-10
    0.829653207E-10
    0.941017812E-10
    0.106721086E-09
    0.120939224E-09
    0.137052050E-09
    0.155280195E-09
    0.175889995E-09
    0.199146494E-09
    0.225430286E-09
    0.255141761E-09
    0.288724570E-09
    0.326536320E-09
    0.369238177E-09
    0.417449297E-09
    0.471835449E-09
    0.533041890E-09
    0.602140826E-09
    0.679950020E-09
    0.767616397E-09
    0.866201286E-09
    0.977274949E-09
    0.110228277E-08
    0.124294921E-08
    0.140095097E-08
    0.157873207E-08
    0.177853268E-08
    0.200289408E-08
    0.225478350E-08
    0.253771351E-08
    0.285527542E-08
    0.321147748E-08
    0.361098185E-08
    0.405895620E-08
    0.456124737E-08
    0.512378697E-08
    0.575391274E-08
    0.645964792E-08
    0.724979226E-08
    0.813353649E-08
    0.912237434E-08
    0.102280437E-07
    0.114642491E-07
    0.128453227E-07
    0.143884191E-07
    0.161116900E-07
    0.180358345E-07
    0.201826251E-07
    0.225779269E-07
    0.252495848E-07
    0.282279187E-07
    0.315469729E-07
    0.352453480E-07
    0.393645626E-07
    0.439510510E-07
    0.490555945E-07
    0.547353721E-07
    0.610528473E-07
    0.680775077E-07
    0.758848611E-07
    0.845609590E-07
    0.941982969E-07
    0.104898934E-06
    0.116776495E-06
    0.129957375E-06
    0.144577926E-06
    0.160791677E-06
    0.178764227E-06
    0.198681270E-06
    0.220744454E-06
    0.245177873E-06
    0.272224843E-06
    0.302158301E-06
    0.335272111E-06
    0.371891295E-06
    0.412375761E-06
    0.457117091E-06
    0.506545777E-06
    0.561134381E-06
    0.621400549E-06
    0.687910119E-06
    0.761289462E-06
    0.842216219E-06
    0.931439182E-06
    0.102977278E-05
    0.113811141E-05
    0.125742562E-05
    0.138879442E-05
    0.153337457E-05
    0.169244909E-05
    0.186740503E-05
    0.205976155E-05
    0.227117155E-05
    0.250345206E-05
    0.275856622E-05
    0.303866595E-05
    0.334609066E-05
    0.368338458E-05
    0.405332098E-05
    0.445892539E-05
    0.490346939E-05
    0.539053159E-05
    0.592398734E-05
    0.650804168E-05
    0.714727836E-05
    0.784667131E-05
    0.861160330E-05
    0.944791886E-05
    0.103619628E-04
    0.113605951E-04
    0.124512678E-04
    0.136420477E-04
    0.149416467E-04
    0.163595267E-04
    0.179058772E-04
    0.195917340E-04
    0.214290441E-04
    0.234307087E-04
    0.256106329E-04
    0.279838442E-04
    0.305665647E-04
    0.333762543E-04
    0.364317925E-04
    0.397534745E-04
    0.433632035E-04
    0.472845347E-04
    0.515428220E-04
    0.561653285E-04
    0.611814425E-04
    0.666226790E-04
    0.725229286E-04
    0.789185682E-04
    0.858487274E-04
    0.933552778E-04
    0.101483271E-03
    0.110280882E-03
    0.119799869E-03
    0.130095543E-03
    0.141227236E-03
    0.153258411E-03
    0.166257040E-03
    0.180295752E-03
    0.195452161E-03
    0.211809273E-03
    0.229455702E-03
    0.248486060E-03
    0.269001316E-03
    0.291109226E-03
    0.314924636E-03
    0.340569860E-03
    0.368175358E-03
    0.397879911E-03
    0.429831321E-03
    0.464186823E-03
    0.501113513E-03
    0.540789205E-03
    0.583402636E-03
    0.629154321E-03
    0.678256991E-03
    0.730936664E-03
    0.787432653E-03
    0.847998850E-03
    0.912904396E-03
    0.982434011E-03
    0.105688939E-02
    0.113658965E-02
    0.122187218E-02
    0.131309394E-02
    0.141063178E-02
    0.151488395E-02
    0.162627059E-02
    0.174523569E-02
    0.187224636E-02
    0.200779610E-02
    0.215240430E-02
    0.230661786E-02
    0.247101289E-02
    0.264619534E-02
    0.283280228E-02
    0.303150347E-02
    0.324300239E-02
    0.346803758E-02
    0.370738437E-02
    0.396185640E-02
    0.423230551E-02
    0.451962588E-02
    0.482475270E-02
    0.514866510E-02
    0.549238814E-02
    0.585699306E-02
    0.624359969E-02
    0.665337722E-02
    0.708754697E-02
    0.754738193E-02
    0.803421105E-02
    0.854941818E-02
    0.909444460E-02
    0.967079157E-02
    0.102800195E-01
    0.109237511E-01
    0.116036734E-01
    0.123215370E-01
    0.130791589E-01
    0.138784226E-01
    0.147212816E-01
    0.156097569E-01
    0.165459430E-01
    0.175320033E-01
    0.185701755E-01
    0.196627695E-01
    0.208121692E-01
    0.220208328E-01
    0.232912943E-01
    0.246261619E-01
    0.260281186E-01
    0.274999223E-01
    0.290444064E-01
    0.306644767E-01
    0.323631142E-01
    0.341433711E-01
    0.360083716E-01
    0.379613086E-01
    0.400054444E-01
    0.421441060E-01
    0.443806853E-01
    0.467186355E-01
    0.491614660E-01
    0.517127439E-01
    0.543760864E-01
    0.571551587E-01
    0.600536677E-01
    0.630753624E-01
    0.662240203E-01
    0.695034503E-01
    0.729174826E-01
    0.764699621E-01
    0.801647440E-01
    0.840056853E-01
    0.879966350E-01
    0.921414311E-01
    0.964438878E-01
    0.100907788E+00
    0.105536872E+00
    0.110334837E+00
    0.115305311E+00
    0.120451855E+00
    0.125777949E+00
    0.131286974E+00
    0.136982212E+00
    0.142866823E+00
    0.148943839E+00
    0.155216149E+00
    0.161686485E+00
    0.168357408E+00
    0.175231299E+00
    0.182310342E+00
    0.189596506E+00
    0.197091540E+00
    0.204796952E+00
    0.212713994E+00
    0.220843652E+00
    0.229186632E+00
    0.237743341E+00
    0.246513876E+00
    0.255498013E+00
    0.264695183E+00
    0.274104478E+00
    0.283724618E+00
    0.293553949E+00
    0.303590430E+00
    0.313831622E+00
    0.324274672E+00
    0.334916314E+00
    0.345752851E+00
    0.356780146E+00
    0.367993618E+00
    0.379388237E+00
    0.390958513E+00
    0.402698499E+00
    0.414601777E+00
    0.426661469E+00
    0.438870220E+00
    0.451220218E+00
    0.463703171E+00
    0.476310334E+00
    0.489032500E+00
    0.501860005E+00
    0.514782739E+00
    0.527790156E+00
    0.540871282E+00
    0.554014718E+00
    0.567208672E+00
    0.580440953E+00
    0.593698999E+00
    0.606969896E+00
    0.620240383E+00
    0.633496885E+00
    0.646725535E+00
    0.659912180E+00
    0.673042427E+00
    0.686101654E+00
    0.699075046E+00
    0.711947603E+00
    0.724704200E+00
    0.737329583E+00
    0.749808425E+00
    0.762125342E+00
    0.774264931E+00
    0.786211799E+00
    0.797950602E+00
    0.809466067E+00
    0.820743037E+00
    0.831766498E+00
    0.842521615E+00
    0.852993755E+00
    0.863168552E+00
    0.873031896E+00
    0.882569999E+00
    0.891769418E+00
    0.900617076E+00
    0.909100308E+00
    0.917206884E+00
    0.924925043E+00
    0.932243508E+00
    0.939151538E+00
    0.945638917E+00
    0.951696018E+00
    0.957313805E+00
    0.962483852E+00
    0.967198372E+00
    0.971450242E+00
    0.975232997E+00
    0.978540868E+00
    0.981368790E+00
    0.983712408E+00
    0.985568088E+00
    0.986932933E+00
    0.987804780E+00
    0.988182214E+00
    0.988064565E+00
    0.987451904E+00
    0.986345051E+00
    0.984745574E+00
    0.982655769E+00
    0.980078670E+00
    0.977018036E+00
    0.973478336E+00
    0.969464740E+00
    0.964983106E+00
    0.960039972E+00
    0.954642524E+00
    0.948798593E+00
    0.942516628E+00
    0.935805675E+00
    0.928675364E+00
    0.921135869E+00
    0.913197900E+00
    0.904872671E+00
    0.896171870E+00
    0.887107640E+00
    0.877692542E+00
    0.867939545E+00
    0.857861955E+00
    0.847473442E+00
    0.836787964E+00
    0.825819755E+00
    0.814583297E+00
    0.803093280E+00
    0.791364573E+00
    0.779412197E+00
    0.767251292E+00
    0.754897078E+00
    0.742364843E+00
    0.729669893E+00
    0.716827523E+00
    0.703853011E+00
    0.690761561E+00
    0.677568281E+00
    0.664288172E+00
    0.650936080E+00
    0.637526680E+00
    0.624074449E+00
    0.610593644E+00
    0.597098272E+00
    0.583602078E+00
    0.570118505E+00
    0.556660698E+00
    0.543241468E+00
    0.529873280E+00
    0.516568231E+00
    0.503338044E+00
    0.490194045E+00
    0.477147152E+00
    0.464207868E+00
    0.451386264E+00
    0.438691976E+00
    0.426134189E+00
    0.413721639E+00
    0.401462606E+00
    0.389364901E+00
    0.377435880E+00
    0.365682422E+00
    0.354110946E+00
    0.342727405E+00
    0.331537285E+00
    0.320545612E+00
    0.309756954E+00
    0.299175433E+00
    0.288804712E+00
    0.278648032E+00
    0.268708190E+00
    0.258987564E+00
    0.249488125E+00
    0.240211433E+00
    0.231158660E+00
    0.222330600E+00
    0.213727677E+00
    0.205349958E+00
    0.197197171E+00
    0.189268712E+00
    0.181563663E+00
    0.174080807E+00
    0.166818634E+00
    0.159775368E+00
    0.152948974E+00
    0.146337171E+00
    0.139937451E+00
    0.133747095E+00
    0.127763181E+00
    0.121982604E+00
    0.116402088E+00
    0.111018202E+00
    0.105827375E+00
    0.100825901E+00
    0.960099638E-01
    0.913756455E-01
    0.869189367E-01
    0.826357520E-01
    0.785219409E-01
    0.745732996E-01
    0.707855815E-01
    0.671545101E-01
    0.636757844E-01
    0.603450948E-01
    0.571581286E-01
    0.541105773E-01
    0.511981525E-01
    0.484165827E-01
    0.457616304E-01
    0.432290949E-01
    0.408148173E-01
    0.385146895E-01
    0.363246594E-01
    0.342407340E-01
    0.322589844E-01
    0.303755537E-01
    0.285866546E-01
    0.268885787E-01
    0.252776967E-01
    0.237504591E-01
    0.223034036E-01
    0.209331534E-01
    0.196364178E-01
    0.184099976E-01
    0.172507828E-01
    0.161557538E-01
    0.151219829E-01
    0.141466338E-01
    0.132269612E-01
    0.123603117E-01
    0.115441213E-01
    0.107759168E-01
    0.100533139E-01
    0.937401611E-02
    0.873581371E-02
    0.813658300E-02
    0.757428334E-02
    0.704695746E-02
    0.655272879E-02
    0.608979899E-02
    0.565644827E-02
    0.525103099E-02
    0.487197548E-02
    0.451778183E-02
    0.418701848E-02
    0.387832205E-02
    0.359039424E-02
    0.332199944E-02
    0.307196324E-02
    0.283917073E-02
    0.262256300E-02
    0.242113616E-02
    0.223393934E-02
    0.206007157E-02
    0.189868135E-02
    0.174896327E-02
    0.161015642E-02
    0.148154327E-02
    0.136244676E-02
    0.125222866E-02
    0.115028860E-02
    0.105606133E-02
    0.969015431E-03
    0.888651810E-03
    0.814501837E-03
    0.746126040E-03
    0.683112503E-03
    0.625075312E-03
    0.571653342E-03
    0.522509033E-03
    0.477326659E-03
    0.435811592E-03
    0.397688921E-03
    0.362702097E-03
    0.330612356E-03
    0.301197208E-03
    0.274249697E-03
    0.249577490E-03
    0.227001751E-03
    0.206356561E-03
    0.187488011E-03
    0.170253308E-03
    0.154520269E-03
    0.140166549E-03
    0.127078825E-03
    0.115152450E-03
    0.104290778E-03
    0.944045080E-04
    0.854112990E-04
    0.772352516E-04
    0.698063926E-04
    0.630604078E-04
    0.569380477E-04
    0.513848244E-04
    0.463507955E-04
    0.417899956E-04
    0.376602740E-04
    0.339230490E-04
    0.305429076E-04
    0.274874642E-04
    0.247270557E-04
    0.222345788E-04
    0.199852702E-04
    0.179565232E-04
    0.161276807E-04
    0.144799296E-04
    0.129961392E-04
    0.116606619E-04
    0.104593098E-04
    0.937914947E-05
    0.840842685E-05
    0.753648411E-05
    0.675363073E-05
    0.605108500E-05
    0.542089381E-05
    0.485583732E-05
    0.434938957E-05
    0.389565463E-05
    0.348928311E-05
    0.312546513E-05
    0.279984928E-05
    0.250850234E-05
    0.224788603E-05
    0.201481321E-05
    0.180641763E-05
    0.162010937E-05
    0.145357434E-05
    0.130471572E-05
    0.117167069E-05
    0.105275343E-05
    0.946452378E-06
    0.851427194E-06
    0.766460151E-06
    0.690471511E-06
    0.622491128E-06
    0.561655520E-06
    0.507191484E-06
    0.458406895E-06
    0.414687095E-06
    0.375480659E-06
    0.340301510E-06
    0.308710232E-06
    0.280318192E-06
    0.254781621E-06
    0.231790466E-06
    0.211072717E-06
    0.192384012E-06
    0.175507722E-06
    0.160251825E-06
    0.146445176E-06
    0.133936134E-06
    0.122589280E-06
    0.112284948E-06
    0.102916503E-06
    0.943881921E-07
    0.866165953E-07
    0.795265084E-07
    0.730511560E-07
    0.671309710E-07
    0.617122475E-07
    0.567481637E-07
    0.521964695E-07
    0.480195149E-07
    0.441829305E-07
    0.406564845E-07
    0.374132923E-07
    0.344281227E-07
    0.316796941E-07
    0.291478145E-07
    0.268144162E-07
    0.246632573E-07
    0.226795178E-07
    0.208498975E-07
    0.191622807E-07
    0.176056099E-07
    0.161693446E-07
    0.148443790E-07
    0.136223577E-07
    0.124952526E-07
    0.114561694E-07
    0.104982586E-07
    0.961535809E-08
    0.880195742E-08
    0.805290075E-08
    0.736335500E-08
    0.672884390E-08
    0.614534357E-08
    0.560880918E-08
    0.511582143E-08
    0.466318485E-08
    0.424771916E-08
    0.386674439E-08
    0.351743899E-08
    0.319740719E-08
    0.290444864E-08
    0.263644442E-08
    0.239146115E-08
    0.216756415E-08
    0.196325621E-08
    0.177676710E-08
    0.160679106E-08
    0.145199361E-08
    0.131103584E-08
    0.118291345E-08
    0.106638767E-08
    0.960611499E-09
    0.864616303E-09
    0.777607697E-09
    0.698777288E-09
    0.627394630E-09
    0.562900477E-09
    0.504554668E-09
    0.451924223E-09
    0.404427560E-09
    0.361606851E-09
    0.323076046E-09
    0.288378024E-09
    0.257206280E-09
    0.229203659E-09
    0.204077945E-09
    0.181538383E-09
    0.161355695E-09
    0.143309924E-09
    0.127153091E-09
    0.112736341E-09
    0.998556962E-10
    0.883725175E-10
    0.781543544E-10
    0.690529063E-10
    0.609620767E-10
    0.537752273E-10
    0.473904818E-10
    0.417309524E-10
    0.367232804E-10
    0.322916992E-10
    0.283693286E-10
    0.249029623E-10
    0.218431636E-10
    0.191443103E-10
    0.167745199E-10
    0.146833744E-10
    0.128425715E-10
    0.112267083E-10
    0.980452031E-11
    0.856224443E-11
    0.747135647E-11
    0.651729246E-11
    0.567947643E-11
    0.494707709E-11
    0.430778125E-11
    0.374873246E-11
    0.326476490E-11
    0.283877356E-11
    0.246708988E-11
    0.214399926E-11
    0.186296405E-11
    0.161955336E-11
    0.140625834E-11
    0.122142322E-11
    0.105956294E-11
    0.919952714E-12
    0.798110645E-12
    0.692470478E-12
    0.601784202E-12
    0.521362874E-12
    0.451703092E-12
    0.391667820E-12
    0.339842635E-12
    0.294476848E-12
    0.255084784E-12
    0.220748000E-12
    0.191077220E-12
    0.165486662E-12
    0.142862535E-12
    0.123469558E-12
    0.106814962E-12
    0.920058667E-13
    0.791500074E-13
    0.682861866E-13
    0.587003054E-13
    0.503083309E-13
    0.431876359E-13
    0.368793744E-13
    0.315893973E-13
    0.268877141E-13
    0.227936271E-13
    0.193157029E-13
    0.164475301E-13
    0.138438326E-13
    0.116118190E-13
    0.979342362E-14
    0.810560730E-14
    0.677861977E-14
    0.565379258E-14
    0.466583908E-14
    0.388736076E-14
    0.314572271E-14
    0.254547285E-14
    0.207307214E-14
    0.172427647E-14
    0.138329470E-14
    0.111183859E-14
    0.914850492E-15
    0.727977658E-15
    0.576194845E-15
    0.504400933E-15
    0.414008582E-15
    0.363661125E-15
    0.320018494E-15
    0.287900965E-15
    0.262908484E-15
    0.246743534E-15
    0.244111256E-15
    0.260884519E-15
    0.273404342E-15
    0.265950351E-15
    0.293091004E-15
    0.287683482E-15
    0.288735118E-15
    0.312781821E-15
    0.323180696E-15
    0.346299333E-15
    0.335696640E-15
    0.343664707E-15
    0.335676321E-15
    0.352963605E-15
    0.375460545E-15
    0.382479918E-15
    0.369699786E-15
    0.359366205E-15
    0.378332707E-15
    0.363033671E-15
    0.372358062E-15
    0.372509526E-15
    0.347330310E-15
    0.354520262E-15
    0.343398220E-15
    0.339069471E-15
    0.351274287E-15
    0.336824892E-15
    0.331492061E-15
    0.315815095E-15
    0.340946489E-15
    0.304118554E-15
    0.316206264E-15
    0.312213152E-15
    0.286628958E-15
    0.293939318E-15
    0.281486926E-15
    0.274562049E-15
    0.278019128E-15
    0.280583897E-15
    0.259267703E-15
    0.244903968E-15
    0.268219478E-15
    0.237530647E-15
    0.243799743E-15
    0.237307938E-15
    0.227028816E-15
    0.214499239E-15
    0.222201602E-15
    0.209196955E-15
    0.217776410E-15
    0.219513096E-15
    0.193681237E-15
    0.195988440E-15
    0.214091909E-15
    0.187759493E-15
    0.192449936E-15
    0.185150188E-15
    0.172875613E-15
    0.162615493E-15
    0.177167367E-15
    0.158770435E-15
    0.166624229E-15
    0.161735466E-15
    0.147677773E-15
    0.152746231E-15
    0.150640516E-15
    0.148147085E-15
    0.150525074E-15
    0.139654187E-15
    0.131950123E-15
    0.125185566E-15
    0.141282174E-15
    0.127922065E-15
    0.135740791E-15
    0.124652615E-15
    0.117030896E-15
    0.124905508E-15
    0.117942168E-15
    0.121948258E-15
    0.121153369E-15
    0.103651458E-15
    0.103235879E-15
    0.983447096E-16
    0.105603647E-15
    0.102854591E-15
    0.102761707E-15
    0.954956374E-16
    0.913280063E-16
    0.957641284E-16
    0.961584076E-16
    0.944965726E-16
    0.987431346E-16
    0.856605486E-16
    0.829338476E-16
    0.862752905E-16
    0.821305517E-16
    0.842696064E-16
    0.807089862E-16
    0.840083083E-16
    0.744987473E-16
    0.733289188E-16
    0.813698486E-16
    0.644740672E-16
    0.790807659E-16
    0.703313022E-16
    0.639713304E-16
    0.679846785E-16
    0.584909054E-16
    0.618722018E-16
    0.600588894E-16
    0.695146804E-16
    0.615738425E-16
    0.607078541E-16
    0.654036263E-16
    0.501213024E-16
    0.689625237E-16
    0.629917559E-16
    0.607110635E-16
    0.555384983E-16
    0.534086719E-16
    0.538714467E-16
    0.502800911E-16
    0.584970607E-16
    0.526877162E-16
    0.487939602E-16
    0.523683507E-16
    0.456838645E-16
    0.487292140E-16
    0.525234011E-16
    0.514662737E-16
    0.333240049E-16
    0.438309993E-16
    0.379240334E-16
    0.401106883E-16
    0.423034477E-16
    0.406942606E-16
    0.363057026E-16
    0.420846242E-16
    0.391866089E-16
    0.374483353E-16
    0.464062606E-16
    0.466062277E-16
    0.299152309E-16
    0.377900348E-16
    0.371635774E-16
    0.400246531E-16
    0.366497802E-16
    0.416492198E-16
    0.346766135E-16
    0.402796906E-16
    0.408129138E-16
    0.378435440E-16
    0.412578341E-16
    0.443401733E-16
    0.313347335E-16
    0.305715158E-16
    0.311453948E-16
    0.318757845E-16
    0.353949846E-16
    0.352783575E-16
    0.326934744E-16
    0.308059960E-16
    0.357537344E-16
    0.323088100E-16
    0.330763295E-16
    0.337359997E-16
    0.261397042E-16
    0.232852745E-16
    0.191885719E-16
    0.288210519E-16
    0.273981011E-16
    0.220594462E-16
    0.273627936E-16
    0.229804968E-16
    0.309131427E-16
    0.310288590E-16
    0.321209408E-16
    0.221176132E-16
    0.212979886E-16
    0.226616294E-16
    0.134300928E-16
    0.237723252E-16
    0.257291890E-16
    0.194977096E-16
    0.234916184E-16
    0.211570911E-16
    0.257251964E-16
    0.312954519E-16
    0.317338490E-16
    0.211892632E-16
    0.194301805E-16
    0.232214822E-16
    0.133032225E-16
    0.219209059E-16
    0.272272042E-16
    0.207336128E-16
    0.233501392E-16
    0.209453930E-16
    0.225978422E-16
    0.293345003E-16
    0.338099613E-16
    0.213012758E-16
    0.187135860E-16
    0.240662058E-16
    0.168878980E-16
    0.208948537E-16
    0.252816233E-16
    0.237932340E-16
    0.257779017E-16
    0.222074306E-16
    0.242620318E-16
    0.283856109E-16
    0.298559667E-16
    0.210506581E-16
    0.179609343E-16
    0.226771624E-16
    0.211983032E-16
    0.214160290E-16
    0.234528696E-16
    0.249413230E-16
    0.276857249E-16
    0.254218505E-16
    0.244567463E-16
    0.278710168E-16
    0.282801764E-16
    0.226599410E-16
    0.170912259E-16
    0.199079668E-16
    0.244885741E-16
    0.233945099E-16
    0.206873908E-16
    0.251841762E-16
    0.296485683E-16
    0.273130283E-16
    0.275581966E-16
    0.297026768E-16
    0.252464165E-16
    0.232803847E-16
    0.176413174E-16
    0.184998775E-16
    0.244165502E-16
    0.244935383E-16
    0.205801809E-16
    0.242494123E-16
    0.284501436E-16
    0.296378351E-16
    0.303589306E-16
    0.292716304E-16
    0.237685793E-16
    0.256970894E-16
    0.190837240E-16
    0.167261262E-16
    0.259986789E-16
    0.254285590E-16
    0.203927713E-16
    0.246963344E-16
    0.267532124E-16
    0.292099955E-16
    0.304479377E-16
    0.300575631E-16
    0.227587510E-16
    0.257885889E-16
    0.218978324E-16
    0.191371259E-16
    0.247862140E-16
    0.248457672E-16
    0.228574636E-16
    0.251343158E-16
    0.241218648E-16
    0.297576600E-16
    0.302900981E-16
    0.263587664E-16
    0.226363221E-16
    0.273993606E-16
    0.221174686E-16
    0.203629068E-16
    0.243017326E-16
    0.244045229E-16
    0.247380264E-16
    0.272342996E-16
    0.246214900E-16
    0.268676612E-16
    0.283804984E-16
    0.254295891E-16
    0.223349193E-16
    0.246732507E-16
    0.237643402E-16
    0.217954797E-16
    0.219818531E-16
    0.240308815E-16
    0.249318950E-16
    0.281022929E-16
    0.226763046E-16
    0.271167642E-16
    0.290497801E-16
    0.233008350E-16
    0.215527362E-16
    0.242308433E-16
    0.238607277E-16
    0.219451966E-16
    0.205956668E-16
    0.238645679E-16
    0.270442280E-16
    0.294083929E-16
    0.256222116E-16
    0.240958934E-16
    0.300011162E-16
    0.259536150E-16
    0.211979589E-16
    0.224719422E-16
    0.243896276E-16
    0.243232006E-16
    0.195346525E-16
    0.246676460E-16
    0.270325670E-16
    0.309862466E-16
    0.251290697E-16
    0.239219921E-16
    0.295074809E-16
    0.257927268E-16
    0.220457044E-16
    0.208905238E-16
    0.256227530E-16
    0.237096425E-16
    0.180112907E-16
    0.257363903E-16
    0.262120571E-16
    0.327420530E-16
    0.294234258E-16
    0.216213446E-16
    0.301406637E-16
    0.283967066E-16
    0.231560676E-16
    0.213405177E-16
    0.236622237E-16
    0.267290324E-16
    0.199922718E-16
    0.306706700E-16
    0.235718356E-16
    0.301054735E-16
    0.296323555E-16
    0.228525964E-16
    0.262322815E-16
    0.259289870E-16
    0.253730184E-16
    0.203021037E-16
    0.234733570E-16
    0.242965210E-16
    0.226100872E-16
    0.313986653E-16
    0.215734538E-16
    0.313789249E-16
    0.285076894E-16
    0.232205424E-16
    0.278037010E-16
    0.249238248E-16
    0.273462509E-16
    0.221711998E-16
    0.208735985E-16
    0.269961107E-16
    0.257218067E-16
    0.372568153E-16
    0.232092455E-16
    0.288477174E-16
    0.254543678E-16
    0.273137011E-16
    0.279540292E-16
    0.230744035E-16
    0.238808183E-16
    0.200108514E-16
    0.226126661E-16
    0.242813659E-16
    0.358139780E-16
    0.262980537E-16
    0.243970563E-16
    0.315225537E-16
    0.247587263E-16
    0.266430311E-16
    0.269734084E-16
    0.277280624E-16
    0.237010851E-16
    0.184776177E-16
    0.257053407E-16
    0.258279348E-16
    0.448196686E-16
    0.286344536E-16
    0.229822781E-16
    0.320232010E-16
    0.259385267E-16
    0.292625705E-16
    0.236357970E-16
    0.277095097E-16
    0.221237045E-16
    0.173435143E-16
    0.247856548E-16
    0.354192807E-16
    0.329970963E-16
    0.320441508E-16
    0.275419553E-16
    0.328564620E-16
    0.254897264E-16
    0.255692181E-16
    0.291190911E-16
    0.261950391E-16
    0.216896355E-16
    0.345624279E-16
    0.300086714E-16
    0.381798618E-16
    0.312034632E-16
    0.239690278E-16
    0.378610060E-16
    0.311212308E-16
    0.323616343E-16
    0.300905520E-16
    0.243859564E-16
    0.219401425E-16
    0.236613051E-16
    0.287661004E-16
    0.374714253E-16
    0.463314773E-16
    0.266740641E-16
    0.518432811E-16
    0.457091549E-16
    0.405079902E-16
    0.407958349E-16
    0.377137234E-16
    0.344263222E-16
