 #tdnd tdcion
    0.347380713E-16
    0.250820663E-16
    0.241671268E-16
    0.203425387E-16
    0.246678468E-16
    0.228823962E-16
    0.268918355E-16
    0.334826263E-16
    0.224559771E-16
    0.314638665E-16
    0.381013625E-16
    0.405331243E-16
    0.266738222E-16
    0.310038258E-16
    0.222935430E-16
    0.235048857E-16
    0.225673068E-16
    0.260434688E-16
    0.292259920E-16
    0.265108296E-16
    0.311845631E-16
    0.246944957E-16
    0.335237510E-16
    0.281629606E-16
    0.280609476E-16
    0.242294549E-16
    0.302409389E-16
    0.259330591E-16
    0.224099672E-16
    0.338710621E-16
    0.232689652E-16
    0.259846254E-16
    0.261474686E-16
    0.338167968E-16
    0.359539661E-16
    0.365848672E-16
    0.240392416E-16
    0.269692861E-16
    0.163839685E-16
    0.285127375E-16
    0.275371343E-16
    0.263496552E-16
    0.304519691E-16
    0.236005684E-16
    0.230946643E-16
    0.367115476E-16
    0.306087682E-16
    0.297613028E-16
    0.270419799E-16
    0.190383472E-16
    0.260556992E-16
    0.256557016E-16
    0.255566807E-16
    0.369886141E-16
    0.247029503E-16
    0.231211512E-16
    0.313975461E-16
    0.325727356E-16
    0.372344164E-16
    0.319828440E-16
    0.241845246E-16
    0.193241946E-16
    0.275817006E-16
    0.282090554E-16
    0.281090570E-16
    0.288926524E-16
    0.234366214E-16
    0.201301570E-16
    0.366761307E-16
    0.311232675E-16
    0.298714073E-16
    0.290299448E-16
    0.187763255E-16
    0.288369841E-16
    0.297999998E-16
    0.234367935E-16
    0.368904105E-16
    0.239276798E-16
    0.249424680E-16
    0.283868729E-16
    0.351190918E-16
    0.307686728E-16
    0.338055621E-16
    0.249484868E-16
    0.265486423E-16
    0.354903220E-16
    0.300253287E-16
    0.298882273E-16
    0.308041610E-16
    0.280634766E-16
    0.263249119E-16
    0.462113230E-16
    0.319081120E-16
    0.365680084E-16
    0.416284800E-16
    0.328929419E-16
    0.389169474E-16
    0.364324437E-16
    0.457508692E-16
    0.472606164E-16
    0.369191854E-16
    0.555126671E-16
    0.410776007E-16
    0.658803209E-16
    0.401325174E-16
    0.586407699E-16
    0.572009331E-16
    0.469708907E-16
    0.455541070E-16
    0.506342425E-16
    0.553481637E-16
    0.483609341E-16
    0.449156530E-16
    0.358137248E-16
    0.448581393E-16
    0.441969981E-16
    0.436634411E-16
    0.426586435E-16
    0.324692799E-16
    0.326051042E-16
    0.399964705E-16
    0.361174581E-16
    0.290926068E-16
    0.385417731E-16
    0.342165006E-16
    0.417049087E-16
    0.349985795E-16
    0.481812582E-16
    0.339851471E-16
    0.394611780E-16
    0.410731359E-16
    0.414805484E-16
    0.390073505E-16
    0.385310037E-16
    0.471798801E-16
    0.329400643E-16
    0.396728545E-16
    0.280693129E-16
    0.358007316E-16
    0.317458225E-16
    0.417908114E-16
    0.396905934E-16
    0.369346274E-16
    0.452426667E-16
    0.379050066E-16
    0.428992144E-16
    0.377005419E-16
    0.328990598E-16
    0.350200729E-16
    0.405040129E-16
    0.439203041E-16
    0.299089411E-16
    0.289056311E-16
    0.348008559E-16
    0.331946404E-16
    0.316951457E-16
    0.324612692E-16
    0.414175731E-16
    0.474739068E-16
    0.275324724E-16
    0.405455939E-16
    0.390462942E-16
    0.461520518E-16
    0.324641524E-16
    0.327120873E-16
    0.331973831E-16
    0.314543545E-16
    0.352901897E-16
    0.381272683E-16
    0.437085182E-16
    0.407476261E-16
    0.421268600E-16
    0.369350577E-16
    0.334366001E-16
    0.321622844E-16
    0.319309127E-16
    0.400299324E-16
    0.344712707E-16
    0.350020523E-16
    0.277763513E-16
    0.322155361E-16
    0.414818353E-16
    0.322051839E-16
    0.387291801E-16
    0.338306263E-16
    0.339259430E-16
    0.447458704E-16
    0.363515569E-16
    0.343924613E-16
    0.312964406E-16
    0.400180509E-16
    0.269362678E-16
    0.271225716E-16
    0.404376056E-16
    0.339104289E-16
    0.398428841E-16
    0.289416911E-16
    0.396801322E-16
    0.379671410E-16
    0.352478036E-16
    0.387821698E-16
    0.334722417E-16
    0.381998391E-16
    0.271643501E-16
    0.369075423E-16
    0.273899259E-16
    0.343106232E-16
    0.377032659E-16
    0.323170842E-16
    0.284011283E-16
    0.306146843E-16
    0.216005303E-16
    0.271889576E-16
    0.325578830E-16
    0.525117326E-16
    0.273878683E-16
    0.306407739E-16
    0.380120544E-16
    0.357617281E-16
    0.414305434E-16
    0.326798359E-16
    0.348705581E-16
    0.314795963E-16
    0.282407789E-16
    0.275458666E-16
    0.254681663E-16
    0.364606107E-16
    0.317787920E-16
    0.369244988E-16
    0.339556878E-16
    0.383616584E-16
    0.328672170E-16
    0.345552160E-16
    0.335927350E-16
    0.331023911E-16
    0.248032304E-16
    0.315891364E-16
    0.304927249E-16
    0.358615386E-16
    0.271229295E-16
    0.288507289E-16
    0.246948881E-16
    0.301077974E-16
    0.304972971E-16
    0.317406618E-16
    0.358115713E-16
    0.408930292E-16
    0.329101616E-16
    0.310570050E-16
    0.293899881E-16
    0.398920149E-16
    0.295290934E-16
    0.391575533E-16
    0.258382260E-16
    0.295335943E-16
    0.315130006E-16
    0.262768251E-16
    0.339979225E-16
    0.334536052E-16
    0.265464973E-16
    0.309533956E-16
    0.344571095E-16
    0.304926469E-16
    0.304652923E-16
    0.373084090E-16
    0.231355347E-16
    0.322580207E-16
    0.311336137E-16
    0.315378528E-16
    0.258054659E-16
    0.311923549E-16
    0.234848387E-16
    0.266450093E-16
    0.346866862E-16
    0.439732715E-16
    0.280758179E-16
    0.255594404E-16
    0.282239354E-16
    0.382688383E-16
    0.344367487E-16
    0.325003864E-16
    0.332734208E-16
    0.357031412E-16
    0.310442924E-16
    0.214248431E-16
    0.373814742E-16
    0.346591786E-16
    0.264932174E-16
    0.268930504E-16
    0.343027861E-16
    0.428342463E-16
    0.314851450E-16
    0.381451901E-16
    0.282421203E-16
    0.264152579E-16
    0.246412836E-16
    0.299925823E-16
    0.412829120E-16
    0.289971441E-16
    0.275311928E-16
    0.318253837E-16
    0.276292362E-16
    0.352969636E-16
    0.276291314E-16
    0.296532120E-16
    0.335092687E-16
    0.379336841E-16
    0.328703517E-16
    0.344565233E-16
    0.396955366E-16
    0.422741965E-16
    0.358865256E-16
    0.277447410E-16
    0.310286280E-16
    0.301453326E-16
    0.250285900E-16
    0.273027618E-16
    0.386181818E-16
    0.309785902E-16
    0.301756815E-16
    0.380960632E-16
    0.438899365E-16
    0.319632979E-16
    0.273952623E-16
    0.393301436E-16
    0.246336641E-16
    0.315881288E-16
    0.266459984E-16
    0.356516746E-16
    0.338179835E-16
    0.424000015E-16
    0.268089030E-16
    0.300509823E-16
    0.323335699E-16
    0.451378552E-16
    0.296104048E-16
    0.309912334E-16
    0.314583562E-16
    0.330846898E-16
    0.272388419E-16
    0.335418678E-16
    0.470929764E-16
    0.364706409E-16
    0.330985663E-16
    0.338193502E-16
    0.464005234E-16
    0.449251422E-16
    0.210200692E-16
    0.360245086E-16
    0.381335846E-16
    0.313402722E-16
    0.292415984E-16
    0.456210788E-16
    0.346152733E-16
    0.412134442E-16
    0.365296876E-16
    0.302988762E-16
    0.364546986E-16
    0.422070516E-16
    0.287175373E-16
    0.381999934E-16
    0.301510622E-16
    0.317643292E-16
    0.332045839E-16
    0.441426003E-16
    0.442311270E-16
    0.365620304E-16
    0.355422885E-16
    0.459989084E-16
    0.365033830E-16
    0.510829050E-16
    0.262918454E-16
    0.393797246E-16
    0.395797076E-16
    0.397028283E-16
    0.391707243E-16
    0.335442639E-16
    0.482544320E-16
    0.318269834E-16
    0.380789601E-16
    0.373478559E-16
    0.339883066E-16
    0.464614719E-16
    0.389633600E-16
    0.370988115E-16
    0.341112790E-16
    0.373543708E-16
    0.370313961E-16
    0.363804825E-16
    0.516452416E-16
    0.272584388E-16
    0.398840778E-16
    0.488547551E-16
    0.324651908E-16
    0.540359751E-16
    0.361998569E-16
    0.351257223E-16
    0.385201029E-16
    0.472529871E-16
    0.327601236E-16
    0.334610276E-16
    0.499828790E-16
    0.324920253E-16
    0.438731377E-16
    0.371504030E-16
    0.434226127E-16
    0.543638523E-16
    0.419867450E-16
    0.409301124E-16
    0.451669907E-16
    0.437141510E-16
    0.359748252E-16
    0.450593605E-16
    0.585563052E-16
    0.291321462E-16
    0.489903849E-16
    0.330010106E-16
    0.513203852E-16
    0.487079419E-16
    0.298060875E-16
    0.442021438E-16
    0.454244806E-16
    0.445296991E-16
    0.374032112E-16
    0.519331500E-16
    0.567107402E-16
    0.547033646E-16
    0.577072952E-16
    0.353176948E-16
    0.606835736E-16
    0.574732191E-16
    0.357671663E-16
    0.498400160E-16
    0.413377520E-16
    0.407302068E-16
    0.479654883E-16
    0.534321145E-16
    0.618562839E-16
    0.492028208E-16
    0.573316178E-16
    0.425337372E-16
    0.555911805E-16
    0.508687936E-16
    0.360035587E-16
    0.578845975E-16
    0.416296675E-16
    0.396041472E-16
    0.493311036E-16
    0.517083425E-16
    0.736217505E-16
    0.510182711E-16
    0.490292871E-16
    0.474512042E-16
    0.534928657E-16
    0.512141501E-16
    0.437961648E-16
    0.511791806E-16
    0.537149408E-16
    0.414698737E-16
    0.706720265E-16
    0.502627327E-16
    0.658228782E-16
    0.456752603E-16
    0.467512323E-16
    0.491245524E-16
    0.386535973E-16
    0.569331832E-16
    0.559602281E-16
    0.476669465E-16
    0.606146941E-16
    0.466546373E-16
    0.637540658E-16
    0.427516167E-16
    0.737434399E-16
    0.516508839E-16
    0.504034192E-16
    0.491880567E-16
    0.486195449E-16
    0.500711600E-16
    0.549214797E-16
    0.420073814E-16
    0.666093218E-16
    0.495285056E-16
    0.777069846E-16
    0.572866822E-16
    0.836172243E-16
    0.627201364E-16
    0.597850770E-16
    0.670732002E-16
    0.625953070E-16
    0.575586440E-16
    0.746082059E-16
    0.510360770E-16
    0.716704424E-16
    0.549765551E-16
    0.651966006E-16
    0.578903164E-16
    0.840487546E-16
    0.878704864E-16
    0.804198063E-16
    0.747167947E-16
    0.103917929E-15
    0.665125886E-16
    0.823850931E-16
    0.626578122E-16
    0.776130497E-16
    0.718812028E-16
    0.781679604E-16
    0.830174285E-16
    0.950414080E-16
    0.966147074E-16
    0.763201614E-16
    0.795078417E-16
    0.106325889E-15
    0.754436162E-16
    0.106224221E-15
    0.948262808E-16
    0.926679352E-16
    0.120161631E-15
    0.906176703E-16
    0.965964465E-16
    0.946152860E-16
    0.101705636E-15
    0.838910408E-16
    0.922104712E-16
    0.115546729E-15
    0.786607004E-16
    0.109010881E-15
    0.109392350E-15
    0.957141755E-16
    0.117692894E-15
    0.106853804E-15
    0.114116558E-15
    0.112251257E-15
    0.110599996E-15
    0.950854249E-16
    0.926661501E-16
    0.111813897E-15
    0.966405724E-16
    0.107251818E-15
    0.120424354E-15
    0.102656733E-15
    0.143296763E-15
    0.104437284E-15
    0.114170627E-15
    0.114058428E-15
    0.122301015E-15
    0.113100977E-15
    0.116475142E-15
    0.126074480E-15
    0.126803061E-15
    0.115257126E-15
    0.123148012E-15
    0.987785503E-16
    0.110037963E-15
    0.114902489E-15
    0.124768733E-15
    0.139389834E-15
    0.133443146E-15
    0.153024354E-15
    0.137692624E-15
    0.148374667E-15
    0.146934511E-15
    0.125792161E-15
    0.134723056E-15
    0.130272781E-15
    0.125300957E-15
    0.146383534E-15
    0.144797675E-15
    0.146176978E-15
    0.155486417E-15
    0.154457258E-15
    0.144125886E-15
    0.172637081E-15
    0.192846527E-15
    0.167549136E-15
    0.175986092E-15
    0.180258358E-15
    0.158034606E-15
    0.195278626E-15
    0.171733892E-15
    0.168997819E-15
    0.170919982E-15
    0.178975666E-15
    0.174962016E-15
    0.187065917E-15
    0.202749473E-15
    0.194101274E-15
    0.190424861E-15
    0.241337754E-15
    0.201855691E-15
    0.266932892E-15
    0.231667398E-15
    0.219136302E-15
    0.221165972E-15
    0.215540269E-15
    0.200704531E-15
    0.215645673E-15
    0.232010470E-15
    0.237899157E-15
    0.227300993E-15
    0.281291893E-15
    0.228093094E-15
    0.284909016E-15
    0.244719566E-15
    0.242235181E-15
    0.273206153E-15
    0.270604187E-15
    0.302069771E-15
    0.275179463E-15
    0.295799134E-15
    0.281211944E-15
    0.258879391E-15
    0.292191839E-15
    0.258121430E-15
    0.301721812E-15
    0.284069280E-15
    0.308328330E-15
    0.328810143E-15
    0.320261416E-15
    0.332431335E-15
    0.303457073E-15
    0.337429530E-15
    0.360480132E-15
    0.323672815E-15
    0.385764960E-15
    0.342342922E-15
    0.354979893E-15
    0.324094718E-15
    0.346253503E-15
    0.357361255E-15
    0.360573072E-15
    0.398170284E-15
    0.365545770E-15
    0.420171121E-15
    0.432192842E-15
    0.388788028E-15
    0.395267156E-15
    0.414822303E-15
    0.403143136E-15
    0.440374199E-15
    0.443473454E-15
    0.472969883E-15
    0.431724017E-15
    0.473883593E-15
    0.395695108E-15
    0.464777949E-15
    0.472845261E-15
    0.468457046E-15
    0.491165854E-15
    0.559729747E-15
    0.491947934E-15
    0.535065117E-15
    0.522637690E-15
    0.510531931E-15
    0.508512567E-15
    0.549407834E-15
    0.525004707E-15
    0.598478670E-15
    0.611741724E-15
    0.556141021E-15
    0.551152396E-15
    0.605930541E-15
    0.543402006E-15
    0.613769241E-15
    0.608017525E-15
    0.657278901E-15
    0.633564767E-15
    0.660612007E-15
    0.630530525E-15
    0.671248668E-15
    0.653977716E-15
    0.657539781E-15
    0.639150234E-15
    0.768029974E-15
    0.668583061E-15
    0.744257905E-15
    0.671217415E-15
    0.726277280E-15
    0.679556245E-15
    0.745925453E-15
    0.741066650E-15
    0.783572540E-15
    0.793277899E-15
    0.791185865E-15
    0.728494016E-15
    0.814359414E-15
    0.730776118E-15
    0.791215933E-15
    0.784016932E-15
    0.828880847E-15
    0.839270856E-15
    0.826925396E-15
    0.834946999E-15
    0.767900887E-15
    0.818442419E-15
    0.793315773E-15
    0.774521899E-15
    0.861897735E-15
    0.842892516E-15
    0.861489727E-15
    0.830246160E-15
    0.823200392E-15
    0.805137144E-15
    0.783757461E-15
    0.797144753E-15
    0.763107360E-15
    0.836797580E-15
    0.843386915E-15
    0.741511996E-15
    0.799237091E-15
    0.772447307E-15
    0.752231632E-15
    0.720922509E-15
    0.724608766E-15
    0.787954050E-15
    0.746873407E-15
    0.748660903E-15
    0.736918024E-15
    0.814338214E-15
    0.804492478E-15
    0.764170024E-15
    0.816046383E-15
    0.944800048E-15
    0.921696220E-15
    0.101540585E-14
    0.105580387E-14
    0.130784786E-14
    0.131238254E-14
    0.150610758E-14
    0.171943246E-14
    0.202615424E-14
    0.232917373E-14
    0.269728763E-14
    0.301754061E-14
    0.369832335E-14
    0.405240127E-14
    0.480203958E-14
    0.552590046E-14
    0.669075323E-14
    0.764455828E-14
    0.892945629E-14
    0.104394823E-13
    0.119979567E-13
    0.140519027E-13
    0.162740293E-13
    0.186269589E-13
    0.220548565E-13
    0.253855580E-13
    0.295677194E-13
    0.341934926E-13
    0.396004901E-13
    0.453152014E-13
    0.519420653E-13
    0.598813271E-13
    0.687363157E-13
    0.796420004E-13
    0.915135088E-13
    0.104358391E-12
    0.120639110E-12
    0.137653149E-12
    0.158104077E-12
    0.180994347E-12
    0.207811221E-12
    0.237387124E-12
    0.271468961E-12
    0.310493890E-12
    0.354740284E-12
    0.406220126E-12
    0.463565006E-12
    0.527897063E-12
    0.604825246E-12
    0.689274638E-12
    0.786537157E-12
    0.897073606E-12
    0.102264370E-11
    0.116466095E-11
    0.132666459E-11
    0.151334492E-11
    0.172511168E-11
    0.196787364E-11
    0.224014193E-11
    0.254866811E-11
    0.290660166E-11
    0.330587783E-11
    0.376420958E-11
    0.428358678E-11
    0.487577135E-11
    0.554291264E-11
    0.630492541E-11
    0.717221104E-11
    0.815744421E-11
    0.927650267E-11
    0.105422002E-10
    0.119781672E-10
    0.136211391E-10
    0.154691794E-10
    0.175738637E-10
    0.199614509E-10
    0.226694801E-10
    0.257315768E-10
    0.292106931E-10
    0.331621144E-10
    0.376310498E-10
    0.426909838E-10
    0.484113176E-10
    0.548907535E-10
    0.622447277E-10
    0.705352672E-10
    0.799361953E-10
    0.905601133E-10
    0.102583361E-09
    0.116135457E-09
    0.131492190E-09
    0.148847500E-09
    0.168442182E-09
    0.190550196E-09
    0.215507191E-09
    0.243665293E-09
    0.275461006E-09
    0.311267107E-09
    0.351687346E-09
    0.397235007E-09
    0.448573075E-09
    0.506318732E-09
    0.571428234E-09
    0.644741514E-09
    0.727196315E-09
    0.819937137E-09
    0.924280418E-09
    0.104159225E-08
    0.117348607E-08
    0.132162879E-08
    0.148812494E-08
    0.167503618E-08
    0.188493392E-08
    0.212025880E-08
    0.238454918E-08
    0.268094602E-08
    0.301314832E-08
    0.338537811E-08
    0.380257270E-08
    0.426973492E-08
    0.479288755E-08
    0.537846363E-08
    0.603387723E-08
    0.676690513E-08
    0.758672605E-08
    0.850271547E-08
    0.952692196E-08
    0.106711481E-07
    0.119487209E-07
    0.133749958E-07
    0.149672321E-07
    0.167433386E-07
    0.187243815E-07
    0.209333034E-07
    0.233955017E-07
    0.261386184E-07
    0.291944968E-07
    0.325961726E-07
    0.363841141E-07
    0.405989322E-07
    0.452868120E-07
    0.504996456E-07
    0.562956361E-07
    0.627355913E-07
    0.698905211E-07
    0.778370178E-07
    0.866592722E-07
    0.964494966E-07
    0.107312057E-06
    0.119357739E-06
    0.132715561E-06
    0.147520420E-06
    0.163922389E-06
    0.182089669E-06
    0.202206980E-06
    0.224471604E-06
    0.249108290E-06
    0.276360916E-06
    0.306495321E-06
    0.339804071E-06
    0.376612883E-06
    0.417270366E-06
    0.462172011E-06
    0.511737741E-06
    0.566432677E-06
    0.626771034E-06
    0.693315623E-06
    0.766670001E-06
    0.847513408E-06
    0.936577981E-06
    0.103466387E-05
    0.114264507E-05
    0.126148859E-05
    0.139223280E-05
    0.153603271E-05
    0.169412931E-05
    0.186788215E-05
    0.205878415E-05
    0.226845689E-05
    0.249865350E-05
    0.275131305E-05
    0.302852998E-05
    0.333258109E-05
    0.366594462E-05
    0.403133625E-05
    0.443167722E-05
    0.487017577E-05
    0.535029299E-05
    0.587579607E-05
    0.645078571E-05
    0.707970297E-05
    0.776734510E-05
    0.851896378E-05
    0.934021402E-05
    0.102372325E-04
    0.112166538E-04
    0.122857084E-04
    0.134521600E-04
    0.147244530E-04
    0.161117023E-04
    0.176237565E-04
    0.192712762E-04
    0.210657553E-04
    0.230196050E-04
    0.251462561E-04
    0.274601648E-04
    0.299769210E-04
    0.327133131E-04
    0.356875045E-04
    0.389189659E-04
    0.424287181E-04
    0.462393896E-04
    0.503752925E-04
    0.548625730E-04
    0.597293330E-04
    0.650057760E-04
    0.707243657E-04
    0.769199109E-04
    0.836297970E-04
    0.908940465E-04
    0.987557195E-04
    0.107260801E-03
    0.116458630E-03
    0.126402097E-03
    0.137147726E-03
    0.148755987E-03
    0.161291573E-03
    0.174823711E-03
    0.189426249E-03
    0.205178151E-03
    0.222163687E-03
    0.240472714E-03
    0.260201249E-03
    0.281451508E-03
    0.304332455E-03
    0.328960329E-03
    0.355458703E-03
    0.383959072E-03
    0.414601464E-03
    0.447534874E-03
    0.482917396E-03
    0.520917238E-03
    0.561712961E-03
    0.605493962E-03
    0.652461421E-03
    0.702828569E-03
    0.756821406E-03
    0.814679688E-03
    0.876657042E-03
    0.943021889E-03
    0.101405850E-02
    0.109006769E-02
    0.117136683E-02
    0.125829201E-02
    0.135119783E-02
    0.145045863E-02
    0.155646948E-02
    0.166964721E-02
    0.179043092E-02
    0.191928372E-02
    0.205669308E-02
    0.220317196E-02
    0.235926061E-02
    0.252552722E-02
    0.270256827E-02
    0.289101146E-02
    0.309151541E-02
    0.330477150E-02
    0.353150500E-02
    0.377247700E-02
    0.402848434E-02
    0.430036247E-02
    0.458898575E-02
    0.489526892E-02
    0.522016916E-02
    0.556468735E-02
    0.592986802E-02
    0.631680358E-02
    0.672663299E-02
    0.716054490E-02
    0.761977785E-02
    0.810562369E-02
    0.861942628E-02
    0.916258527E-02
    0.973655659E-02
    0.103428532E-01
    0.109830477E-01
    0.116587729E-01
    0.123717224E-01
    0.131236542E-01
    0.139163888E-01
    0.147518133E-01
    0.156318795E-01
    0.165586084E-01
    0.175340872E-01
    0.185604730E-01
    0.196399932E-01
    0.207749446E-01
    0.219676949E-01
    0.232206840E-01
    0.245364220E-01
    0.259174919E-01
    0.273665470E-01
    0.288863129E-01
    0.304795847E-01
    0.321492296E-01
    0.338981827E-01
    0.357294480E-01
    0.376460976E-01
    0.396512682E-01
    0.417481600E-01
    0.439400357E-01
    0.462302180E-01
    0.486220861E-01
    0.511190729E-01
    0.537246635E-01
    0.564423883E-01
    0.592758223E-01
    0.622285794E-01
    0.653043075E-01
    0.685066854E-01
    0.718394153E-01
    0.753062168E-01
    0.789108225E-01
    0.826569722E-01
    0.865484017E-01
    0.905888392E-01
    0.947819975E-01
    0.991315632E-01
    0.103641189E+00
    0.108314488E+00
    0.113155018E+00
    0.118166277E+00
    0.123351690E+00
    0.128714599E+00
    0.134258251E+00
    0.139985792E+00
    0.145900246E+00
    0.152004510E+00
    0.158301338E+00
    0.164793331E+00
    0.171482919E+00
    0.178372358E+00
    0.185463702E+00
    0.192758803E+00
    0.200259288E+00
    0.207966551E+00
    0.215881735E+00
    0.224005721E+00
    0.232339111E+00
    0.240882219E+00
    0.249635053E+00
    0.258597303E+00
    0.267768327E+00
    0.277147144E+00
    0.286732410E+00
    0.296522414E+00
    0.306515067E+00
    0.316707889E+00
    0.327097995E+00
    0.337682093E+00
    0.348456463E+00
    0.359416964E+00
    0.370559013E+00
    0.381877587E+00
    0.393367215E+00
    0.405021970E+00
    0.416835472E+00
    0.428800878E+00
    0.440910891E+00
    0.453157751E+00
    0.465533239E+00
    0.478028682E+00
    0.490634955E+00
    0.503342490E+00
    0.516141277E+00
    0.529020875E+00
    0.541970427E+00
    0.554978658E+00
    0.568033904E+00
    0.581124116E+00
    0.594236876E+00
    0.607359420E+00
    0.620478650E+00
    0.633581153E+00
    0.646653232E+00
    0.659680919E+00
    0.672650001E+00
    0.685546048E+00
    0.698354439E+00
    0.711060378E+00
    0.723648944E+00
    0.736105101E+00
    0.748413734E+00
    0.760559684E+00
    0.772527776E+00
    0.784302846E+00
    0.795869787E+00
    0.807213569E+00
    0.818319276E+00
    0.829172142E+00
    0.839757584E+00
    0.850061227E+00
    0.860068955E+00
    0.869766927E+00
    0.879141613E+00
    0.888179830E+00
    0.896868776E+00
    0.905196046E+00
    0.913149688E+00
    0.920718197E+00
    0.927890576E+00
    0.934656342E+00
    0.941005554E+00
    0.946928847E+00
    0.952417443E+00
    0.957463184E+00
    0.962058537E+00
    0.966196620E+00
    0.969871228E+00
    0.973076827E+00
    0.975808587E+00
    0.978062371E+00
    0.979834773E+00
    0.981123099E+00
    0.981925385E+00
    0.982240407E+00
    0.982067662E+00
    0.981407392E+00
    0.980260564E+00
    0.978628875E+00
    0.976514748E+00
    0.973921323E+00
    0.970852442E+00
    0.967312640E+00
    0.963307148E+00
    0.958841856E+00
    0.953923310E+00
    0.948558703E+00
    0.942755832E+00
    0.936523106E+00
    0.929869507E+00
    0.922804575E+00
    0.915338380E+00
    0.907481512E+00
    0.899245026E+00
    0.890640452E+00
    0.881679742E+00
    0.872375253E+00
    0.862739720E+00
    0.852786219E+00
    0.842528144E+00
    0.831979177E+00
    0.821153261E+00
    0.810064565E+00
    0.798727450E+00
    0.787156455E+00
    0.775366241E+00
    0.763371592E+00
    0.751187360E+00
    0.738828445E+00
    0.726309773E+00
    0.713646250E+00
    0.700852752E+00
    0.687944084E+00
    0.674934960E+00
    0.661839978E+00
    0.648673581E+00
    0.635450054E+00
    0.622183480E+00
    0.608887734E+00
    0.595576439E+00
    0.582262968E+00
    0.568960410E+00
    0.555681554E+00
    0.542438873E+00
    0.529244503E+00
    0.516110233E+00
    0.503047485E+00
    0.490067301E+00
    0.477180332E+00
    0.464396831E+00
    0.451726639E+00
    0.439179168E+00
    0.426763413E+00
    0.414487927E+00
    0.402360828E+00
    0.390389787E+00
    0.378582030E+00
    0.366944337E+00
    0.355483035E+00
    0.344204009E+00
    0.333112689E+00
    0.322214074E+00
    0.311512711E+00
    0.301012716E+00
    0.290717776E+00
    0.280631152E+00
    0.270755694E+00
    0.261093837E+00
    0.251647621E+00
    0.242418695E+00
    0.233408325E+00
    0.224617415E+00
    0.216046502E+00
    0.207695787E+00
    0.199565129E+00
    0.191654070E+00
    0.183961843E+00
    0.176487384E+00
    0.169229353E+00
    0.162186136E+00
    0.155355868E+00
    0.148736446E+00
    0.142325536E+00
    0.136120599E+00
    0.130118891E+00
    0.124317488E+00
    0.118713293E+00
    0.113303055E+00
    0.108083379E+00
    0.103050738E+00
    0.982014883E-01
    0.935318832E-01
    0.890380815E-01
    0.847161626E-01
    0.805621371E-01
    0.765719583E-01
    0.727415329E-01
    0.690667299E-01
    0.655433933E-01
    0.621673523E-01
    0.589344250E-01
    0.558404335E-01
    0.528812073E-01
    0.500525959E-01
    0.473504714E-01
    0.447707374E-01
    0.423093375E-01
    0.399622564E-01
    0.377255319E-01
    0.355952523E-01
    0.335675695E-01
    0.316386973E-01
    0.298049164E-01
    0.280625801E-01
    0.264081150E-01
    0.248380256E-01
    0.233488956E-01
    0.219373896E-01
    0.206002571E-01
    0.193343301E-01
    0.181365293E-01
    0.170038591E-01
    0.159334141E-01
    0.149223745E-01
    0.139680091E-01
    0.130676748E-01
    0.122188157E-01
    0.114189617E-01
    0.106657305E-01
    0.995682380E-02
    0.929002829E-02
    0.866321315E-02
    0.807433041E-02
    0.752141150E-02
    0.700256773E-02
    0.651598645E-02
    0.605993215E-02
    0.563274241E-02
    0.523282744E-02
    0.485866684E-02
    0.450880967E-02
    0.418187093E-02
    0.387652986E-02
    0.359152871E-02
    0.332566976E-02
    0.307781439E-02
    0.284688004E-02
    0.263183849E-02
    0.243171497E-02
    0.224558436E-02
    0.207257076E-02
    0.191184476E-02
    0.176262188E-02
    0.162416081E-02
    0.149576107E-02
    0.137676205E-02
    0.126654015E-02
    0.116450861E-02
    0.107011412E-02
    0.982836579E-03
    0.902186932E-03
    0.827705552E-03
    0.758961044E-03
    0.695548989E-03
    0.637089819E-03
    0.583228391E-03
    0.533632096E-03
    0.487989973E-03
    0.446011156E-03
    0.407424348E-03
    0.371975983E-03
    0.339429938E-03
    0.309565860E-03
    0.282178690E-03
    0.257077563E-03
    0.234085103E-03
    0.213036281E-03
    0.193777968E-03
    0.176168071E-03
    0.160074772E-03
    0.145375950E-03
    0.131958500E-03
    0.119717738E-03
    0.108556983E-03
    0.983866643E-04
    0.891242665E-04
    0.806935554E-04
    0.730241968E-04
    0.660514461E-04
    0.597156080E-04
    0.539617828E-04
    0.487394326E-04
    0.440021985E-04
    0.397073494E-04
    0.358157954E-04
    0.322916317E-04
    0.291019081E-04
    0.262165147E-04
    0.236078351E-04
    0.212505755E-04
    0.191216932E-04
    0.172000729E-04
    0.154664445E-04
    0.139032285E-04
    0.124944260E-04
    0.112253824E-04
    0.100828354E-04
    0.905464957E-05
    0.812983415E-05
    0.729837779E-05
    0.655118894E-05
    0.588001139E-05
    0.527736997E-05
    0.473647847E-05
    0.425119159E-05
    0.381594556E-05
    0.342571004E-05
    0.307593185E-05
    0.276250906E-05
    0.248171539E-05
    0.223022059E-05
    0.200499459E-05
    0.180331872E-05
    0.162275331E-05
    0.146108428E-05
    0.131633365E-05
    0.118672547E-05
    0.107065848E-05
    0.966694536E-06
    0.873555147E-06
    0.790083822E-06
    0.715244863E-06
    0.648121362E-06
    0.587880392E-06
    0.533785850E-06
    0.485181639E-06
    0.441473248E-06
    0.402135237E-06
    0.366702003E-06
    0.334753942E-06
    0.305917073E-06
    0.279863380E-06
    0.256294335E-06
    0.234948573E-06
    0.215592603E-06
    0.198017616E-06
    0.182039589E-06
    0.167493802E-06
    0.154234549E-06
    0.142130939E-06
    0.131067688E-06
    0.120942539E-06
    0.111663824E-06
    0.103149766E-06
    0.953274427E-07
    0.881329881E-07
    0.815083214E-07
    0.754020019E-07
    0.697677354E-07
    0.645640628E-07
    0.597545749E-07
    0.553058199E-07
    0.511874477E-07
    0.473732783E-07
    0.438388375E-07
    0.405618240E-07
    0.375222919E-07
    0.347024410E-07
    0.320860243E-07
    0.296575883E-07
    0.274034801E-07
    0.253113629E-07
    0.233692711E-07
    0.215669480E-07
    0.198945102E-07
    0.183429531E-07
    0.169036991E-07
    0.155694127E-07
    0.143322941E-07
    0.131860402E-07
    0.121246033E-07
    0.111417474E-07
    0.102323122E-07
    0.939136888E-08
    0.861378512E-08
    0.789543192E-08
    0.723236155E-08
    0.662043273E-08
    0.605598771E-08
    0.553611074E-08
    0.505703969E-08
    0.461620962E-08
    0.421085770E-08
    0.383823312E-08
    0.349605526E-08
    0.318205195E-08
    0.289402059E-08
    0.263006549E-08
    0.238847859E-08
    0.216735978E-08
    0.196514923E-08
    0.178055340E-08
    0.161191480E-08
    0.145813905E-08
    0.131800258E-08
    0.119038255E-08
    0.107427027E-08
    0.968675753E-09
    0.872768779E-09
    0.785699282E-09
    0.706765949E-09
    0.635209179E-09
    0.570427787E-09
    0.511853422E-09
    0.458881750E-09
    0.411045099E-09
    0.367882777E-09
    0.328988642E-09
    0.293948939E-09
    0.262402497E-09
    0.234059437E-09
    0.208583540E-09
    0.185721521E-09
    0.165217886E-09
    0.146860045E-09
    0.130421724E-09
    0.115730338E-09
    0.102586352E-09
    0.908626024E-10
    0.804152911E-10
    0.711041847E-10
    0.628122059E-10
    0.554465536E-10
    0.488935833E-10
    0.430771370E-10
    0.379258725E-10
    0.333650801E-10
    0.293220426E-10
    0.257546683E-10
    0.225912735E-10
    0.198061880E-10
    0.173534448E-10
    0.151923573E-10
    0.132889235E-10
    0.116169443E-10
    0.101447205E-10
    0.885193851E-11
    0.772470273E-11
    0.673507001E-11
    0.586623742E-11
    0.510992568E-11
    0.444437319E-11
    0.386573215E-11
    0.336179934E-11
    0.292260058E-11
    0.253869378E-11
    0.220500547E-11
    0.191425950E-11
    0.166013654E-11
    0.144284903E-11
    0.125162441E-11
    0.108567507E-11
    0.942396243E-12
    0.817564844E-12
    0.708888967E-12
    0.615566474E-12
    0.534188962E-12
    0.463547992E-12
    0.402344282E-12
    0.349622474E-12
    0.302824097E-12
    0.263608688E-12
    0.228499237E-12
    0.198490418E-12
    0.172459300E-12
    0.150115645E-12
    0.129857635E-12
    0.112915881E-12
    0.978741396E-13
    0.850976652E-13
    0.738141553E-13
    0.642555993E-13
    0.553960597E-13
    0.480304980E-13
    0.414601306E-13
    0.359920675E-13
    0.311141917E-13
    0.270638380E-13
    0.230690035E-13
    0.199204373E-13
    0.170039870E-13
    0.147801881E-13
    0.126294705E-13
    0.109034630E-13
    0.922564672E-14
    0.780358857E-14
    0.665096987E-14
    0.570095164E-14
    0.482392792E-14
    0.416106392E-14
    0.341523957E-14
    0.290502449E-14
    0.240663632E-14
    0.211879387E-14
    0.176387944E-14
    0.149848940E-14
    0.124487054E-14
    0.104974195E-14
    0.909366593E-15
    0.802341774E-15
    0.688539767E-15
    0.635295263E-15
    0.502412098E-15
    0.487456905E-15
    0.439935015E-15
    0.447773915E-15
    0.410925112E-15
    0.382122425E-15
    0.356748767E-15
    0.373322328E-15
    0.361848686E-15
    0.379008877E-15
    0.377527257E-15
    0.377679394E-15
    0.355760286E-15
    0.385490039E-15
    0.374997019E-15
    0.392818160E-15
    0.405215851E-15
    0.386911789E-15
    0.371617836E-15
    0.381301905E-15
    0.392527530E-15
    0.394424298E-15
    0.389791645E-15
    0.383224295E-15
    0.364409444E-15
    0.385058363E-15
    0.374101130E-15
    0.391821493E-15
    0.371173302E-15
    0.366076236E-15
    0.336814529E-15
    0.365106397E-15
    0.353067933E-15
    0.351129720E-15
    0.335701989E-15
    0.333698844E-15
    0.302253942E-15
    0.325397538E-15
    0.316444388E-15
    0.322584580E-15
    0.293748811E-15
    0.291530070E-15
    0.266950903E-15
    0.292013852E-15
    0.290491623E-15
    0.279010943E-15
    0.262734835E-15
    0.260310100E-15
    0.246127792E-15
    0.256780445E-15
    0.257434367E-15
    0.262307218E-15
    0.228395611E-15
    0.230495039E-15
    0.208181300E-15
    0.223671583E-15
    0.239068125E-15
    0.211637100E-15
    0.197887571E-15
    0.198699707E-15
    0.179480577E-15
    0.194983206E-15
    0.199151938E-15
    0.203171684E-15
    0.167790555E-15
    0.173887116E-15
    0.162972911E-15
    0.176223020E-15
    0.190524871E-15
    0.165493356E-15
    0.154202512E-15
    0.160357397E-15
    0.139880885E-15
    0.157164656E-15
    0.156242160E-15
    0.160808289E-15
    0.131673555E-15
    0.131022035E-15
    0.130758783E-15
    0.129203791E-15
    0.146781580E-15
    0.128150070E-15
    0.116614710E-15
    0.120013924E-15
    0.105222333E-15
    0.122465577E-15
    0.117868802E-15
    0.125833289E-15
    0.107373413E-15
    0.105981326E-15
    0.109376021E-15
    0.106579039E-15
    0.114231204E-15
    0.108264649E-15
    0.970671955E-16
    0.965225572E-16
    0.863841435E-16
    0.969906804E-16
    0.917120528E-16
    0.983172448E-16
    0.838352970E-16
    0.837073824E-16
    0.815989766E-16
    0.810504574E-16
    0.809844355E-16
    0.853903836E-16
    0.750407250E-16
    0.724889833E-16
    0.700078262E-16
    0.715259866E-16
    0.735167939E-16
    0.812738620E-16
    0.720515538E-16
    0.705519950E-16
    0.687961317E-16
    0.705427660E-16
    0.700498453E-16
    0.763396830E-16
    0.658264626E-16
    0.630619464E-16
    0.581970691E-16
    0.574174478E-16
    0.613092028E-16
    0.643270144E-16
    0.662433776E-16
    0.475310384E-16
    0.563028782E-16
    0.498180398E-16
    0.500737909E-16
    0.548757958E-16
    0.533462089E-16
    0.448774554E-16
    0.418807148E-16
    0.449100894E-16
    0.443372037E-16
    0.449579408E-16
    0.563959448E-16
    0.391364891E-16
    0.473908989E-16
    0.433501839E-16
    0.432652811E-16
    0.461988690E-16
    0.492309358E-16
    0.437588802E-16
    0.407877854E-16
    0.466317886E-16
    0.402882119E-16
    0.435081692E-16
    0.522857788E-16
    0.412637077E-16
    0.439611549E-16
    0.446757998E-16
    0.400603072E-16
    0.377796139E-16
    0.405859974E-16
    0.446828918E-16
    0.335798895E-16
    0.414730210E-16
    0.322236676E-16
    0.363159452E-16
    0.391078301E-16
    0.329798851E-16
    0.335990613E-16
    0.362596032E-16
    0.285196740E-16
    0.321995588E-16
    0.265091010E-16
    0.304752822E-16
    0.247978524E-16
    0.325117145E-16
    0.249627917E-16
    0.278006377E-16
    0.333428624E-16
    0.209170601E-16
    0.291093501E-16
    0.284867759E-16
    0.225403330E-16
    0.267059530E-16
    0.222479753E-16
    0.240095685E-16
    0.205255674E-16
    0.299180234E-16
    0.210555651E-16
    0.258622336E-16
    0.306722430E-16
    0.193448208E-16
    0.272148119E-16
    0.256697197E-16
    0.215945522E-16
    0.230117467E-16
    0.208792920E-16
    0.255537803E-16
    0.198605620E-16
    0.296296941E-16
    0.208705044E-16
    0.259441050E-16
    0.289967284E-16
    0.201003178E-16
    0.283661775E-16
    0.245706622E-16
    0.216749272E-16
    0.241403818E-16
    0.203829195E-16
    0.249584997E-16
    0.212730081E-16
    0.310031061E-16
    0.199980411E-16
    0.268291191E-16
    0.279767235E-16
    0.198297038E-16
    0.299518186E-16
    0.243897847E-16
    0.222481466E-16
    0.229897731E-16
    0.197641197E-16
    0.254941410E-16
    0.224873529E-16
    0.312706882E-16
    0.222095968E-16
    0.278317632E-16
    0.251144200E-16
    0.224234783E-16
    0.314003423E-16
    0.230927150E-16
    0.232674717E-16
    0.221221537E-16
    0.206421774E-16
    0.254194083E-16
    0.233865422E-16
    0.333637759E-16
    0.215610521E-16
    0.266894774E-16
    0.258123171E-16
    0.217323260E-16
    0.319094091E-16
    0.225617031E-16
    0.225460356E-16
    0.221302257E-16
    0.208800663E-16
    0.242130001E-16
    0.248779922E-16
    0.319982690E-16
    0.219740576E-16
    0.275829490E-16
    0.232718014E-16
    0.232855507E-16
    0.318267316E-16
    0.212313448E-16
    0.240240864E-16
    0.210521214E-16
    0.201302717E-16
    0.234426389E-16
    0.260220220E-16
    0.328915151E-16
    0.237662560E-16
    0.263639055E-16
    0.236623956E-16
    0.246948284E-16
    0.318838154E-16
    0.205127871E-16
    0.229888349E-16
    0.215748051E-16
    0.220597043E-16
    0.231233314E-16
    0.270321456E-16
    0.307186514E-16
    0.241762137E-16
    0.255818624E-16
    0.235933131E-16
    0.267232934E-16
    0.303030584E-16
    0.202548855E-16
    0.229005028E-16
    0.232056989E-16
    0.214046111E-16
    0.225337425E-16
    0.280231946E-16
    0.294638188E-16
    0.272621968E-16
    0.251294678E-16
    0.241063546E-16
    0.280377619E-16
    0.297270709E-16
    0.211023055E-16
    0.219569391E-16
    0.226535544E-16
    0.223650387E-16
    0.230970315E-16
    0.287603603E-16
    0.272478119E-16
    0.284830666E-16
    0.226317961E-16
    0.244077574E-16
    0.277823838E-16
    0.252179563E-16
    0.205587639E-16
    0.215353372E-16
    0.231067191E-16
    0.229761424E-16
    0.230654607E-16
    0.283350841E-16
    0.249183378E-16
    0.290985232E-16
    0.222357709E-16
    0.249641417E-16
    0.270089016E-16
    0.242120427E-16
    0.215360359E-16
    0.234169437E-16
    0.213471816E-16
    0.244168918E-16
    0.228571267E-16
    0.292932072E-16
    0.254317962E-16
    0.300616384E-16
    0.227787584E-16
    0.242823437E-16
    0.273612677E-16
    0.208204193E-16
    0.204394130E-16
    0.236465943E-16
    0.219832602E-16
    0.250785786E-16
    0.220489217E-16
    0.275488991E-16
    0.244061815E-16
    0.261534110E-16
    0.241942255E-16
    0.234515343E-16
    0.245502530E-16
    0.206534487E-16
    0.208038817E-16
    0.254274008E-16
    0.220692437E-16
    0.243486680E-16
    0.224477191E-16
    0.275817325E-16
    0.275658078E-16
    0.245104908E-16
    0.252795816E-16
    0.233022610E-16
    0.233329290E-16
    0.202500935E-16
    0.220190064E-16
    0.231564957E-16
    0.241794845E-16
    0.229121438E-16
    0.256958748E-16
    0.235405746E-16
    0.287375308E-16
    0.226357093E-16
    0.254481346E-16
    0.227204504E-16
    0.198999813E-16
    0.188220895E-16
    0.256186162E-16
    0.217678293E-16
    0.235758286E-16
    0.201944473E-16
    0.277479121E-16
    0.216778319E-16
    0.272521124E-16
    0.259455593E-16
    0.252604260E-16
    0.212117251E-16
    0.210502889E-16
    0.234609211E-16
    0.228612835E-16
    0.220893223E-16
    0.224608875E-16
    0.246532307E-16
    0.263991152E-16
    0.249141269E-16
    0.229325768E-16
    0.270500782E-16
    0.234684610E-16
    0.206064180E-16
    0.192174342E-16
    0.246975267E-16
    0.221232090E-16
    0.218712018E-16
    0.202753481E-16
    0.305691946E-16
    0.207364418E-16
    0.263733275E-16
    0.269910135E-16
    0.289841188E-16
    0.204033850E-16
    0.229639827E-16
    0.256118560E-16
    0.240491034E-16
    0.212983756E-16
    0.201915052E-16
    0.263076058E-16
    0.258485872E-16
    0.260001756E-16
    0.248488148E-16
    0.292639832E-16
    0.241786638E-16
    0.232589874E-16
    0.216230023E-16
    0.262017644E-16
    0.247377921E-16
    0.207175307E-16
    0.211032669E-16
    0.256531934E-16
    0.241957347E-16
    0.279618555E-16
    0.268681534E-16
    0.325837031E-16
    0.301054253E-16
    0.263689183E-16
    0.228223579E-16
    0.228450088E-16
    0.203398150E-16
    0.286770242E-16
    0.319307687E-16
    0.300746384E-16
    0.314521136E-16
    0.257722068E-16
    0.298952342E-16
    0.266757591E-16
    0.255406664E-16
    0.238473823E-16
    0.274786449E-16
    0.260971163E-16
    0.365634130E-16
    0.342290691E-16
    0.447653965E-16
    0.502296711E-16
    0.313566692E-16
    0.401437038E-16
    0.387561739E-16
