 #tdnd tdcion
    0.411623571E-16
    0.331480897E-16
    0.189455686E-16
    0.308123374E-16
    0.316139717E-16
    0.420510819E-16
    0.356397267E-16
    0.288602875E-16
    0.370027207E-16
    0.210670131E-16
    0.266075676E-16
    0.263782144E-16
    0.382359864E-16
    0.272392881E-16
    0.187178696E-16
    0.347611586E-16
    0.273867128E-16
    0.223261244E-16
    0.270711993E-16
    0.324754128E-16
    0.216355157E-16
    0.287591489E-16
    0.238386062E-16
    0.304823054E-16
    0.355348609E-16
    0.201135918E-16
    0.323918697E-16
    0.265485719E-16
    0.355855267E-16
    0.276223067E-16
    0.212286091E-16
    0.256101985E-16
    0.251992925E-16
    0.244775003E-16
    0.258331857E-16
    0.367688257E-16
    0.217547489E-16
    0.304439968E-16
    0.277130161E-16
    0.248732289E-16
    0.192458443E-16
    0.289134081E-16
    0.301316384E-16
    0.288603191E-16
    0.248949306E-16
    0.228170624E-16
    0.311197592E-16
    0.284590112E-16
    0.288619294E-16
    0.292005762E-16
    0.320072338E-16
    0.252170347E-16
    0.286796473E-16
    0.283481008E-16
    0.184238276E-16
    0.269553312E-16
    0.301581637E-16
    0.303422180E-16
    0.241275215E-16
    0.291694145E-16
    0.249422170E-16
    0.302794195E-16
    0.248472264E-16
    0.232292619E-16
    0.209804651E-16
    0.284278143E-16
    0.293502512E-16
    0.315434255E-16
    0.245816139E-16
    0.243357557E-16
    0.281755840E-16
    0.265389713E-16
    0.276234791E-16
    0.304387277E-16
    0.296529840E-16
    0.254931010E-16
    0.323606467E-16
    0.287774673E-16
    0.196580660E-16
    0.261659861E-16
    0.324086132E-16
    0.288886239E-16
    0.243429894E-16
    0.251669605E-16
    0.235180738E-16
    0.335464951E-16
    0.242841665E-16
    0.200023744E-16
    0.240404538E-16
    0.321899143E-16
    0.256142248E-16
    0.336189416E-16
    0.263300435E-16
    0.312387320E-16
    0.214192463E-16
    0.242450598E-16
    0.385669664E-16
    0.248703001E-16
    0.241656184E-16
    0.437992362E-16
    0.394892995E-16
    0.396899986E-16
    0.336139192E-16
    0.381387822E-16
    0.449264943E-16
    0.369930887E-16
    0.360312511E-16
    0.501419929E-16
    0.350167200E-16
    0.406855041E-16
    0.641705062E-16
    0.399731577E-16
    0.668676898E-16
    0.512056964E-16
    0.424378357E-16
    0.535549724E-16
    0.432959824E-16
    0.574859270E-16
    0.438567956E-16
    0.477794743E-16
    0.473579039E-16
    0.359330749E-16
    0.429497768E-16
    0.413727698E-16
    0.395115969E-16
    0.473912393E-16
    0.385196331E-16
    0.315935347E-16
    0.422574391E-16
    0.371128056E-16
    0.305439557E-16
    0.329065537E-16
    0.392801159E-16
    0.347274149E-16
    0.426462681E-16
    0.448861995E-16
    0.364990058E-16
    0.407406485E-16
    0.388975546E-16
    0.352514896E-16
    0.354986873E-16
    0.374365958E-16
    0.384447721E-16
    0.248651550E-16
    0.322684755E-16
    0.310753207E-16
    0.325810635E-16
    0.281400797E-16
    0.351158921E-16
    0.400269553E-16
    0.442691799E-16
    0.418467692E-16
    0.247833294E-16
    0.454991120E-16
    0.409354021E-16
    0.367812878E-16
    0.320327485E-16
    0.287461176E-16
    0.326942043E-16
    0.323276882E-16
    0.432315707E-16
    0.363870781E-16
    0.295247953E-16
    0.387607605E-16
    0.340455725E-16
    0.338170738E-16
    0.393552661E-16
    0.354039261E-16
    0.265023245E-16
    0.359465141E-16
    0.244464091E-16
    0.420063104E-16
    0.303667462E-16
    0.229337291E-16
    0.330996796E-16
    0.294228473E-16
    0.364451891E-16
    0.322355276E-16
    0.411129044E-16
    0.334178739E-16
    0.447245222E-16
    0.336061074E-16
    0.329754740E-16
    0.263021387E-16
    0.322614706E-16
    0.418485815E-16
    0.288704899E-16
    0.250028242E-16
    0.371750774E-16
    0.294522937E-16
    0.264936406E-16
    0.525175174E-16
    0.386188719E-16
    0.319485190E-16
    0.372987832E-16
    0.315653982E-16
    0.292885521E-16
    0.288931806E-16
    0.289831039E-16
    0.329973650E-16
    0.301778517E-16
    0.370098892E-16
    0.290827778E-16
    0.291281933E-16
    0.336951592E-16
    0.458471750E-16
    0.295116145E-16
    0.325395027E-16
    0.310796458E-16
    0.412360200E-16
    0.353451253E-16
    0.326262019E-16
    0.235901932E-16
    0.331275887E-16
    0.362620501E-16
    0.304141727E-16
    0.451079715E-16
    0.299922726E-16
    0.351300473E-16
    0.382581918E-16
    0.309460993E-16
    0.382478683E-16
    0.356936800E-16
    0.278850774E-16
    0.351392853E-16
    0.314866124E-16
    0.369388459E-16
    0.356201561E-16
    0.342501021E-16
    0.300751738E-16
    0.411887714E-16
    0.289022625E-16
    0.284819999E-16
    0.300805664E-16
    0.271623239E-16
    0.317239147E-16
    0.245187475E-16
    0.385352947E-16
    0.410635965E-16
    0.344891398E-16
    0.287302412E-16
    0.565726617E-16
    0.371007113E-16
    0.328804319E-16
    0.311387296E-16
    0.270809211E-16
    0.304109784E-16
    0.276522009E-16
    0.323474487E-16
    0.308553049E-16
    0.351880665E-16
    0.395020068E-16
    0.423953799E-16
    0.351733938E-16
    0.340133794E-16
    0.369003325E-16
    0.405399997E-16
    0.310637757E-16
    0.283532099E-16
    0.381209322E-16
    0.360073276E-16
    0.285541406E-16
    0.337848686E-16
    0.254035704E-16
    0.350486896E-16
    0.289127431E-16
    0.376891804E-16
    0.386177921E-16
    0.341292712E-16
    0.405918037E-16
    0.413338261E-16
    0.402746576E-16
    0.274444894E-16
    0.356416283E-16
    0.270651069E-16
    0.273340389E-16
    0.344034958E-16
    0.358764470E-16
    0.446094353E-16
    0.331990884E-16
    0.340086337E-16
    0.468484077E-16
    0.313686101E-16
    0.321154844E-16
    0.417479482E-16
    0.207988263E-16
    0.352599200E-16
    0.361401972E-16
    0.348701778E-16
    0.326686667E-16
    0.338219357E-16
    0.334134692E-16
    0.463472794E-16
    0.280019631E-16
    0.350606919E-16
    0.348129331E-16
    0.248197410E-16
    0.308181727E-16
    0.322777642E-16
    0.386462401E-16
    0.361557913E-16
    0.327746742E-16
    0.282074781E-16
    0.544557565E-16
    0.311759191E-16
    0.405505001E-16
    0.361566755E-16
    0.291894520E-16
    0.237138944E-16
    0.351155576E-16
    0.315037174E-16
    0.386348977E-16
    0.373697739E-16
    0.332620680E-16
    0.295185848E-16
    0.441736691E-16
    0.347734583E-16
    0.471057742E-16
    0.392122839E-16
    0.257482850E-16
    0.411426148E-16
    0.270141643E-16
    0.284926329E-16
    0.357317120E-16
    0.365731488E-16
    0.292256677E-16
    0.306437630E-16
    0.365040048E-16
    0.457352929E-16
    0.371372524E-16
    0.425347589E-16
    0.390518709E-16
    0.349319196E-16
    0.271005773E-16
    0.299902447E-16
    0.394657391E-16
    0.416164911E-16
    0.298454408E-16
    0.380962322E-16
    0.421679337E-16
    0.488180751E-16
    0.349375956E-16
    0.351287203E-16
    0.437882748E-16
    0.278978995E-16
    0.355329895E-16
    0.346670148E-16
    0.299732849E-16
    0.396771644E-16
    0.337644345E-16
    0.312373776E-16
    0.472684805E-16
    0.344510268E-16
    0.287139354E-16
    0.412691091E-16
    0.340394762E-16
    0.509467948E-16
    0.367253074E-16
    0.311401421E-16
    0.364627019E-16
    0.402934147E-16
    0.415612786E-16
    0.292120371E-16
    0.354027469E-16
    0.352178097E-16
    0.331565668E-16
    0.350254970E-16
    0.416973205E-16
    0.488685470E-16
    0.405162600E-16
    0.391331156E-16
    0.467797568E-16
    0.414160640E-16
    0.450891575E-16
    0.323074802E-16
    0.388275471E-16
    0.394130886E-16
    0.359408357E-16
    0.281422010E-16
    0.454943123E-16
    0.410273369E-16
    0.462661994E-16
    0.395678124E-16
    0.340451624E-16
    0.389177804E-16
    0.419947553E-16
    0.491437963E-16
    0.374096384E-16
    0.401830499E-16
    0.363419081E-16
    0.559625763E-16
    0.465532052E-16
    0.522930789E-16
    0.415215562E-16
    0.541926060E-16
    0.417477762E-16
    0.434260750E-16
    0.441610078E-16
    0.379029498E-16
    0.476506395E-16
    0.430366449E-16
    0.412273267E-16
    0.607127054E-16
    0.494043620E-16
    0.495541919E-16
    0.533160480E-16
    0.520302810E-16
    0.431636592E-16
    0.441060842E-16
    0.381971883E-16
    0.385008451E-16
    0.587360015E-16
    0.439165553E-16
    0.484590153E-16
    0.495870237E-16
    0.632922504E-16
    0.467737327E-16
    0.467767225E-16
    0.461257098E-16
    0.552435561E-16
    0.458124580E-16
    0.474919323E-16
    0.414500414E-16
    0.475295774E-16
    0.580364626E-16
    0.543549593E-16
    0.338584778E-16
    0.579536784E-16
    0.454487522E-16
    0.462012121E-16
    0.484285526E-16
    0.602437721E-16
    0.562273767E-16
    0.607003064E-16
    0.462681325E-16
    0.517139712E-16
    0.674592845E-16
    0.391249043E-16
    0.388227124E-16
    0.414090185E-16
    0.436907298E-16
    0.467529128E-16
    0.451273388E-16
    0.575890728E-16
    0.519103453E-16
    0.565567123E-16
    0.531749540E-16
    0.541202692E-16
    0.544958792E-16
    0.567201132E-16
    0.644766070E-16
    0.467543873E-16
    0.599122563E-16
    0.589355007E-16
    0.501034066E-16
    0.473580362E-16
    0.659864322E-16
    0.474178478E-16
    0.598685979E-16
    0.637852343E-16
    0.623957926E-16
    0.709322233E-16
    0.657180045E-16
    0.571429644E-16
    0.782247327E-16
    0.604446533E-16
    0.687091357E-16
    0.600775943E-16
    0.732495796E-16
    0.600395867E-16
    0.647862729E-16
    0.736364340E-16
    0.689787662E-16
    0.645174836E-16
    0.755146060E-16
    0.861933457E-16
    0.842771121E-16
    0.734921302E-16
    0.897672984E-16
    0.840918902E-16
    0.819650334E-16
    0.700291403E-16
    0.813657978E-16
    0.934727037E-16
    0.851226926E-16
    0.764953854E-16
    0.864237862E-16
    0.925709301E-16
    0.815458420E-16
    0.871634518E-16
    0.734296969E-16
    0.883049015E-16
    0.103915169E-15
    0.101411750E-15
    0.878163948E-16
    0.103877052E-15
    0.106039446E-15
    0.910957299E-16
    0.968317088E-16
    0.967196993E-16
    0.854802285E-16
    0.889744106E-16
    0.861087946E-16
    0.979043557E-16
    0.115371130E-15
    0.100999730E-15
    0.848646991E-16
    0.121301686E-15
    0.102988252E-15
    0.988229600E-16
    0.110247854E-15
    0.105664570E-15
    0.105174120E-15
    0.962162638E-16
    0.102585969E-15
    0.103419583E-15
    0.989306537E-16
    0.107168526E-15
    0.923253268E-16
    0.107280039E-15
    0.102807444E-15
    0.105289862E-15
    0.116700310E-15
    0.130336191E-15
    0.129508428E-15
    0.110265188E-15
    0.121826774E-15
    0.120232459E-15
    0.119067732E-15
    0.122311286E-15
    0.104368180E-15
    0.113102606E-15
    0.111292849E-15
    0.104193499E-15
    0.132213558E-15
    0.134417513E-15
    0.125021301E-15
    0.138225233E-15
    0.136027487E-15
    0.140401463E-15
    0.148795442E-15
    0.147417296E-15
    0.139143895E-15
    0.160094279E-15
    0.147837987E-15
    0.125104556E-15
    0.158558926E-15
    0.157127212E-15
    0.138941051E-15
    0.150126775E-15
    0.151076712E-15
    0.145050650E-15
    0.174414066E-15
    0.164253752E-15
    0.167296764E-15
    0.189644372E-15
    0.203287133E-15
    0.158348601E-15
    0.197918405E-15
    0.201644915E-15
    0.178078810E-15
    0.184239421E-15
    0.198849226E-15
    0.174110322E-15
    0.183132346E-15
    0.213020950E-15
    0.206520003E-15
    0.206844147E-15
    0.221774691E-15
    0.203676406E-15
    0.215467510E-15
    0.239126543E-15
    0.211318244E-15
    0.219447133E-15
    0.244974920E-15
    0.234172193E-15
    0.225904717E-15
    0.261860713E-15
    0.242936195E-15
    0.233444493E-15
    0.242437661E-15
    0.237193948E-15
    0.231001016E-15
    0.267077989E-15
    0.250617883E-15
    0.262829159E-15
    0.282651338E-15
    0.277535283E-15
    0.277723916E-15
    0.288982361E-15
    0.271001071E-15
    0.290205706E-15
    0.297657101E-15
    0.287203164E-15
    0.304271694E-15
    0.322754649E-15
    0.288772291E-15
    0.302489277E-15
    0.331814293E-15
    0.296401834E-15
    0.322733193E-15
    0.323563654E-15
    0.335819606E-15
    0.337076663E-15
    0.359514852E-15
    0.334224702E-15
    0.362131417E-15
    0.367972184E-15
    0.340916677E-15
    0.364268489E-15
    0.395891222E-15
    0.366886089E-15
    0.376897284E-15
    0.417238120E-15
    0.367805441E-15
    0.384914009E-15
    0.415485439E-15
    0.416295603E-15
    0.400393132E-15
    0.469624363E-15
    0.420443829E-15
    0.427136870E-15
    0.472226337E-15
    0.438888980E-15
    0.415888123E-15
    0.502732428E-15
    0.456615533E-15
    0.462669674E-15
    0.516861524E-15
    0.527816718E-15
    0.478326286E-15
    0.518484340E-15
    0.492934587E-15
    0.468301162E-15
    0.546531477E-15
    0.534715345E-15
    0.510505772E-15
    0.571041793E-15
    0.588917304E-15
    0.540367757E-15
    0.607428718E-15
    0.584068290E-15
    0.572139032E-15
    0.578547798E-15
    0.625740249E-15
    0.554081703E-15
    0.667815188E-15
    0.634519447E-15
    0.606545100E-15
    0.608734109E-15
    0.672341983E-15
    0.625392091E-15
    0.689609179E-15
    0.688908455E-15
    0.659581455E-15
    0.695943247E-15
    0.701287813E-15
    0.682527685E-15
    0.714399909E-15
    0.764183800E-15
    0.701291399E-15
    0.727837141E-15
    0.745757518E-15
    0.767378545E-15
    0.731369375E-15
    0.765851446E-15
    0.698939199E-15
    0.720905780E-15
    0.741441651E-15
    0.768903361E-15
    0.794513134E-15
    0.840119996E-15
    0.755905994E-15
    0.768193271E-15
    0.718373621E-15
    0.760753313E-15
    0.760975983E-15
    0.758906164E-15
    0.725108517E-15
    0.727139680E-15
    0.756353432E-15
    0.717010263E-15
    0.714918009E-15
    0.701242217E-15
    0.623253795E-15
    0.610547203E-15
    0.619558756E-15
    0.587744985E-15
    0.656314405E-15
    0.575201742E-15
    0.543079390E-15
    0.505500966E-15
    0.507527381E-15
    0.472741858E-15
    0.462168743E-15
    0.440407031E-15
    0.377211409E-15
    0.377975240E-15
    0.400069444E-15
    0.359558248E-15
    0.380402812E-15
    0.428796395E-15
    0.397836958E-15
    0.518451443E-15
    0.565576879E-15
    0.639532819E-15
    0.793533548E-15
    0.946143796E-15
    0.111964021E-14
    0.142737573E-14
    0.169290925E-14
    0.201085017E-14
    0.241953953E-14
    0.298333543E-14
    0.374402277E-14
    0.451048131E-14
    0.552800173E-14
    0.640614214E-14
    0.772242042E-14
    0.924346319E-14
    0.109353629E-13
    0.132476497E-13
    0.156592850E-13
    0.182388277E-13
    0.215312051E-13
    0.248806105E-13
    0.295041850E-13
    0.343206230E-13
    0.399803017E-13
    0.465274637E-13
    0.540403898E-13
    0.633483201E-13
    0.733687673E-13
    0.851288776E-13
    0.986242344E-13
    0.112472402E-12
    0.130227344E-12
    0.149595603E-12
    0.173237822E-12
    0.200176860E-12
    0.229389275E-12
    0.263425691E-12
    0.300826932E-12
    0.345277282E-12
    0.395392249E-12
    0.452326973E-12
    0.519429268E-12
    0.592374354E-12
    0.677305301E-12
    0.774124653E-12
    0.883302258E-12
    0.101078670E-11
    0.115115267E-11
    0.131370090E-11
    0.149793714E-11
    0.170783870E-11
    0.194870024E-11
    0.221686188E-11
    0.252520447E-11
    0.287157704E-11
    0.326261550E-11
    0.371506488E-11
    0.422382305E-11
    0.481054081E-11
    0.546536222E-11
    0.620927377E-11
    0.705320905E-11
    0.800535246E-11
    0.909620703E-11
    0.103256171E-10
    0.117246751E-10
    0.133117675E-10
    0.150960785E-10
    0.171276610E-10
    0.194192247E-10
    0.220228876E-10
    0.249634320E-10
    0.282821729E-10
    0.320547005E-10
    0.363020954E-10
    0.411177182E-10
    0.465588835E-10
    0.526895998E-10
    0.596385065E-10
    0.674601216E-10
    0.763197520E-10
    0.863150594E-10
    0.976163519E-10
    0.110362995E-09
    0.124697057E-09
    0.140902603E-09
    0.159135512E-09
    0.179694397E-09
    0.202915464E-09
    0.229017795E-09
    0.258467696E-09
    0.291560339E-09
    0.328830643E-09
    0.370740961E-09
    0.417901483E-09
    0.470992688E-09
    0.530583058E-09
    0.597651547E-09
    0.672986969E-09
    0.757527371E-09
    0.852587806E-09
    0.959225374E-09
    0.107890454E-08
    0.121320646E-08
    0.136379705E-08
    0.153277034E-08
    0.172196996E-08
    0.193429854E-08
    0.217179067E-08
    0.243788588E-08
    0.273584494E-08
    0.306909884E-08
    0.344221359E-08
    0.385962875E-08
    0.432610828E-08
    0.484775533E-08
    0.543034959E-08
    0.608159739E-08
    0.680833455E-08
    0.762029600E-08
    0.852630431E-08
    0.953690761E-08
    0.106646365E-07
    0.119214095E-07
    0.133224566E-07
    0.148840950E-07
    0.166231322E-07
    0.185600136E-07
    0.207160290E-07
    0.231158493E-07
    0.257853426E-07
    0.287539323E-07
    0.320558173E-07
    0.357238434E-07
    0.398011755E-07
    0.443291674E-07
    0.493569679E-07
    0.549393548E-07
    0.611333247E-07
    0.680042112E-07
    0.756243052E-07
    0.840718461E-07
    0.934348568E-07
    0.103806067E-06
    0.115296117E-06
    0.128015264E-06
    0.142094215E-06
    0.157672696E-06
    0.174902225E-06
    0.193956420E-06
    0.215018907E-06
    0.238292529E-06
    0.264004221E-06
    0.292397445E-06
    0.323744460E-06
    0.358335880E-06
    0.396502055E-06
    0.438596105E-06
    0.485002889E-06
    0.536155754E-06
    0.592512048E-06
    0.654588555E-06
    0.722942166E-06
    0.798177202E-06
    0.880966085E-06
    0.972033588E-06
    0.107217690E-05
    0.118226028E-05
    0.130323402E-05
    0.143613524E-05
    0.158208060E-05
    0.174230910E-05
    0.191815134E-05
    0.211106964E-05
    0.232265567E-05
    0.255463002E-05
    0.280887826E-05
    0.308744635E-05
    0.339255474E-05
    0.372662366E-05
    0.409227703E-05
    0.449237861E-05
    0.493000757E-05
    0.540853895E-05
    0.593160934E-05
    0.650317660E-05
    0.712753046E-05
    0.780930931E-05
    0.855354490E-05
    0.936569198E-05
    0.102516304E-04
    0.112177515E-04
    0.122709442E-04
    0.134186895E-04
    0.146690064E-04
    0.160306416E-04
    0.175129708E-04
    0.191261482E-04
    0.208811307E-04
    0.227897087E-04
    0.248646296E-04
    0.271196152E-04
    0.295694242E-04
    0.322299906E-04
    0.351184384E-04
    0.382532292E-04
    0.416541318E-04
    0.453424929E-04
    0.493412395E-04
    0.536749188E-04
    0.583700222E-04
    0.634548410E-04
    0.689598457E-04
    0.749176707E-04
    0.813632524E-04
    0.883340934E-04
    0.958703607E-04
    0.104015051E-03
    0.112814148E-03
    0.122316809E-03
    0.132575836E-03
    0.143647283E-03
    0.155591392E-03
    0.168472268E-03
    0.182358456E-03
    0.197323149E-03
    0.213444234E-03
    0.230804860E-03
    0.249493717E-03
    0.269605130E-03
    0.291239642E-03
    0.314504056E-03
    0.339512423E-03
    0.366385559E-03
    0.395252102E-03
    0.426248734E-03
    0.459520464E-03
    0.495221458E-03
    0.533515045E-03
    0.574574436E-03
    0.618583571E-03
    0.665737006E-03
    0.716240964E-03
    0.770313561E-03
    0.828185939E-03
    0.890102352E-03
    0.956320853E-03
    0.102711454E-02
    0.110277148E-02
    0.118359612E-02
    0.126990950E-02
    0.136205008E-02
    0.146037513E-02
    0.156526088E-02
    0.167710346E-02
    0.179632005E-02
    0.192334976E-02
    0.205865433E-02
    0.220271886E-02
    0.235605364E-02
    0.251919405E-02
    0.269270261E-02
    0.287716911E-02
    0.307321228E-02
    0.328148062E-02
    0.350265387E-02
    0.373744316E-02
    0.398659327E-02
    0.425088334E-02
    0.453112810E-02
    0.482817829E-02
    0.514292380E-02
    0.547629246E-02
    0.582925331E-02
    0.620281626E-02
    0.659803451E-02
    0.701600518E-02
    0.745787076E-02
    0.792481993E-02
    0.841808939E-02
    0.893896473E-02
    0.948878215E-02
    0.100689276E-01
    0.106808416E-01
    0.113260171E-01
    0.120060019E-01
    0.127223999E-01
    0.134768715E-01
    0.142711357E-01
    0.151069694E-01
    0.159862093E-01
    0.169107532E-01
    0.178825594E-01
    0.189036494E-01
    0.199761051E-01
    0.211020734E-01
    0.222837640E-01
    0.235234498E-01
    0.248234683E-01
    0.261862204E-01
    0.276141723E-01
    0.291098527E-01
    0.306758532E-01
    0.323148298E-01
    0.340295004E-01
    0.358226439E-01
    0.376970989E-01
    0.396557641E-01
    0.417015967E-01
    0.438376078E-01
    0.460668644E-01
    0.483924836E-01
    0.508176352E-01
    0.533455331E-01
    0.559794359E-01
    0.587226432E-01
    0.615784939E-01
    0.645503576E-01
    0.676416345E-01
    0.708557489E-01
    0.741961487E-01
    0.776662912E-01
    0.812696498E-01
    0.850096951E-01
    0.888899024E-01
    0.929137327E-01
    0.970846332E-01
    0.101406027E+00
    0.105881309E+00
    0.110513834E+00
    0.115306908E+00
    0.120263781E+00
    0.125387642E+00
    0.130681601E+00
    0.136148685E+00
    0.141791825E+00
    0.147613848E+00
    0.153617464E+00
    0.159805255E+00
    0.166179665E+00
    0.172742986E+00
    0.179497347E+00
    0.186444702E+00
    0.193586816E+00
    0.200925258E+00
    0.208461378E+00
    0.216196303E+00
    0.224130920E+00
    0.232265866E+00
    0.240601510E+00
    0.249137943E+00
    0.257874969E+00
    0.266812085E+00
    0.275948472E+00
    0.285282985E+00
    0.294814138E+00
    0.304540094E+00
    0.314458651E+00
    0.324567237E+00
    0.334862893E+00
    0.345342271E+00
    0.356001621E+00
    0.366836778E+00
    0.377843168E+00
    0.389015789E+00
    0.400349209E+00
    0.411837564E+00
    0.423474555E+00
    0.435253443E+00
    0.447167044E+00
    0.459207738E+00
    0.471367464E+00
    0.483637719E+00
    0.496009575E+00
    0.508473663E+00
    0.521020204E+00
    0.533638998E+00
    0.546319439E+00
    0.559050525E+00
    0.571820876E+00
    0.584618739E+00
    0.597432008E+00
    0.610248231E+00
    0.623054656E+00
    0.635838204E+00
    0.648585538E+00
    0.661283045E+00
    0.673916890E+00
    0.686473018E+00
    0.698937192E+00
    0.711295016E+00
    0.723531965E+00
    0.735633406E+00
    0.747584645E+00
    0.759370926E+00
    0.770977504E+00
    0.782389639E+00
    0.793592651E+00
    0.804571942E+00
    0.815313037E+00
    0.825801611E+00
    0.836023515E+00
    0.845964832E+00
    0.855611889E+00
    0.864951289E+00
    0.873969966E+00
    0.882655190E+00
    0.890994613E+00
    0.898976297E+00
    0.906588741E+00
    0.913820907E+00
    0.920662259E+00
    0.927102780E+00
    0.933132986E+00
    0.938743978E+00
    0.943927448E+00
    0.948675683E+00
    0.952981614E+00
    0.956838816E+00
    0.960241532E+00
    0.963184672E+00
    0.965663847E+00
    0.967675357E+00
    0.969216215E+00
    0.970284151E+00
    0.970877599E+00
    0.970995725E+00
    0.970638418E+00
    0.969806279E+00
    0.968500626E+00
    0.966723489E+00
    0.964477609E+00
    0.961766410E+00
    0.958594004E+00
    0.954965187E+00
    0.950885394E+00
    0.946360725E+00
    0.941397885E+00
    0.936004208E+00
    0.930187598E+00
    0.923956538E+00
    0.917320054E+00
    0.910287693E+00
    0.902869501E+00
    0.895076006E+00
    0.886918163E+00
    0.878407371E+00
    0.869555408E+00
    0.860374425E+00
    0.850876903E+00
    0.841075648E+00
    0.830983732E+00
    0.820614478E+00
    0.809981443E+00
    0.799098375E+00
    0.787979173E+00
    0.776637892E+00
    0.765088674E+00
    0.753345753E+00
    0.741423409E+00
    0.729335948E+00
    0.717097660E+00
    0.704722823E+00
    0.692225645E+00
    0.679620251E+00
    0.666920661E+00
    0.654140779E+00
    0.641294332E+00
    0.628394886E+00
    0.615455803E+00
    0.602490234E+00
    0.589511082E+00
    0.576531007E+00
    0.563562383E+00
    0.550617303E+00
    0.537707550E+00
    0.524844586E+00
    0.512039537E+00
    0.499303189E+00
    0.486645965E+00
    0.474077920E+00
    0.461608728E+00
    0.449247686E+00
    0.437003688E+00
    0.424885232E+00
    0.412900412E+00
    0.401056912E+00
    0.389362003E+00
    0.377822540E+00
    0.366444971E+00
    0.355235316E+00
    0.344199188E+00
    0.333341785E+00
    0.322667892E+00
    0.312181888E+00
    0.301887750E+00
    0.291789051E+00
    0.281888978E+00
    0.272190329E+00
    0.262695519E+00
    0.253406596E+00
    0.244325245E+00
    0.235452798E+00
    0.226790234E+00
    0.218338207E+00
    0.210097045E+00
    0.202066758E+00
    0.194247062E+00
    0.186637373E+00
    0.179236835E+00
    0.172044324E+00
    0.165058462E+00
    0.158277626E+00
    0.151699968E+00
    0.145323423E+00
    0.139145717E+00
    0.133164389E+00
    0.127376799E+00
    0.121780139E+00
    0.116371448E+00
    0.111147625E+00
    0.106105436E+00
    0.101241532E+00
    0.965524581E-01
    0.920346636E-01
    0.876845171E-01
    0.834983102E-01
    0.794722791E-01
    0.756026022E-01
    0.718854199E-01
    0.683168380E-01
    0.648929418E-01
    0.616097979E-01
    0.584634724E-01
    0.554500277E-01
    0.525655390E-01
    0.498060963E-01
    0.471678146E-01
    0.446468347E-01
    0.422393359E-01
    0.399415384E-01
    0.377497070E-01
    0.356601562E-01
    0.336692588E-01
    0.317734429E-01
    0.299692014E-01
    0.282530928E-01
    0.266217427E-01
    0.250718496E-01
    0.236001846E-01
    0.222035945E-01
    0.208790023E-01
    0.196234103E-01
    0.184339008E-01
    0.173076335E-01
    0.162418517E-01
    0.152338791E-01
    0.142811199E-01
    0.133810606E-01
    0.125312682E-01
    0.117293894E-01
    0.109731523E-01
    0.102603625E-01
    0.958890589E-02
    0.895674338E-02
    0.836191403E-02
    0.780253015E-02
    0.727677849E-02
    0.678291746E-02
    0.631927658E-02
    0.588425366E-02
    0.547631500E-02
    0.509399168E-02
    0.473587946E-02
    0.440063589E-02
    0.408697981E-02
    0.379368835E-02
    0.351959541E-02
    0.326359055E-02
    0.302461673E-02
    0.280166807E-02
    0.259378870E-02
    0.240007089E-02
    0.221965259E-02
    0.205171710E-02
    0.189548969E-02
    0.175023724E-02
    0.161526576E-02
    0.148991921E-02
    0.137357756E-02
    0.126565526E-02
    0.116560033E-02
    0.107289206E-02
    0.987039674E-03
    0.907581679E-03
    0.834083362E-03
    0.766136367E-03
    0.703357120E-03
    0.645385330E-03
    0.591883304E-03
    0.542534151E-03
    0.497041366E-03
    0.455127177E-03
    0.416531857E-03
    0.381012682E-03
    0.348342732E-03
    0.318310373E-03
    0.290718160E-03
    0.265381966E-03
    0.242130380E-03
    0.220803820E-03
    0.201253798E-03
    0.183342334E-03
    0.166941145E-03
    0.151931347E-03
    0.138202451E-03
    0.125652152E-03
    0.114185576E-03
    0.103715006E-03
    0.941591281E-04
    0.854429472E-04
    0.774969606E-04
    0.702571639E-04
    0.636643809E-04
    0.576641077E-04
    0.522060672E-04
    0.472439832E-04
    0.427352635E-04
    0.386406913E-04
    0.349242173E-04
    0.315528095E-04
    0.284960208E-04
    0.257260041E-04
    0.232172013E-04
    0.209461440E-04
    0.188914129E-04
    0.170333457E-04
    0.153539985E-04
    0.138369515E-04
    0.124672011E-04
    0.112310656E-04
    0.101160247E-04
    0.911072285E-05
    0.820475940E-05
    0.738868274E-05
    0.665389730E-05
    0.599258273E-05
    0.539761378E-05
    0.486255228E-05
    0.438151486E-05
    0.394920392E-05
    0.356078019E-05
    0.321188867E-05
    0.289856655E-05
    0.261725067E-05
    0.236469432E-05
    0.213798480E-05
    0.193447510E-05
    0.175179510E-05
    0.158779440E-05
    0.144054321E-05
    0.130830075E-05
    0.118950091E-05
    0.108273819E-05
    0.986746643E-06
    0.900392431E-06
    0.822661700E-06
    0.752636652E-06
    0.689502584E-06
    0.632530113E-06
    0.581061173E-06
    0.534515270E-06
    0.492368304E-06
    0.454154277E-06
    0.419458819E-06
    0.387908633E-06
    0.359177423E-06
    0.332967316E-06
    0.309020793E-06
    0.287102337E-06
    0.267005533E-06
    0.248547599E-06
    0.231564722E-06
    0.215910466E-06
    0.201457507E-06
    0.188089747E-06
    0.175707332E-06
    0.164217908E-06
    0.153541673E-06
    0.143607113E-06
    0.134349342E-06
    0.125712807E-06
    0.117645581E-06
    0.110103599E-06
    0.103044727E-06
    0.964335493E-07
    0.902358986E-07
    0.844233702E-07
    0.789686244E-07
    0.738484501E-07
    0.690392345E-07
    0.645222955E-07
    0.602781311E-07
    0.562906554E-07
    0.525439975E-07
    0.490246147E-07
    0.457183231E-07
    0.426130728E-07
    0.396976450E-07
    0.369609052E-07
    0.343931142E-07
    0.319849450E-07
    0.297274186E-07
    0.276117372E-07
    0.256305256E-07
    0.237759097E-07
    0.220410043E-07
    0.204191108E-07
    0.189039394E-07
    0.174888110E-07
    0.161686030E-07
    0.149375605E-07
    0.137904280E-07
    0.127223376E-07
    0.117287304E-07
    0.108047369E-07
    0.994627829E-08
    0.914943465E-08
    0.841014870E-08
    0.772493194E-08
    0.709036431E-08
    0.650303647E-08
    0.595983496E-08
    0.545799820E-08
    0.499460477E-08
    0.456708565E-08
    0.417306589E-08
    0.381017242E-08
    0.347608243E-08
    0.316894496E-08
    0.288670360E-08
    0.262754619E-08
    0.238985350E-08
    0.217198598E-08
    0.197246542E-08
    0.178983324E-08
    0.162288229E-08
    0.147029933E-08
    0.133104929E-08
    0.120404278E-08
    0.108830225E-08
    0.982866024E-09
    0.886984745E-09
    0.799751129E-09
    0.720551226E-09
    0.648648031E-09
    0.583497903E-09
    0.524414471E-09
    0.470937205E-09
    0.422550294E-09
    0.378827466E-09
    0.339335815E-09
    0.303738429E-09
    0.271616587E-09
    0.242696705E-09
    0.216656498E-09
    0.193243934E-09
    0.172210449E-09
    0.153349308E-09
    0.136432599E-09
    0.121261408E-09
    0.107683609E-09
    0.955394043E-10
    0.846856201E-10
    0.750041631E-10
    0.663765887E-10
    0.586740496E-10
    0.518229556E-10
    0.457243484E-10
    0.403073633E-10
    0.355022492E-10
    0.312446364E-10
    0.274692375E-10
    0.241245524E-10
    0.211688956E-10
    0.185571126E-10
    0.162523116E-10
    0.142268970E-10
    0.124396631E-10
    0.108644139E-10
    0.948276784E-11
    0.826748891E-11
    0.720341200E-11
    0.627098367E-11
    0.545660057E-11
    0.474316908E-11
    0.411859944E-11
    0.357444463E-11
    0.309897334E-11
    0.268669216E-11
    0.232890847E-11
    0.201603542E-11
    0.174442084E-11
    0.150919173E-11
    0.130443156E-11
    0.112770866E-11
    0.974610817E-12
    0.843724784E-12
    0.728700903E-12
    0.629915109E-12
    0.543821309E-12
    0.470392396E-12
    0.406932562E-12
    0.352821203E-12
    0.305168459E-12
    0.264597257E-12
    0.229185555E-12
    0.198819334E-12
    0.172417298E-12
    0.150321308E-12
    0.130993385E-12
    0.114086596E-12
    0.992076406E-13
    0.866688474E-13
    0.756405740E-13
    0.663665296E-13
    0.582552084E-13
    0.509983656E-13
    0.447952469E-13
    0.393123152E-13
    0.344921893E-13
    0.303890440E-13
    0.268611585E-13
    0.238061853E-13
    0.208213847E-13
    0.184138625E-13
    0.161808753E-13
    0.142824997E-13
    0.126999858E-13
    0.112251341E-13
    0.986487482E-14
    0.872821874E-14
    0.764006284E-14
    0.677134944E-14
    0.595373524E-14
    0.535342970E-14
    0.468264484E-14
    0.413047920E-14
    0.364914620E-14
    0.318838656E-14
    0.285830041E-14
    0.255438095E-14
    0.226656766E-14
    0.202867160E-14
    0.178690292E-14
    0.161979846E-14
    0.143551416E-14
    0.131048521E-14
    0.122345183E-14
    0.107091020E-14
    0.101191375E-14
    0.895633942E-15
    0.845273693E-15
    0.809623424E-15
    0.748692189E-15
    0.691484708E-15
    0.659372092E-15
    0.632610463E-15
    0.606412084E-15
    0.598217136E-15
    0.595613256E-15
    0.553685466E-15
    0.553576687E-15
    0.528042650E-15
    0.511376335E-15
    0.525199196E-15
    0.500693159E-15
    0.493726297E-15
    0.485260698E-15
    0.469364666E-15
    0.476736086E-15
    0.457195082E-15
    0.464339363E-15
    0.446358607E-15
    0.433988246E-15
    0.445434256E-15
    0.418794818E-15
    0.425333292E-15
    0.425714207E-15
    0.414190714E-15
    0.397505685E-15
    0.400577253E-15
    0.384376123E-15
    0.390245523E-15
    0.406573575E-15
    0.382702987E-15
    0.354888271E-15
    0.370505077E-15
    0.346643722E-15
    0.347489936E-15
    0.343281864E-15
    0.338481924E-15
    0.315757181E-15
    0.317668036E-15
    0.302617877E-15
    0.304104035E-15
    0.315740977E-15
    0.301395527E-15
    0.279594193E-15
    0.291582476E-15
    0.274949804E-15
    0.277966727E-15
    0.273117939E-15
    0.267570009E-15
    0.263117674E-15
    0.255573883E-15
    0.245253927E-15
    0.241070891E-15
    0.247352718E-15
    0.236832543E-15
    0.232217724E-15
    0.222814921E-15
    0.209531737E-15
    0.213178721E-15
    0.213328821E-15
    0.192791978E-15
    0.195288161E-15
    0.188178880E-15
    0.180712494E-15
    0.193368413E-15
    0.189100875E-15
    0.179600535E-15
    0.167667705E-15
    0.188537402E-15
    0.161374286E-15
    0.170885769E-15
    0.174716297E-15
    0.160167101E-15
    0.153344480E-15
    0.160862238E-15
    0.144355457E-15
    0.157475284E-15
    0.149899680E-15
    0.137282488E-15
    0.128712145E-15
    0.149365905E-15
    0.127942516E-15
    0.122822759E-15
    0.136025178E-15
    0.120116959E-15
    0.110070244E-15
    0.117728449E-15
    0.107036901E-15
    0.112373220E-15
    0.118208864E-15
    0.109273654E-15
    0.108100122E-15
    0.109876480E-15
    0.104554644E-15
    0.101685185E-15
    0.108072921E-15
    0.110803839E-15
    0.864728722E-16
    0.104723714E-15
    0.962629130E-16
    0.971907263E-16
    0.919596192E-16
    0.856138818E-16
    0.783483964E-16
    0.904794554E-16
    0.929647032E-16
    0.825465129E-16
    0.734275056E-16
    0.776746007E-16
    0.702841870E-16
    0.690909619E-16
    0.666567832E-16
    0.714784653E-16
    0.583325539E-16
    0.629747627E-16
    0.615082679E-16
    0.674915156E-16
    0.607952625E-16
    0.633589826E-16
    0.597552171E-16
    0.493624977E-16
    0.677569108E-16
    0.606325745E-16
    0.590611626E-16
    0.626266771E-16
    0.558420419E-16
    0.560772476E-16
    0.552221625E-16
    0.568420628E-16
    0.604432250E-16
    0.622147818E-16
    0.668924850E-16
    0.507397100E-16
    0.601237785E-16
    0.597181741E-16
    0.593828204E-16
    0.458702056E-16
    0.491660238E-16
    0.497901552E-16
    0.465384801E-16
    0.521740757E-16
    0.497673134E-16
    0.455183399E-16
    0.482798934E-16
    0.385065972E-16
    0.383132039E-16
    0.385192295E-16
    0.385960119E-16
    0.356403799E-16
    0.327617883E-16
    0.302608074E-16
    0.357509957E-16
    0.268420385E-16
    0.198653464E-16
    0.304941329E-16
    0.340828718E-16
    0.289998124E-16
    0.273858353E-16
    0.334507214E-16
    0.259924553E-16
    0.333900011E-16
    0.221261029E-16
    0.217429632E-16
    0.224131608E-16
    0.210801341E-16
    0.273725578E-16
    0.348845938E-16
    0.265847730E-16
    0.319790250E-16
    0.249817305E-16
    0.213179819E-16
    0.271550539E-16
    0.288820894E-16
    0.193942923E-16
    0.226390794E-16
    0.206417079E-16
    0.268923866E-16
    0.229244857E-16
    0.168691600E-16
    0.210751666E-16
    0.263262187E-16
    0.203869247E-16
    0.198701087E-16
    0.296633933E-16
    0.230181995E-16
    0.272858776E-16
    0.178867493E-16
    0.183621004E-16
    0.186247415E-16
    0.169218219E-16
    0.218076040E-16
    0.292810567E-16
    0.223728550E-16
    0.308236985E-16
    0.253543509E-16
    0.235873614E-16
    0.233483398E-16
    0.290621544E-16
    0.161634495E-16
    0.218031517E-16
    0.198448364E-16
    0.257740562E-16
    0.238734183E-16
    0.185859641E-16
    0.215548504E-16
    0.263466233E-16
    0.199559011E-16
    0.172683218E-16
    0.277759524E-16
    0.220397068E-16
    0.247096615E-16
    0.175482290E-16
    0.181991529E-16
    0.170425725E-16
    0.166922482E-16
    0.175597711E-16
    0.251507726E-16
    0.181090484E-16
    0.271904873E-16
    0.240585547E-16
    0.244474772E-16
    0.215500872E-16
    0.265669433E-16
    0.144958589E-16
    0.205841680E-16
    0.189051932E-16
    0.215501900E-16
    0.232747016E-16
    0.173975405E-16
    0.218541739E-16
    0.273371076E-16
    0.210563623E-16
    0.172244059E-16
    0.258817332E-16
    0.220526008E-16
    0.230306149E-16
    0.177293869E-16
    0.180562371E-16
    0.166369440E-16
    0.177039659E-16
    0.162651217E-16
    0.229283348E-16
    0.165767433E-16
    0.254180769E-16
    0.224487849E-16
    0.250471866E-16
    0.192623888E-16
    0.245008399E-16
    0.136195152E-16
    0.184278930E-16
    0.205104895E-16
    0.176891457E-16
    0.206107621E-16
    0.156924625E-16
    0.222866836E-16
    0.257469410E-16
    0.215297124E-16
    0.171931630E-16
    0.247049836E-16
    0.210692238E-16
    0.229310221E-16
    0.193674975E-16
    0.170248654E-16
    0.179287734E-16
    0.180137258E-16
    0.173154587E-16
    0.219478789E-16
    0.167042761E-16
    0.259613757E-16
    0.220291671E-16
    0.250855629E-16
    0.182259146E-16
    0.237220327E-16
    0.134433664E-16
    0.174020682E-16
    0.232163589E-16
    0.165353200E-16
    0.188592999E-16
    0.157569352E-16
    0.247901702E-16
    0.216724396E-16
    0.223655698E-16
    0.157340575E-16
    0.250941689E-16
    0.174261115E-16
    0.245195333E-16
    0.215405474E-16
    0.149230201E-16
    0.220888421E-16
    0.186611269E-16
    0.191895417E-16
    0.202909514E-16
    0.196172197E-16
    0.248120381E-16
    0.233057809E-16
    0.223724230E-16
    0.210868692E-16
    0.215478761E-16
    0.152938315E-16
    0.205282126E-16
    0.227430356E-16
    0.178958430E-16
    0.193663834E-16
    0.170624840E-16
    0.270877929E-16
    0.187495328E-16
    0.209199695E-16
    0.157298271E-16
    0.249385653E-16
    0.151710659E-16
    0.240655599E-16
    0.238165291E-16
    0.135713172E-16
    0.250541542E-16
    0.206405043E-16
    0.198719547E-16
    0.165592008E-16
    0.251522722E-16
    0.211470698E-16
    0.243611747E-16
    0.180611106E-16
    0.264758955E-16
    0.183054881E-16
    0.169470604E-16
    0.289571291E-16
    0.184329766E-16
    0.199129370E-16
    0.219444262E-16
    0.217500974E-16
    0.222951923E-16
    0.220351800E-16
    0.164094512E-16
    0.210995844E-16
    0.188767078E-16
    0.199807945E-16
    0.228812951E-16
    0.189962726E-16
    0.212049849E-16
    0.252163725E-16
    0.204082307E-16
    0.182904678E-16
    0.200048844E-16
    0.241159227E-16
    0.209161533E-16
    0.202463131E-16
    0.221326507E-16
    0.230862660E-16
    0.192142605E-16
    0.226342459E-16
    0.278982361E-16
    0.208807202E-16
    0.219331876E-16
    0.216028082E-16
    0.273918696E-16
    0.196400990E-16
    0.198666320E-16
    0.187957858E-16
    0.269486482E-16
    0.148311018E-16
    0.211580366E-16
    0.254324065E-16
    0.176348529E-16
    0.281802618E-16
    0.223590464E-16
    0.214419779E-16
    0.178759374E-16
    0.264360658E-16
    0.183882400E-16
    0.225502895E-16
    0.185197676E-16
    0.250624469E-16
    0.220048680E-16
    0.183206507E-16
    0.330343426E-16
    0.223488971E-16
    0.228665268E-16
    0.253890503E-16
    0.256775450E-16
    0.208798259E-16
    0.228904760E-16
    0.203420591E-16
    0.293414646E-16
    0.188612470E-16
    0.198504542E-16
    0.282351235E-16
    0.202819270E-16
    0.284674831E-16
    0.250845153E-16
    0.231304116E-16
    0.211906821E-16
    0.285600658E-16
    0.181985941E-16
    0.226465809E-16
    0.207495134E-16
    0.229588007E-16
    0.245674878E-16
    0.230998574E-16
    0.328286581E-16
    0.229353546E-16
    0.260904783E-16
    0.246405633E-16
    0.244572373E-16
    0.256895496E-16
    0.262761702E-16
    0.254585919E-16
    0.277594904E-16
    0.210602928E-16
    0.263423686E-16
    0.239701079E-16
    0.229830746E-16
    0.370426344E-16
    0.186813055E-16
    0.259629187E-16
    0.354526889E-16
    0.227532399E-16
    0.215808208E-16
    0.207282212E-16
    0.246746528E-16
    0.304602576E-16
    0.307020064E-16
    0.312923829E-16
    0.260022332E-16
    0.316524261E-16
    0.413114919E-16
    0.338542791E-16
    0.346905878E-16
    0.377730486E-16
    0.232113094E-16
    0.233182190E-16
    0.238463716E-16
