 #tdnd tdcion
    0.206855935E-16
    0.257024684E-16
    0.244045412E-16
    0.372732010E-16
    0.269014435E-16
    0.438116799E-16
    0.419491900E-16
    0.348296752E-16
    0.503032557E-16
    0.374568852E-16
    0.436999334E-16
    0.336279474E-16
    0.334023076E-16
    0.327197210E-16
    0.252400235E-16
    0.340793553E-16
    0.223810930E-16
    0.334050165E-16
    0.295439233E-16
    0.261786080E-16
    0.381628077E-16
    0.279809314E-16
    0.411783206E-16
    0.317528467E-16
    0.301069541E-16
    0.282498150E-16
    0.276929364E-16
    0.263719215E-16
    0.243231071E-16
    0.269327807E-16
    0.418180151E-16
    0.253242455E-16
    0.310239756E-16
    0.241147040E-16
    0.287771200E-16
    0.289678955E-16
    0.248364070E-16
    0.221892384E-16
    0.250439426E-16
    0.390543824E-16
    0.211655977E-16
    0.228309924E-16
    0.270892351E-16
    0.335593297E-16
    0.326748014E-16
    0.310689780E-16
    0.271542402E-16
    0.317377843E-16
    0.278043479E-16
    0.202263956E-16
    0.265276467E-16
    0.232785766E-16
    0.305080605E-16
    0.201711055E-16
    0.252933971E-16
    0.327151240E-16
    0.280474805E-16
    0.279055904E-16
    0.248816696E-16
    0.256469397E-16
    0.318818840E-16
    0.240037267E-16
    0.200368945E-16
    0.254792377E-16
    0.319745393E-16
    0.213389234E-16
    0.241833270E-16
    0.281638870E-16
    0.360589716E-16
    0.289639325E-16
    0.287520086E-16
    0.240777121E-16
    0.298940136E-16
    0.266481361E-16
    0.221850179E-16
    0.267404089E-16
    0.219164105E-16
    0.278982605E-16
    0.230001734E-16
    0.234153579E-16
    0.330704725E-16
    0.283499411E-16
    0.240933251E-16
    0.259779360E-16
    0.272071374E-16
    0.276245378E-16
    0.255678890E-16
    0.193362842E-16
    0.326098754E-16
    0.273146230E-16
    0.195450970E-16
    0.290663719E-16
    0.254274871E-16
    0.410394225E-16
    0.268202575E-16
    0.253593685E-16
    0.286485183E-16
    0.287512755E-16
    0.241532680E-16
    0.282820804E-16
    0.287537741E-16
    0.288846419E-16
    0.254378617E-16
    0.267242015E-16
    0.327128287E-16
    0.287564503E-16
    0.346919317E-16
    0.320267176E-16
    0.286736805E-16
    0.341609220E-16
    0.347359462E-16
    0.373843386E-16
    0.396488421E-16
    0.407354844E-16
    0.334102092E-16
    0.471415892E-16
    0.376666354E-16
    0.505374949E-16
    0.491551977E-16
    0.612544433E-16
    0.507413980E-16
    0.556420625E-16
    0.489766376E-16
    0.497272609E-16
    0.548681487E-16
    0.650013469E-16
    0.532543679E-16
    0.470821421E-16
    0.360556026E-16
    0.469206810E-16
    0.500867854E-16
    0.626428176E-16
    0.314387596E-16
    0.385674307E-16
    0.445890118E-16
    0.433488814E-16
    0.282431123E-16
    0.328281889E-16
    0.357498886E-16
    0.355394432E-16
    0.286100013E-16
    0.353450766E-16
    0.326457482E-16
    0.438696752E-16
    0.378879877E-16
    0.497151321E-16
    0.549996234E-16
    0.397983053E-16
    0.331312622E-16
    0.335086772E-16
    0.424172018E-16
    0.427811959E-16
    0.269570391E-16
    0.249813638E-16
    0.311594915E-16
    0.322459934E-16
    0.392979619E-16
    0.421859480E-16
    0.358336018E-16
    0.399377553E-16
    0.401042302E-16
    0.380239221E-16
    0.324866442E-16
    0.411392675E-16
    0.380061086E-16
    0.311061531E-16
    0.298766406E-16
    0.324058215E-16
    0.322819935E-16
    0.279645298E-16
    0.323224239E-16
    0.349564262E-16
    0.444144965E-16
    0.286433384E-16
    0.318691658E-16
    0.293135447E-16
    0.519104767E-16
    0.386518621E-16
    0.275979723E-16
    0.349395999E-16
    0.320233166E-16
    0.264019123E-16
    0.304098699E-16
    0.375680305E-16
    0.266566906E-16
    0.418457926E-16
    0.401206575E-16
    0.348254972E-16
    0.374088620E-16
    0.329443026E-16
    0.350494113E-16
    0.337681173E-16
    0.351047603E-16
    0.318416083E-16
    0.286414631E-16
    0.369741519E-16
    0.410203344E-16
    0.222904772E-16
    0.365769487E-16
    0.348315879E-16
    0.313993493E-16
    0.331740341E-16
    0.369299707E-16
    0.364844167E-16
    0.244503868E-16
    0.315665115E-16
    0.473809951E-16
    0.332959818E-16
    0.271852494E-16
    0.406499891E-16
    0.233412946E-16
    0.358184697E-16
    0.279658378E-16
    0.308824609E-16
    0.315842071E-16
    0.388039208E-16
    0.344080843E-16
    0.354316040E-16
    0.371367436E-16
    0.408693577E-16
    0.373658894E-16
    0.315425373E-16
    0.348190067E-16
    0.273214306E-16
    0.356849418E-16
    0.343559649E-16
    0.295306411E-16
    0.368358559E-16
    0.336699374E-16
    0.317927806E-16
    0.307928159E-16
    0.342174590E-16
    0.302349657E-16
    0.328382169E-16
    0.434417629E-16
    0.472420431E-16
    0.250201123E-16
    0.359645009E-16
    0.324082298E-16
    0.312143780E-16
    0.426291425E-16
    0.286342951E-16
    0.362464846E-16
    0.284859837E-16
    0.244352910E-16
    0.436808209E-16
    0.328122036E-16
    0.428225697E-16
    0.490636468E-16
    0.235561919E-16
    0.413104035E-16
    0.398212391E-16
    0.354262698E-16
    0.397118985E-16
    0.248548599E-16
    0.353383429E-16
    0.340998424E-16
    0.240712649E-16
    0.425973528E-16
    0.280001675E-16
    0.349789315E-16
    0.420243046E-16
    0.303954281E-16
    0.354590260E-16
    0.409018341E-16
    0.297630818E-16
    0.447225511E-16
    0.315029399E-16
    0.354093488E-16
    0.270242984E-16
    0.352657305E-16
    0.391757695E-16
    0.274041031E-16
    0.314643670E-16
    0.418138175E-16
    0.430433613E-16
    0.423271392E-16
    0.336648653E-16
    0.346884775E-16
    0.391808918E-16
    0.304341826E-16
    0.421924338E-16
    0.343635972E-16
    0.306926055E-16
    0.355446327E-16
    0.402078918E-16
    0.278861810E-16
    0.395789157E-16
    0.400007410E-16
    0.362193183E-16
    0.397570968E-16
    0.284320493E-16
    0.401566815E-16
    0.381275450E-16
    0.320776783E-16
    0.320432792E-16
    0.358584632E-16
    0.322318638E-16
    0.382742221E-16
    0.434264351E-16
    0.309821857E-16
    0.458699449E-16
    0.361959913E-16
    0.375434026E-16
    0.457196926E-16
    0.448698063E-16
    0.384368248E-16
    0.364343297E-16
    0.302779296E-16
    0.368537845E-16
    0.375906368E-16
    0.360300764E-16
    0.363986348E-16
    0.288474170E-16
    0.436309684E-16
    0.366871339E-16
    0.390997614E-16
    0.523074644E-16
    0.384354183E-16
    0.349659916E-16
    0.323558734E-16
    0.401473048E-16
    0.372766324E-16
    0.343343663E-16
    0.347393682E-16
    0.419683576E-16
    0.326061979E-16
    0.431095819E-16
    0.253034107E-16
    0.321605350E-16
    0.538780260E-16
    0.322806424E-16
    0.414190370E-16
    0.323706886E-16
    0.366868456E-16
    0.401195525E-16
    0.406091559E-16
    0.365290759E-16
    0.532329153E-16
    0.432524837E-16
    0.431216097E-16
    0.357470388E-16
    0.399778808E-16
    0.369355256E-16
    0.317489285E-16
    0.420583467E-16
    0.281570025E-16
    0.420403752E-16
    0.375905805E-16
    0.373985673E-16
    0.495598652E-16
    0.510163341E-16
    0.385748090E-16
    0.381819617E-16
    0.380535787E-16
    0.311692747E-16
    0.376108479E-16
    0.435590036E-16
    0.490730396E-16
    0.435457670E-16
    0.492754701E-16
    0.429519228E-16
    0.329188008E-16
    0.537382708E-16
    0.357982980E-16
    0.486957204E-16
    0.395857239E-16
    0.516068009E-16
    0.427663520E-16
    0.428384427E-16
    0.533342145E-16
    0.548616269E-16
    0.406920719E-16
    0.424371132E-16
    0.346878930E-16
    0.315720927E-16
    0.507924398E-16
    0.420652415E-16
    0.567441955E-16
    0.590595651E-16
    0.579769969E-16
    0.502241268E-16
    0.493600993E-16
    0.391251773E-16
    0.450521907E-16
    0.415626861E-16
    0.429605057E-16
    0.421620565E-16
    0.425717427E-16
    0.408103155E-16
    0.504536078E-16
    0.634654388E-16
    0.387658452E-16
    0.507297119E-16
    0.476893621E-16
    0.404052088E-16
    0.494145471E-16
    0.585215489E-16
    0.594874779E-16
    0.431250702E-16
    0.553784665E-16
    0.416975509E-16
    0.363082110E-16
    0.380967237E-16
    0.432066210E-16
    0.467076552E-16
    0.509076141E-16
    0.486105215E-16
    0.535074891E-16
    0.449031487E-16
    0.476088964E-16
    0.575189846E-16
    0.447961761E-16
    0.539606424E-16
    0.348933398E-16
    0.459246323E-16
    0.670153513E-16
    0.519065785E-16
    0.561192968E-16
    0.440429309E-16
    0.412880958E-16
    0.565653055E-16
    0.407382951E-16
    0.360639356E-16
    0.639464110E-16
    0.493980401E-16
    0.618913060E-16
    0.607635045E-16
    0.583320524E-16
    0.619432835E-16
    0.516859239E-16
    0.644800245E-16
    0.417670628E-16
    0.571555104E-16
    0.626480612E-16
    0.589863620E-16
    0.557551980E-16
    0.702708079E-16
    0.673736881E-16
    0.660716599E-16
    0.607764266E-16
    0.575923576E-16
    0.746299475E-16
    0.731987156E-16
    0.816801145E-16
    0.677275895E-16
    0.710291303E-16
    0.739606847E-16
    0.712153404E-16
    0.603638074E-16
    0.732161181E-16
    0.659664085E-16
    0.825395314E-16
    0.844618608E-16
    0.723421792E-16
    0.864832356E-16
    0.935700572E-16
    0.806715053E-16
    0.912847646E-16
    0.804599436E-16
    0.650141595E-16
    0.954391277E-16
    0.845795834E-16
    0.920002035E-16
    0.946220337E-16
    0.836678321E-16
    0.791573950E-16
    0.613599428E-16
    0.895906966E-16
    0.931117561E-16
    0.856062368E-16
    0.119005031E-15
    0.924722561E-16
    0.886468337E-16
    0.109477496E-15
    0.839475447E-16
    0.103904780E-15
    0.100682866E-15
    0.850189408E-16
    0.891058811E-16
    0.895646714E-16
    0.104814909E-15
    0.115598534E-15
    0.885076174E-16
    0.103836240E-15
    0.771301588E-16
    0.765538994E-16
    0.104416221E-15
    0.820198953E-16
    0.123290502E-15
    0.112898245E-15
    0.107903566E-15
    0.110020976E-15
    0.113858880E-15
    0.102385627E-15
    0.107029477E-15
    0.938628189E-16
    0.107860697E-15
    0.990507376E-16
    0.102387551E-15
    0.111690371E-15
    0.104225401E-15
    0.125601499E-15
    0.109667722E-15
    0.114059120E-15
    0.123501310E-15
    0.127699199E-15
    0.115462274E-15
    0.133672112E-15
    0.120695516E-15
    0.117174588E-15
    0.139750924E-15
    0.126591689E-15
    0.125208676E-15
    0.121400203E-15
    0.137202596E-15
    0.138893910E-15
    0.129725319E-15
    0.150869418E-15
    0.151839510E-15
    0.130381593E-15
    0.136700963E-15
    0.137825786E-15
    0.151904785E-15
    0.191780020E-15
    0.144866236E-15
    0.161477401E-15
    0.160455398E-15
    0.152575730E-15
    0.192099007E-15
    0.149641156E-15
    0.170244909E-15
    0.160868644E-15
    0.160198436E-15
    0.194187050E-15
    0.184184868E-15
    0.184924650E-15
    0.211654217E-15
    0.160891392E-15
    0.183706695E-15
    0.185814568E-15
    0.193661010E-15
    0.230235146E-15
    0.191544576E-15
    0.201495551E-15
    0.213088676E-15
    0.223478517E-15
    0.234190405E-15
    0.210305457E-15
    0.216661554E-15
    0.215550021E-15
    0.182404592E-15
    0.231980173E-15
    0.225034143E-15
    0.243689632E-15
    0.246884809E-15
    0.228090408E-15
    0.231804327E-15
    0.236654531E-15
    0.256099835E-15
    0.271143165E-15
    0.245822770E-15
    0.258176156E-15
    0.255619607E-15
    0.245588952E-15
    0.283869293E-15
    0.283754570E-15
    0.287681516E-15
    0.277283796E-15
    0.252915990E-15
    0.271472948E-15
    0.302797916E-15
    0.294917097E-15
    0.301235587E-15
    0.288452244E-15
    0.290096947E-15
    0.317840531E-15
    0.327134535E-15
    0.334747947E-15
    0.339342317E-15
    0.322520709E-15
    0.321844378E-15
    0.316894426E-15
    0.330763510E-15
    0.352003816E-15
    0.337901246E-15
    0.355279130E-15
    0.356143312E-15
    0.348771110E-15
    0.402580383E-15
    0.385206988E-15
    0.365323929E-15
    0.388579161E-15
    0.376853780E-15
    0.402361762E-15
    0.405914904E-15
    0.415626970E-15
    0.431906750E-15
    0.410985618E-15
    0.444616448E-15
    0.426696173E-15
    0.411723600E-15
    0.482797336E-15
    0.442822043E-15
    0.422555838E-15
    0.452055262E-15
    0.447137727E-15
    0.505853491E-15
    0.481285597E-15
    0.497137925E-15
    0.498710643E-15
    0.507679604E-15
    0.541433814E-15
    0.528048526E-15
    0.503201709E-15
    0.584268700E-15
    0.494868572E-15
    0.515722515E-15
    0.544486137E-15
    0.557077271E-15
    0.606845242E-15
    0.551092607E-15
    0.568517406E-15
    0.592504810E-15
    0.590066517E-15
    0.620762648E-15
    0.614027807E-15
    0.594841889E-15
    0.675591770E-15
    0.625684564E-15
    0.652693203E-15
    0.697380860E-15
    0.695740991E-15
    0.700253760E-15
    0.623199465E-15
    0.643073530E-15
    0.679369206E-15
    0.695549710E-15
    0.719420976E-15
    0.705721188E-15
    0.683427747E-15
    0.753707653E-15
    0.719384965E-15
    0.747422494E-15
    0.771328178E-15
    0.780599897E-15
    0.749504403E-15
    0.704253751E-15
    0.746643416E-15
    0.779142024E-15
    0.743013417E-15
    0.747256276E-15
    0.714536552E-15
    0.689879803E-15
    0.750997811E-15
    0.712228862E-15
    0.720803956E-15
    0.704164956E-15
    0.669267530E-15
    0.631668277E-15
    0.610905828E-15
    0.630192977E-15
    0.638884531E-15
    0.582578118E-15
    0.582375223E-15
    0.523788527E-15
    0.486704496E-15
    0.476479192E-15
    0.414482094E-15
    0.370563002E-15
    0.326568268E-15
    0.280173643E-15
    0.245548021E-15
    0.217789522E-15
    0.207093883E-15
    0.177247863E-15
    0.132591382E-15
    0.122015018E-15
    0.133435819E-15
    0.129672888E-15
    0.153595073E-15
    0.204989707E-15
    0.242911978E-15
    0.358104252E-15
    0.499779398E-15
    0.687536778E-15
    0.892561020E-15
    0.116586698E-14
    0.154264027E-14
    0.204019241E-14
    0.253909126E-14
    0.330555472E-14
    0.399992464E-14
    0.501064268E-14
    0.619853029E-14
    0.750469160E-14
    0.912029436E-14
    0.109720213E-13
    0.130781284E-13
    0.156211384E-13
    0.186260147E-13
    0.224598404E-13
    0.266897615E-13
    0.314098188E-13
    0.372338430E-13
    0.433068579E-13
    0.510987487E-13
    0.596245729E-13
    0.696829600E-13
    0.813202363E-13
    0.946021464E-13
    0.109594001E-12
    0.127009909E-12
    0.146758713E-12
    0.170135426E-12
    0.195704966E-12
    0.225502106E-12
    0.260174562E-12
    0.298704598E-12
    0.344623091E-12
    0.395043185E-12
    0.453481221E-12
    0.520151018E-12
    0.595583874E-12
    0.682004152E-12
    0.780920750E-12
    0.893397915E-12
    0.102282581E-11
    0.116597753E-11
    0.133112091E-11
    0.151785446E-11
    0.172900414E-11
    0.197200170E-11
    0.224387101E-11
    0.255730031E-11
    0.291024173E-11
    0.331133426E-11
    0.376496703E-11
    0.428020060E-11
    0.486332142E-11
    0.552861378E-11
    0.627327000E-11
    0.712917407E-11
    0.809128844E-11
    0.918162442E-11
    0.104163634E-10
    0.118060909E-10
    0.133879995E-10
    0.151695874E-10
    0.171873200E-10
    0.194693917E-10
    0.220449314E-10
    0.249601793E-10
    0.282521627E-10
    0.319498566E-10
    0.361521037E-10
    0.408754058E-10
    0.462174441E-10
    0.522449208E-10
    0.590438712E-10
    0.667202377E-10
    0.753531124E-10
    0.850952705E-10
    0.960570956E-10
    0.108407631E-09
    0.122333866E-09
    0.138011969E-09
    0.155619390E-09
    0.175507965E-09
    0.197796768E-09
    0.222904271E-09
    0.251104714E-09
    0.282836668E-09
    0.318480590E-09
    0.358519407E-09
    0.403517609E-09
    0.454016892E-09
    0.510688746E-09
    0.574356531E-09
    0.645684059E-09
    0.725667333E-09
    0.815487902E-09
    0.916024758E-09
    0.102878899E-08
    0.115507923E-08
    0.129655101E-08
    0.145481597E-08
    0.163201012E-08
    0.183028332E-08
    0.205202510E-08
    0.230004437E-08
    0.257748856E-08
    0.288727837E-08
    0.323349312E-08
    0.362038514E-08
    0.405202086E-08
    0.453412029E-08
    0.507205619E-08
    0.567231816E-08
    0.634152744E-08
    0.708796307E-08
    0.791980512E-08
    0.884654694E-08
    0.987894920E-08
    0.110288727E-07
    0.123082367E-07
    0.137327408E-07
    0.153177105E-07
    0.170800408E-07
    0.190399079E-07
    0.212182106E-07
    0.236385276E-07
    0.263268863E-07
    0.293130408E-07
    0.326277444E-07
    0.363065388E-07
    0.403884239E-07
    0.449160068E-07
    0.499345069E-07
    0.554989230E-07
    0.616641867E-07
    0.684933051E-07
    0.760566005E-07
    0.844297036E-07
    0.936958905E-07
    0.103947706E-06
    0.115287047E-06
    0.127823438E-06
    0.141680035E-06
    0.156992384E-06
    0.173906679E-06
    0.192583062E-06
    0.213204022E-06
    0.235959214E-06
    0.261062971E-06
    0.288749982E-06
    0.319275745E-06
    0.352920569E-06
    0.389993193E-06
    0.430828981E-06
    0.475793588E-06
    0.525290598E-06
    0.579760278E-06
    0.639680737E-06
    0.705574619E-06
    0.778023068E-06
    0.857643367E-06
    0.945122370E-06
    0.104120343E-05
    0.114669966E-05
    0.126249428E-05
    0.138955386E-05
    0.152892740E-05
    0.168176006E-05
    0.184929880E-05
    0.203290303E-05
    0.223404217E-05
    0.245431733E-05
    0.269548144E-05
    0.295941859E-05
    0.324818977E-05
    0.356402868E-05
    0.390936490E-05
    0.428682834E-05
    0.469926927E-05
    0.514978283E-05
    0.564172347E-05
    0.617872164E-05
    0.676471987E-05
    0.740397493E-05
    0.810108624E-05
    0.886106828E-05
    0.968929690E-05
    0.105916053E-04
    0.115742905E-04
    0.126441736E-04
    0.138085898E-04
    0.150754718E-04
    0.164533927E-04
    0.179515812E-04
    0.195799781E-04
    0.213493324E-04
    0.232711830E-04
    0.253579478E-04
    0.276230842E-04
    0.300809654E-04
    0.327471036E-04
    0.356381686E-04
    0.387721099E-04
    0.421681315E-04
    0.458469176E-04
    0.498306854E-04
    0.541432338E-04
    0.588100816E-04
    0.638586944E-04
    0.693183696E-04
    0.752205292E-04
    0.815989640E-04
    0.884896351E-04
    0.959311370E-04
    0.103964747E-03
    0.112634626E-03
    0.121987850E-03
    0.132074851E-03
    0.142949437E-03
    0.154668963E-03
    0.167294669E-03
    0.180892015E-03
    0.195530506E-03
    0.211284366E-03
    0.228232808E-03
    0.246459825E-03
    0.266055045E-03
    0.287113746E-03
    0.309737277E-03
    0.334033207E-03
    0.360116051E-03
    0.388107280E-03
    0.418135770E-03
    0.450338337E-03
    0.484860264E-03
    0.521855082E-03
    0.561485834E-03
    0.603925284E-03
    0.649355941E-03
    0.697971240E-03
    0.749975682E-03
    0.805585438E-03
    0.865028924E-03
    0.928547485E-03
    0.996395841E-03
    0.106884269E-02
    0.114617164E-02
    0.122868175E-02
    0.131668778E-02
    0.141052151E-02
    0.151053246E-02
    0.161708787E-02
    0.173057449E-02
    0.185139857E-02
    0.197998724E-02
    0.211678893E-02
    0.226227445E-02
    0.241693782E-02
    0.258129699E-02
    0.275589498E-02
    0.294130090E-02
    0.313811039E-02
    0.334694677E-02
    0.356846298E-02
    0.380334052E-02
    0.405229270E-02
    0.431606366E-02
    0.459543119E-02
    0.489120622E-02
    0.520423475E-02
    0.553539885E-02
    0.588561730E-02
    0.625584646E-02
    0.664708278E-02
    0.706036174E-02
    0.749675968E-02
    0.795739657E-02
    0.844343365E-02
    0.895607786E-02
    0.949657976E-02
    0.100662376E-01
    0.106663950E-01
    0.112984446E-01
    0.119638280E-01
    0.126640357E-01
    0.134006085E-01
    0.141751406E-01
    0.149892756E-01
    0.158447106E-01
    0.167431977E-01
    0.176865402E-01
    0.186765984E-01
    0.197152851E-01
    0.208045707E-01
    0.219464787E-01
    0.231430905E-01
    0.243965422E-01
    0.257090258E-01
    0.270827882E-01
    0.285201352E-01
    0.300234232E-01
    0.315950663E-01
    0.332375328E-01
    0.349533433E-01
    0.367450721E-01
    0.386153442E-01
    0.405668362E-01
    0.426022725E-01
    0.447244270E-01
    0.469361184E-01
    0.492402090E-01
    0.516396039E-01
    0.541372488E-01
    0.567361242E-01
    0.594392470E-01
    0.622496655E-01
    0.651704555E-01
    0.682047183E-01
    0.713555761E-01
    0.746261680E-01
    0.780196464E-01
    0.815391720E-01
    0.851879094E-01
    0.889690209E-01
    0.928856626E-01
    0.969409770E-01
    0.101138091E+00
    0.105480100E+00
    0.109970075E+00
    0.114611044E+00
    0.119405991E+00
    0.124357845E+00
    0.129469475E+00
    0.134743680E+00
    0.140183179E+00
    0.145790606E+00
    0.151568499E+00
    0.157519286E+00
    0.163645285E+00
    0.169948688E+00
    0.176431543E+00
    0.183095763E+00
    0.189943095E+00
    0.196975124E+00
    0.204193249E+00
    0.211598685E+00
    0.219192439E+00
    0.226975307E+00
    0.234947860E+00
    0.243110431E+00
    0.251463099E+00
    0.260005692E+00
    0.268737760E+00
    0.277658563E+00
    0.286767078E+00
    0.296061963E+00
    0.305541570E+00
    0.315203911E+00
    0.325046668E+00
    0.335067170E+00
    0.345262387E+00
    0.355628927E+00
    0.366163018E+00
    0.376860501E+00
    0.387716839E+00
    0.398727085E+00
    0.409885893E+00
    0.421187517E+00
    0.432625790E+00
    0.444194138E+00
    0.455885567E+00
    0.467692674E+00
    0.479607630E+00
    0.491622196E+00
    0.503727726E+00
    0.515915158E+00
    0.528175035E+00
    0.540497500E+00
    0.552872309E+00
    0.565288844E+00
    0.577736112E+00
    0.590202771E+00
    0.602677132E+00
    0.615147185E+00
    0.627600608E+00
    0.640024781E+00
    0.652406817E+00
    0.664733574E+00
    0.676991677E+00
    0.689167550E+00
    0.701247417E+00
    0.713217368E+00
    0.725063338E+00
    0.736771172E+00
    0.748326635E+00
    0.759715444E+00
    0.770923308E+00
    0.781935941E+00
    0.792739111E+00
    0.803318662E+00
    0.813660547E+00
    0.823750872E+00
    0.833575909E+00
    0.843122140E+00
    0.852376310E+00
    0.861325405E+00
    0.869956749E+00
    0.878257988E+00
    0.886217148E+00
    0.893822653E+00
    0.901063355E+00
    0.907928576E+00
    0.914408115E+00
    0.920492289E+00
    0.926171963E+00
    0.931438550E+00
    0.936284068E+00
    0.940701134E+00
    0.944682985E+00
    0.948223516E+00
    0.951317274E+00
    0.953959484E+00
    0.956146053E+00
    0.957873592E+00
    0.959139419E+00
    0.959941547E+00
    0.960278725E+00
    0.960150403E+00
    0.959556759E+00
    0.958498687E+00
    0.956977785E+00
    0.954996364E+00
    0.952557431E+00
    0.949664685E+00
    0.946322495E+00
    0.942535898E+00
    0.938310586E+00
    0.933652875E+00
    0.928569694E+00
    0.923068578E+00
    0.917157620E+00
    0.910845485E+00
    0.904141343E+00
    0.897054881E+00
    0.889596265E+00
    0.881776105E+00
    0.873605442E+00
    0.865095707E+00
    0.856258708E+00
    0.847106586E+00
    0.837651788E+00
    0.827907055E+00
    0.817885365E+00
    0.807599927E+00
    0.797064141E+00
    0.786291556E+00
    0.775295877E+00
    0.764090900E+00
    0.752690491E+00
    0.741108577E+00
    0.729359094E+00
    0.717455984E+00
    0.705413138E+00
    0.693244405E+00
    0.680963545E+00
    0.668584204E+00
    0.656119908E+00
    0.643584020E+00
    0.630989734E+00
    0.618350057E+00
    0.605677768E+00
    0.592985419E+00
    0.580285318E+00
    0.567589499E+00
    0.554909719E+00
    0.542257433E+00
    0.529643802E+00
    0.517079649E+00
    0.504575471E+00
    0.492141426E+00
    0.479787309E+00
    0.467522572E+00
    0.455356282E+00
    0.443297144E+00
    0.431353479E+00
    0.419533229E+00
    0.407843945E+00
    0.396292789E+00
    0.384886537E+00
    0.373631570E+00
    0.362533875E+00
    0.351599057E+00
    0.340832320E+00
    0.330238495E+00
    0.319822020E+00
    0.309586952E+00
    0.299536984E+00
    0.289675427E+00
    0.280005236E+00
    0.270529002E+00
    0.261248971E+00
    0.252167044E+00
    0.243284780E+00
    0.234603419E+00
    0.226123880E+00
    0.217846770E+00
    0.209772403E+00
    0.201900794E+00
    0.194231683E+00
    0.186764547E+00
    0.179498593E+00
    0.172432788E+00
    0.165565860E+00
    0.158896314E+00
    0.152422439E+00
    0.146142318E+00
    0.140053852E+00
    0.134154753E+00
    0.128442571E+00
    0.122914693E+00
    0.117568363E+00
    0.112400691E+00
    0.107408665E+00
    0.102589154E+00
    0.979389294E-01
    0.934546708E-01
    0.891329748E-01
    0.849703659E-01
    0.809633075E-01
    0.771082122E-01
    0.734014463E-01
    0.698393453E-01
    0.664182129E-01
    0.631343430E-01
    0.599840123E-01
    0.569634990E-01
    0.540690844E-01
    0.512970620E-01
    0.486437434E-01
    0.461054624E-01
    0.436785840E-01
    0.413595077E-01
    0.391446710E-01
    0.370305584E-01
    0.350137005E-01
    0.330906817E-01
    0.312581442E-01
    0.295127848E-01
    0.278513661E-01
    0.262707146E-01
    0.247677230E-01
    0.233393539E-01
    0.219826391E-01
    0.206946854E-01
    0.194726701E-01
    0.183138455E-01
    0.172155396E-01
    0.161751545E-01
    0.151901700E-01
    0.142581397E-01
    0.133766936E-01
    0.125435371E-01
    0.117564516E-01
    0.110132905E-01
    0.103119833E-01
    0.965053025E-02
    0.902700577E-02
    0.843955236E-02
    0.788638450E-02
    0.736578335E-02
    0.687609866E-02
    0.641574463E-02
    0.598319992E-02
    0.557700658E-02
    0.519576700E-02
    0.483814418E-02
    0.450285809E-02
    0.418868611E-02
    0.389445989E-02
    0.361906432E-02
    0.336143574E-02
    0.312056059E-02
    0.289547315E-02
    0.268525490E-02
    0.248903121E-02
    0.230597191E-02
    0.213528816E-02
    0.197623094E-02
    0.182809035E-02
    0.169019329E-02
    0.156190250E-02
    0.144261476E-02
    0.133175938E-02
    0.122879761E-02
    0.113321990E-02
    0.104454599E-02
    0.962322277E-03
    0.886121794E-03
    0.815542230E-03
    0.750205090E-03
    0.689754041E-03
    0.633854578E-03
    0.582192335E-03
    0.534472321E-03
    0.490417741E-03
    0.449769304E-03
    0.412284245E-03
    0.377735079E-03
    0.345909302E-03
    0.316607970E-03
    0.289645709E-03
    0.264849004E-03
    0.242056383E-03
    0.221117057E-03
    0.201890759E-03
    0.184246841E-03
    0.168063737E-03
    0.153228446E-03
    0.139636013E-03
    0.127188954E-03
    0.115796835E-03
    0.105375782E-03
    0.958481488E-04
    0.871419807E-04
    0.791906182E-04
    0.719325311E-04
    0.653107808E-04
    0.592727650E-04
    0.537699747E-04
    0.487575901E-04
    0.441943825E-04
    0.400422405E-04
    0.362661676E-04
    0.328338985E-04
    0.297157866E-04
    0.268845909E-04
    0.243152175E-04
    0.219847076E-04
    0.198719418E-04
    0.179575990E-04
    0.162239081E-04
    0.146546465E-04
    0.132349295E-04
    0.119511759E-04
    0.107909015E-04
    0.974277245E-05
    0.879638994E-05
    0.794229268E-05
    0.717181396E-05
    0.647707647E-05
    0.585091369E-05
    0.528676419E-05
    0.477870073E-05
    0.432129253E-05
    0.390963107E-05
    0.353924907E-05
    0.320609334E-05
    0.290648207E-05
    0.263708303E-05
    0.239488135E-05
    0.217713574E-05
    0.198137509E-05
    0.180537207E-05
    0.164710511E-05
    0.150474744E-05
    0.137666324E-05
    0.126136585E-05
    0.115752414E-05
    0.106393859E-05
    0.979532433E-06
    0.903340380E-06
    0.834486822E-06
    0.772198231E-06
    0.715768221E-06
    0.664581967E-06
    0.618076064E-06
    0.575751955E-06
    0.537163926E-06
    0.501915791E-06
    0.469652858E-06
    0.440059237E-06
    0.412855131E-06
    0.387792896E-06
    0.364651908E-06
    0.343233494E-06
    0.323365294E-06
    0.304892120E-06
    0.287681199E-06
    0.271608167E-06
    0.256568084E-06
    0.242466336E-06
    0.229219683E-06
    0.216754222E-06
    0.205004477E-06
    0.193913570E-06
    0.183430356E-06
    0.173509183E-06
    0.164109948E-06
    0.155196430E-06
    0.146737570E-06
    0.138704845E-06
    0.131072534E-06
    0.123817652E-06
    0.116919616E-06
    0.110359357E-06
    0.104119992E-06
    0.981856213E-07
    0.925424433E-07
    0.871768182E-07
    0.820758191E-07
    0.772285462E-07
    0.726235588E-07
    0.682508838E-07
    0.641007983E-07
    0.601642409E-07
    0.564318759E-07
    0.528954808E-07
    0.495464573E-07
    0.463775987E-07
    0.433805233E-07
    0.405487620E-07
    0.378748124E-07
    0.353512965E-07
    0.329721241E-07
    0.307305019E-07
    0.286200188E-07
    0.266350084E-07
    0.247691588E-07
    0.230170520E-07
    0.213726147E-07
    0.198308941E-07
    0.183866542E-07
    0.170344678E-07
    0.157700748E-07
    0.145886381E-07
    0.134851540E-07
    0.124559784E-07
    0.114965149E-07
    0.106029020E-07
    0.977140169E-08
    0.899829043E-08
    0.828012615E-08
    0.761333503E-08
    0.699506141E-08
    0.642213515E-08
    0.589146973E-08
    0.540078436E-08
    0.494720796E-08
    0.452813799E-08
    0.414157340E-08
    0.378503655E-08
    0.345656812E-08
    0.315423539E-08
    0.287620406E-08
    0.262068216E-08
    0.238599116E-08
    0.217073809E-08
    0.197334836E-08
    0.179248854E-08
    0.162707494E-08
    0.147576725E-08
    0.133746959E-08
    0.121125569E-08
    0.109605691E-08
    0.991048639E-09
    0.895429791E-09
    0.808422547E-09
    0.729289987E-09
    0.657385536E-09
    0.592107238E-09
    0.532878958E-09
    0.479188765E-09
    0.430602678E-09
    0.386617370E-09
    0.346839378E-09
    0.310905369E-09
    0.278458192E-09
    0.249194023E-09
    0.222831699E-09
    0.199094993E-09
    0.177736111E-09
    0.158528858E-09
    0.141270086E-09
    0.125789400E-09
    0.111907244E-09
    0.994725809E-10
    0.883486507E-10
    0.783857219E-10
    0.694853440E-10
    0.615425344E-10
    0.544549286E-10
    0.481416917E-10
    0.425216778E-10
    0.375238303E-10
    0.330749466E-10
    0.291253031E-10
    0.256294211E-10
    0.225255092E-10
    0.197773998E-10
    0.173570275E-10
    0.152034065E-10
    0.133106776E-10
    0.116421473E-10
    0.101705545E-10
    0.887489443E-11
    0.773998780E-11
    0.674011660E-11
    0.586380685E-11
    0.509519648E-11
    0.442669625E-11
    0.383628479E-11
    0.332450055E-11
    0.288056985E-11
    0.248743691E-11
    0.215028830E-11
    0.185641848E-11
    0.160001985E-11
    0.137843661E-11
    0.118753490E-11
    0.102115868E-11
    0.878281695E-12
    0.754303458E-12
    0.648301251E-12
    0.555382824E-12
    0.477353170E-12
    0.410298497E-12
    0.351070343E-12
    0.301855679E-12
    0.258987029E-12
    0.222189523E-12
    0.191004364E-12
    0.164407760E-12
    0.141515704E-12
    0.122254751E-12
    0.105252832E-12
    0.910344962E-13
    0.788022760E-13
    0.685079457E-13
    0.597488883E-13
    0.520614864E-13
    0.454529049E-13
    0.398544312E-13
    0.350948913E-13
    0.309387387E-13
    0.273535616E-13
    0.243714347E-13
    0.216152294E-13
    0.192036210E-13
    0.171848700E-13
    0.155158675E-13
    0.137522998E-13
    0.126081980E-13
    0.113040645E-13
    0.101038881E-13
    0.919051305E-14
    0.838885389E-14
    0.751324793E-14
    0.688728536E-14
    0.627717798E-14
    0.565050035E-14
    0.516172927E-14
    0.470732670E-14
    0.432644480E-14
    0.381501978E-14
    0.367343974E-14
    0.326387921E-14
    0.296714950E-14
    0.274675124E-14
    0.256738735E-14
    0.228176249E-14
    0.218372798E-14
    0.196777930E-14
    0.182800353E-14
    0.169760990E-14
    0.160244114E-14
    0.146988915E-14
    0.133745852E-14
    0.134828284E-14
    0.118552517E-14
    0.112525959E-14
    0.106772254E-14
    0.103190884E-14
    0.924889913E-15
    0.934938574E-15
    0.840947266E-15
    0.833807602E-15
    0.787699638E-15
    0.789399759E-15
    0.713159041E-15
    0.698401344E-15
    0.732927872E-15
    0.645516165E-15
    0.658891357E-15
    0.647181830E-15
    0.629070370E-15
    0.585039025E-15
    0.612346965E-15
    0.546517159E-15
    0.575261603E-15
    0.544849698E-15
    0.548218318E-15
    0.498348216E-15
    0.508434577E-15
    0.515567476E-15
    0.467930583E-15
    0.486196930E-15
    0.485987721E-15
    0.455570460E-15
    0.443166990E-15
    0.451471271E-15
    0.412374041E-15
    0.442012123E-15
    0.424872951E-15
    0.420106487E-15
    0.404844156E-15
    0.402693511E-15
    0.405331930E-15
    0.374947512E-15
    0.386183276E-15
    0.386585432E-15
    0.356821488E-15
    0.358151317E-15
    0.348975690E-15
    0.322852810E-15
    0.336293093E-15
    0.309724294E-15
    0.304340784E-15
    0.304137212E-15
    0.293577931E-15
    0.300538601E-15
    0.281148081E-15
    0.277103759E-15
    0.280654054E-15
    0.272238100E-15
    0.275253538E-15
    0.258657751E-15
    0.253991757E-15
    0.259861708E-15
    0.238880096E-15
    0.251997493E-15
    0.238361020E-15
    0.231296176E-15
    0.246657751E-15
    0.219068689E-15
    0.208121370E-15
    0.218506792E-15
    0.214000440E-15
    0.210557789E-15
    0.189312652E-15
    0.188314948E-15
    0.177101684E-15
    0.175643877E-15
    0.179953887E-15
    0.162497947E-15
    0.165092627E-15
    0.181624114E-15
    0.153269642E-15
    0.156401318E-15
    0.161342169E-15
    0.160590206E-15
    0.154486534E-15
    0.162330396E-15
    0.145328032E-15
    0.145298979E-15
    0.145225017E-15
    0.139499380E-15
    0.137128778E-15
    0.136281119E-15
    0.144800194E-15
    0.125128603E-15
    0.129158050E-15
    0.130938277E-15
    0.120469855E-15
    0.106559202E-15
    0.122070988E-15
    0.101037625E-15
    0.101522139E-15
    0.979991504E-16
    0.884824588E-16
    0.888854634E-16
    0.905585748E-16
    0.871659314E-16
    0.881555227E-16
    0.780778949E-16
    0.898130133E-16
    0.853330020E-16
    0.776758695E-16
    0.836490473E-16
    0.793747990E-16
    0.778971797E-16
    0.809395512E-16
    0.696405059E-16
    0.805531531E-16
    0.712250991E-16
    0.806038965E-16
    0.833600215E-16
    0.743120947E-16
    0.831615751E-16
    0.872160956E-16
    0.761651490E-16
    0.720852997E-16
    0.798040064E-16
    0.705713062E-16
    0.700399613E-16
    0.683887024E-16
    0.653892491E-16
    0.610925754E-16
    0.592690710E-16
    0.630613134E-16
    0.573284441E-16
    0.574177589E-16
    0.664113229E-16
    0.530062379E-16
    0.444641315E-16
    0.484656111E-16
    0.445314765E-16
    0.466917530E-16
    0.384841586E-16
    0.332842670E-16
    0.391916954E-16
    0.286969071E-16
    0.350378053E-16
    0.321425964E-16
    0.340058162E-16
    0.398501311E-16
    0.318147999E-16
    0.303717171E-16
    0.228193224E-16
    0.269041465E-16
    0.304691256E-16
    0.251437187E-16
    0.249488545E-16
    0.259619674E-16
    0.212400256E-16
    0.228984934E-16
    0.224416845E-16
    0.269877917E-16
    0.319153851E-16
    0.253311002E-16
    0.268714024E-16
    0.195344941E-16
    0.191078492E-16
    0.216554933E-16
    0.247576373E-16
    0.241751910E-16
    0.241164745E-16
    0.172436472E-16
    0.223128761E-16
    0.226678600E-16
    0.272760883E-16
    0.254656636E-16
    0.217786548E-16
    0.253662430E-16
    0.192389762E-16
    0.195493537E-16
    0.195541507E-16
    0.207454216E-16
    0.204391217E-16
    0.283999037E-16
    0.166522464E-16
    0.212743679E-16
    0.231009874E-16
    0.280722086E-16
    0.254270220E-16
    0.222100283E-16
    0.269590488E-16
    0.205159461E-16
    0.182822957E-16
    0.198949528E-16
    0.197040417E-16
    0.214096487E-16
    0.307342966E-16
    0.194879567E-16
    0.221335459E-16
    0.241739670E-16
    0.304524340E-16
    0.243341447E-16
    0.209786321E-16
    0.255176945E-16
    0.224221991E-16
    0.186134012E-16
    0.186214251E-16
    0.186538661E-16
    0.226947678E-16
    0.261891710E-16
    0.178668237E-16
    0.229193237E-16
    0.265075106E-16
    0.295884208E-16
    0.228790882E-16
    0.233201775E-16
    0.233408508E-16
    0.248713768E-16
    0.241102740E-16
    0.214418474E-16
    0.177238531E-16
    0.212726883E-16
    0.274481673E-16
    0.213867839E-16
    0.239223402E-16
    0.273585533E-16
    0.298703739E-16
    0.206683638E-16
    0.249997450E-16
    0.233545461E-16
    0.252571281E-16
    0.199823398E-16
    0.217305245E-16
    0.186446607E-16
    0.222246596E-16
    0.245524920E-16
    0.176041630E-16
    0.238312062E-16
    0.271805355E-16
    0.271864221E-16
    0.206468409E-16
    0.252051084E-16
    0.189070760E-16
    0.230605992E-16
    0.227155572E-16
    0.243331197E-16
    0.191571725E-16
    0.238049498E-16
    0.225470377E-16
    0.199003469E-16
    0.259319796E-16
    0.273294751E-16
    0.260383890E-16
    0.192976319E-16
    0.277062015E-16
    0.210310459E-16
    0.265045735E-16
    0.237291627E-16
    0.250811452E-16
    0.216325635E-16
    0.238954949E-16
    0.235781199E-16
    0.213445192E-16
    0.245763510E-16
    0.266531890E-16
    0.292221485E-16
    0.200790673E-16
    0.297005535E-16
    0.185212405E-16
    0.229282650E-16
    0.193033550E-16
    0.254869692E-16
    0.239355666E-16
    0.237291460E-16
    0.204954378E-16
    0.211345184E-16
    0.269743467E-16
    0.235509985E-16
    0.242980166E-16
    0.194823628E-16
    0.276297615E-16
    0.202371990E-16
    0.250802634E-16
    0.228701874E-16
    0.265831962E-16
    0.237115000E-16
    0.224834877E-16
    0.238989605E-16
    0.250168409E-16
    0.254890198E-16
    0.217656337E-16
    0.297603368E-16
    0.230950394E-16
    0.316303085E-16
    0.210622973E-16
    0.265837002E-16
    0.200618561E-16
    0.247618353E-16
    0.276294644E-16
    0.225208547E-16
    0.215898737E-16
    0.256595177E-16
    0.265007670E-16
    0.199678879E-16
    0.300931873E-16
    0.216500813E-16
    0.298987948E-16
    0.192219916E-16
    0.226317277E-16
    0.234702835E-16
    0.278517271E-16
    0.267212836E-16
    0.213456191E-16
    0.242075482E-16
    0.263564514E-16
    0.248502177E-16
    0.170570806E-16
    0.284047390E-16
    0.243527657E-16
    0.277949149E-16
    0.209932372E-16
    0.283291825E-16
    0.272278125E-16
    0.242700831E-16
    0.273200618E-16
    0.216716823E-16
    0.213970851E-16
    0.235187410E-16
    0.259509112E-16
    0.186167109E-16
    0.322745673E-16
    0.265270537E-16
    0.300898885E-16
    0.209948106E-16
    0.248115886E-16
    0.248559736E-16
    0.255692144E-16
    0.241248161E-16
    0.221178354E-16
    0.286431696E-16
    0.244613917E-16
    0.250494452E-16
    0.234373385E-16
    0.238156689E-16
    0.286196647E-16
    0.258832622E-16
    0.194529355E-16
    0.282421409E-16
    0.287313031E-16
    0.227409156E-16
    0.268273732E-16
    0.234214128E-16
    0.215799900E-16
    0.207292039E-16
    0.241530721E-16
    0.262882095E-16
    0.258421642E-16
    0.309450106E-16
    0.282210673E-16
    0.187693139E-16
    0.292560502E-16
    0.251973235E-16
    0.235247753E-16
    0.222947595E-16
    0.239683835E-16
    0.270526570E-16
    0.275742873E-16
    0.225508155E-16
    0.315642845E-16
    0.212420594E-16
    0.316290076E-16
    0.240967404E-16
    0.191009681E-16
    0.325573738E-16
    0.213352891E-16
    0.262614160E-16
    0.292181715E-16
    0.261769611E-16
    0.222265652E-16
    0.254054594E-16
    0.255961410E-16
    0.262985368E-16
    0.259300715E-16
    0.287582316E-16
    0.176421833E-16
    0.287290833E-16
    0.301321643E-16
    0.219686941E-16
    0.203834138E-16
    0.267593975E-16
    0.294500850E-16
    0.238170922E-16
    0.242957139E-16
    0.323284694E-16
    0.184659395E-16
    0.293819344E-16
    0.279614618E-16
    0.185419747E-16
    0.321961829E-16
    0.218379394E-16
    0.216518461E-16
    0.316637372E-16
    0.335617896E-16
    0.234309101E-16
    0.242650191E-16
    0.264585295E-16
    0.243259546E-16
    0.226038162E-16
    0.320407367E-16
    0.192930338E-16
    0.296956140E-16
    0.269174020E-16
    0.197562606E-16
    0.241768303E-16
    0.323637203E-16
    0.243720719E-16
    0.309426127E-16
    0.221514966E-16
    0.247006122E-16
    0.226114583E-16
    0.295473162E-16
    0.290654022E-16
    0.222309047E-16
    0.305706941E-16
    0.204214598E-16
    0.316460156E-16
    0.345239116E-16
    0.290960973E-16
    0.261035166E-16
    0.235941625E-16
    0.301851912E-16
    0.214660525E-16
    0.324794455E-16
    0.305623863E-16
    0.222441670E-16
    0.307802001E-16
    0.178027097E-16
    0.380256097E-16
    0.353572630E-16
