 #tdnd tdcion
    0.241773103E-16
    0.254911393E-16
    0.308988507E-16
    0.261618057E-16
    0.279177833E-16
    0.288711423E-16
    0.341794359E-16
    0.336026321E-16
    0.469270535E-16
    0.464918147E-16
    0.445646191E-16
    0.433635900E-16
    0.519523511E-16
    0.484937301E-16
    0.386281661E-16
    0.323473776E-16
    0.284950177E-16
    0.332762972E-16
    0.310218697E-16
    0.275248114E-16
    0.224989436E-16
    0.353745206E-16
    0.300449155E-16
    0.342836700E-16
    0.426474894E-16
    0.254404414E-16
    0.369842203E-16
    0.259964812E-16
    0.221709541E-16
    0.262784597E-16
    0.364139511E-16
    0.274030692E-16
    0.341035404E-16
    0.359205771E-16
    0.297530774E-16
    0.367507474E-16
    0.324157998E-16
    0.266528836E-16
    0.280732950E-16
    0.284701209E-16
    0.264716170E-16
    0.245571996E-16
    0.268179473E-16
    0.256248839E-16
    0.209777560E-16
    0.346219672E-16
    0.305085308E-16
    0.295473035E-16
    0.390688857E-16
    0.212115645E-16
    0.312766772E-16
    0.261642762E-16
    0.304999240E-16
    0.197916045E-16
    0.292155540E-16
    0.290077297E-16
    0.272745016E-16
    0.282397538E-16
    0.349592272E-16
    0.330605249E-16
    0.404251288E-16
    0.208667622E-16
    0.265371963E-16
    0.259212315E-16
    0.284851898E-16
    0.219567285E-16
    0.201125414E-16
    0.253210852E-16
    0.261984542E-16
    0.292500492E-16
    0.252359687E-16
    0.306937353E-16
    0.354816851E-16
    0.280876971E-16
    0.228246151E-16
    0.301861875E-16
    0.272791213E-16
    0.255116524E-16
    0.226469058E-16
    0.249060339E-16
    0.313229444E-16
    0.261854568E-16
    0.286209455E-16
    0.311562011E-16
    0.383710847E-16
    0.342561334E-16
    0.194198049E-16
    0.265016130E-16
    0.260091206E-16
    0.272331496E-16
    0.224830817E-16
    0.255806667E-16
    0.247938630E-16
    0.261007385E-16
    0.295731145E-16
    0.264840330E-16
    0.350172196E-16
    0.316277124E-16
    0.249524150E-16
    0.249559731E-16
    0.314836735E-16
    0.229077639E-16
    0.290246957E-16
    0.249884283E-16
    0.266082497E-16
    0.335858391E-16
    0.288947858E-16
    0.279058700E-16
    0.313353344E-16
    0.361619019E-16
    0.408623763E-16
    0.270435535E-16
    0.354133065E-16
    0.327320001E-16
    0.273795698E-16
    0.372861533E-16
    0.418991457E-16
    0.349862202E-16
    0.391158024E-16
    0.497564748E-16
    0.423692911E-16
    0.510791756E-16
    0.425740258E-16
    0.458996351E-16
    0.521456571E-16
    0.549430120E-16
    0.517440682E-16
    0.467838486E-16
    0.601131060E-16
    0.646347147E-16
    0.422838145E-16
    0.461335833E-16
    0.481078124E-16
    0.453429866E-16
    0.453264012E-16
    0.561211401E-16
    0.331688354E-16
    0.572748289E-16
    0.507326059E-16
    0.371398125E-16
    0.359820685E-16
    0.297104383E-16
    0.346093819E-16
    0.352914205E-16
    0.362827066E-16
    0.297152026E-16
    0.360906824E-16
    0.504550126E-16
    0.404705080E-16
    0.464085288E-16
    0.442252863E-16
    0.358638260E-16
    0.407271176E-16
    0.352850272E-16
    0.317061966E-16
    0.451886385E-16
    0.366425804E-16
    0.313290051E-16
    0.363775336E-16
    0.321955006E-16
    0.346943563E-16
    0.304015652E-16
    0.326248081E-16
    0.397635338E-16
    0.333693027E-16
    0.436540112E-16
    0.341351135E-16
    0.416097355E-16
    0.286878611E-16
    0.459101883E-16
    0.349027319E-16
    0.350526695E-16
    0.295102462E-16
    0.336700500E-16
    0.315269965E-16
    0.511166079E-16
    0.366921052E-16
    0.273859854E-16
    0.348461642E-16
    0.305186268E-16
    0.437323112E-16
    0.379616261E-16
    0.371896863E-16
    0.306894047E-16
    0.379891634E-16
    0.388819582E-16
    0.293835463E-16
    0.314294103E-16
    0.379854293E-16
    0.286040159E-16
    0.352697423E-16
    0.369932188E-16
    0.210366367E-16
    0.445235714E-16
    0.317432687E-16
    0.518618542E-16
    0.399778294E-16
    0.281681224E-16
    0.316957354E-16
    0.352639610E-16
    0.321248686E-16
    0.317093473E-16
    0.306356950E-16
    0.345531349E-16
    0.376483667E-16
    0.342287835E-16
    0.422299846E-16
    0.384329734E-16
    0.372237640E-16
    0.327685476E-16
    0.355981313E-16
    0.390955058E-16
    0.234320674E-16
    0.277518466E-16
    0.376082513E-16
    0.406388066E-16
    0.317287367E-16
    0.301720543E-16
    0.364833411E-16
    0.375291284E-16
    0.324488900E-16
    0.353974363E-16
    0.326512442E-16
    0.321332539E-16
    0.364308973E-16
    0.352085307E-16
    0.326196367E-16
    0.372927666E-16
    0.477957083E-16
    0.395677670E-16
    0.274309396E-16
    0.350881403E-16
    0.342904217E-16
    0.353930153E-16
    0.357866394E-16
    0.325445862E-16
    0.300830183E-16
    0.377562442E-16
    0.391530542E-16
    0.404349444E-16
    0.348443544E-16
    0.332167355E-16
    0.311411556E-16
    0.332996020E-16
    0.393499902E-16
    0.416062357E-16
    0.307122170E-16
    0.312731873E-16
    0.348867691E-16
    0.303116294E-16
    0.389484520E-16
    0.299699525E-16
    0.272774663E-16
    0.389630961E-16
    0.363676233E-16
    0.324716816E-16
    0.313311608E-16
    0.436504812E-16
    0.404186278E-16
    0.407221587E-16
    0.325036456E-16
    0.387557776E-16
    0.368337060E-16
    0.398096654E-16
    0.269487782E-16
    0.351874201E-16
    0.289769013E-16
    0.336211528E-16
    0.431563015E-16
    0.280568701E-16
    0.473045168E-16
    0.330253723E-16
    0.352362412E-16
    0.380106946E-16
    0.393391426E-16
    0.324445731E-16
    0.338528621E-16
    0.325995974E-16
    0.333735868E-16
    0.340096546E-16
    0.426463486E-16
    0.346355264E-16
    0.300972386E-16
    0.462491401E-16
    0.390978656E-16
    0.306074754E-16
    0.410273539E-16
    0.435585512E-16
    0.338113971E-16
    0.271518547E-16
    0.343101170E-16
    0.362423676E-16
    0.361671844E-16
    0.477152467E-16
    0.353372988E-16
    0.419916740E-16
    0.496717673E-16
    0.384209378E-16
    0.401805690E-16
    0.446310174E-16
    0.343031500E-16
    0.364689238E-16
    0.319874991E-16
    0.346584052E-16
    0.340737331E-16
    0.357960554E-16
    0.393180814E-16
    0.296203382E-16
    0.374818179E-16
    0.442195851E-16
    0.402378239E-16
    0.411174059E-16
    0.385256654E-16
    0.438841116E-16
    0.426517238E-16
    0.343212381E-16
    0.446151020E-16
    0.308191319E-16
    0.410762853E-16
    0.374838559E-16
    0.428254553E-16
    0.316738005E-16
    0.440949839E-16
    0.363469114E-16
    0.471942716E-16
    0.326383307E-16
    0.520718203E-16
    0.459538293E-16
    0.417804591E-16
    0.437024229E-16
    0.409628798E-16
    0.417714518E-16
    0.286568453E-16
    0.413841638E-16
    0.433621230E-16
    0.363556657E-16
    0.453310658E-16
    0.396051440E-16
    0.449060815E-16
    0.577820034E-16
    0.548477869E-16
    0.432509217E-16
    0.466150951E-16
    0.304977424E-16
    0.365211756E-16
    0.453211707E-16
    0.429077867E-16
    0.424663140E-16
    0.468178306E-16
    0.373853777E-16
    0.555112585E-16
    0.473903236E-16
    0.589328117E-16
    0.538935269E-16
    0.442026846E-16
    0.404027267E-16
    0.451955727E-16
    0.538322699E-16
    0.504694976E-16
    0.544813964E-16
    0.498237056E-16
    0.535567009E-16
    0.381941058E-16
    0.439239321E-16
    0.423327105E-16
    0.407853850E-16
    0.527272903E-16
    0.528597340E-16
    0.443775982E-16
    0.522158780E-16
    0.595353825E-16
    0.707406795E-16
    0.525931567E-16
    0.370731740E-16
    0.522560552E-16
    0.372328407E-16
    0.473943260E-16
    0.419785581E-16
    0.542442478E-16
    0.495109699E-16
    0.572371988E-16
    0.459264631E-16
    0.386802203E-16
    0.497437587E-16
    0.529361089E-16
    0.483429027E-16
    0.442345146E-16
    0.528615078E-16
    0.601999992E-16
    0.546202527E-16
    0.453625197E-16
    0.459867752E-16
    0.482048786E-16
    0.501759709E-16
    0.403235627E-16
    0.372933162E-16
    0.440261150E-16
    0.508821071E-16
    0.650126394E-16
    0.564744672E-16
    0.446951282E-16
    0.568313923E-16
    0.445014964E-16
    0.387222229E-16
    0.560271313E-16
    0.513707160E-16
    0.551126740E-16
    0.596458430E-16
    0.413543223E-16
    0.559087905E-16
    0.454300703E-16
    0.650843853E-16
    0.545320598E-16
    0.432582407E-16
    0.436117660E-16
    0.533974476E-16
    0.567040689E-16
    0.772084333E-16
    0.654953064E-16
    0.592883485E-16
    0.651938739E-16
    0.521520891E-16
    0.586046590E-16
    0.425927742E-16
    0.710166986E-16
    0.592210235E-16
    0.623402517E-16
    0.627654177E-16
    0.786482140E-16
    0.775565055E-16
    0.758075797E-16
    0.636282099E-16
    0.634949805E-16
    0.764463730E-16
    0.694039827E-16
    0.752193192E-16
    0.641008043E-16
    0.892149031E-16
    0.921980143E-16
    0.843542115E-16
    0.597733062E-16
    0.694856751E-16
    0.751491467E-16
    0.789903490E-16
    0.618413488E-16
    0.822487035E-16
    0.884700469E-16
    0.103315444E-15
    0.899329453E-16
    0.808405931E-16
    0.893390067E-16
    0.887991404E-16
    0.907950729E-16
    0.793875861E-16
    0.881179841E-16
    0.962151623E-16
    0.802784269E-16
    0.818564101E-16
    0.968924952E-16
    0.822899842E-16
    0.962301797E-16
    0.814557248E-16
    0.799427371E-16
    0.953744458E-16
    0.104360687E-15
    0.119188474E-15
    0.101479229E-15
    0.865590442E-16
    0.892538645E-16
    0.851710140E-16
    0.929431933E-16
    0.114554302E-15
    0.867677702E-16
    0.108362030E-15
    0.915211432E-16
    0.998396339E-16
    0.102981135E-15
    0.915881108E-16
    0.100198498E-15
    0.929695081E-16
    0.864963300E-16
    0.954563641E-16
    0.115049698E-15
    0.113397757E-15
    0.132821455E-15
    0.103459636E-15
    0.110380381E-15
    0.961176602E-16
    0.970445501E-16
    0.118356732E-15
    0.987086625E-16
    0.118439145E-15
    0.117725037E-15
    0.117219354E-15
    0.118008521E-15
    0.133901006E-15
    0.119471509E-15
    0.125263147E-15
    0.102514164E-15
    0.117506130E-15
    0.129882058E-15
    0.135436475E-15
    0.152854266E-15
    0.135771001E-15
    0.145608105E-15
    0.137014522E-15
    0.135077785E-15
    0.131019875E-15
    0.145659879E-15
    0.136399621E-15
    0.134958499E-15
    0.150806791E-15
    0.148731383E-15
    0.164407025E-15
    0.167178393E-15
    0.154656418E-15
    0.155977948E-15
    0.151773935E-15
    0.168589152E-15
    0.180368458E-15
    0.171434488E-15
    0.176819724E-15
    0.184108439E-15
    0.155637449E-15
    0.209328000E-15
    0.178713850E-15
    0.185619640E-15
    0.189055212E-15
    0.180078642E-15
    0.190288429E-15
    0.191501286E-15
    0.206234647E-15
    0.209972685E-15
    0.196845249E-15
    0.177002612E-15
    0.212502054E-15
    0.196669321E-15
    0.272857852E-15
    0.219035548E-15
    0.220364592E-15
    0.225578105E-15
    0.202282894E-15
    0.231751164E-15
    0.221832762E-15
    0.229920607E-15
    0.240295406E-15
    0.229542613E-15
    0.221925600E-15
    0.272832771E-15
    0.244878081E-15
    0.286498417E-15
    0.249881372E-15
    0.218927277E-15
    0.255635896E-15
    0.240818502E-15
    0.294782137E-15
    0.294342483E-15
    0.290445957E-15
    0.296232592E-15
    0.270648836E-15
    0.264265056E-15
    0.297646792E-15
    0.289041162E-15
    0.314324318E-15
    0.293991018E-15
    0.267138236E-15
    0.312363761E-15
    0.333176260E-15
    0.331228351E-15
    0.342163072E-15
    0.334175840E-15
    0.333008505E-15
    0.312820016E-15
    0.328914661E-15
    0.367122442E-15
    0.382746874E-15
    0.343317130E-15
    0.365926195E-15
    0.333311001E-15
    0.363347145E-15
    0.384515856E-15
    0.387501174E-15
    0.380534232E-15
    0.391326184E-15
    0.389846570E-15
    0.390459647E-15
    0.415829170E-15
    0.422566354E-15
    0.459705215E-15
    0.407122896E-15
    0.473892076E-15
    0.433234463E-15
    0.454096336E-15
    0.480546036E-15
    0.439370049E-15
    0.443812473E-15
    0.463347793E-15
    0.444887056E-15
    0.457387896E-15
    0.489594005E-15
    0.495991028E-15
    0.552840115E-15
    0.474014586E-15
    0.556277363E-15
    0.535552621E-15
    0.520775724E-15
    0.564987427E-15
    0.523228873E-15
    0.546224852E-15
    0.604323432E-15
    0.547154137E-15
    0.578728661E-15
    0.594157305E-15
    0.568799722E-15
    0.634710881E-15
    0.559103167E-15
    0.627593785E-15
    0.636289842E-15
    0.605064156E-15
    0.658914951E-15
    0.629310407E-15
    0.664165420E-15
    0.730395814E-15
    0.670868507E-15
    0.700083657E-15
    0.713025859E-15
    0.683106456E-15
    0.748651246E-15
    0.683314021E-15
    0.727808093E-15
    0.717883416E-15
    0.692663474E-15
    0.735868949E-15
    0.719649274E-15
    0.745509453E-15
    0.790597084E-15
    0.720265169E-15
    0.766380144E-15
    0.762793076E-15
    0.730958368E-15
    0.786004481E-15
    0.768202633E-15
    0.756906004E-15
    0.756822860E-15
    0.715458007E-15
    0.728332327E-15
    0.707371536E-15
    0.679533432E-15
    0.681915491E-15
    0.599866588E-15
    0.606630426E-15
    0.590829676E-15
    0.542380032E-15
    0.557943724E-15
    0.538510235E-15
    0.462827954E-15
    0.446659950E-15
    0.423637650E-15
    0.383249037E-15
    0.365432761E-15
    0.297436216E-15
    0.256726860E-15
    0.196552437E-15
    0.172993613E-15
    0.148852261E-15
    0.120094403E-15
    0.109810618E-15
    0.975716044E-16
    0.137559360E-15
    0.153176053E-15
    0.194561497E-15
    0.302202883E-15
    0.389349586E-15
    0.543637171E-15
    0.754522793E-15
    0.105292752E-14
    0.132014404E-14
    0.175993422E-14
    0.228476730E-14
    0.288188069E-14
    0.355499069E-14
    0.480316265E-14
    0.581551277E-14
    0.704386725E-14
    0.881619758E-14
    0.105249740E-13
    0.127825792E-13
    0.153702957E-13
    0.184347064E-13
    0.218252162E-13
    0.260522072E-13
    0.308879365E-13
    0.362800644E-13
    0.423483932E-13
    0.507424546E-13
    0.589022573E-13
    0.684231873E-13
    0.807495305E-13
    0.937742307E-13
    0.109457160E-12
    0.127141478E-12
    0.147411613E-12
    0.170094721E-12
    0.197111919E-12
    0.227682816E-12
    0.262352969E-12
    0.301371280E-12
    0.349573042E-12
    0.399816868E-12
    0.457792029E-12
    0.527039878E-12
    0.602615594E-12
    0.690650132E-12
    0.790554286E-12
    0.904745235E-12
    0.103341415E-11
    0.118195579E-11
    0.135029647E-11
    0.153983932E-11
    0.175413686E-11
    0.200558066E-11
    0.228092699E-11
    0.259507148E-11
    0.295966902E-11
    0.336493001E-11
    0.382660640E-11
    0.434866167E-11
    0.494030312E-11
    0.560795160E-11
    0.636929550E-11
    0.723092744E-11
    0.820152626E-11
    0.929937853E-11
    0.105553973E-10
    0.119567157E-10
    0.135422106E-10
    0.153518223E-10
    0.173797342E-10
    0.196783618E-10
    0.222730210E-10
    0.252080109E-10
    0.285093249E-10
    0.322438070E-10
    0.364571211E-10
    0.411938193E-10
    0.465370532E-10
    0.525883157E-10
    0.593783214E-10
    0.670261587E-10
    0.756761833E-10
    0.853835864E-10
    0.963187196E-10
    0.108626288E-09
    0.122489657E-09
    0.138067365E-09
    0.155606223E-09
    0.175342681E-09
    0.197486505E-09
    0.222387892E-09
    0.250387348E-09
    0.281810841E-09
    0.317057933E-09
    0.356694368E-09
    0.401137081E-09
    0.451012639E-09
    0.506943649E-09
    0.569702475E-09
    0.639967434E-09
    0.718748872E-09
    0.807060514E-09
    0.905889182E-09
    0.101660128E-08
    0.114057816E-08
    0.127932747E-08
    0.143445420E-08
    0.160805452E-08
    0.180214689E-08
    0.201906484E-08
    0.226148635E-08
    0.253240991E-08
    0.283485611E-08
    0.317258373E-08
    0.354971700E-08
    0.397027137E-08
    0.443953393E-08
    0.496275746E-08
    0.554630323E-08
    0.619638653E-08
    0.692087770E-08
    0.772805021E-08
    0.862666792E-08
    0.962699946E-08
    0.107404547E-07
    0.119788150E-07
    0.133562750E-07
    0.148882684E-07
    0.165906598E-07
    0.184826252E-07
    0.205841032E-07
    0.229183593E-07
    0.255091857E-07
    0.283845596E-07
    0.315754959E-07
    0.351140481E-07
    0.390380189E-07
    0.433880900E-07
    0.482080850E-07
    0.535476319E-07
    0.594620256E-07
    0.660086654E-07
    0.732551872E-07
    0.812722042E-07
    0.901417476E-07
    0.999482898E-07
    0.110788296E-06
    0.122769234E-06
    0.136003080E-06
    0.150619021E-06
    0.166756651E-06
    0.184566813E-06
    0.204218172E-06
    0.225896219E-06
    0.249798126E-06
    0.276147319E-06
    0.305181969E-06
    0.337170814E-06
    0.372398756E-06
    0.411181349E-06
    0.453870599E-06
    0.500836638E-06
    0.552498055E-06
    0.609304794E-06
    0.671746998E-06
    0.740362347E-06
    0.815743127E-06
    0.898522209E-06
    0.989404555E-06
    0.108914406E-05
    0.119858008E-05
    0.131860815E-05
    0.145020831E-05
    0.159446383E-05
    0.175252674E-05
    0.192567361E-05
    0.211528300E-05
    0.232284823E-05
    0.254999881E-05
    0.279851001E-05
    0.307029399E-05
    0.336744098E-05
    0.369220390E-05
    0.404705069E-05
    0.443463686E-05
    0.485783474E-05
    0.531979299E-05
    0.582387470E-05
    0.637375511E-05
    0.697339830E-05
    0.762709013E-05
    0.833946983E-05
    0.911556958E-05
    0.996080454E-05
    0.108810349E-04
    0.118825730E-04
    0.129722676E-04
    0.141574824E-04
    0.154461440E-04
    0.168468619E-04
    0.183688545E-04
    0.200220810E-04
    0.218172770E-04
    0.237659721E-04
    0.258805915E-04
    0.281745103E-04
    0.306621154E-04
    0.333588386E-04
    0.362812904E-04
    0.394473275E-04
    0.428761148E-04
    0.465881676E-04
    0.506055906E-04
    0.549520171E-04
    0.596527919E-04
    0.647351291E-04
    0.702281282E-04
    0.761629555E-04
    0.825729929E-04
    0.894939735E-04
    0.969640135E-04
    0.105023953E-03
    0.113717420E-03
    0.123091019E-03
    0.133194462E-03
    0.144080891E-03
    0.155806957E-03
    0.168432995E-03
    0.182023498E-03
    0.196647017E-03
    0.212376623E-03
    0.229290104E-03
    0.247470351E-03
    0.267005307E-03
    0.287988700E-03
    0.310520019E-03
    0.334704998E-03
    0.360655876E-03
    0.388491823E-03
    0.418339309E-03
    0.450332295E-03
    0.484613087E-03
    0.521332201E-03
    0.560649089E-03
    0.602732583E-03
    0.647761449E-03
    0.695924484E-03
    0.747421595E-03
    0.802463816E-03
    0.861274090E-03
    0.924087919E-03
    0.991153590E-03
    0.106273323E-02
    0.113910285E-02
    0.122055379E-02
    0.130739250E-02
    0.139994177E-02
    0.149854124E-02
    0.160354833E-02
    0.171533848E-02
    0.183430653E-02
    0.196086677E-02
    0.209545433E-02
    0.223852602E-02
    0.239056044E-02
    0.255205974E-02
    0.272354964E-02
    0.290558102E-02
    0.309873019E-02
    0.330360010E-02
    0.352082125E-02
    0.375105264E-02
    0.399498264E-02
    0.425332995E-02
    0.452684418E-02
    0.481630739E-02
    0.512253521E-02
    0.544637639E-02
    0.578871574E-02
    0.615047359E-02
    0.653260732E-02
    0.693611255E-02
    0.736202353E-02
    0.781141432E-02
    0.828539979E-02
    0.878513675E-02
    0.931182430E-02
    0.986670460E-02
    0.104510649E-01
    0.110662373E-01
    0.117135992E-01
    0.123945755E-01
    0.131106383E-01
    0.138633067E-01
    0.146541503E-01
    0.154847865E-01
    0.163568835E-01
    0.172721588E-01
    0.182323823E-01
    0.192393734E-01
    0.202950034E-01
    0.214011958E-01
    0.225599253E-01
    0.237732182E-01
    0.250431533E-01
    0.263718617E-01
    0.277615234E-01
    0.292143727E-01
    0.307326927E-01
    0.323188171E-01
    0.339751289E-01
    0.357040609E-01
    0.375080926E-01
    0.393897504E-01
    0.413516074E-01
    0.433962791E-01
    0.455264249E-01
    0.477447445E-01
    0.500539788E-01
    0.524569016E-01
    0.549563267E-01
    0.575550971E-01
    0.602560870E-01
    0.630621968E-01
    0.659763527E-01
    0.690015001E-01
    0.721406035E-01
    0.753966404E-01
    0.787725973E-01
    0.822714689E-01
    0.858962480E-01
    0.896499280E-01
    0.935354901E-01
    0.975559049E-01
    0.101714123E+00
    0.106013071E+00
    0.110455643E+00
    0.115044700E+00
    0.119783055E+00
    0.124673474E+00
    0.129718665E+00
    0.134921269E+00
    0.140283859E+00
    0.145808920E+00
    0.151498856E+00
    0.157355969E+00
    0.163382456E+00
    0.169580399E+00
    0.175951755E+00
    0.182498346E+00
    0.189221851E+00
    0.196123796E+00
    0.203205542E+00
    0.210468273E+00
    0.217912991E+00
    0.225540503E+00
    0.233351405E+00
    0.241346078E+00
    0.249524678E+00
    0.257887115E+00
    0.266433053E+00
    0.275161893E+00
    0.284072765E+00
    0.293164515E+00
    0.302435696E+00
    0.311884557E+00
    0.321509033E+00
    0.331306737E+00
    0.341274946E+00
    0.351410597E+00
    0.361710270E+00
    0.372170199E+00
    0.382786236E+00
    0.393553870E+00
    0.404468208E+00
    0.415523968E+00
    0.426715482E+00
    0.438036684E+00
    0.449481116E+00
    0.461041915E+00
    0.472711823E+00
    0.484483177E+00
    0.496347921E+00
    0.508297592E+00
    0.520323344E+00
    0.532415935E+00
    0.544565741E+00
    0.556762765E+00
    0.568996639E+00
    0.581256640E+00
    0.593531695E+00
    0.605810400E+00
    0.618081031E+00
    0.630331559E+00
    0.642549665E+00
    0.654722764E+00
    0.666838018E+00
    0.678882356E+00
    0.690842510E+00
    0.702705016E+00
    0.714456258E+00
    0.726082478E+00
    0.737569820E+00
    0.748904338E+00
    0.760072041E+00
    0.771058916E+00
    0.781850956E+00
    0.792434191E+00
    0.802794729E+00
    0.812918774E+00
    0.822792661E+00
    0.832402907E+00
    0.841736214E+00
    0.850779526E+00
    0.859520047E+00
    0.867945282E+00
    0.876043062E+00
    0.883801580E+00
    0.891209424E+00
    0.898255597E+00
    0.904929559E+00
    0.911221247E+00
    0.917121106E+00
    0.922620106E+00
    0.927709783E+00
    0.932382248E+00
    0.936630211E+00
    0.940447010E+00
    0.943826619E+00
    0.946763666E+00
    0.949253452E+00
    0.951291964E+00
    0.952875877E+00
    0.954002576E+00
    0.954670149E+00
    0.954877407E+00
    0.954623870E+00
    0.953909778E+00
    0.952736089E+00
    0.951104470E+00
    0.949017302E+00
    0.946477653E+00
    0.943489292E+00
    0.940056659E+00
    0.936184864E+00
    0.931879661E+00
    0.927147440E+00
    0.921995205E+00
    0.916430554E+00
    0.910461660E+00
    0.904097236E+00
    0.897346537E+00
    0.890219306E+00
    0.882725770E+00
    0.874876593E+00
    0.866682870E+00
    0.858156079E+00
    0.849308063E+00
    0.840150999E+00
    0.830697364E+00
    0.820959909E+00
    0.810951625E+00
    0.800685720E+00
    0.790175573E+00
    0.779434725E+00
    0.768476833E+00
    0.757315649E+00
    0.745964983E+00
    0.734438688E+00
    0.722750619E+00
    0.710914605E+00
    0.698944444E+00
    0.686853844E+00
    0.674656428E+00
    0.662365693E+00
    0.649994997E+00
    0.637557527E+00
    0.625066284E+00
    0.612534067E+00
    0.599973444E+00
    0.587396744E+00
    0.574816037E+00
    0.562243112E+00
    0.549689474E+00
    0.537166324E+00
    0.524684546E+00
    0.512254696E+00
    0.499886995E+00
    0.487591317E+00
    0.475377186E+00
    0.463253756E+00
    0.451229824E+00
    0.439313803E+00
    0.427513743E+00
    0.415837300E+00
    0.404291756E+00
    0.392884009E+00
    0.381620569E+00
    0.370507566E+00
    0.359550741E+00
    0.348755457E+00
    0.338126695E+00
    0.327669066E+00
    0.317386797E+00
    0.307283758E+00
    0.297363448E+00
    0.287629015E+00
    0.278083246E+00
    0.268728591E+00
    0.259567162E+00
    0.250600731E+00
    0.241830759E+00
    0.233258385E+00
    0.224884448E+00
    0.216709484E+00
    0.208733748E+00
    0.200957213E+00
    0.193379587E+00
    0.186000320E+00
    0.178818612E+00
    0.171833427E+00
    0.165043507E+00
    0.158447374E+00
    0.152043343E+00
    0.145829541E+00
    0.139803908E+00
    0.133964211E+00
    0.128308057E+00
    0.122832899E+00
    0.117536056E+00
    0.112414710E+00
    0.107465929E+00
    0.102686670E+00
    0.980737898E-01
    0.936240607E-01
    0.893341692E-01
    0.852007384E-01
    0.812203277E-01
    0.773894473E-01
    0.737045620E-01
    0.701621045E-01
    0.667584789E-01
    0.634900762E-01
    0.603532705E-01
    0.573444375E-01
    0.544599528E-01
    0.516962048E-01
    0.490495964E-01
    0.465165497E-01
    0.440935212E-01
    0.417769936E-01
    0.395634903E-01
    0.374495761E-01
    0.354318613E-01
    0.335070065E-01
    0.316717261E-01
    0.299227901E-01
    0.282570289E-01
    0.266713346E-01
    0.251626641E-01
    0.237280398E-01
    0.223645519E-01
    0.210693625E-01
    0.198397009E-01
    0.186728702E-01
    0.175662458E-01
    0.165172757E-01
    0.155234815E-01
    0.145824573E-01
    0.136918718E-01
    0.128494659E-01
    0.120530534E-01
    0.113005208E-01
    0.105898249E-01
    0.991899567E-02
    0.928613039E-02
    0.868939647E-02
    0.812702885E-02
    0.759732924E-02
    0.709866454E-02
    0.662946588E-02
    0.618822611E-02
    0.577350094E-02
    0.538390445E-02
    0.501810964E-02
    0.467484589E-02
    0.435289760E-02
    0.405110426E-02
    0.376835463E-02
    0.350359023E-02
    0.325580064E-02
    0.302402249E-02
    0.280733853E-02
    0.260487525E-02
    0.241580170E-02
    0.223932835E-02
    0.207470473E-02
    0.192121877E-02
    0.177819460E-02
    0.164499178E-02
    0.152100367E-02
    0.140565517E-02
    0.129840313E-02
    0.119873356E-02
    0.110616069E-02
    0.102022622E-02
    0.940497462E-03
    0.866566717E-03
    0.798049462E-03
    0.734583894E-03
    0.675829457E-03
    0.621465917E-03
    0.571192483E-03
    0.524726323E-03
    0.481802534E-03
    0.442172444E-03
    0.405602890E-03
    0.371875698E-03
    0.340786559E-03
    0.312144468E-03
    0.285771022E-03
    0.261499308E-03
    0.239173799E-03
    0.218649328E-03
    0.199790577E-03
    0.182471594E-03
    0.166574778E-03
    0.151991348E-03
    0.138619681E-03
    0.126365484E-03
    0.115141334E-03
    0.104865969E-03
    0.954641252E-04
    0.868660545E-04
    0.790070929E-04
    0.718274900E-04
    0.652719190E-04
    0.592892832E-04
    0.538323505E-04
    0.488574889E-04
    0.443245340E-04
    0.401963499E-04
    0.364387427E-04
    0.330202711E-04
    0.299119229E-04
    0.270870700E-04
    0.245211593E-04
    0.221917103E-04
    0.200780132E-04
    0.181610859E-04
    0.164235172E-04
    0.148493255E-04
    0.134239289E-04
    0.121338752E-04
    0.109669131E-04
    0.991184868E-05
    0.895840748E-05
    0.809722685E-05
    0.731975172E-05
    0.661814943E-05
    0.598533317E-05
    0.541478370E-05
    0.490059394E-05
    0.443737461E-05
    0.402021731E-05
    0.364469234E-05
    0.330671035E-05
    0.300260303E-05
    0.272905195E-05
    0.248300308E-05
    0.226172757E-05
    0.206272925E-05
    0.188375637E-05
    0.172277990E-05
    0.157795355E-05
    0.144761805E-05
    0.133027632E-05
    0.122457553E-05
    0.112929962E-05
    0.104334839E-05
    0.965738985E-06
    0.895589122E-06
    0.832097751E-06
    0.774558781E-06
    0.722330463E-06
    0.674844292E-06
    0.631588192E-06
    0.592105204E-06
    0.555990358E-06
    0.522881456E-06
    0.492457346E-06
    0.464426520E-06
    0.438538797E-06
    0.414569326E-06
    0.392314991E-06
    0.371598948E-06
    0.352266480E-06
    0.334178945E-06
    0.317214160E-06
    0.301264995E-06
    0.286235916E-06
    0.272044734E-06
    0.258618813E-06
    0.245892697E-06
    0.233810082E-06
    0.222320194E-06
    0.211382539E-06
    0.200955892E-06
    0.191006542E-06
    0.181505818E-06
    0.172427275E-06
    0.163745721E-06
    0.155442173E-06
    0.147496740E-06
    0.139893192E-06
    0.132617365E-06
    0.125653515E-06
    0.118991288E-06
    0.112616420E-06
    0.106520666E-06
    0.100693169E-06
    0.951237453E-07
    0.898048528E-07
    0.847274502E-07
    0.798826552E-07
    0.752633352E-07
    0.708618077E-07
    0.666702680E-07
    0.626825503E-07
    0.588901274E-07
    0.552876663E-07
    0.518667626E-07
    0.486220038E-07
    0.455463206E-07
    0.426331161E-07
    0.398765841E-07
    0.372701757E-07
    0.348078183E-07
    0.324832882E-07
    0.302913026E-07
    0.282255784E-07
    0.262808450E-07
    0.244512765E-07
    0.227318757E-07
    0.211170984E-07
    0.196021567E-07
    0.181819125E-07
    0.168517152E-07
    0.156069955E-07
    0.144430648E-07
    0.133559403E-07
    0.123407991E-07
    0.113944919E-07
    0.105126128E-07
    0.969157100E-08
    0.892790825E-08
    0.821821327E-08
    0.755914160E-08
    0.694766054E-08
    0.638068326E-08
    0.585569756E-08
    0.536977340E-08
    0.492045785E-08
    0.450545910E-08
    0.412211318E-08
    0.376871323E-08
    0.344301301E-08
    0.314293816E-08
    0.286700098E-08
    0.261328934E-08
    0.238027220E-08
    0.216632597E-08
    0.197012818E-08
    0.179042537E-08
    0.162582922E-08
    0.147525256E-08
    0.133767509E-08
    0.121189529E-08
    0.109719898E-08
    0.992615562E-09
    0.897238591E-09
    0.810481437E-09
    0.731548094E-09
    0.659786198E-09
    0.594576544E-09
    0.535402317E-09
    0.481801789E-09
    0.433179650E-09
    0.389188620E-09
    0.349384071E-09
    0.313388570E-09
    0.280875446E-09
    0.251566850E-09
    0.225089813E-09
    0.201276344E-09
    0.179823283E-09
    0.160529014E-09
    0.143164677E-09
    0.127584963E-09
    0.113613959E-09
    0.101074412E-09
    0.898482447E-10
    0.797940191E-10
    0.708070249E-10
    0.627696272E-10
    0.556037013E-10
    0.492075539E-10
    0.435037211E-10
    0.384297040E-10
    0.339113559E-10
    0.298959475E-10
    0.263309752E-10
    0.231718992E-10
    0.203675393E-10
    0.178883829E-10
    0.156864482E-10
    0.137517761E-10
    0.120332054E-10
    0.105239597E-10
    0.919579456E-11
    0.802220258E-11
    0.699106627E-11
    0.608854913E-11
    0.529392032E-11
    0.459990234E-11
    0.398921257E-11
    0.345936699E-11
    0.299433042E-11
    0.258848919E-11
    0.223755059E-11
    0.193003932E-11
    0.166182471E-11
    0.143336540E-11
    0.123056724E-11
    0.105710356E-11
    0.907789016E-12
    0.778584921E-12
    0.666854944E-12
    0.569937128E-12
    0.487922189E-12
    0.416916749E-12
    0.355764152E-12
    0.304331765E-12
    0.259433083E-12
    0.220994180E-12
    0.189154473E-12
    0.161296150E-12
    0.137519066E-12
    0.117959442E-12
    0.100799561E-12
    0.864749321E-13
    0.739149145E-13
    0.638440132E-13
    0.549547861E-13
    0.476838034E-13
    0.412381812E-13
    0.359563104E-13
    0.312796484E-13
    0.274213497E-13
    0.242493386E-13
    0.214000132E-13
    0.189809967E-13
    0.168922907E-13
    0.150953355E-13
    0.135544678E-13
    0.121989602E-13
    0.110488148E-13
    0.101122064E-13
    0.906452161E-14
    0.835546591E-14
    0.764167935E-14
    0.690110241E-14
    0.644804479E-14
    0.595991874E-14
    0.539673675E-14
    0.503904206E-14
    0.461360724E-14
    0.435259134E-14
    0.395277289E-14
    0.371884959E-14
    0.344497553E-14
    0.315667400E-14
    0.297360817E-14
    0.282033348E-14
    0.252459530E-14
    0.242448575E-14
    0.225247311E-14
    0.206804685E-14
    0.195433441E-14
    0.182099504E-14
    0.171212274E-14
    0.160039079E-14
    0.150782463E-14
    0.142627201E-14
    0.130203010E-14
    0.128383826E-14
    0.123009434E-14
    0.113052768E-14
    0.108464176E-14
    0.105982937E-14
    0.953345698E-15
    0.982289358E-15
    0.914562112E-15
    0.881170418E-15
    0.838360565E-15
    0.826236288E-15
    0.782818328E-15
    0.753355864E-15
    0.732320954E-15
    0.742792760E-15
    0.686634226E-15
    0.661934388E-15
    0.650762033E-15
    0.608143703E-15
    0.628502936E-15
    0.612367021E-15
    0.576482815E-15
    0.560736544E-15
    0.557954828E-15
    0.545786830E-15
    0.535899303E-15
    0.529013407E-15
    0.544680618E-15
    0.517386644E-15
    0.499674503E-15
    0.493191522E-15
    0.475485862E-15
    0.482602362E-15
    0.468765809E-15
    0.450638664E-15
    0.435141606E-15
    0.426874929E-15
    0.418422729E-15
    0.409802994E-15
    0.403383685E-15
    0.403028929E-15
    0.370135364E-15
    0.371565948E-15
    0.357037402E-15
    0.364335038E-15
    0.357541049E-15
    0.338405080E-15
    0.326544195E-15
    0.333725828E-15
    0.320524530E-15
    0.319876267E-15
    0.319692686E-15
    0.318255101E-15
    0.318806130E-15
    0.298734723E-15
    0.293772276E-15
    0.281217132E-15
    0.292669721E-15
    0.281580056E-15
    0.264205757E-15
    0.250082752E-15
    0.257121437E-15
    0.245125208E-15
    0.232024597E-15
    0.237560042E-15
    0.224211688E-15
    0.226796777E-15
    0.229753414E-15
    0.205499731E-15
    0.192570719E-15
    0.211433453E-15
    0.200394228E-15
    0.203435559E-15
    0.190393509E-15
    0.185694539E-15
    0.186568936E-15
    0.181771328E-15
    0.201564575E-15
    0.169162535E-15
    0.176772621E-15
    0.202998831E-15
    0.171318614E-15
    0.155431810E-15
    0.169935098E-15
    0.154867431E-15
    0.153829268E-15
    0.160785468E-15
    0.141310388E-15
    0.134665239E-15
    0.129204481E-15
    0.138155651E-15
    0.124165576E-15
    0.116653741E-15
    0.139075914E-15
    0.111155632E-15
    0.105319261E-15
    0.105728066E-15
    0.101614373E-15
    0.106550965E-15
    0.110474855E-15
    0.896643694E-16
    0.966144202E-16
    0.932724081E-16
    0.101058696E-15
    0.100989365E-15
    0.923427807E-16
    0.115354604E-15
    0.961366679E-16
    0.933737015E-16
    0.920472175E-16
    0.870202550E-16
    0.103003943E-15
    0.951498850E-16
    0.912404574E-16
    0.879639217E-16
    0.836247411E-16
    0.884375406E-16
    0.971484628E-16
    0.869522310E-16
    0.889014988E-16
    0.834208806E-16
    0.847612072E-16
    0.737707998E-16
    0.685796528E-16
    0.774493811E-16
    0.643814570E-16
    0.676275988E-16
    0.636531024E-16
    0.573622314E-16
    0.652637511E-16
    0.541405946E-16
    0.559189421E-16
    0.611324794E-16
    0.489367968E-16
    0.524426227E-16
    0.439098058E-16
    0.358391636E-16
    0.389704717E-16
    0.343893483E-16
    0.357640790E-16
    0.315701145E-16
    0.347725287E-16
    0.352291728E-16
    0.296459684E-16
    0.328338799E-16
    0.399253867E-16
    0.262681351E-16
    0.334471437E-16
    0.256679092E-16
    0.228981060E-16
    0.266972183E-16
    0.223705762E-16
    0.212904119E-16
    0.222591364E-16
    0.243926713E-16
    0.280202816E-16
    0.291397543E-16
    0.252431925E-16
    0.362800623E-16
    0.241582954E-16
    0.332651856E-16
    0.177908906E-16
    0.179848878E-16
    0.228457241E-16
    0.211165829E-16
    0.207912651E-16
    0.256093064E-16
    0.249700211E-16
    0.227723499E-16
    0.309234210E-16
    0.263795067E-16
    0.276549751E-16
    0.246734121E-16
    0.324145131E-16
    0.171022788E-16
    0.197110410E-16
    0.225418851E-16
    0.199226984E-16
    0.228392107E-16
    0.226692488E-16
    0.232037776E-16
    0.228143492E-16
    0.268732549E-16
    0.245857822E-16
    0.309364001E-16
    0.233977950E-16
    0.292206875E-16
    0.169186251E-16
    0.189646522E-16
    0.172062144E-16
    0.229772925E-16
    0.209445903E-16
    0.254150032E-16
    0.218636421E-16
    0.256354386E-16
    0.328912177E-16
    0.253199044E-16
    0.254948801E-16
    0.227554503E-16
    0.321867354E-16
    0.170526727E-16
    0.203639226E-16
    0.206966547E-16
    0.254776087E-16
    0.238633034E-16
    0.250709920E-16
    0.271813093E-16
    0.253117817E-16
    0.269699081E-16
    0.232703754E-16
    0.240748164E-16
    0.237746945E-16
    0.255884653E-16
    0.194484274E-16
    0.200216353E-16
    0.175144869E-16
    0.278316174E-16
    0.199998285E-16
    0.224357169E-16
    0.200285217E-16
    0.267008689E-16
    0.262826306E-16
    0.222283049E-16
    0.226114088E-16
    0.202758594E-16
    0.264078709E-16
    0.227818180E-16
    0.218755784E-16
    0.185662001E-16
    0.282352807E-16
    0.210958678E-16
    0.210256380E-16
    0.299933382E-16
    0.299105317E-16
    0.235931086E-16
    0.265070699E-16
    0.183926251E-16
    0.224345944E-16
    0.260029218E-16
    0.261028173E-16
    0.175936930E-16
    0.205278241E-16
    0.291266357E-16
    0.193495291E-16
    0.227211480E-16
    0.296904950E-16
    0.277101054E-16
    0.189677484E-16
    0.201352458E-16
    0.193344093E-16
    0.208517087E-16
    0.236529870E-16
    0.278552515E-16
    0.201606836E-16
    0.217721197E-16
    0.243156672E-16
    0.197924295E-16
    0.191094468E-16
    0.285620206E-16
    0.237828129E-16
    0.195678585E-16
    0.266076552E-16
    0.165016625E-16
    0.223117866E-16
    0.249582388E-16
    0.317445530E-16
    0.173380678E-16
    0.204686744E-16
    0.220370092E-16
    0.213776425E-16
    0.218775834E-16
    0.349323866E-16
    0.252696195E-16
    0.226594976E-16
    0.211212346E-16
    0.165014022E-16
    0.238441629E-16
    0.286402254E-16
    0.272353675E-16
    0.180247721E-16
    0.261707041E-16
    0.186215494E-16
    0.248477777E-16
    0.249303249E-16
    0.263085915E-16
    0.183604379E-16
    0.214837202E-16
    0.222975475E-16
    0.161501807E-16
    0.234063145E-16
    0.266431847E-16
    0.238105502E-16
    0.208113311E-16
    0.226790386E-16
    0.165189439E-16
    0.259250337E-16
    0.203416395E-16
    0.258084236E-16
    0.254025198E-16
    0.277743969E-16
    0.187888262E-16
    0.187683543E-16
    0.230544935E-16
    0.327002399E-16
    0.229978881E-16
    0.196475631E-16
    0.246001805E-16
    0.184853528E-16
    0.225857953E-16
    0.278874664E-16
    0.242490473E-16
    0.263809866E-16
    0.244850435E-16
    0.171446361E-16
    0.183402435E-16
    0.242691752E-16
    0.289532561E-16
    0.177796473E-16
    0.250274706E-16
    0.201319840E-16
    0.243882300E-16
    0.222076981E-16
    0.246376803E-16
    0.245125030E-16
    0.273792021E-16
    0.224408545E-16
    0.170605184E-16
    0.222303799E-16
    0.252920193E-16
    0.269142953E-16
    0.243310072E-16
    0.228624025E-16
    0.192196496E-16
    0.260886093E-16
    0.160531268E-16
    0.254813283E-16
    0.319721227E-16
    0.260949638E-16
    0.174459907E-16
    0.205961259E-16
    0.193974319E-16
    0.265696361E-16
    0.221738943E-16
    0.245082620E-16
    0.218769920E-16
    0.243329233E-16
    0.231250404E-16
    0.251916463E-16
    0.296090943E-16
    0.277906537E-16
    0.187923785E-16
    0.166772554E-16
    0.214836305E-16
    0.224775875E-16
    0.238286946E-16
    0.221118175E-16
    0.283078469E-16
    0.217968183E-16
    0.266946447E-16
    0.210368096E-16
    0.257642136E-16
    0.260964546E-16
    0.250044467E-16
    0.201359202E-16
    0.222821441E-16
    0.207923994E-16
    0.224818615E-16
    0.245889618E-16
    0.306922815E-16
    0.220740353E-16
    0.257762811E-16
    0.277357408E-16
    0.247572221E-16
    0.241789106E-16
    0.290685862E-16
    0.212468086E-16
    0.162251503E-16
    0.220028779E-16
    0.201071977E-16
    0.192851694E-16
    0.258325400E-16
    0.268901017E-16
    0.225499873E-16
    0.293655025E-16
    0.257805956E-16
    0.229527100E-16
    0.227568066E-16
    0.236181363E-16
    0.218582044E-16
    0.246292895E-16
    0.192639186E-16
    0.200044879E-16
    0.268633823E-16
    0.326524072E-16
    0.212794783E-16
    0.242936454E-16
    0.252408572E-16
    0.248228150E-16
    0.209369797E-16
    0.257530339E-16
    0.285556109E-16
    0.216698878E-16
    0.191812831E-16
    0.194400544E-16
    0.248734549E-16
    0.301726018E-16
    0.203735763E-16
    0.245195607E-16
    0.220916296E-16
    0.351657278E-16
    0.214176447E-16
    0.271213340E-16
    0.258260569E-16
    0.246511376E-16
    0.208357108E-16
    0.195471990E-16
    0.244721690E-16
    0.297295576E-16
    0.195392422E-16
    0.194884774E-16
    0.256760356E-16
    0.350979393E-16
    0.293908011E-16
    0.311987260E-16
    0.299298983E-16
    0.216491034E-16
    0.201531828E-16
    0.232600127E-16
    0.238400682E-16
    0.233437835E-16
    0.209455202E-16
    0.258245060E-16
    0.302248739E-16
    0.285169669E-16
    0.344661078E-16
    0.248472076E-16
    0.272931751E-16
