 #tdnd tdcion
    0.216325818E-16
    0.242373863E-16
    0.310928589E-16
    0.321642796E-16
    0.218096484E-16
    0.236733635E-16
    0.389658743E-16
    0.347470143E-16
    0.405286477E-16
    0.388488315E-16
    0.370311039E-16
    0.478539848E-16
    0.482373509E-16
    0.417434510E-16
    0.487394304E-16
    0.488411875E-16
    0.476820936E-16
    0.457174668E-16
    0.300621561E-16
    0.288850204E-16
    0.368245561E-16
    0.317901397E-16
    0.263912095E-16
    0.299730197E-16
    0.390361535E-16
    0.372086576E-16
    0.298718737E-16
    0.310491599E-16
    0.318626741E-16
    0.324023273E-16
    0.246019859E-16
    0.310031140E-16
    0.286873159E-16
    0.388147588E-16
    0.294222891E-16
    0.300614000E-16
    0.329947107E-16
    0.278014721E-16
    0.254347190E-16
    0.300969061E-16
    0.267260628E-16
    0.341397802E-16
    0.358163436E-16
    0.333628194E-16
    0.335304736E-16
    0.374313137E-16
    0.246365574E-16
    0.245162968E-16
    0.311879634E-16
    0.277652167E-16
    0.269963011E-16
    0.247529042E-16
    0.326145451E-16
    0.262911906E-16
    0.267380711E-16
    0.307139400E-16
    0.241916941E-16
    0.358570134E-16
    0.296624975E-16
    0.310999218E-16
    0.238100277E-16
    0.211680157E-16
    0.319690480E-16
    0.284630659E-16
    0.279559037E-16
    0.271071400E-16
    0.278931788E-16
    0.346266316E-16
    0.298311665E-16
    0.247567133E-16
    0.348873163E-16
    0.279247471E-16
    0.258729555E-16
    0.250727447E-16
    0.297587679E-16
    0.231092671E-16
    0.225879915E-16
    0.333407581E-16
    0.348785414E-16
    0.249893790E-16
    0.272211426E-16
    0.277916527E-16
    0.297959534E-16
    0.302801846E-16
    0.253831596E-16
    0.274998286E-16
    0.259439410E-16
    0.245673911E-16
    0.244607198E-16
    0.338166503E-16
    0.254615657E-16
    0.302662240E-16
    0.261512068E-16
    0.366434677E-16
    0.298888258E-16
    0.278714139E-16
    0.244883529E-16
    0.281792870E-16
    0.307161853E-16
    0.247348876E-16
    0.243060887E-16
    0.249545945E-16
    0.191832830E-16
    0.370732201E-16
    0.333237871E-16
    0.345068970E-16
    0.274335855E-16
    0.270807320E-16
    0.234470809E-16
    0.254555403E-16
    0.332321995E-16
    0.282668128E-16
    0.265856758E-16
    0.323247284E-16
    0.256259926E-16
    0.306819439E-16
    0.395212833E-16
    0.286179835E-16
    0.286719760E-16
    0.379070933E-16
    0.380189285E-16
    0.454587205E-16
    0.342139427E-16
    0.500263633E-16
    0.419502894E-16
    0.467155788E-16
    0.392873182E-16
    0.342340978E-16
    0.452590652E-16
    0.548331570E-16
    0.672279801E-16
    0.381576884E-16
    0.578685041E-16
    0.615498465E-16
    0.546979935E-16
    0.488633585E-16
    0.450929964E-16
    0.593217407E-16
    0.454234697E-16
    0.341209066E-16
    0.376547536E-16
    0.433791699E-16
    0.458987881E-16
    0.459743887E-16
    0.383344522E-16
    0.353223916E-16
    0.459597101E-16
    0.378355073E-16
    0.329258838E-16
    0.316802276E-16
    0.387815506E-16
    0.248397634E-16
    0.327549245E-16
    0.383583668E-16
    0.256710615E-16
    0.401116303E-16
    0.450160853E-16
    0.530809336E-16
    0.337436025E-16
    0.387843831E-16
    0.284022300E-16
    0.542617894E-16
    0.283015408E-16
    0.352891264E-16
    0.368928568E-16
    0.339955549E-16
    0.259847095E-16
    0.313485244E-16
    0.390998565E-16
    0.395961414E-16
    0.302885761E-16
    0.340667282E-16
    0.382137651E-16
    0.382314603E-16
    0.416343779E-16
    0.288988846E-16
    0.400941172E-16
    0.373400106E-16
    0.256049727E-16
    0.263541961E-16
    0.307739128E-16
    0.309892426E-16
    0.370245918E-16
    0.332701204E-16
    0.376287962E-16
    0.362683383E-16
    0.420764137E-16
    0.326843972E-16
    0.396315674E-16
    0.362728105E-16
    0.291012221E-16
    0.303433150E-16
    0.350570889E-16
    0.276200654E-16
    0.248968529E-16
    0.405786960E-16
    0.344148831E-16
    0.389185334E-16
    0.369982921E-16
    0.322538383E-16
    0.339596462E-16
    0.313669423E-16
    0.314072628E-16
    0.362786860E-16
    0.380196151E-16
    0.344801717E-16
    0.291286766E-16
    0.291656335E-16
    0.295361814E-16
    0.354794529E-16
    0.361996780E-16
    0.360485753E-16
    0.316732854E-16
    0.304852767E-16
    0.440865306E-16
    0.341940218E-16
    0.384324577E-16
    0.481157461E-16
    0.279193328E-16
    0.268338086E-16
    0.349687234E-16
    0.305252718E-16
    0.440396661E-16
    0.269707373E-16
    0.340127566E-16
    0.288768921E-16
    0.438360041E-16
    0.374325066E-16
    0.328319438E-16
    0.337128247E-16
    0.316496410E-16
    0.314319127E-16
    0.369101052E-16
    0.264438469E-16
    0.301246895E-16
    0.395418991E-16
    0.288660718E-16
    0.384029812E-16
    0.329759591E-16
    0.442162674E-16
    0.306927917E-16
    0.353939138E-16
    0.326049188E-16
    0.338838150E-16
    0.410582531E-16
    0.367386750E-16
    0.347493924E-16
    0.281244905E-16
    0.308166859E-16
    0.378118746E-16
    0.406719879E-16
    0.395854522E-16
    0.421923439E-16
    0.343381938E-16
    0.341848773E-16
    0.407818109E-16
    0.417438023E-16
    0.434717084E-16
    0.319467194E-16
    0.251040964E-16
    0.335135193E-16
    0.301326992E-16
    0.353984554E-16
    0.328451110E-16
    0.448196238E-16
    0.345420455E-16
    0.332071113E-16
    0.390151870E-16
    0.345594682E-16
    0.420447243E-16
    0.394337269E-16
    0.417862421E-16
    0.334898621E-16
    0.381991952E-16
    0.358354789E-16
    0.440052192E-16
    0.264553652E-16
    0.436380183E-16
    0.347584981E-16
    0.332248822E-16
    0.414223848E-16
    0.345599165E-16
    0.405729156E-16
    0.436555611E-16
    0.374148507E-16
    0.412965216E-16
    0.458774615E-16
    0.377021212E-16
    0.362694534E-16
    0.361102352E-16
    0.432655777E-16
    0.336179417E-16
    0.406253455E-16
    0.343547011E-16
    0.417265264E-16
    0.359618149E-16
    0.429667274E-16
    0.459160031E-16
    0.392022923E-16
    0.386370284E-16
    0.317817649E-16
    0.349373724E-16
    0.334526240E-16
    0.450298827E-16
    0.359514879E-16
    0.485310885E-16
    0.382811204E-16
    0.369064476E-16
    0.568769371E-16
    0.344237560E-16
    0.362999610E-16
    0.429886563E-16
    0.352076301E-16
    0.381439554E-16
    0.308741280E-16
    0.401172102E-16
    0.452327417E-16
    0.543145402E-16
    0.448423592E-16
    0.451918488E-16
    0.346516329E-16
    0.454451131E-16
    0.378317041E-16
    0.362591856E-16
    0.462729022E-16
    0.318184736E-16
    0.416996418E-16
    0.440584381E-16
    0.545663808E-16
    0.394989691E-16
    0.654912857E-16
    0.525196128E-16
    0.360965628E-16
    0.416414060E-16
    0.369336831E-16
    0.402868026E-16
    0.463098316E-16
    0.504631502E-16
    0.434275922E-16
    0.434165181E-16
    0.422783650E-16
    0.565515753E-16
    0.503899189E-16
    0.400044619E-16
    0.435110343E-16
    0.512340112E-16
    0.567375548E-16
    0.451462217E-16
    0.565471530E-16
    0.586702843E-16
    0.462329181E-16
    0.443109610E-16
    0.500889972E-16
    0.418891846E-16
    0.451028254E-16
    0.358619856E-16
    0.526291958E-16
    0.371363042E-16
    0.719644979E-16
    0.579692592E-16
    0.522698291E-16
    0.504722774E-16
    0.454735009E-16
    0.540878169E-16
    0.588909053E-16
    0.440485868E-16
    0.500945789E-16
    0.481533950E-16
    0.500262584E-16
    0.491386498E-16
    0.426695685E-16
    0.534336367E-16
    0.553773302E-16
    0.467834255E-16
    0.458925362E-16
    0.390948446E-16
    0.568907714E-16
    0.656462743E-16
    0.437435647E-16
    0.662578439E-16
    0.509071753E-16
    0.416953997E-16
    0.492635509E-16
    0.535632389E-16
    0.448080594E-16
    0.434296687E-16
    0.610148431E-16
    0.435894473E-16
    0.483340551E-16
    0.562745241E-16
    0.527672279E-16
    0.554755817E-16
    0.560665459E-16
    0.441094961E-16
    0.494922044E-16
    0.554038412E-16
    0.582877907E-16
    0.587266840E-16
    0.424765074E-16
    0.655063396E-16
    0.609669003E-16
    0.620805963E-16
    0.450472809E-16
    0.470052361E-16
    0.507112680E-16
    0.634166319E-16
    0.621157413E-16
    0.749788344E-16
    0.683695142E-16
    0.657657434E-16
    0.740580549E-16
    0.680036700E-16
    0.561535310E-16
    0.748548800E-16
    0.645246567E-16
    0.523429962E-16
    0.554555531E-16
    0.700478505E-16
    0.912909113E-16
    0.778453555E-16
    0.888438367E-16
    0.690746427E-16
    0.752880092E-16
    0.712570685E-16
    0.790405553E-16
    0.749213269E-16
    0.800902061E-16
    0.953423023E-16
    0.746828038E-16
    0.796367732E-16
    0.902653373E-16
    0.804049325E-16
    0.830420095E-16
    0.698279650E-16
    0.740136722E-16
    0.712714641E-16
    0.895040994E-16
    0.778872161E-16
    0.108419969E-15
    0.835837414E-16
    0.942314639E-16
    0.850280044E-16
    0.921618780E-16
    0.846042678E-16
    0.842723420E-16
    0.894944190E-16
    0.855071296E-16
    0.998247955E-16
    0.991124014E-16
    0.102800789E-15
    0.734427986E-16
    0.103416354E-15
    0.887900252E-16
    0.744283370E-16
    0.918603524E-16
    0.109952625E-15
    0.944254455E-16
    0.894458665E-16
    0.960035638E-16
    0.103100060E-15
    0.105146168E-15
    0.107804492E-15
    0.100372013E-15
    0.805919535E-16
    0.104787325E-15
    0.114200606E-15
    0.982719536E-16
    0.106543426E-15
    0.116044359E-15
    0.101819039E-15
    0.881323989E-16
    0.813874591E-16
    0.987360424E-16
    0.115704606E-15
    0.122771881E-15
    0.110989049E-15
    0.101497535E-15
    0.121521037E-15
    0.112553658E-15
    0.133417347E-15
    0.111645891E-15
    0.109332463E-15
    0.107730640E-15
    0.993998021E-16
    0.119937570E-15
    0.145709405E-15
    0.140008327E-15
    0.133643968E-15
    0.134801171E-15
    0.998326813E-16
    0.130262689E-15
    0.103340425E-15
    0.159391086E-15
    0.141638666E-15
    0.135008117E-15
    0.141578693E-15
    0.153411835E-15
    0.162431975E-15
    0.164835397E-15
    0.130213979E-15
    0.153928666E-15
    0.146611463E-15
    0.130899120E-15
    0.165195450E-15
    0.157311276E-15
    0.184368158E-15
    0.189538685E-15
    0.157470758E-15
    0.144135366E-15
    0.174414972E-15
    0.176761617E-15
    0.175939441E-15
    0.158994135E-15
    0.212392420E-15
    0.186437361E-15
    0.194415414E-15
    0.197510412E-15
    0.212028145E-15
    0.181999896E-15
    0.205704194E-15
    0.184847666E-15
    0.179840622E-15
    0.197123514E-15
    0.234862794E-15
    0.207210791E-15
    0.193878412E-15
    0.233070773E-15
    0.205050094E-15
    0.211248781E-15
    0.229473375E-15
    0.227023433E-15
    0.233008541E-15
    0.230107999E-15
    0.260003134E-15
    0.220734875E-15
    0.224869530E-15
    0.261052670E-15
    0.229511742E-15
    0.230058413E-15
    0.272670607E-15
    0.243551595E-15
    0.256415337E-15
    0.292584085E-15
    0.243709749E-15
    0.283843162E-15
    0.231767693E-15
    0.311730028E-15
    0.258252433E-15
    0.290780856E-15
    0.292862232E-15
    0.304878936E-15
    0.298674536E-15
    0.354536721E-15
    0.268227900E-15
    0.291737737E-15
    0.314191254E-15
    0.282882692E-15
    0.303747416E-15
    0.300730739E-15
    0.364388637E-15
    0.342847462E-15
    0.338716498E-15
    0.333206261E-15
    0.348780495E-15
    0.352758584E-15
    0.393391188E-15
    0.309729364E-15
    0.358017227E-15
    0.402900554E-15
    0.370542054E-15
    0.384757803E-15
    0.406233419E-15
    0.391114684E-15
    0.387971669E-15
    0.382819531E-15
    0.370436379E-15
    0.375032212E-15
    0.437072075E-15
    0.449495626E-15
    0.414795041E-15
    0.431975938E-15
    0.488831854E-15
    0.426180309E-15
    0.455825157E-15
    0.488769293E-15
    0.480318957E-15
    0.478099974E-15
    0.480770762E-15
    0.475401170E-15
    0.453534303E-15
    0.533352617E-15
    0.508330786E-15
    0.476914384E-15
    0.477277512E-15
    0.558347188E-15
    0.487491284E-15
    0.565329464E-15
    0.572051280E-15
    0.592815251E-15
    0.539312135E-15
    0.610725093E-15
    0.558706975E-15
    0.575294742E-15
    0.646089544E-15
    0.642481019E-15
    0.585672984E-15
    0.635486014E-15
    0.647437149E-15
    0.590609018E-15
    0.658307369E-15
    0.643610422E-15
    0.668292021E-15
    0.616933079E-15
    0.710964368E-15
    0.697459526E-15
    0.699277809E-15
    0.774059517E-15
    0.783684137E-15
    0.679970427E-15
    0.782025393E-15
    0.746556354E-15
    0.711518667E-15
    0.784261595E-15
    0.762734484E-15
    0.777375373E-15
    0.733934107E-15
    0.761661474E-15
    0.763994768E-15
    0.726993308E-15
    0.801227895E-15
    0.779123360E-15
    0.701297360E-15
    0.788509625E-15
    0.793044234E-15
    0.699995698E-15
    0.795121557E-15
    0.724324742E-15
    0.717107220E-15
    0.700398156E-15
    0.654928095E-15
    0.679991082E-15
    0.577318103E-15
    0.615784542E-15
    0.555024364E-15
    0.467360958E-15
    0.460617852E-15
    0.458701788E-15
    0.342180541E-15
    0.391232549E-15
    0.319844301E-15
    0.295625697E-15
    0.271790549E-15
    0.218571622E-15
    0.240976375E-15
    0.186985277E-15
    0.209185403E-15
    0.217436430E-15
    0.229676720E-15
    0.274181738E-15
    0.349197717E-15
    0.519479627E-15
    0.601604413E-15
    0.815536790E-15
    0.111602509E-14
    0.138679975E-14
    0.183179672E-14
    0.230852274E-14
    0.295119842E-14
    0.362591052E-14
    0.456830250E-14
    0.570965471E-14
    0.695381543E-14
    0.839183910E-14
    0.105425710E-13
    0.126082511E-13
    0.149205135E-13
    0.185217959E-13
    0.217228686E-13
    0.262014961E-13
    0.310075636E-13
    0.366880340E-13
    0.431568868E-13
    0.506297690E-13
    0.597507425E-13
    0.696916744E-13
    0.811250708E-13
    0.949648821E-13
    0.110965597E-12
    0.127141594E-12
    0.149427898E-12
    0.171859399E-12
    0.199483065E-12
    0.230529488E-12
    0.265840683E-12
    0.306704376E-12
    0.352903754E-12
    0.407378950E-12
    0.467514543E-12
    0.536188723E-12
    0.614749300E-12
    0.707456438E-12
    0.805433734E-12
    0.925556724E-12
    0.105678183E-11
    0.120703209E-11
    0.137959422E-11
    0.157151894E-11
    0.179287661E-11
    0.204196174E-11
    0.232934511E-11
    0.265202305E-11
    0.301714687E-11
    0.343022344E-11
    0.390928062E-11
    0.443436066E-11
    0.504173485E-11
    0.572761316E-11
    0.649673342E-11
    0.737975926E-11
    0.836367359E-11
    0.948689252E-11
    0.107511261E-10
    0.121850148E-10
    0.138016193E-10
    0.156200275E-10
    0.176732622E-10
    0.200160855E-10
    0.226341502E-10
    0.255917119E-10
    0.289471758E-10
    0.326973656E-10
    0.369651717E-10
    0.417399118E-10
    0.471382712E-10
    0.532201258E-10
    0.600702934E-10
    0.677935745E-10
    0.764595924E-10
    0.862120916E-10
    0.972243480E-10
    0.109586176E-09
    0.123438643E-09
    0.139096173E-09
    0.156601517E-09
    0.176362647E-09
    0.198494446E-09
    0.223359703E-09
    0.251299729E-09
    0.282617598E-09
    0.317806006E-09
    0.357227089E-09
    0.401427894E-09
    0.451072952E-09
    0.506710625E-09
    0.568910949E-09
    0.638762417E-09
    0.716829583E-09
    0.804364413E-09
    0.902284826E-09
    0.101179763E-08
    0.113441916E-08
    0.127143081E-08
    0.142473165E-08
    0.159599555E-08
    0.178726054E-08
    0.200108420E-08
    0.223989136E-08
    0.250621864E-08
    0.280375887E-08
    0.313560055E-08
    0.350583178E-08
    0.391877433E-08
    0.437883433E-08
    0.489188930E-08
    0.546318978E-08
    0.609972499E-08
    0.680859413E-08
    0.759731368E-08
    0.847541845E-08
    0.945237118E-08
    0.105384270E-07
    0.117463105E-07
    0.130887848E-07
    0.145804185E-07
    0.162377929E-07
    0.180778163E-07
    0.201211726E-07
    0.223885796E-07
    0.249044054E-07
    0.276955346E-07
    0.307893865E-07
    0.342197688E-07
    0.380214969E-07
    0.422326856E-07
    0.468971609E-07
    0.520617924E-07
    0.577776643E-07
    0.641031052E-07
    0.710993897E-07
    0.788369208E-07
    0.873904054E-07
    0.968429496E-07
    0.107288435E-06
    0.118823429E-06
    0.131560525E-06
    0.145620901E-06
    0.161134797E-06
    0.178249886E-06
    0.197124465E-06
    0.217932467E-06
    0.240866467E-06
    0.266134875E-06
    0.293967432E-06
    0.324613654E-06
    0.358346532E-06
    0.395470380E-06
    0.436307842E-06
    0.481218104E-06
    0.530596326E-06
    0.584863107E-06
    0.644490372E-06
    0.709982258E-06
    0.781894955E-06
    0.860832641E-06
    0.947456943E-06
    0.104248593E-05
    0.114670089E-05
    0.126095262E-05
    0.138617466E-05
    0.152337347E-05
    0.167364184E-05
    0.183818474E-05
    0.201828876E-05
    0.221537615E-05
    0.243097028E-05
    0.266673944E-05
    0.292448887E-05
    0.320617767E-05
    0.351393742E-05
    0.385006143E-05
    0.421705571E-05
    0.461762767E-05
    0.505471543E-05
    0.553148219E-05
    0.605137942E-05
    0.661811067E-05
    0.723571610E-05
    0.790852842E-05
    0.864125315E-05
    0.943897678E-05
    0.103071701E-04
    0.112517818E-04
    0.122791737E-04
    0.133962575E-04
    0.146104632E-04
    0.159298100E-04
    0.173629343E-04
    0.189191387E-04
    0.206084417E-04
    0.224416509E-04
    0.244303552E-04
    0.265870238E-04
    0.289251194E-04
    0.314590087E-04
    0.342042481E-04
    0.371774448E-04
    0.403964776E-04
    0.438805439E-04
    0.476501705E-04
    0.517274705E-04
    0.561360363E-04
    0.609012037E-04
    0.660501412E-04
    0.716118743E-04
    0.776174454E-04
    0.841002055E-04
    0.910956178E-04
    0.986417539E-04
    0.106779221E-03
    0.115551348E-03
    0.125004515E-03
    0.135188030E-03
    0.146154730E-03
    0.157960783E-03
    0.170666049E-03
    0.184334485E-03
    0.199034000E-03
    0.214836902E-03
    0.231820310E-03
    0.250066064E-03
    0.269661231E-03
    0.290698472E-03
    0.313275979E-03
    0.337498272E-03
    0.363475993E-03
    0.391326778E-03
    0.421175363E-03
    0.453153641E-03
    0.487401883E-03
    0.524068245E-03
    0.563309626E-03
    0.605292232E-03
    0.650191673E-03
    0.698193601E-03
    0.749494295E-03
    0.804301015E-03
    0.862832572E-03
    0.925319905E-03
    0.992006466E-03
    0.106314938E-02
    0.113901880E-02
    0.121990010E-02
    0.130609323E-02
    0.139791388E-02
    0.149569438E-02
    0.159978383E-02
    0.171054929E-02
    0.182837598E-02
    0.195366876E-02
    0.208685197E-02
    0.222837101E-02
    0.237869237E-02
    0.253830546E-02
    0.270772211E-02
    0.288747851E-02
    0.307813561E-02
    0.328027952E-02
    0.349452349E-02
    0.372150722E-02
    0.396189959E-02
    0.421639756E-02
    0.448572889E-02
    0.477065198E-02
    0.507195667E-02
    0.539046580E-02
    0.572703535E-02
    0.608255616E-02
    0.645795392E-02
    0.685419105E-02
    0.727226641E-02
    0.771321762E-02
    0.817811982E-02
    0.866808900E-02
    0.918428060E-02
    0.972789123E-02
    0.103001605E-01
    0.109023691E-01
    0.115358425E-01
    0.122019490E-01
    0.129021023E-01
    0.136377613E-01
    0.144104302E-01
    0.152216598E-01
    0.160730477E-01
    0.169662381E-01
    0.179029232E-01
    0.188848431E-01
    0.199137846E-01
    0.209915846E-01
    0.221201261E-01
    0.233013414E-01
    0.245372104E-01
    0.258297602E-01
    0.271810675E-01
    0.285932538E-01
    0.300684890E-01
    0.316089887E-01
    0.332170133E-01
    0.348948688E-01
    0.366449044E-01
    0.384695124E-01
    0.403711265E-01
    0.423522213E-01
    0.444153091E-01
    0.465629416E-01
    0.487977028E-01
    0.511222144E-01
    0.535391266E-01
    0.560511204E-01
    0.586609053E-01
    0.613712129E-01
    0.641847995E-01
    0.671044380E-01
    0.701329203E-01
    0.732730477E-01
    0.765276333E-01
    0.798994950E-01
    0.833914538E-01
    0.870063265E-01
    0.907469247E-01
    0.946160499E-01
    0.986164843E-01
    0.102750995E+00
    0.107022317E+00
    0.111433161E+00
    0.115986192E+00
    0.120684041E+00
    0.125529286E+00
    0.130524447E+00
    0.135671987E+00
    0.140974298E+00
    0.146433694E+00
    0.152052409E+00
    0.157832584E+00
    0.163776261E+00
    0.169885377E+00
    0.176161751E+00
    0.182607082E+00
    0.189222931E+00
    0.196010723E+00
    0.202971731E+00
    0.210107063E+00
    0.217417667E+00
    0.224904304E+00
    0.232567551E+00
    0.240407784E+00
    0.248425170E+00
    0.256619659E+00
    0.264990972E+00
    0.273538592E+00
    0.282261751E+00
    0.291159425E+00
    0.300230320E+00
    0.309472864E+00
    0.318885196E+00
    0.328465158E+00
    0.338210288E+00
    0.348117803E+00
    0.358184603E+00
    0.368407250E+00
    0.378781969E+00
    0.389304638E+00
    0.399970780E+00
    0.410775560E+00
    0.421713775E+00
    0.432779857E+00
    0.443967855E+00
    0.455271451E+00
    0.466683942E+00
    0.478198242E+00
    0.489806887E+00
    0.501502033E+00
    0.513275453E+00
    0.525118544E+00
    0.537022334E+00
    0.548977475E+00
    0.560974268E+00
    0.573002649E+00
    0.585052217E+00
    0.597112229E+00
    0.609171622E+00
    0.621219024E+00
    0.633242757E+00
    0.645230869E+00
    0.657171141E+00
    0.669051106E+00
    0.680858064E+00
    0.692579121E+00
    0.704201182E+00
    0.715711001E+00
    0.727095193E+00
    0.738340253E+00
    0.749432596E+00
    0.760358577E+00
    0.771104523E+00
    0.781656752E+00
    0.792001617E+00
    0.802125533E+00
    0.812014997E+00
    0.821656633E+00
    0.831037216E+00
    0.840143712E+00
    0.848963294E+00
    0.857483400E+00
    0.865691738E+00
    0.873576337E+00
    0.881125569E+00
    0.888328180E+00
    0.895173328E+00
    0.901650602E+00
    0.907750060E+00
    0.913462248E+00
    0.918778236E+00
    0.923689631E+00
    0.928188617E+00
    0.932267958E+00
    0.935921036E+00
    0.939141862E+00
    0.941925091E+00
    0.944266049E+00
    0.946160725E+00
    0.947605812E+00
    0.948598694E+00
    0.949137459E+00
    0.949220905E+00
    0.948848557E+00
    0.948020641E+00
    0.946738107E+00
    0.945002622E+00
    0.942816547E+00
    0.940182955E+00
    0.937105608E+00
    0.933588948E+00
    0.929638081E+00
    0.925258770E+00
    0.920457417E+00
    0.915241034E+00
    0.909617232E+00
    0.903594205E+00
    0.897180694E+00
    0.890385964E+00
    0.883219799E+00
    0.875692443E+00
    0.867814596E+00
    0.859597383E+00
    0.851052312E+00
    0.842191258E+00
    0.833026424E+00
    0.823570316E+00
    0.813835709E+00
    0.803835612E+00
    0.793583247E+00
    0.783092010E+00
    0.772375442E+00
    0.761447196E+00
    0.750321015E+00
    0.739010688E+00
    0.727530040E+00
    0.715892885E+00
    0.704113009E+00
    0.692204143E+00
    0.680179929E+00
    0.668053905E+00
    0.655839475E+00
    0.643549885E+00
    0.631198203E+00
    0.618797307E+00
    0.606359841E+00
    0.593898226E+00
    0.581424621E+00
    0.568950915E+00
    0.556488715E+00
    0.544049318E+00
    0.531643722E+00
    0.519282588E+00
    0.506976250E+00
    0.494734696E+00
    0.482567563E+00
    0.470484118E+00
    0.458493279E+00
    0.446603581E+00
    0.434823184E+00
    0.423159879E+00
    0.411621068E+00
    0.400213774E+00
    0.388944639E+00
    0.377819921E+00
    0.366845496E+00
    0.356026866E+00
    0.345369153E+00
    0.334877107E+00
    0.324555108E+00
    0.314407171E+00
    0.304436955E+00
    0.294647760E+00
    0.285042540E+00
    0.275623910E+00
    0.266394146E+00
    0.257355204E+00
    0.248508715E+00
    0.239856000E+00
    0.231398081E+00
    0.223135682E+00
    0.215069246E+00
    0.207198941E+00
    0.199524666E+00
    0.192046065E+00
    0.184762540E+00
    0.177673251E+00
    0.170777137E+00
    0.164072915E+00
    0.157559104E+00
    0.151234023E+00
    0.145095805E+00
    0.139142414E+00
    0.133371644E+00
    0.127781138E+00
    0.122368395E+00
    0.117130781E+00
    0.112065533E+00
    0.107169784E+00
    0.102440556E+00
    0.978747761E-01
    0.934692917E-01
    0.892208695E-01
    0.851262129E-01
    0.811819650E-01
    0.773847204E-01
    0.737310329E-01
    0.702174226E-01
    0.668403850E-01
    0.635963982E-01
    0.604819278E-01
    0.574934370E-01
    0.546273927E-01
    0.518802683E-01
    0.492485548E-01
    0.467287630E-01
    0.443174287E-01
    0.420111212E-01
    0.398064430E-01
    0.377000372E-01
    0.356885924E-01
    0.337688428E-01
    0.319375754E-01
    0.301916320E-01
    0.285279102E-01
    0.269433672E-01
    0.254350240E-01
    0.239999634E-01
    0.226353358E-01
    0.213383568E-01
    0.201063120E-01
    0.189365563E-01
    0.178265131E-01
    0.167736787E-01
    0.157756186E-01
    0.148299700E-01
    0.139344423E-01
    0.130868155E-01
    0.122849385E-01
    0.115267332E-01
    0.108101898E-01
    0.101333668E-01
    0.949439182E-02
    0.889145845E-02
    0.832282750E-02
    0.778682398E-02
    0.728183659E-02
    0.680631686E-02
    0.635877706E-02
    0.593778924E-02
    0.554198411E-02
    0.517004887E-02
    0.482072615E-02
    0.449281305E-02
    0.418515819E-02
    0.389666163E-02
    0.362627277E-02
    0.337298805E-02
    0.313585131E-02
    0.291395020E-02
    0.270641597E-02
    0.251242164E-02
    0.233118024E-02
    0.216194338E-02
    0.200400080E-02
    0.185667735E-02
    0.171933250E-02
    0.159135914E-02
    0.147218171E-02
    0.136125551E-02
    0.125806448E-02
    0.116212092E-02
    0.107296397E-02
    0.990157957E-03
    0.913291988E-03
    0.841978298E-03
    0.775851282E-03
    0.714566776E-03
    0.657800774E-03
    0.605248066E-03
    0.556622083E-03
    0.511653556E-03
    0.470089458E-03
    0.431692627E-03
    0.396240441E-03
    0.363524548E-03
    0.333349702E-03
    0.305533236E-03
    0.279904315E-03
    0.256303354E-03
    0.234581229E-03
    0.214598792E-03
    0.196226359E-03
    0.179342918E-03
    0.163835945E-03
    0.149600492E-03
    0.136539075E-03
    0.124561084E-03
    0.113582211E-03
    0.103524317E-03
    0.943148868E-04
    0.858866199E-04
    0.781772645E-04
    0.711290874E-04
    0.646886020E-04
    0.588064862E-04
    0.534370888E-04
    0.485381802E-04
    0.440708583E-04
    0.399991553E-04
    0.362900034E-04
    0.329128174E-04
    0.298394632E-04
    0.270440817E-04
    0.245028285E-04
    0.221938122E-04
    0.200969022E-04
    0.181935967E-04
    0.164669262E-04
    0.149013327E-04
    0.134825098E-04
    0.121973611E-04
    0.110339213E-04
    0.998118773E-05
    0.902912676E-05
    0.816854559E-05
    0.739104296E-05
    0.668894246E-05
    0.605524389E-05
    0.548353478E-05
    0.496800247E-05
    0.450332792E-05
    0.408465222E-05
    0.370757857E-05
    0.336808145E-05
    0.306252886E-05
    0.278758766E-05
    0.254024387E-05
    0.231777698E-05
    0.211769745E-05
    0.193775318E-05
    0.177591875E-05
    0.163034017E-05
    0.149935988E-05
    0.138147243E-05
    0.127530950E-05
    0.117964799E-05
    0.109338576E-05
    0.101552840E-05
    0.945177626E-06
    0.881528243E-06
    0.823861768E-06
    0.771530070E-06
    0.723948478E-06
    0.680603834E-06
    0.641028430E-06
    0.604813607E-06
    0.571584834E-06
    0.541018395E-06
    0.512819752E-06
    0.486731287E-06
    0.462524012E-06
    0.439993542E-06
    0.418960619E-06
    0.399268686E-06
    0.380776633E-06
    0.363362400E-06
    0.346919119E-06
    0.331351470E-06
    0.316578695E-06
    0.302525519E-06
    0.289131183E-06
    0.276341842E-06
    0.264108135E-06
    0.252388859E-06
    0.241149104E-06
    0.230355469E-06
    0.219982809E-06
    0.210006486E-06
    0.200405530E-06
    0.191162656E-06
    0.182262404E-06
    0.173690263E-06
    0.165433930E-06
    0.157482128E-06
    0.149825778E-06
    0.142456070E-06
    0.135363623E-06
    0.128542316E-06
    0.121984246E-06
    0.115682319E-06
    0.109631623E-06
    0.103824061E-06
    0.982543407E-07
    0.929171821E-07
    0.878060986E-07
    0.829154018E-07
    0.782391503E-07
    0.737713395E-07
    0.695071484E-07
    0.654396893E-07
    0.615634880E-07
    0.578733239E-07
    0.543623718E-07
    0.510258395E-07
    0.478571666E-07
    0.448504826E-07
    0.420006504E-07
    0.393016432E-07
    0.367477184E-07
    0.343331653E-07
    0.320522652E-07
    0.299002268E-07
    0.278710454E-07
    0.259592414E-07
    0.241602098E-07
    0.224685113E-07
    0.208790692E-07
    0.193871731E-07
    0.179878816E-07
    0.166769400E-07
    0.154496540E-07
    0.143017949E-07
    0.132289456E-07
    0.122271214E-07
    0.112927288E-07
    0.104218163E-07
    0.961051825E-08
    0.885576972E-08
    0.815420483E-08
    0.750243264E-08
    0.689745481E-08
    0.633653151E-08
    0.581682165E-08
    0.533574575E-08
    0.489074660E-08
    0.447949900E-08
    0.409967703E-08
    0.374935081E-08
    0.342639310E-08
    0.312883129E-08
    0.285498317E-08
    0.260322893E-08
    0.237189310E-08
    0.215940057E-08
    0.196458418E-08
    0.178600212E-08
    0.162243575E-08
    0.147273605E-08
    0.133586080E-08
    0.121079317E-08
    0.109663714E-08
    0.992503165E-09
    0.897573093E-09
    0.811130014E-09
    0.732454150E-09
    0.660951249E-09
    0.595902829E-09
    0.536897491E-09
    0.483392351E-09
    0.434847893E-09
    0.390901193E-09
    0.351114207E-09
    0.315159588E-09
    0.282655993E-09
    0.253300245E-09
    0.226812357E-09
    0.202958427E-09
    0.181440996E-09
    0.162106310E-09
    0.144691496E-09
    0.129045942E-09
    0.115024125E-09
    0.102409636E-09
    0.911122931E-10
    0.809897309E-10
    0.719377394E-10
    0.638478754E-10
    0.566013550E-10
    0.501396999E-10
    0.443861613E-10
    0.392424699E-10
    0.346683160E-10
    0.306002211E-10
    0.269770839E-10
    0.237712057E-10
    0.209175746E-10
    0.183889071E-10
    0.161524721E-10
    0.141697677E-10
    0.124251398E-10
    0.108722936E-10
    0.950798645E-11
    0.830980465E-11
    0.725021064E-11
    0.631879089E-11
    0.550280353E-11
    0.478541812E-11
    0.415539760E-11
    0.360454869E-11
    0.312231853E-11
    0.270283578E-11
    0.233486546E-11
    0.201676376E-11
    0.173755010E-11
    0.149499703E-11
    0.128684553E-11
    0.110348617E-11
    0.946453728E-12
    0.809903461E-12
    0.694093171E-12
    0.591764579E-12
    0.504694127E-12
    0.430600469E-12
    0.366590916E-12
    0.311527780E-12
    0.264336529E-12
    0.224315012E-12
    0.190315188E-12
    0.161730084E-12
    0.136594557E-12
    0.116088984E-12
    0.979689728E-13
    0.834808409E-13
    0.706607260E-13
    0.595960486E-13
    0.511787296E-13
    0.435969721E-13
    0.373119033E-13
    0.318406310E-13
    0.272800973E-13
    0.238665459E-13
    0.206535687E-13
    0.179409735E-13
    0.158419878E-13
    0.139164039E-13
    0.123898230E-13
    0.111675904E-13
    0.996529632E-14
    0.903046438E-14
    0.824466596E-14
    0.751492789E-14
    0.694214041E-14
    0.629772889E-14
    0.602293304E-14
    0.551665792E-14
    0.513301195E-14
    0.483081858E-14
    0.448139750E-14
    0.418972555E-14
    0.395799870E-14
    0.381893817E-14
    0.349031884E-14
    0.329061173E-14
    0.307903019E-14
    0.293930692E-14
    0.275745776E-14
    0.260898398E-14
    0.245027588E-14
    0.229340468E-14
    0.222375902E-14
    0.205552027E-14
    0.195821101E-14
    0.181103199E-14
    0.181739027E-14
    0.167568532E-14
    0.155616700E-14
    0.149708951E-14
    0.145482964E-14
    0.140126684E-14
    0.131145972E-14
    0.124628174E-14
    0.118330185E-14
    0.116976173E-14
    0.108793205E-14
    0.106200063E-14
    0.982245938E-15
    0.987261731E-15
    0.950225134E-15
    0.870138482E-15
    0.852824251E-15
    0.842833301E-15
    0.818031614E-15
    0.771838592E-15
    0.744049825E-15
    0.722962800E-15
    0.742421685E-15
    0.693249517E-15
    0.693342362E-15
    0.671893616E-15
    0.651214041E-15
    0.657375838E-15
    0.610026929E-15
    0.612298159E-15
    0.602922345E-15
    0.589236206E-15
    0.573670741E-15
    0.543456254E-15
    0.541704057E-15
    0.547322731E-15
    0.504986264E-15
    0.495075593E-15
    0.487982618E-15
    0.460161411E-15
    0.488129877E-15
    0.437170544E-15
    0.447901769E-15
    0.422330496E-15
    0.424597942E-15
    0.430265704E-15
    0.403595115E-15
    0.397574707E-15
    0.421905873E-15
    0.384933625E-15
    0.387177690E-15
    0.377688375E-15
    0.362816068E-15
    0.395057897E-15
    0.362773927E-15
    0.344254508E-15
    0.331471175E-15
    0.323632633E-15
    0.347624353E-15
    0.301841131E-15
    0.301475514E-15
    0.317341582E-15
    0.283713719E-15
    0.277910374E-15
    0.274993700E-15
    0.246571221E-15
    0.271519455E-15
    0.263999316E-15
    0.252788553E-15
    0.230619638E-15
    0.233484273E-15
    0.236911658E-15
    0.229931218E-15
    0.216913797E-15
    0.248056354E-15
    0.224096747E-15
    0.223109218E-15
    0.218851184E-15
    0.211205451E-15
    0.205006475E-15
    0.218807080E-15
    0.210857401E-15
    0.196756678E-15
    0.183913030E-15
    0.178932896E-15
    0.186946773E-15
    0.171988938E-15
    0.175400323E-15
    0.162535245E-15
    0.155280098E-15
    0.148472172E-15
    0.142148676E-15
    0.139359916E-15
    0.141431326E-15
    0.137333360E-15
    0.121702488E-15
    0.115787835E-15
    0.108582881E-15
    0.121863505E-15
    0.116082946E-15
    0.114115635E-15
    0.108388781E-15
    0.118667596E-15
    0.108695652E-15
    0.109458872E-15
    0.113364103E-15
    0.108979993E-15
    0.115152275E-15
    0.109272773E-15
    0.109636314E-15
    0.111207902E-15
    0.106774314E-15
    0.114165554E-15
    0.989046946E-16
    0.101202617E-15
    0.119172366E-15
    0.104250355E-15
    0.986678915E-16
    0.991959316E-16
    0.910155013E-16
    0.911078567E-16
    0.956447251E-16
    0.933221544E-16
    0.840209000E-16
    0.802200776E-16
    0.695175834E-16
    0.688890371E-16
    0.656085330E-16
    0.747870590E-16
    0.634909278E-16
    0.706013214E-16
    0.514393973E-16
    0.505414944E-16
    0.530739270E-16
    0.502025353E-16
    0.451188791E-16
    0.397035884E-16
    0.412760159E-16
    0.377203252E-16
    0.353875196E-16
    0.372709687E-16
    0.319749581E-16
    0.337014690E-16
    0.436264227E-16
    0.285089191E-16
    0.233303685E-16
    0.299556265E-16
    0.256682809E-16
    0.250893251E-16
    0.252345391E-16
    0.245124067E-16
    0.292685409E-16
    0.253773083E-16
    0.178787023E-16
    0.223456013E-16
    0.271836032E-16
    0.245945133E-16
    0.271687564E-16
    0.227554368E-16
    0.247803154E-16
    0.232024651E-16
    0.230056540E-16
    0.248118671E-16
    0.217221673E-16
    0.227311054E-16
    0.200535543E-16
    0.192517867E-16
    0.167506450E-16
    0.251458457E-16
    0.248094224E-16
    0.291848297E-16
    0.207063438E-16
    0.197967895E-16
    0.217652547E-16
    0.199061763E-16
    0.225502847E-16
    0.231832214E-16
    0.225985444E-16
    0.173905648E-16
    0.223220438E-16
    0.163995181E-16
    0.217897604E-16
    0.248283287E-16
    0.332674935E-16
    0.187211968E-16
    0.192848583E-16
    0.242240487E-16
    0.228538882E-16
    0.258063557E-16
    0.261035079E-16
    0.235285505E-16
    0.262102281E-16
    0.244792693E-16
    0.166942325E-16
    0.222475283E-16
    0.263591899E-16
    0.240563529E-16
    0.232809213E-16
    0.222040167E-16
    0.260451127E-16
    0.216245241E-16
    0.216871968E-16
    0.250040556E-16
    0.215876971E-16
    0.270082307E-16
    0.209763317E-16
    0.210548664E-16
    0.167315603E-16
    0.217088415E-16
    0.255495829E-16
    0.321568208E-16
    0.204978933E-16
    0.244038630E-16
    0.204476649E-16
    0.204684809E-16
    0.257948329E-16
    0.264424583E-16
    0.268468178E-16
    0.208526366E-16
    0.241289930E-16
    0.178167739E-16
    0.251755200E-16
    0.262897823E-16
    0.314074575E-16
    0.202955934E-16
    0.216078656E-16
    0.260860964E-16
    0.207229943E-16
    0.266055898E-16
    0.281633355E-16
    0.212836335E-16
    0.274685420E-16
    0.262341726E-16
    0.187796707E-16
    0.253202051E-16
    0.243003219E-16
    0.230694249E-16
    0.252227429E-16
    0.256025337E-16
    0.252098485E-16
    0.235753144E-16
    0.222728055E-16
    0.280886476E-16
    0.230365042E-16
    0.265783227E-16
    0.205879207E-16
    0.222224853E-16
    0.167413766E-16
    0.247579807E-16
    0.247576404E-16
    0.355907709E-16
    0.196797087E-16
    0.281688187E-16
    0.218697700E-16
    0.227688445E-16
    0.241795506E-16
    0.254423967E-16
    0.250480553E-16
    0.236225015E-16
    0.248031359E-16
    0.195857877E-16
    0.301854407E-16
    0.286642020E-16
    0.238129463E-16
    0.268831045E-16
    0.231450990E-16
    0.266516873E-16
    0.217511030E-16
    0.262855461E-16
    0.284762029E-16
    0.207140681E-16
    0.261546255E-16
    0.244594671E-16
    0.212199454E-16
    0.207704604E-16
    0.256032422E-16
    0.250331333E-16
    0.273370387E-16
    0.261069265E-16
    0.258188933E-16
    0.246857113E-16
    0.258302443E-16
    0.255997685E-16
    0.231163587E-16
    0.252032593E-16
    0.204678033E-16
    0.219603657E-16
    0.176675141E-16
    0.295104880E-16
    0.270366765E-16
    0.295691320E-16
    0.218416190E-16
    0.259741804E-16
    0.259181554E-16
    0.247162247E-16
    0.251575235E-16
    0.264130938E-16
    0.206059200E-16
    0.253305689E-16
    0.244167527E-16
    0.209265193E-16
    0.277320000E-16
    0.310244548E-16
    0.220526350E-16
    0.252880299E-16
    0.250164598E-16
    0.268522321E-16
    0.249208703E-16
    0.255677436E-16
    0.238273827E-16
    0.225273840E-16
    0.276873010E-16
    0.212382913E-16
    0.235422644E-16
    0.195208657E-16
    0.271779349E-16
    0.241194729E-16
    0.287847012E-16
    0.216941714E-16
    0.252959246E-16
    0.247996261E-16
    0.271709186E-16
    0.218259967E-16
    0.250621780E-16
    0.214417684E-16
    0.249506349E-16
    0.212741761E-16
    0.221821460E-16
    0.292345295E-16
    0.314323304E-16
    0.193131454E-16
    0.261518893E-16
    0.232269571E-16
    0.322660164E-16
    0.233844601E-16
    0.230216734E-16
    0.204565118E-16
    0.220480532E-16
    0.260946526E-16
    0.214453457E-16
    0.277756338E-16
    0.244997928E-16
    0.241828229E-16
    0.213725589E-16
    0.258327865E-16
    0.284508578E-16
    0.240574938E-16
    0.252454120E-16
    0.240861184E-16
    0.196176072E-16
    0.257573741E-16
    0.217809970E-16
    0.257590554E-16
    0.207549627E-16
    0.256770726E-16
    0.236613420E-16
    0.267510907E-16
    0.185121167E-16
    0.245652084E-16
    0.258445104E-16
    0.308529404E-16
    0.218197530E-16
    0.236646521E-16
    0.191414753E-16
    0.258812520E-16
    0.248413427E-16
    0.221287230E-16
    0.256820092E-16
    0.257256603E-16
    0.184559670E-16
    0.205335483E-16
    0.258833293E-16
    0.328869892E-16
    0.253985825E-16
    0.233028990E-16
    0.174448391E-16
    0.227512607E-16
    0.260764535E-16
    0.244532562E-16
    0.258099697E-16
    0.238437206E-16
    0.235873888E-16
    0.203827797E-16
    0.227242958E-16
    0.244034341E-16
    0.230964094E-16
    0.283305445E-16
    0.209141214E-16
    0.212498778E-16
    0.233977467E-16
    0.248421864E-16
    0.294440477E-16
    0.226851836E-16
    0.247821400E-16
    0.201357132E-16
    0.183384691E-16
    0.192487023E-16
    0.229485039E-16
    0.357929317E-16
    0.264182814E-16
    0.203427677E-16
    0.192498571E-16
    0.197627308E-16
    0.255849211E-16
    0.255766537E-16
    0.257074466E-16
    0.210442825E-16
    0.211464987E-16
    0.201016313E-16
    0.235656413E-16
    0.312463353E-16
    0.272918467E-16
    0.233590238E-16
    0.199392204E-16
    0.199896162E-16
    0.244726654E-16
    0.291571097E-16
    0.297852454E-16
    0.231902342E-16
    0.186989972E-16
    0.203486326E-16
    0.175988621E-16
    0.267457545E-16
    0.300863474E-16
    0.282669430E-16
    0.234152414E-16
    0.223254079E-16
    0.195122746E-16
    0.223138800E-16
    0.257642285E-16
    0.242820622E-16
    0.195789817E-16
    0.222728343E-16
    0.232739553E-16
    0.258219889E-16
    0.327784775E-16
    0.284459613E-16
    0.218595549E-16
    0.256574703E-16
    0.220646988E-16
    0.228679776E-16
    0.304500232E-16
    0.282948534E-16
    0.223041261E-16
