 #tdnd tdcion
    0.259411983E-16
    0.247933486E-16
    0.308952882E-16
    0.270819838E-16
    0.289303837E-16
    0.236311300E-16
    0.248257228E-16
    0.303298430E-16
    0.269013270E-16
    0.351039718E-16
    0.383688196E-16
    0.314191807E-16
    0.362934367E-16
    0.414239131E-16
    0.446249002E-16
    0.425170887E-16
    0.448753136E-16
    0.752914039E-16
    0.599225062E-16
    0.495646580E-16
    0.578181219E-16
    0.480723483E-16
    0.345562601E-16
    0.365938990E-16
    0.278307447E-16
    0.274177775E-16
    0.378273201E-16
    0.407507079E-16
    0.256336585E-16
    0.507246309E-16
    0.424522578E-16
    0.418271975E-16
    0.337052906E-16
    0.337480741E-16
    0.214900979E-16
    0.318569344E-16
    0.257005629E-16
    0.352222363E-16
    0.323134674E-16
    0.497206051E-16
    0.370010432E-16
    0.386537724E-16
    0.384954514E-16
    0.304661277E-16
    0.308434000E-16
    0.362926259E-16
    0.325954981E-16
    0.343403686E-16
    0.364461206E-16
    0.338932338E-16
    0.299391301E-16
    0.354114016E-16
    0.338321055E-16
    0.298277663E-16
    0.464633148E-16
    0.374571079E-16
    0.329127357E-16
    0.311410060E-16
    0.323804222E-16
    0.275976159E-16
    0.280883565E-16
    0.259425088E-16
    0.397473927E-16
    0.288653575E-16
    0.370281495E-16
    0.263132469E-16
    0.267496573E-16
    0.286989837E-16
    0.488569058E-16
    0.258533657E-16
    0.306656142E-16
    0.282351674E-16
    0.283964657E-16
    0.292581338E-16
    0.325409271E-16
    0.346391701E-16
    0.407301029E-16
    0.214558469E-16
    0.428636378E-16
    0.279477159E-16
    0.248206644E-16
    0.373966490E-16
    0.413535843E-16
    0.245219492E-16
    0.335129505E-16
    0.293539251E-16
    0.265077006E-16
    0.293624625E-16
    0.300907294E-16
    0.390755986E-16
    0.321733226E-16
    0.255446659E-16
    0.368220661E-16
    0.347734277E-16
    0.333090093E-16
    0.305957480E-16
    0.236308377E-16
    0.263023623E-16
    0.223111857E-16
    0.308545401E-16
    0.270856513E-16
    0.318819290E-16
    0.318192434E-16
    0.258622826E-16
    0.430838509E-16
    0.273212745E-16
    0.309829628E-16
    0.295829879E-16
    0.322466701E-16
    0.301576958E-16
    0.297563253E-16
    0.254781055E-16
    0.288862619E-16
    0.301489960E-16
    0.255108642E-16
    0.411973326E-16
    0.238183577E-16
    0.239081419E-16
    0.418444724E-16
    0.278707662E-16
    0.251917735E-16
    0.391109144E-16
    0.380736307E-16
    0.334500840E-16
    0.250110055E-16
    0.327940928E-16
    0.356114532E-16
    0.403740053E-16
    0.365808131E-16
    0.322615523E-16
    0.380797986E-16
    0.318478638E-16
    0.465010258E-16
    0.466086890E-16
    0.440414470E-16
    0.483124124E-16
    0.389992452E-16
    0.450343508E-16
    0.407096886E-16
    0.447133462E-16
    0.412126340E-16
    0.592647682E-16
    0.537058673E-16
    0.486045205E-16
    0.453110083E-16
    0.533083885E-16
    0.435654022E-16
    0.657988157E-16
    0.446560289E-16
    0.502996912E-16
    0.475045286E-16
    0.329279960E-16
    0.417666784E-16
    0.375209294E-16
    0.400567405E-16
    0.540429487E-16
    0.337305027E-16
    0.369448983E-16
    0.463753954E-16
    0.374356640E-16
    0.366342020E-16
    0.466227597E-16
    0.481896441E-16
    0.320859835E-16
    0.318001672E-16
    0.355380992E-16
    0.286758617E-16
    0.364473802E-16
    0.395767642E-16
    0.419850559E-16
    0.380841254E-16
    0.333425091E-16
    0.427969250E-16
    0.382495484E-16
    0.347481613E-16
    0.460602611E-16
    0.420192567E-16
    0.278819076E-16
    0.389947740E-16
    0.301928939E-16
    0.280620593E-16
    0.365072079E-16
    0.438382654E-16
    0.378673505E-16
    0.312820086E-16
    0.343458696E-16
    0.315324421E-16
    0.455380108E-16
    0.315517901E-16
    0.308213455E-16
    0.408516528E-16
    0.332018449E-16
    0.363089639E-16
    0.420148743E-16
    0.302549009E-16
    0.437835050E-16
    0.349736088E-16
    0.403838289E-16
    0.410120008E-16
    0.339756650E-16
    0.344682186E-16
    0.311823435E-16
    0.371822909E-16
    0.327790505E-16
    0.387574298E-16
    0.395334122E-16
    0.315362554E-16
    0.270630502E-16
    0.351991687E-16
    0.320357282E-16
    0.459479860E-16
    0.324449510E-16
    0.390678364E-16
    0.295332363E-16
    0.318080204E-16
    0.243387465E-16
    0.386521431E-16
    0.350970524E-16
    0.299918809E-16
    0.334975958E-16
    0.357385886E-16
    0.282751870E-16
    0.334502255E-16
    0.451502893E-16
    0.417487131E-16
    0.336746938E-16
    0.330290618E-16
    0.316765511E-16
    0.350298657E-16
    0.316289956E-16
    0.310079732E-16
    0.353986968E-16
    0.347789006E-16
    0.412159320E-16
    0.365972891E-16
    0.273439383E-16
    0.431477210E-16
    0.375276944E-16
    0.392640058E-16
    0.342227120E-16
    0.293611216E-16
    0.358814899E-16
    0.338609013E-16
    0.373919861E-16
    0.253061442E-16
    0.420926825E-16
    0.279922702E-16
    0.370255184E-16
    0.318346351E-16
    0.361631758E-16
    0.327199280E-16
    0.429393790E-16
    0.358635837E-16
    0.374355051E-16
    0.425281376E-16
    0.280575380E-16
    0.290320419E-16
    0.399850797E-16
    0.402537952E-16
    0.325100483E-16
    0.415574642E-16
    0.310165439E-16
    0.275529550E-16
    0.281189720E-16
    0.436532941E-16
    0.405952276E-16
    0.349197002E-16
    0.450834076E-16
    0.379891268E-16
    0.347109338E-16
    0.316951037E-16
    0.323580099E-16
    0.329133174E-16
    0.293820184E-16
    0.416048091E-16
    0.370726389E-16
    0.273974015E-16
    0.382702886E-16
    0.398565009E-16
    0.365609190E-16
    0.464575849E-16
    0.353191957E-16
    0.274832926E-16
    0.389753153E-16
    0.296955296E-16
    0.237800205E-16
    0.415361014E-16
    0.329827102E-16
    0.419242216E-16
    0.373627718E-16
    0.417805283E-16
    0.356642010E-16
    0.442323110E-16
    0.428357766E-16
    0.358617190E-16
    0.285802073E-16
    0.421015864E-16
    0.273924853E-16
    0.470236330E-16
    0.340128637E-16
    0.482162636E-16
    0.384532625E-16
    0.303369025E-16
    0.527381636E-16
    0.367306964E-16
    0.477000053E-16
    0.370563527E-16
    0.307890776E-16
    0.380863828E-16
    0.414719087E-16
    0.403618779E-16
    0.395317654E-16
    0.423413867E-16
    0.400534273E-16
    0.492455483E-16
    0.597870906E-16
    0.517475864E-16
    0.313686429E-16
    0.371918676E-16
    0.366046221E-16
    0.404063389E-16
    0.387721023E-16
    0.517788128E-16
    0.415948552E-16
    0.426161438E-16
    0.589443817E-16
    0.326410152E-16
    0.472515843E-16
    0.383229360E-16
    0.642990921E-16
    0.403537250E-16
    0.344789273E-16
    0.515738909E-16
    0.466865002E-16
    0.558634139E-16
    0.473526692E-16
    0.502017974E-16
    0.411205480E-16
    0.414166407E-16
    0.388676297E-16
    0.364437019E-16
    0.472433769E-16
    0.371429545E-16
    0.404370091E-16
    0.502597373E-16
    0.589563632E-16
    0.513666751E-16
    0.512376673E-16
    0.514591687E-16
    0.400605873E-16
    0.403360507E-16
    0.456549096E-16
    0.303709475E-16
    0.325705782E-16
    0.496874071E-16
    0.506734368E-16
    0.437593171E-16
    0.450147318E-16
    0.621321603E-16
    0.351340135E-16
    0.531257169E-16
    0.455270118E-16
    0.482686804E-16
    0.430452547E-16
    0.481389709E-16
    0.468067430E-16
    0.466104117E-16
    0.521959750E-16
    0.480291029E-16
    0.534945326E-16
    0.487742305E-16
    0.545777872E-16
    0.467633308E-16
    0.477404527E-16
    0.459218094E-16
    0.518225859E-16
    0.585438953E-16
    0.672732606E-16
    0.511043789E-16
    0.602481559E-16
    0.607857052E-16
    0.622792687E-16
    0.495811932E-16
    0.522381636E-16
    0.707279586E-16
    0.468265118E-16
    0.553216532E-16
    0.682658142E-16
    0.572801617E-16
    0.745547891E-16
    0.691337144E-16
    0.660028211E-16
    0.526912705E-16
    0.675868545E-16
    0.605646413E-16
    0.720646399E-16
    0.741335723E-16
    0.781383930E-16
    0.683954376E-16
    0.751870244E-16
    0.847631495E-16
    0.780807918E-16
    0.722379455E-16
    0.799144888E-16
    0.792242822E-16
    0.581407710E-16
    0.723801058E-16
    0.826969412E-16
    0.656164863E-16
    0.893688405E-16
    0.935032357E-16
    0.812861575E-16
    0.703844118E-16
    0.956070929E-16
    0.717739539E-16
    0.900565940E-16
    0.730078264E-16
    0.864596513E-16
    0.935413957E-16
    0.909790007E-16
    0.746159644E-16
    0.879361816E-16
    0.797278806E-16
    0.852161827E-16
    0.865255855E-16
    0.703027080E-16
    0.938814078E-16
    0.847105854E-16
    0.779995456E-16
    0.100992738E-15
    0.928113277E-16
    0.959166263E-16
    0.977405188E-16
    0.895757014E-16
    0.696757857E-16
    0.885995004E-16
    0.890468206E-16
    0.112103936E-15
    0.965642719E-16
    0.941048793E-16
    0.104213049E-15
    0.842738685E-16
    0.911458033E-16
    0.930057087E-16
    0.922996802E-16
    0.913187281E-16
    0.994101778E-16
    0.983721193E-16
    0.915919055E-16
    0.119568968E-15
    0.982412308E-16
    0.108511286E-15
    0.117983832E-15
    0.997091013E-16
    0.858043173E-16
    0.119223104E-15
    0.922578899E-16
    0.124261808E-15
    0.107048298E-15
    0.129088155E-15
    0.124441958E-15
    0.118172065E-15
    0.103903814E-15
    0.115636769E-15
    0.110431037E-15
    0.133411867E-15
    0.146949777E-15
    0.102976576E-15
    0.129079287E-15
    0.161848690E-15
    0.123752035E-15
    0.171194762E-15
    0.114755467E-15
    0.128741035E-15
    0.132698803E-15
    0.139884344E-15
    0.111427192E-15
    0.144021951E-15
    0.149647375E-15
    0.182674678E-15
    0.164195939E-15
    0.137080043E-15
    0.168940539E-15
    0.161733348E-15
    0.143608104E-15
    0.163150095E-15
    0.147320144E-15
    0.182579533E-15
    0.188039074E-15
    0.187676253E-15
    0.153244198E-15
    0.187752067E-15
    0.166940457E-15
    0.189996316E-15
    0.162066337E-15
    0.167577527E-15
    0.182196025E-15
    0.199039942E-15
    0.186320413E-15
    0.209269542E-15
    0.217417614E-15
    0.223710120E-15
    0.208584615E-15
    0.186231009E-15
    0.182744942E-15
    0.224977557E-15
    0.215500130E-15
    0.219746913E-15
    0.228333763E-15
    0.201716870E-15
    0.223367551E-15
    0.248952043E-15
    0.192391846E-15
    0.241412591E-15
    0.210811858E-15
    0.238055550E-15
    0.233333015E-15
    0.248275397E-15
    0.242326999E-15
    0.282665697E-15
    0.258161406E-15
    0.274270757E-15
    0.278247505E-15
    0.211815156E-15
    0.280178295E-15
    0.272283506E-15
    0.247476515E-15
    0.333319666E-15
    0.255820933E-15
    0.285973306E-15
    0.273624447E-15
    0.294585114E-15
    0.254095209E-15
    0.304337291E-15
    0.286465693E-15
    0.361970551E-15
    0.318058500E-15
    0.300603096E-15
    0.373523673E-15
    0.325597152E-15
    0.344843505E-15
    0.350771198E-15
    0.290560997E-15
    0.315667343E-15
    0.345494380E-15
    0.357096382E-15
    0.339871100E-15
    0.383448785E-15
    0.360851904E-15
    0.412043616E-15
    0.329440471E-15
    0.344080358E-15
    0.391107767E-15
    0.405404779E-15
    0.415278996E-15
    0.422111498E-15
    0.406727452E-15
    0.445115283E-15
    0.462781294E-15
    0.410429716E-15
    0.400303503E-15
    0.435774427E-15
    0.430016258E-15
    0.434229939E-15
    0.411081590E-15
    0.429978915E-15
    0.503128524E-15
    0.518572307E-15
    0.467406700E-15
    0.495128686E-15
    0.449758721E-15
    0.528231940E-15
    0.528508872E-15
    0.509247952E-15
    0.537632244E-15
    0.583748883E-15
    0.579115335E-15
    0.572866012E-15
    0.545185410E-15
    0.500544292E-15
    0.641616457E-15
    0.555686165E-15
    0.554290843E-15
    0.608148736E-15
    0.602421508E-15
    0.660320493E-15
    0.654622953E-15
    0.651612365E-15
    0.669311264E-15
    0.688398922E-15
    0.668068889E-15
    0.746139463E-15
    0.690989394E-15
    0.734159915E-15
    0.876724516E-15
    0.693902797E-15
    0.770351113E-15
    0.735643933E-15
    0.762255030E-15
    0.743681413E-15
    0.779003286E-15
    0.788522982E-15
    0.824047389E-15
    0.843950216E-15
    0.844239739E-15
    0.899987193E-15
    0.781406803E-15
    0.903782735E-15
    0.924327698E-15
    0.794694460E-15
    0.916930996E-15
    0.863536038E-15
    0.926884663E-15
    0.871923608E-15
    0.913770898E-15
    0.799556885E-15
    0.831046198E-15
    0.771609279E-15
    0.815004325E-15
    0.779070345E-15
    0.734206050E-15
    0.854467019E-15
    0.733813515E-15
    0.677262145E-15
    0.738797038E-15
    0.697603460E-15
    0.701956578E-15
    0.657155661E-15
    0.711109492E-15
    0.657292856E-15
    0.734321902E-15
    0.693645725E-15
    0.765643235E-15
    0.760614784E-15
    0.852163733E-15
    0.100577462E-14
    0.983520273E-15
    0.131032089E-14
    0.150154207E-14
    0.183319791E-14
    0.207253529E-14
    0.243021186E-14
    0.301730191E-14
    0.381315002E-14
    0.459038259E-14
    0.555707466E-14
    0.667668819E-14
    0.807443730E-14
    0.980562768E-14
    0.116288908E-13
    0.138734125E-13
    0.169609858E-13
    0.199846326E-13
    0.239524757E-13
    0.279787872E-13
    0.331764860E-13
    0.393349249E-13
    0.461968657E-13
    0.537856482E-13
    0.629197684E-13
    0.736444031E-13
    0.861193073E-13
    0.100734256E-12
    0.116498224E-12
    0.136124904E-12
    0.157609123E-12
    0.182395233E-12
    0.211038633E-12
    0.243529065E-12
    0.281984416E-12
    0.326207090E-12
    0.374753034E-12
    0.430907852E-12
    0.495087720E-12
    0.568985410E-12
    0.652300309E-12
    0.747736998E-12
    0.854467169E-12
    0.980798066E-12
    0.111881024E-11
    0.127992087E-11
    0.146004477E-11
    0.166667434E-11
    0.190091359E-11
    0.216659579E-11
    0.246470822E-11
    0.280835847E-11
    0.319686451E-11
    0.363668351E-11
    0.413395122E-11
    0.469491565E-11
    0.533188629E-11
    0.605449235E-11
    0.686380095E-11
    0.778852435E-11
    0.882643467E-11
    0.100022339E-10
    0.113312201E-10
    0.128246312E-10
    0.145129648E-10
    0.164240295E-10
    0.185759456E-10
    0.209965029E-10
    0.237324871E-10
    0.268079502E-10
    0.302932514E-10
    0.341988679E-10
    0.386031141E-10
    0.435651619E-10
    0.491421909E-10
    0.554154355E-10
    0.624835202E-10
    0.704094207E-10
    0.793536925E-10
    0.893884894E-10
    0.100648206E-09
    0.113293733E-09
    0.127511739E-09
    0.143459698E-09
    0.161390756E-09
    0.181449640E-09
    0.204004363E-09
    0.229276399E-09
    0.257595775E-09
    0.289355012E-09
    0.324948798E-09
    0.364789891E-09
    0.409485038E-09
    0.459443226E-09
    0.515362324E-09
    0.577977462E-09
    0.648017094E-09
    0.726368988E-09
    0.813935262E-09
    0.911776942E-09
    0.102118381E-08
    0.114337304E-08
    0.127976704E-08
    0.143221177E-08
    0.160221373E-08
    0.179204007E-08
    0.200378435E-08
    0.223978309E-08
    0.250300462E-08
    0.279653480E-08
    0.312350269E-08
    0.348786422E-08
    0.389344323E-08
    0.434517755E-08
    0.484798599E-08
    0.540740285E-08
    0.602967918E-08
    0.672205030E-08
    0.749133311E-08
    0.834690242E-08
    0.929715621E-08
    0.103526683E-07
    0.115251314E-07
    0.128266952E-07
    0.142712427E-07
    0.158739376E-07
    0.176516787E-07
    0.196231420E-07
    0.218087600E-07
    0.242304584E-07
    0.269141834E-07
    0.298863939E-07
    0.331771450E-07
    0.368207300E-07
    0.408516868E-07
    0.453117456E-07
    0.502448159E-07
    0.556985774E-07
    0.617269291E-07
    0.683876159E-07
    0.757461695E-07
    0.838719494E-07
    0.928433626E-07
    0.102743759E-06
    0.113669391E-06
    0.125718368E-06
    0.139005961E-06
    0.153653683E-06
    0.169794430E-06
    0.187578126E-06
    0.207163958E-06
    0.228729193E-06
    0.252465609E-06
    0.278584978E-06
    0.307317836E-06
    0.338914790E-06
    0.373652427E-06
    0.411829477E-06
    0.453778023E-06
    0.499849263E-06
    0.550442688E-06
    0.605976753E-06
    0.666918779E-06
    0.733775919E-06
    0.807097886E-06
    0.887488441E-06
    0.975596119E-06
    0.107214171E-05
    0.117789031E-05
    0.129369284E-05
    0.142045888E-05
    0.155918964E-05
    0.171096499E-05
    0.187695875E-05
    0.205845308E-05
    0.225682642E-05
    0.247358487E-05
    0.271036040E-05
    0.296892391E-05
    0.325118861E-05
    0.355922789E-05
    0.389530338E-05
    0.426183135E-05
    0.466147364E-05
    0.509705998E-05
    0.557169792E-05
    0.608871248E-05
    0.665171519E-05
    0.726460519E-05
    0.793158848E-05
    0.865721120E-05
    0.944638733E-05
    0.103044208E-04
    0.112369963E-04
    0.122503024E-04
    0.133509544E-04
    0.145461109E-04
    0.158434850E-04
    0.172513453E-04
    0.187786454E-04
    0.204349756E-04
    0.222306471E-04
    0.241767962E-04
    0.262853219E-04
    0.285690490E-04
    0.310417644E-04
    0.337182228E-04
    0.366142601E-04
    0.397469287E-04
    0.431344097E-04
    0.467963003E-04
    0.507535137E-04
    0.550284690E-04
    0.596452174E-04
    0.646294180E-04
    0.700085486E-04
    0.758120832E-04
    0.820713474E-04
    0.888199845E-04
    0.960938692E-04
    0.103931249E-03
    0.112373023E-03
    0.121462793E-03
    0.131247022E-03
    0.141775335E-03
    0.153100498E-03
    0.165278772E-03
    0.178370132E-03
    0.192438200E-03
    0.207550880E-03
    0.223780318E-03
    0.241203020E-03
    0.259900587E-03
    0.279959469E-03
    0.301471508E-03
    0.324534185E-03
    0.349250837E-03
    0.375731132E-03
    0.404091201E-03
    0.434454149E-03
    0.466950210E-03
    0.501717548E-03
    0.538901814E-03
    0.578657675E-03
    0.621148088E-03
    0.666545496E-03
    0.715032018E-03
    0.766799938E-03
    0.822052025E-03
    0.881002214E-03
    0.943876091E-03
    0.101091137E-02
    0.108235842E-02
    0.115848079E-02
    0.123955583E-02
    0.132587551E-02
    0.141774624E-02
    0.151549062E-02
    0.161944711E-02
    0.172997108E-02
    0.184743572E-02
    0.197223223E-02
    0.210477065E-02
    0.224548055E-02
    0.239481239E-02
    0.255323677E-02
    0.272124717E-02
    0.289935843E-02
    0.308810980E-02
    0.328806407E-02
    0.349980862E-02
    0.372395688E-02
    0.396114879E-02
    0.421205063E-02
    0.447735796E-02
    0.475779411E-02
    0.505411218E-02
    0.536709596E-02
    0.569756018E-02
    0.604635114E-02
    0.641434851E-02
    0.680246428E-02
    0.721164585E-02
    0.764287510E-02
    0.809716818E-02
    0.857558002E-02
    0.907920029E-02
    0.960915694E-02
    0.101666166E-01
    0.107527839E-01
    0.113689028E-01
    0.120162578E-01
    0.126961725E-01
    0.134100121E-01
    0.141591826E-01
    0.149451307E-01
    0.157693459E-01
    0.166333587E-01
    0.175387407E-01
    0.184871083E-01
    0.194801168E-01
    0.205194658E-01
    0.216068960E-01
    0.227441901E-01
    0.239331717E-01
    0.251757059E-01
    0.264736984E-01
    0.278290953E-01
    0.292438819E-01
    0.307200820E-01
    0.322597588E-01
    0.338650111E-01
    0.355379741E-01
    0.372808188E-01
    0.390957486E-01
    0.409850003E-01
    0.429508414E-01
    0.449955695E-01
    0.471215082E-01
    0.493310087E-01
    0.516264462E-01
    0.540102166E-01
    0.564847370E-01
    0.590524398E-01
    0.617157758E-01
    0.644772068E-01
    0.673392034E-01
    0.703042446E-01
    0.733748147E-01
    0.765533945E-01
    0.798424695E-01
    0.832445132E-01
    0.867619935E-01
    0.903973651E-01
    0.941530672E-01
    0.980315160E-01
    0.102035107E+00
    0.106166202E+00
    0.110427136E+00
    0.114820203E+00
    0.119347652E+00
    0.124011693E+00
    0.128814476E+00
    0.133758098E+00
    0.138844596E+00
    0.144075935E+00
    0.149454007E+00
    0.154980629E+00
    0.160657529E+00
    0.166486349E+00
    0.172468627E+00
    0.178605804E+00
    0.184899212E+00
    0.191350063E+00
    0.197959443E+00
    0.204728318E+00
    0.211657507E+00
    0.218747693E+00
    0.225999401E+00
    0.233413003E+00
    0.240988702E+00
    0.248726529E+00
    0.256626332E+00
    0.264687771E+00
    0.272910309E+00
    0.281293203E+00
    0.289835503E+00
    0.298536032E+00
    0.307393391E+00
    0.316405939E+00
    0.325571801E+00
    0.334888837E+00
    0.344354663E+00
    0.353966619E+00
    0.363721775E+00
    0.373616922E+00
    0.383648565E+00
    0.393812911E+00
    0.404105874E+00
    0.414523055E+00
    0.425059751E+00
    0.435710945E+00
    0.446471290E+00
    0.457335125E+00
    0.468296462E+00
    0.479348974E+00
    0.490486016E+00
    0.501700600E+00
    0.512985405E+00
    0.524332784E+00
    0.535734752E+00
    0.547182996E+00
    0.558668881E+00
    0.570183439E+00
    0.581717398E+00
    0.593261172E+00
    0.604804857E+00
    0.616338276E+00
    0.627850948E+00
    0.639332127E+00
    0.650770805E+00
    0.662155721E+00
    0.673475376E+00
    0.684718061E+00
    0.695871855E+00
    0.706924659E+00
    0.717864207E+00
    0.728678084E+00
    0.739353765E+00
    0.749878612E+00
    0.760239915E+00
    0.770424916E+00
    0.780420827E+00
    0.790214862E+00
    0.799794266E+00
    0.809146338E+00
    0.818258461E+00
    0.827118138E+00
    0.835713015E+00
    0.844030912E+00
    0.852059855E+00
    0.859788108E+00
    0.867204194E+00
    0.874296947E+00
    0.881055520E+00
    0.887469422E+00
    0.893528561E+00
    0.899223246E+00
    0.904544244E+00
    0.909482785E+00
    0.914030599E+00
    0.918179943E+00
    0.921923623E+00
    0.925255005E+00
    0.928168066E+00
    0.930657373E+00
    0.932718132E+00
    0.934346206E+00
    0.935538096E+00
    0.936290996E+00
    0.936602773E+00
    0.936471989E+00
    0.935897909E+00
    0.934880497E+00
    0.933420420E+00
    0.931519060E+00
    0.929178494E+00
    0.926401502E+00
    0.923191561E+00
    0.919552822E+00
    0.915490121E+00
    0.911008951E+00
    0.906115449E+00
    0.900816388E+00
    0.895119145E+00
    0.889031693E+00
    0.882562575E+00
    0.875720877E+00
    0.868516206E+00
    0.860958666E+00
    0.853058826E+00
    0.844827694E+00
    0.836276687E+00
    0.827417600E+00
    0.818262570E+00
    0.808824055E+00
    0.799114800E+00
    0.789147785E+00
    0.778936225E+00
    0.768493505E+00
    0.757833173E+00
    0.746968888E+00
    0.735914400E+00
    0.724683514E+00
    0.713290062E+00
    0.701747863E+00
    0.690070708E+00
    0.678272320E+00
    0.666366318E+00
    0.654366224E+00
    0.642285394E+00
    0.630137024E+00
    0.617934116E+00
    0.605689450E+00
    0.593415576E+00
    0.581124784E+00
    0.568829086E+00
    0.556540212E+00
    0.544269577E+00
    0.532028275E+00
    0.519827075E+00
    0.507676387E+00
    0.495586274E+00
    0.483566437E+00
    0.471626197E+00
    0.459774507E+00
    0.448019928E+00
    0.436370640E+00
    0.424834433E+00
    0.413418704E+00
    0.402130459E+00
    0.390976314E+00
    0.379962492E+00
    0.369094834E+00
    0.358378790E+00
    0.347819435E+00
    0.337421460E+00
    0.327189191E+00
    0.317126588E+00
    0.307237247E+00
    0.297524419E+00
    0.287991004E+00
    0.278639566E+00
    0.269472344E+00
    0.260491251E+00
    0.251697890E+00
    0.243093565E+00
    0.234679279E+00
    0.226455756E+00
    0.218423449E+00
    0.210582535E+00
    0.202932947E+00
    0.195474369E+00
    0.188206247E+00
    0.181127809E+00
    0.174238061E+00
    0.167535806E+00
    0.161019656E+00
    0.154688032E+00
    0.148539184E+00
    0.142571195E+00
    0.136781991E+00
    0.131169355E+00
    0.125730932E+00
    0.120464239E+00
    0.115366675E+00
    0.110435531E+00
    0.105667999E+00
    0.101061178E+00
    0.966120855E-01
    0.923176642E-01
    0.881747920E-01
    0.841802871E-01
    0.803309200E-01
    0.766234161E-01
    0.730544681E-01
    0.696207385E-01
    0.663188709E-01
    0.631454933E-01
    0.600972238E-01
    0.571706821E-01
    0.543624893E-01
    0.516692775E-01
    0.490876929E-01
    0.466144015E-01
    0.442460949E-01
    0.419794943E-01
    0.398113521E-01
    0.377384618E-01
    0.357576559E-01
    0.338658114E-01
    0.320598562E-01
    0.303367656E-01
    0.286935700E-01
    0.271273561E-01
    0.256352674E-01
    0.242145091E-01
    0.228623470E-01
    0.215761095E-01
    0.203531914E-01
    0.191910506E-01
    0.180872119E-01
    0.170392679E-01
    0.160448763E-01
    0.151017635E-01
    0.142077237E-01
    0.133606173E-01
    0.125583725E-01
    0.117989837E-01
    0.110805114E-01
    0.104010825E-01
    0.975888759E-02
    0.915218153E-02
    0.857928220E-02
    0.803856899E-02
    0.752848267E-02
    0.704752299E-02
    0.659424844E-02
    0.616727405E-02
    0.576527112E-02
    0.538696531E-02
    0.503113472E-02
    0.469660922E-02
    0.438226888E-02
    0.408704226E-02
    0.380990538E-02
    0.354987948E-02
    0.330603021E-02
    0.307746652E-02
    0.286333797E-02
    0.266283455E-02
    0.247518486E-02
    0.229965397E-02
    0.213554348E-02
    0.198218909E-02
    0.183895960E-02
    0.170525567E-02
    0.158050825E-02
    0.146417801E-02
    0.135575364E-02
    0.125475037E-02
    0.116070972E-02
    0.107319767E-02
    0.991803513E-03
    0.916139694E-03
    0.845839696E-03
    0.780557695E-03
    0.719967464E-03
    0.663761556E-03
    0.611650273E-03
    0.563360724E-03
    0.518636123E-03
    0.477235175E-03
    0.438930988E-03
    0.403510527E-03
    0.370773855E-03
    0.340533331E-03
    0.312613212E-03
    0.286848794E-03
    0.263085976E-03
    0.241180477E-03
    0.220997486E-03
    0.202411071E-03
    0.185303676E-03
    0.169565576E-03
    0.155094454E-03
    0.141794965E-03
    0.129578407E-03
    0.118362206E-03
    0.108069477E-03
    0.986289449E-04
    0.899742640E-04
    0.820439145E-04
    0.747808788E-04
    0.681322271E-04
    0.620489571E-04
    0.564856806E-04
    0.514004717E-04
    0.467545336E-04
    0.425119644E-04
    0.386396283E-04
    0.351069993E-04
    0.318858245E-04
    0.289501213E-04
    0.262759448E-04
    0.238411848E-04
    0.216255426E-04
    0.196103422E-04
    0.177783891E-04
    0.161138782E-04
    0.146022862E-04
    0.132303099E-04
    0.119857242E-04
    0.108572982E-04
    0.983475422E-05
    0.890865832E-05
    0.807038434E-05
    0.731202712E-05
    0.662634774E-05
    0.600672587E-05
    0.544710882E-05
    0.494196908E-05
    0.448625531E-05
    0.407535424E-05
    0.370504905E-05
    0.337149767E-05
    0.307120667E-05
    0.280098613E-05
    0.255792089E-05
    0.233936780E-05
    0.214292974E-05
    0.196640675E-05
    0.180782259E-05
    0.166536968E-05
    0.153740686E-05
    0.142245234E-05
    0.131916416E-05
    0.122632744E-05
    0.114283701E-05
    0.106769969E-05
    0.100002281E-05
    0.938997046E-06
    0.883890195E-06
    0.834052393E-06
    0.788890987E-06
    0.747879797E-06
    0.710547711E-06
    0.676471452E-06
    0.645271701E-06
    0.616612821E-06
    0.590196092E-06
    0.565753365E-06
    0.543052220E-06
    0.521881292E-06
    0.502057452E-06
    0.483419058E-06
    0.465826074E-06
    0.449152324E-06
    0.433289520E-06
    0.418145210E-06
    0.403635233E-06
    0.389693354E-06
    0.376255852E-06
    0.363274632E-06
    0.350702780E-06
    0.338505021E-06
    0.326652747E-06
    0.315117110E-06
    0.303877399E-06
    0.292917275E-06
    0.282223945E-06
    0.271783991E-06
    0.261591173E-06
    0.251636737E-06
    0.241916476E-06
    0.232427538E-06
    0.223166058E-06
    0.214132325E-06
    0.205322449E-06
    0.196738110E-06
    0.188379263E-06
    0.180244350E-06
    0.172333790E-06
    0.164648122E-06
    0.157187330E-06
    0.149950606E-06
    0.142938296E-06
    0.136148377E-06
    0.129581307E-06
    0.123234956E-06
    0.117108227E-06
    0.111199521E-06
    0.105505273E-06
    0.100024695E-06
    0.947541642E-07
    0.896906065E-07
    0.848306014E-07
    0.801708783E-07
    0.757073349E-07
    0.714360604E-07
    0.673525257E-07
    0.634522274E-07
    0.597311013E-07
    0.561836374E-07
    0.528056583E-07
    0.495916390E-07
    0.465365035E-07
    0.436355466E-07
    0.408833984E-07
    0.382748749E-07
    0.358048400E-07
    0.334680526E-07
    0.312594711E-07
    0.291738729E-07
    0.272061798E-07
    0.253516293E-07
    0.236052553E-07
    0.219621089E-07
    0.204176529E-07
    0.189671519E-07
    0.176060297E-07
    0.163300871E-07
    0.151350772E-07
    0.140167357E-07
    0.129710896E-07
    0.119942583E-07
    0.110826028E-07
    0.102323628E-07
    0.944028217E-08
    0.870290656E-08
    0.801704269E-08
    0.737962471E-08
    0.678778679E-08
    0.623877288E-08
    0.572967697E-08
    0.525838030E-08
    0.482220946E-08
    0.441890394E-08
    0.404626701E-08
    0.370231959E-08
    0.338509249E-08
    0.309273859E-08
    0.282364505E-08
    0.257595165E-08
    0.234832380E-08
    0.213917376E-08
    0.194731066E-08
    0.177130246E-08
    0.160998032E-08
    0.146239919E-08
    0.132731027E-08
    0.120383894E-08
    0.109103318E-08
    0.988114699E-09
    0.894229567E-09
    0.808717840E-09
    0.730845634E-09
    0.659948940E-09
    0.595544885E-09
    0.537002636E-09
    0.483913423E-09
    0.435698561E-09
    0.392036517E-09
    0.352505754E-09
    0.316702252E-09
    0.284343079E-09
    0.255086028E-09
    0.228692256E-09
    0.204862352E-09
    0.183404219E-09
    0.164044309E-09
    0.146628177E-09
    0.130967634E-09
    0.116885239E-09
    0.104242592E-09
    0.928862760E-10
    0.827151498E-10
    0.735928418E-10
    0.654266917E-10
    0.581187636E-10
    0.515843923E-10
    0.457500473E-10
    0.405396812E-10
    0.358934756E-10
    0.317500223E-10
    0.280633171E-10
    0.247818318E-10
    0.218610063E-10
    0.192688197E-10
    0.169698277E-10
    0.149287372E-10
    0.131212996E-10
    0.115208143E-10
    0.101043092E-10
    0.885297270E-11
    0.774945486E-11
    0.677379066E-11
    0.591560774E-11
    0.516235737E-11
    0.449653857E-11
    0.391319477E-11
    0.339893166E-11
    0.295155051E-11
    0.255823233E-11
    0.221377751E-11
    0.191432585E-11
    0.165122688E-11
    0.142343202E-11
    0.122414239E-11
    0.105207097E-11
    0.900851350E-12
    0.772452812E-12
    0.660133674E-12
    0.562085600E-12
    0.478753214E-12
    0.406226092E-12
    0.345239930E-12
    0.291658384E-12
    0.246621232E-12
    0.207544025E-12
    0.174389806E-12
    0.146329727E-12
    0.122322630E-12
    0.102215835E-12
    0.849713286E-13
    0.712010184E-13
    0.587373558E-13
    0.485513839E-13
    0.402236618E-13
    0.331135176E-13
    0.273398558E-13
    0.225283745E-13
    0.186596026E-13
    0.153512934E-13
    0.127741852E-13
    0.105687024E-13
    0.879736300E-14
    0.743565594E-14
    0.633669770E-14
    0.545589058E-14
    0.477529869E-14
    0.420405132E-14
    0.381478491E-14
    0.342985339E-14
    0.317203286E-14
    0.300334675E-14
    0.285020096E-14
    0.276520770E-14
    0.263280816E-14
    0.256832632E-14
    0.248433492E-14
    0.248761728E-14
    0.236453358E-14
    0.235124821E-14
    0.237913011E-14
    0.227314413E-14
    0.225637758E-14
    0.217701552E-14
    0.214879060E-14
    0.209387155E-14
    0.208503548E-14
    0.201345991E-14
    0.194709464E-14
    0.190191259E-14
    0.183310025E-14
    0.179768810E-14
    0.168948737E-14
    0.169892022E-14
    0.163166456E-14
    0.153782320E-14
    0.151362827E-14
    0.144633992E-14
    0.140348128E-14
    0.137544138E-14
    0.135677713E-14
    0.126890910E-14
    0.125176719E-14
    0.120891183E-14
    0.116306052E-14
    0.114506378E-14
    0.110104459E-14
    0.111138471E-14
    0.105337992E-14
    0.100713948E-14
    0.991528871E-15
    0.949511041E-15
    0.936450475E-15
    0.922428098E-15
    0.871671747E-15
    0.838916051E-15
    0.840906388E-15
    0.801382804E-15
    0.758040427E-15
    0.759729102E-15
    0.739206891E-15
    0.726382628E-15
    0.681361479E-15
    0.662502184E-15
    0.661226628E-15
    0.645133207E-15
    0.662858342E-15
    0.639941776E-15
    0.601957869E-15
    0.617530471E-15
    0.605718007E-15
    0.573571974E-15
    0.554641021E-15
    0.586803154E-15
    0.560721985E-15
    0.550402049E-15
    0.514078796E-15
    0.514229253E-15
    0.511676227E-15
    0.487110562E-15
    0.474451776E-15
    0.444556326E-15
    0.466979750E-15
    0.447690746E-15
    0.419352199E-15
    0.397536911E-15
    0.394435805E-15
    0.407742962E-15
    0.376857805E-15
    0.374823860E-15
    0.344851388E-15
    0.369381775E-15
    0.355994119E-15
    0.351123026E-15
    0.341345439E-15
    0.341269262E-15
    0.354881646E-15
    0.320235716E-15
    0.319937162E-15
    0.304762460E-15
    0.327511806E-15
    0.321647957E-15
    0.300747394E-15
    0.303217359E-15
    0.277507646E-15
    0.282016274E-15
    0.262554254E-15
    0.265366115E-15
    0.260829790E-15
    0.261590730E-15
    0.244033443E-15
    0.212385571E-15
    0.222093875E-15
    0.200792508E-15
    0.211202979E-15
    0.199512481E-15
    0.185640932E-15
    0.185664038E-15
    0.175164940E-15
    0.168468297E-15
    0.177778913E-15
    0.167349178E-15
    0.182454481E-15
    0.171124757E-15
    0.149889966E-15
    0.156464331E-15
    0.166386385E-15
    0.157320133E-15
    0.165279287E-15
    0.166574375E-15
    0.165654988E-15
    0.161909781E-15
    0.148984884E-15
    0.151364074E-15
    0.166970055E-15
    0.160833451E-15
    0.169895128E-15
    0.147981789E-15
    0.145710214E-15
    0.150423597E-15
    0.143602585E-15
    0.137865512E-15
    0.124659846E-15
    0.140153401E-15
    0.126701203E-15
    0.116175294E-15
    0.110292606E-15
    0.111400524E-15
    0.113799152E-15
    0.105063331E-15
    0.949756863E-16
    0.978685669E-16
    0.927127227E-16
    0.715157428E-16
    0.722980662E-16
    0.787941293E-16
    0.650610027E-16
    0.688231611E-16
    0.567710443E-16
    0.601439348E-16
    0.515053223E-16
    0.574153037E-16
    0.470356596E-16
    0.567955262E-16
    0.478718221E-16
    0.439571066E-16
    0.390842145E-16
    0.336289990E-16
    0.366405757E-16
    0.338512297E-16
    0.341449957E-16
    0.301913165E-16
    0.259437309E-16
    0.261119154E-16
    0.246905867E-16
    0.359195841E-16
    0.284599357E-16
    0.402698813E-16
    0.264667037E-16
    0.207684503E-16
    0.252415885E-16
    0.223062539E-16
    0.263315981E-16
    0.223479066E-16
    0.323721321E-16
    0.250846673E-16
    0.191291007E-16
    0.184901755E-16
    0.256820820E-16
    0.248052742E-16
    0.338878909E-16
    0.336320671E-16
    0.316140116E-16
    0.218659480E-16
    0.196346875E-16
    0.212178701E-16
    0.247443141E-16
    0.247757942E-16
    0.269247195E-16
    0.219237588E-16
    0.234238135E-16
    0.160829012E-16
    0.287789727E-16
    0.242268844E-16
    0.385453925E-16
    0.251624071E-16
    0.275200594E-16
    0.229936137E-16
    0.188274777E-16
    0.239454802E-16
    0.175032168E-16
    0.256075809E-16
    0.255335429E-16
    0.239966928E-16
    0.219887783E-16
    0.169852812E-16
    0.294701542E-16
    0.272878218E-16
    0.353158194E-16
    0.228651033E-16
    0.213349840E-16
    0.251923373E-16
    0.217746494E-16
    0.244136066E-16
    0.192079118E-16
    0.309606080E-16
    0.234697270E-16
    0.202507305E-16
    0.190752936E-16
    0.213227839E-16
    0.214143340E-16
    0.339684241E-16
    0.340577176E-16
    0.300672233E-16
    0.199705924E-16
    0.213542186E-16
    0.216925770E-16
    0.223807875E-16
    0.245943909E-16
    0.276366106E-16
    0.239627954E-16
    0.244384881E-16
    0.155034873E-16
    0.260918293E-16
    0.215843534E-16
    0.344332394E-16
    0.249861114E-16
    0.303583627E-16
    0.200286850E-16
    0.191369028E-16
    0.230180631E-16
    0.156024396E-16
    0.274904235E-16
    0.258342353E-16
    0.233223900E-16
    0.245401060E-16
    0.158186484E-16
    0.257391431E-16
    0.252797617E-16
    0.310802001E-16
    0.217308380E-16
    0.256042990E-16
    0.251486171E-16
    0.219535961E-16
    0.237641190E-16
    0.164546211E-16
    0.296365134E-16
    0.261073019E-16
    0.216478853E-16
    0.198882845E-16
    0.187195408E-16
    0.223696214E-16
    0.308959299E-16
    0.306017577E-16
    0.245252180E-16
    0.206258090E-16
    0.248941699E-16
    0.197892824E-16
    0.226745193E-16
    0.198315799E-16
    0.278852819E-16
    0.230662510E-16
    0.234656339E-16
    0.187986611E-16
    0.204233366E-16
    0.201968780E-16
    0.297959946E-16
    0.279961907E-16
    0.287331937E-16
    0.160747600E-16
    0.212087633E-16
    0.241617890E-16
    0.196117901E-16
    0.234014234E-16
    0.302088162E-16
    0.246881564E-16
    0.233074511E-16
    0.184798760E-16
    0.244205380E-16
    0.245066828E-16
    0.257128718E-16
    0.219609148E-16
    0.293114160E-16
    0.208701344E-16
    0.184803252E-16
    0.236895946E-16
    0.193945764E-16
    0.255966114E-16
    0.271280543E-16
    0.241654168E-16
    0.200905970E-16
    0.179626977E-16
    0.253883710E-16
    0.261021881E-16
    0.280677522E-16
    0.183843574E-16
    0.252089348E-16
    0.261107671E-16
    0.181728882E-16
    0.221565038E-16
    0.174914705E-16
    0.290955956E-16
    0.252376804E-16
    0.226159466E-16
    0.202470735E-16
    0.178089766E-16
    0.275823680E-16
    0.282675472E-16
    0.282565222E-16
    0.223176673E-16
    0.210910456E-16
    0.229346268E-16
    0.206398058E-16
    0.263695424E-16
    0.187338026E-16
    0.282542024E-16
    0.286905540E-16
    0.228596965E-16
    0.191075850E-16
    0.205504447E-16
    0.256193765E-16
    0.236076859E-16
    0.264451378E-16
    0.252538278E-16
    0.206343498E-16
    0.234838676E-16
    0.192089393E-16
    0.270942681E-16
    0.236305793E-16
    0.257528709E-16
    0.241436438E-16
    0.224935997E-16
    0.195454592E-16
    0.244477509E-16
    0.249783606E-16
    0.210552619E-16
    0.246196375E-16
    0.255497655E-16
    0.212421747E-16
    0.200383755E-16
    0.179725410E-16
    0.271220254E-16
    0.257862305E-16
    0.281935073E-16
    0.249484893E-16
    0.209817544E-16
    0.223780554E-16
    0.305996686E-16
    0.286592254E-16
    0.195791728E-16
    0.236761847E-16
    0.246992249E-16
    0.223115662E-16
    0.230502428E-16
    0.170340738E-16
    0.260373300E-16
    0.285704839E-16
    0.275887249E-16
    0.220266786E-16
    0.196089222E-16
    0.235141544E-16
    0.290909763E-16
    0.270148578E-16
    0.234367571E-16
    0.247692492E-16
    0.221173046E-16
    0.220847153E-16
    0.251949988E-16
    0.189139510E-16
    0.253391711E-16
    0.265831537E-16
    0.273260430E-16
    0.202316655E-16
    0.227801293E-16
    0.237363110E-16
    0.245093025E-16
    0.274977893E-16
    0.235407673E-16
    0.235344951E-16
    0.203344816E-16
    0.209570116E-16
    0.267942984E-16
    0.226684231E-16
    0.286626325E-16
    0.252148851E-16
    0.226713284E-16
    0.211486812E-16
    0.276780828E-16
    0.264337003E-16
    0.206427228E-16
    0.277265970E-16
    0.270900017E-16
    0.233121848E-16
    0.201759785E-16
    0.202153377E-16
    0.294998588E-16
    0.285312904E-16
    0.284612052E-16
    0.234294652E-16
    0.207139759E-16
    0.279393334E-16
    0.314122324E-16
    0.230324715E-16
    0.225579957E-16
    0.264511807E-16
    0.218004258E-16
    0.230549669E-16
    0.199443586E-16
    0.190136778E-16
    0.270656799E-16
    0.306854090E-16
    0.273255101E-16
    0.206900355E-16
    0.195729032E-16
    0.325825015E-16
    0.301873793E-16
    0.211522198E-16
    0.234966284E-16
    0.232508896E-16
    0.235575019E-16
    0.220233685E-16
    0.184238992E-16
    0.257749763E-16
    0.283527485E-16
    0.281712417E-16
    0.236511021E-16
    0.250998004E-16
    0.311409191E-16
    0.285910170E-16
    0.251478957E-16
    0.239811795E-16
    0.267127488E-16
    0.223476240E-16
    0.238260339E-16
    0.255049685E-16
    0.222769181E-16
    0.297338209E-16
    0.260056283E-16
    0.209828819E-16
    0.314167695E-16
    0.248800734E-16
    0.249751803E-16
    0.224941284E-16
    0.235364256E-16
    0.264822008E-16
    0.241016434E-16
    0.206427416E-16
    0.287907188E-16
    0.240021850E-16
    0.287565111E-16
    0.264853463E-16
    0.227729331E-16
    0.352899639E-16
    0.266441377E-16
    0.269573473E-16
    0.263621599E-16
    0.245688942E-16
    0.313838163E-16
    0.279408807E-16
    0.222422063E-16
    0.351061464E-16
