 #tdnd tdcion
    0.283177807E-16
    0.365997045E-16
    0.313679165E-16
    0.346491990E-16
    0.237223402E-16
    0.245148888E-16
    0.288798564E-16
    0.220443823E-16
    0.356750923E-16
    0.317015742E-16
    0.242532725E-16
    0.285880439E-16
    0.268598947E-16
    0.453040103E-16
    0.293193561E-16
    0.400545440E-16
    0.322425448E-16
    0.359106880E-16
    0.502042983E-16
    0.437543019E-16
    0.555485593E-16
    0.583647231E-16
    0.635341593E-16
    0.562350874E-16
    0.649924630E-16
    0.332621032E-16
    0.488218673E-16
    0.264724426E-16
    0.313975921E-16
    0.255866138E-16
    0.240582208E-16
    0.380095589E-16
    0.379041766E-16
    0.378008856E-16
    0.502254806E-16
    0.369877663E-16
    0.360422543E-16
    0.391734519E-16
    0.290819487E-16
    0.284292164E-16
    0.283995021E-16
    0.363205020E-16
    0.315008594E-16
    0.412895965E-16
    0.400380340E-16
    0.349130968E-16
    0.282239782E-16
    0.345384372E-16
    0.269765237E-16
    0.318904748E-16
    0.349372096E-16
    0.272761368E-16
    0.373953150E-16
    0.394776794E-16
    0.305298075E-16
    0.282827397E-16
    0.321281290E-16
    0.385003283E-16
    0.315630230E-16
    0.318824361E-16
    0.325309739E-16
    0.264578350E-16
    0.383163020E-16
    0.315836649E-16
    0.310659655E-16
    0.275173327E-16
    0.297935537E-16
    0.386461071E-16
    0.221745790E-16
    0.400737761E-16
    0.327091930E-16
    0.244374625E-16
    0.297584303E-16
    0.305795186E-16
    0.295942506E-16
    0.373162790E-16
    0.280400355E-16
    0.335797609E-16
    0.232693095E-16
    0.228212039E-16
    0.379700902E-16
    0.308438675E-16
    0.301882100E-16
    0.313929561E-16
    0.362291532E-16
    0.320196636E-16
    0.305101778E-16
    0.308630230E-16
    0.256827261E-16
    0.349743121E-16
    0.266122108E-16
    0.275327754E-16
    0.270395093E-16
    0.311687113E-16
    0.347893251E-16
    0.272323800E-16
    0.348874415E-16
    0.350602974E-16
    0.251682527E-16
    0.287561570E-16
    0.282452718E-16
    0.296953663E-16
    0.292770885E-16
    0.248929517E-16
    0.305186924E-16
    0.218414701E-16
    0.263815196E-16
    0.351458747E-16
    0.345504214E-16
    0.300324129E-16
    0.301504867E-16
    0.377147007E-16
    0.328101005E-16
    0.255478820E-16
    0.243628825E-16
    0.224679622E-16
    0.397238823E-16
    0.245011817E-16
    0.256605608E-16
    0.288567709E-16
    0.290359240E-16
    0.298120745E-16
    0.397599369E-16
    0.343718605E-16
    0.234209047E-16
    0.284202477E-16
    0.283176518E-16
    0.282062796E-16
    0.327497866E-16
    0.272609375E-16
    0.336291346E-16
    0.239889848E-16
    0.309596180E-16
    0.396342435E-16
    0.331274769E-16
    0.272325805E-16
    0.346140938E-16
    0.327071748E-16
    0.273280509E-16
    0.316720961E-16
    0.374074173E-16
    0.490951750E-16
    0.427839188E-16
    0.338772400E-16
    0.418199392E-16
    0.425354217E-16
    0.353912399E-16
    0.399729093E-16
    0.500130236E-16
    0.401470862E-16
    0.494270143E-16
    0.449171074E-16
    0.375737735E-16
    0.406155346E-16
    0.482913339E-16
    0.708582962E-16
    0.611720307E-16
    0.475944752E-16
    0.399959230E-16
    0.473512523E-16
    0.392037670E-16
    0.438961919E-16
    0.354800403E-16
    0.474372568E-16
    0.394017984E-16
    0.505049708E-16
    0.418781816E-16
    0.490022020E-16
    0.310963394E-16
    0.387792453E-16
    0.324739763E-16
    0.359425854E-16
    0.373133150E-16
    0.417639271E-16
    0.280856363E-16
    0.351182734E-16
    0.317972613E-16
    0.395971085E-16
    0.344192343E-16
    0.409588113E-16
    0.476853174E-16
    0.325802955E-16
    0.367064941E-16
    0.419702266E-16
    0.519602805E-16
    0.499232543E-16
    0.256731562E-16
    0.366083900E-16
    0.322903802E-16
    0.347221384E-16
    0.334402068E-16
    0.344354486E-16
    0.278168771E-16
    0.352347398E-16
    0.352400770E-16
    0.305893761E-16
    0.443564069E-16
    0.356314573E-16
    0.300253872E-16
    0.369288191E-16
    0.387538249E-16
    0.376272991E-16
    0.352497290E-16
    0.290486758E-16
    0.310820962E-16
    0.357342697E-16
    0.326393841E-16
    0.290239263E-16
    0.398377413E-16
    0.312990283E-16
    0.387544667E-16
    0.335151604E-16
    0.427070176E-16
    0.317195532E-16
    0.343226811E-16
    0.353848986E-16
    0.390089185E-16
    0.238712289E-16
    0.368736059E-16
    0.381447903E-16
    0.315529552E-16
    0.401590021E-16
    0.284642181E-16
    0.253332892E-16
    0.337990586E-16
    0.313795716E-16
    0.386373603E-16
    0.437581236E-16
    0.296264848E-16
    0.345561843E-16
    0.261140682E-16
    0.387335732E-16
    0.334303957E-16
    0.330980366E-16
    0.408495338E-16
    0.327471418E-16
    0.293921924E-16
    0.350680245E-16
    0.261186721E-16
    0.389035229E-16
    0.367080460E-16
    0.324720571E-16
    0.354998874E-16
    0.352987996E-16
    0.298820936E-16
    0.359475724E-16
    0.307748491E-16
    0.321781292E-16
    0.339198469E-16
    0.312236350E-16
    0.306574256E-16
    0.352372871E-16
    0.347921338E-16
    0.387371803E-16
    0.320314459E-16
    0.264281665E-16
    0.309708712E-16
    0.367938404E-16
    0.436247396E-16
    0.323319996E-16
    0.233810643E-16
    0.328923645E-16
    0.270570920E-16
    0.267306774E-16
    0.435912997E-16
    0.300018693E-16
    0.400608691E-16
    0.356802688E-16
    0.320942509E-16
    0.362622487E-16
    0.366728477E-16
    0.379930303E-16
    0.358251836E-16
    0.404391023E-16
    0.260523001E-16
    0.328544464E-16
    0.293880234E-16
    0.335753503E-16
    0.355567962E-16
    0.464840478E-16
    0.325065657E-16
    0.342053517E-16
    0.409757559E-16
    0.394216888E-16
    0.423749636E-16
    0.336567832E-16
    0.367880771E-16
    0.423160231E-16
    0.374775608E-16
    0.455648696E-16
    0.333104559E-16
    0.371222067E-16
    0.388125492E-16
    0.385422063E-16
    0.388097472E-16
    0.385460336E-16
    0.440837138E-16
    0.443633006E-16
    0.473724485E-16
    0.311003277E-16
    0.509733267E-16
    0.368442086E-16
    0.359132436E-16
    0.390952221E-16
    0.357511315E-16
    0.513730569E-16
    0.380065625E-16
    0.375735352E-16
    0.438280330E-16
    0.430929333E-16
    0.467730583E-16
    0.362206544E-16
    0.402714459E-16
    0.386431326E-16
    0.420821792E-16
    0.342643525E-16
    0.379065150E-16
    0.521305386E-16
    0.413767746E-16
    0.437447265E-16
    0.446846253E-16
    0.355915578E-16
    0.370863078E-16
    0.422117604E-16
    0.381895647E-16
    0.396909310E-16
    0.351260213E-16
    0.388799357E-16
    0.436903214E-16
    0.398366156E-16
    0.553596971E-16
    0.402810643E-16
    0.419940023E-16
    0.399113723E-16
    0.333216618E-16
    0.413879426E-16
    0.420626272E-16
    0.394271423E-16
    0.393014355E-16
    0.371711974E-16
    0.502737521E-16
    0.379082170E-16
    0.481531465E-16
    0.423332753E-16
    0.508015658E-16
    0.376415844E-16
    0.370333272E-16
    0.506108803E-16
    0.404434536E-16
    0.493871849E-16
    0.590173580E-16
    0.431893671E-16
    0.560371495E-16
    0.559114503E-16
    0.568762477E-16
    0.444690360E-16
    0.521625026E-16
    0.531933302E-16
    0.504894722E-16
    0.541647141E-16
    0.406547050E-16
    0.608936736E-16
    0.458766901E-16
    0.633692384E-16
    0.626310898E-16
    0.632445229E-16
    0.636983089E-16
    0.594867595E-16
    0.528907485E-16
    0.621957631E-16
    0.645042128E-16
    0.682036018E-16
    0.694659293E-16
    0.608208159E-16
    0.693046893E-16
    0.715583634E-16
    0.701134663E-16
    0.610574207E-16
    0.670642642E-16
    0.655625903E-16
    0.661578271E-16
    0.597178275E-16
    0.589255253E-16
    0.812582493E-16
    0.816264162E-16
    0.663120842E-16
    0.100126464E-15
    0.696622343E-16
    0.871435704E-16
    0.733206880E-16
    0.702888019E-16
    0.736065590E-16
    0.678086888E-16
    0.795965988E-16
    0.799352632E-16
    0.669197714E-16
    0.742175094E-16
    0.823416272E-16
    0.824856592E-16
    0.670678300E-16
    0.940881947E-16
    0.611675791E-16
    0.790782961E-16
    0.701791598E-16
    0.768008117E-16
    0.877271163E-16
    0.902404899E-16
    0.929419662E-16
    0.887052845E-16
    0.811906796E-16
    0.850906674E-16
    0.843814630E-16
    0.759362071E-16
    0.825541196E-16
    0.802722559E-16
    0.852164288E-16
    0.813556116E-16
    0.874116829E-16
    0.900092591E-16
    0.962277587E-16
    0.953338261E-16
    0.909722238E-16
    0.864846856E-16
    0.914910972E-16
    0.898631691E-16
    0.961212577E-16
    0.852442148E-16
    0.120510315E-15
    0.833116174E-16
    0.113468977E-15
    0.101073979E-15
    0.851972322E-16
    0.107737116E-15
    0.880608742E-16
    0.109402311E-15
    0.887940971E-16
    0.112981630E-15
    0.118909146E-15
    0.113177684E-15
    0.120002997E-15
    0.115391040E-15
    0.139813080E-15
    0.108317887E-15
    0.117311674E-15
    0.127895109E-15
    0.951266402E-16
    0.133453469E-15
    0.111955282E-15
    0.137602428E-15
    0.118009643E-15
    0.142087084E-15
    0.134854348E-15
    0.136744704E-15
    0.137006003E-15
    0.138079829E-15
    0.137409364E-15
    0.140759307E-15
    0.141849653E-15
    0.166185926E-15
    0.152483220E-15
    0.155377378E-15
    0.148275904E-15
    0.159475668E-15
    0.135405994E-15
    0.163903066E-15
    0.149959062E-15
    0.152641240E-15
    0.153906799E-15
    0.164570348E-15
    0.167463168E-15
    0.188529942E-15
    0.181901576E-15
    0.178857373E-15
    0.201945905E-15
    0.159973068E-15
    0.184574775E-15
    0.187657712E-15
    0.186884032E-15
    0.211111872E-15
    0.182364363E-15
    0.199070671E-15
    0.202613553E-15
    0.181509800E-15
    0.189669345E-15
    0.201418609E-15
    0.195780103E-15
    0.178601075E-15
    0.239911983E-15
    0.189842212E-15
    0.222258792E-15
    0.241973337E-15
    0.242556801E-15
    0.263096536E-15
    0.215287844E-15
    0.243516070E-15
    0.239719586E-15
    0.216692181E-15
    0.230140324E-15
    0.258773905E-15
    0.256763374E-15
    0.232661838E-15
    0.273777816E-15
    0.241773868E-15
    0.245353957E-15
    0.250642784E-15
    0.265350834E-15
    0.270364495E-15
    0.246690226E-15
    0.293983785E-15
    0.318882182E-15
    0.290432290E-15
    0.335604389E-15
    0.313626207E-15
    0.314655475E-15
    0.283110329E-15
    0.298233343E-15
    0.279795227E-15
    0.298676254E-15
    0.287633192E-15
    0.346391321E-15
    0.319952056E-15
    0.315135120E-15
    0.345921673E-15
    0.336998341E-15
    0.338196860E-15
    0.357958781E-15
    0.346261174E-15
    0.352443514E-15
    0.392703865E-15
    0.365609551E-15
    0.410570850E-15
    0.400703571E-15
    0.388199967E-15
    0.401107442E-15
    0.378788298E-15
    0.339379608E-15
    0.405803760E-15
    0.357864400E-15
    0.432219143E-15
    0.411820467E-15
    0.421102113E-15
    0.429332593E-15
    0.495695047E-15
    0.402670890E-15
    0.471288531E-15
    0.474282379E-15
    0.439962172E-15
    0.497853596E-15
    0.486853261E-15
    0.506024629E-15
    0.558338276E-15
    0.489289839E-15
    0.546552356E-15
    0.526644544E-15
    0.479826277E-15
    0.515367820E-15
    0.549741309E-15
    0.507500905E-15
    0.587406691E-15
    0.618329836E-15
    0.587033556E-15
    0.646520860E-15
    0.643820724E-15
    0.655557791E-15
    0.666218236E-15
    0.624857726E-15
    0.708402006E-15
    0.706009819E-15
    0.692039280E-15
    0.771795400E-15
    0.783501497E-15
    0.740552768E-15
    0.779916016E-15
    0.768774913E-15
    0.753456266E-15
    0.791353332E-15
    0.804165195E-15
    0.894596877E-15
    0.871239981E-15
    0.917183851E-15
    0.969166138E-15
    0.100520479E-14
    0.926469456E-15
    0.101377570E-14
    0.975994437E-15
    0.100502360E-14
    0.102783928E-14
    0.106984283E-14
    0.105755959E-14
    0.112098624E-14
    0.108573266E-14
    0.116877845E-14
    0.105952394E-14
    0.108297111E-14
    0.114503902E-14
    0.116694945E-14
    0.114201588E-14
    0.125014838E-14
    0.126589014E-14
    0.127090548E-14
    0.129830821E-14
    0.130154201E-14
    0.129042964E-14
    0.137096923E-14
    0.138853430E-14
    0.153838059E-14
    0.153346527E-14
    0.164584563E-14
    0.173395003E-14
    0.187658374E-14
    0.180989780E-14
    0.214826778E-14
    0.233503203E-14
    0.260332116E-14
    0.288695637E-14
    0.340295351E-14
    0.373613625E-14
    0.434015131E-14
    0.497495607E-14
    0.577832291E-14
    0.680563473E-14
    0.789458931E-14
    0.921392530E-14
    0.110320062E-13
    0.127123861E-13
    0.151637258E-13
    0.178618175E-13
    0.205476308E-13
    0.239172982E-13
    0.283872920E-13
    0.329464966E-13
    0.386709380E-13
    0.452794454E-13
    0.529949452E-13
    0.615459963E-13
    0.717409981E-13
    0.821000178E-13
    0.966989101E-13
    0.111241038E-12
    0.130120556E-12
    0.150839309E-12
    0.174389245E-12
    0.200715657E-12
    0.233268792E-12
    0.267843332E-12
    0.308299283E-12
    0.355291469E-12
    0.408861909E-12
    0.469875168E-12
    0.540021201E-12
    0.616650446E-12
    0.709964963E-12
    0.811851487E-12
    0.928428154E-12
    0.106164889E-11
    0.121130680E-11
    0.138145983E-11
    0.158113949E-11
    0.180208263E-11
    0.205322966E-11
    0.234013482E-11
    0.266548583E-11
    0.302905419E-11
    0.344819370E-11
    0.390934756E-11
    0.445193345E-11
    0.505375479E-11
    0.573578218E-11
    0.650623597E-11
    0.737832501E-11
    0.835442949E-11
    0.947338477E-11
    0.107197118E-10
    0.121281861E-10
    0.137251349E-10
    0.155294941E-10
    0.175489368E-10
    0.198444007E-10
    0.223961901E-10
    0.253111483E-10
    0.285730724E-10
    0.322308648E-10
    0.363595736E-10
    0.410184709E-10
    0.462303861E-10
    0.521310919E-10
    0.587214506E-10
    0.661289062E-10
    0.744624163E-10
    0.838314884E-10
    0.942984253E-10
    0.106110572E-09
    0.119280002E-09
    0.134142086E-09
    0.150779912E-09
    0.169382944E-09
    0.190257467E-09
    0.213692042E-09
    0.239847432E-09
    0.269207768E-09
    0.302024787E-09
    0.338768417E-09
    0.379927524E-09
    0.425982519E-09
    0.477365276E-09
    0.534930910E-09
    0.599102219E-09
    0.670958163E-09
    0.751207556E-09
    0.840708011E-09
    0.940680014E-09
    0.105244139E-08
    0.117684399E-08
    0.131579080E-08
    0.147060411E-08
    0.164329178E-08
    0.183575835E-08
    0.205028823E-08
    0.228897731E-08
    0.255511831E-08
    0.285110818E-08
    0.318083951E-08
    0.354771189E-08
    0.395558240E-08
    0.440917694E-08
    0.491387813E-08
    0.547424889E-08
    0.609715150E-08
    0.678910419E-08
    0.755769574E-08
    0.841089948E-08
    0.935783112E-08
    0.104081082E-07
    0.115735853E-07
    0.128656221E-07
    0.142984684E-07
    0.158864128E-07
    0.176456037E-07
    0.195940245E-07
    0.217525734E-07
    0.241409391E-07
    0.267846823E-07
    0.297096265E-07
    0.329454794E-07
    0.365229311E-07
    0.404778491E-07
    0.448480907E-07
    0.496771905E-07
    0.550101136E-07
    0.608994143E-07
    0.673994556E-07
    0.745727143E-07
    0.824855788E-07
    0.912140759E-07
    0.100836396E-06
    0.111442774E-06
    0.123130129E-06
    0.136006024E-06
    0.150183936E-06
    0.165793455E-06
    0.182973864E-06
    0.201878056E-06
    0.222670911E-06
    0.245538075E-06
    0.270673688E-06
    0.298300242E-06
    0.328651302E-06
    0.361988818E-06
    0.398593403E-06
    0.438774320E-06
    0.482867014E-06
    0.531242148E-06
    0.584292694E-06
    0.642458282E-06
    0.706213627E-06
    0.776071401E-06
    0.852592014E-06
    0.936394052E-06
    0.102812967E-05
    0.112853523E-05
    0.123838652E-05
    0.135853682E-05
    0.148991726E-05
    0.163353012E-05
    0.179046384E-05
    0.196191485E-05
    0.214915304E-05
    0.235358297E-05
    0.257671382E-05
    0.282017484E-05
    0.308573591E-05
    0.337533807E-05
    0.369102648E-05
    0.403508137E-05
    0.440991505E-05
    0.481815036E-05
    0.526265092E-05
    0.574647751E-05
    0.627293652E-05
    0.684563435E-05
    0.746841680E-05
    0.814546948E-05
    0.888129520E-05
    0.968072940E-05
    0.105490108E-04
    0.114918129E-04
    0.125151507E-04
    0.136256168E-04
    0.148302225E-04
    0.161365218E-04
    0.175527128E-04
    0.190875347E-04
    0.207503738E-04
    0.225513952E-04
    0.245014312E-04
    0.266121771E-04
    0.288961391E-04
    0.313667415E-04
    0.340383940E-04
    0.369266117E-04
    0.400478501E-04
    0.434199293E-04
    0.470618039E-04
    0.509937863E-04
    0.552377087E-04
    0.598168176E-04
    0.647559561E-04
    0.700817840E-04
    0.758227163E-04
    0.820091364E-04
    0.886734303E-04
    0.958501989E-04
    0.103576353E-03
    0.111891324E-03
    0.120836954E-03
    0.130458066E-03
    0.140802219E-03
    0.151920146E-03
    0.163865865E-03
    0.176696772E-03
    0.190473894E-03
    0.205262192E-03
    0.221130667E-03
    0.238152632E-03
    0.256405798E-03
    0.275972810E-03
    0.296941250E-03
    0.319404060E-03
    0.343459661E-03
    0.369212479E-03
    0.396772926E-03
    0.426258127E-03
    0.457791847E-03
    0.491505024E-03
    0.527536225E-03
    0.566031718E-03
    0.607146239E-03
    0.651043080E-03
    0.697894426E-03
    0.747882308E-03
    0.801198374E-03
    0.858044738E-03
    0.918634464E-03
    0.983191964E-03
    0.105195307E-02
    0.112516667E-02
    0.120309375E-02
    0.128600908E-02
    0.137420158E-02
    0.146797417E-02
    0.156764530E-02
    0.167354900E-02
    0.178603540E-02
    0.190547198E-02
    0.203224340E-02
    0.216675236E-02
    0.230942119E-02
    0.246069111E-02
    0.262102333E-02
    0.279090092E-02
    0.297082740E-02
    0.316132911E-02
    0.336295585E-02
    0.357628001E-02
    0.380189919E-02
    0.404043590E-02
    0.429253837E-02
    0.455888181E-02
    0.484016817E-02
    0.513712710E-02
    0.545051822E-02
    0.578112945E-02
    0.612977839E-02
    0.649731491E-02
    0.688461853E-02
    0.729260188E-02
    0.772221038E-02
    0.817442164E-02
    0.865024799E-02
    0.915073567E-02
    0.967696639E-02
    0.102300566E-01
    0.108111592E-01
    0.114214620E-01
    0.120621918E-01
    0.127346103E-01
    0.134400169E-01
    0.141797497E-01
    0.149551824E-01
    0.157677286E-01
    0.166188384E-01
    0.175099999E-01
    0.184427397E-01
    0.194186211E-01
    0.204392463E-01
    0.215062532E-01
    0.226213178E-01
    0.237861510E-01
    0.250025015E-01
    0.262721514E-01
    0.275969191E-01
    0.289786558E-01
    0.304192456E-01
    0.319206057E-01
    0.334846828E-01
    0.351134537E-01
    0.368089249E-01
    0.385731275E-01
    0.404081215E-01
    0.423159873E-01
    0.442988312E-01
    0.463587774E-01
    0.484979700E-01
    0.507185687E-01
    0.530227500E-01
    0.554126997E-01
    0.578906151E-01
    0.604587021E-01
    0.631191688E-01
    0.658742279E-01
    0.687260917E-01
    0.716769673E-01
    0.747290578E-01
    0.778845544E-01
    0.811456393E-01
    0.845144766E-01
    0.879932118E-01
    0.915839666E-01
    0.952888424E-01
    0.991099032E-01
    0.103049186E+00
    0.107108688E+00
    0.111290366E+00
    0.115596132E+00
    0.120027852E+00
    0.124587336E+00
    0.129276339E+00
    0.134096554E+00
    0.139049611E+00
    0.144137071E+00
    0.149360418E+00
    0.154721059E+00
    0.160220323E+00
    0.165859446E+00
    0.171639577E+00
    0.177561768E+00
    0.183626969E+00
    0.189836027E+00
    0.196189678E+00
    0.202688543E+00
    0.209333125E+00
    0.216123801E+00
    0.223060820E+00
    0.230144300E+00
    0.237374218E+00
    0.244750402E+00
    0.252272542E+00
    0.259940164E+00
    0.267752644E+00
    0.275709187E+00
    0.283808834E+00
    0.292050449E+00
    0.300432719E+00
    0.308954147E+00
    0.317613045E+00
    0.326407531E+00
    0.335335523E+00
    0.344394735E+00
    0.353582674E+00
    0.362896626E+00
    0.372333666E+00
    0.381890634E+00
    0.391564154E+00
    0.401350604E+00
    0.411246130E+00
    0.421246636E+00
    0.431347776E+00
    0.441544957E+00
    0.451833331E+00
    0.462207792E+00
    0.472662973E+00
    0.483193243E+00
    0.493792710E+00
    0.504455212E+00
    0.515174314E+00
    0.525943316E+00
    0.536755250E+00
    0.547602869E+00
    0.558478668E+00
    0.569374865E+00
    0.580283418E+00
    0.591196017E+00
    0.602104098E+00
    0.612998839E+00
    0.623871168E+00
    0.634711773E+00
    0.645511103E+00
    0.656259386E+00
    0.666946618E+00
    0.677562597E+00
    0.688096923E+00
    0.698539003E+00
    0.708878082E+00
    0.719103240E+00
    0.729203419E+00
    0.739167433E+00
    0.748983988E+00
    0.758641703E+00
    0.768129123E+00
    0.777434748E+00
    0.786547039E+00
    0.795454477E+00
    0.804145534E+00
    0.812608740E+00
    0.820832688E+00
    0.828806061E+00
    0.836517673E+00
    0.843956470E+00
    0.851111579E+00
    0.857972331E+00
    0.864528281E+00
    0.870769243E+00
    0.876685318E+00
    0.882266920E+00
    0.887504795E+00
    0.892390078E+00
    0.896914280E+00
    0.901069347E+00
    0.904847665E+00
    0.908242098E+00
    0.911246010E+00
    0.913853279E+00
    0.916058331E+00
    0.917856154E+00
    0.919242316E+00
    0.920212988E+00
    0.920764957E+00
    0.920895646E+00
    0.920603109E+00
    0.919886068E+00
    0.918743901E+00
    0.917176665E+00
    0.915185077E+00
    0.912770545E+00
    0.909935152E+00
    0.906681656E+00
    0.903013495E+00
    0.898934769E+00
    0.894450238E+00
    0.889565312E+00
    0.884286039E+00
    0.878619093E+00
    0.872571749E+00
    0.866151871E+00
    0.859367895E+00
    0.852228810E+00
    0.844744113E+00
    0.836923810E+00
    0.828778372E+00
    0.820318719E+00
    0.811556185E+00
    0.802502483E+00
    0.793169690E+00
    0.783570192E+00
    0.773716672E+00
    0.763622065E+00
    0.753299533E+00
    0.742762416E+00
    0.732024217E+00
    0.721098561E+00
    0.709999155E+00
    0.698739765E+00
    0.687334170E+00
    0.675796147E+00
    0.664139424E+00
    0.652377658E+00
    0.640524406E+00
    0.628593088E+00
    0.616596967E+00
    0.604549120E+00
    0.592462416E+00
    0.580349486E+00
    0.568222705E+00
    0.556094166E+00
    0.543975674E+00
    0.531878713E+00
    0.519814434E+00
    0.507793648E+00
    0.495826797E+00
    0.483923962E+00
    0.472094837E+00
    0.460348726E+00
    0.448694538E+00
    0.437140774E+00
    0.425695536E+00
    0.414366511E+00
    0.403160976E+00
    0.392085788E+00
    0.381147405E+00
    0.370351871E+00
    0.359704820E+00
    0.349211488E+00
    0.338876708E+00
    0.328704930E+00
    0.318700213E+00
    0.308866239E+00
    0.299206324E+00
    0.289723418E+00
    0.280420123E+00
    0.271298696E+00
    0.262361066E+00
    0.253608832E+00
    0.245043290E+00
    0.236665432E+00
    0.228475960E+00
    0.220475298E+00
    0.212663602E+00
    0.205040772E+00
    0.197606463E+00
    0.190360099E+00
    0.183300877E+00
    0.176427788E+00
    0.169739616E+00
    0.163234961E+00
    0.156912241E+00
    0.150769707E+00
    0.144805450E+00
    0.139017411E+00
    0.133403400E+00
    0.127961090E+00
    0.122688040E+00
    0.117581696E+00
    0.112639402E+00
    0.107858414E+00
    0.103235898E+00
    0.987689493E-01
    0.944545911E-01
    0.902897890E-01
    0.862714537E-01
    0.823964541E-01
    0.786616163E-01
    0.750637347E-01
    0.715995811E-01
    0.682659062E-01
    0.650594492E-01
    0.619769395E-01
    0.590151056E-01
    0.561706812E-01
    0.534404051E-01
    0.508210332E-01
    0.483093366E-01
    0.459021096E-01
    0.435961723E-01
    0.413883768E-01
    0.392756075E-01
    0.372547872E-01
    0.353228781E-01
    0.334768877E-01
    0.317138694E-01
    0.300309249E-01
    0.284252079E-01
    0.268939255E-01
    0.254343395E-01
    0.240437700E-01
    0.227195950E-01
    0.214592527E-01
    0.202602418E-01
    0.191201233E-01
    0.180365207E-01
    0.170071225E-01
    0.160296779E-01
    0.151020024E-01
    0.142219747E-01
    0.133875379E-01
    0.125966988E-01
    0.118475271E-01
    0.111381563E-01
    0.104667821E-01
    0.983166189E-02
    0.923111461E-02
    0.866351875E-02
    0.812731211E-02
    0.762099070E-02
    0.714310824E-02
    0.669227348E-02
    0.626715026E-02
    0.586645566E-02
    0.548895950E-02
    0.513348225E-02
    0.479889305E-02
    0.448411041E-02
    0.418809840E-02
    0.390986698E-02
    0.364847005E-02
    0.340300385E-02
    0.317260566E-02
    0.295645265E-02
    0.275375988E-02
    0.256378006E-02
    0.238580091E-02
    0.221914455E-02
    0.206316626E-02
    0.191725303E-02
    0.178082207E-02
    0.165332012E-02
    0.153422163E-02
    0.142302828E-02
    0.131926721E-02
    0.122249048E-02
    0.113227355E-02
    0.104821473E-02
    0.969933302E-03
    0.897069892E-03
    0.829284339E-03
    0.766255373E-03
    0.707679567E-03
    0.653270532E-03
    0.602758385E-03
    0.555888369E-03
    0.512420610E-03
    0.472129338E-03
    0.434801800E-03
    0.400238176E-03
    0.368250510E-03
    0.338662296E-03
    0.311307751E-03
    0.286031409E-03
    0.262687435E-03
    0.241139310E-03
    0.221258992E-03
    0.202926755E-03
    0.186030701E-03
    0.170466155E-03
    0.156135353E-03
    0.142947153E-03
    0.130816378E-03
    0.119663770E-03
    0.109415462E-03
    0.100002648E-03
    0.913614337E-04
    0.834323100E-04
    0.761600265E-04
    0.694933630E-04
    0.633847011E-04
    0.577899641E-04
    0.526682607E-04
    0.479817832E-04
    0.436955190E-04
    0.397770774E-04
    0.361965446E-04
    0.329262921E-04
    0.299408034E-04
    0.272165387E-04
    0.247318242E-04
    0.224666483E-04
    0.204026033E-04
    0.185227236E-04
    0.168114272E-04
    0.152543768E-04
    0.138383667E-04
    0.125512912E-04
    0.113820527E-04
    0.103203967E-04
    0.935698896E-05
    0.848322326E-05
    0.769120920E-05
    0.697373727E-05
    0.632418525E-05
    0.573648677E-05
    0.520511171E-05
    0.472495471E-05
    0.429138869E-05
    0.390015446E-05
    0.354736831E-05
    0.322946781E-05
    0.294322166E-05
    0.268565052E-05
    0.245406032E-05
    0.224597145E-05
    0.205912933E-05
    0.189148117E-05
    0.174115070E-05
    0.160642677E-05
    0.148576470E-05
    0.137773911E-05
    0.128107250E-05
    0.119458717E-05
    0.111722830E-05
    0.104802729E-05
    0.986109793E-06
    0.930688126E-06
    0.881044749E-06
    0.836531360E-06
    0.796567385E-06
    0.760622558E-06
    0.728224244E-06
    0.698946687E-06
    0.672406415E-06
    0.648261755E-06
    0.626207940E-06
    0.605969862E-06
    0.587306787E-06
    0.570002842E-06
    0.553866941E-06
    0.538731761E-06
    0.524449017E-06
    0.510890081E-06
    0.497943181E-06
    0.485508346E-06
    0.473503422E-06
    0.461857463E-06
    0.450506958E-06
    0.439401931E-06
    0.428499112E-06
    0.417763455E-06
    0.407166170E-06
    0.396684486E-06
    0.386302526E-06
    0.376005900E-06
    0.365786334E-06
    0.355639589E-06
    0.345561457E-06
    0.335551892E-06
    0.325614040E-06
    0.315751750E-06
    0.305968648E-06
    0.296271862E-06
    0.286667961E-06
    0.277164691E-06
    0.267770029E-06
    0.258491814E-06
    0.249339180E-06
    0.240319539E-06
    0.231441098E-06
    0.222712246E-06
    0.214138998E-06
    0.205729264E-06
    0.197489685E-06
    0.189426982E-06
    0.181545006E-06
    0.173849837E-06
    0.166345559E-06
    0.159035447E-06
    0.151923315E-06
    0.145011221E-06
    0.138301714E-06
    0.131795729E-06
    0.125494554E-06
    0.119398066E-06
    0.113505915E-06
    0.107817978E-06
    0.102332665E-06
    0.970491157E-07
    0.919642917E-07
    0.870763230E-07
    0.823828184E-07
    0.778798607E-07
    0.735648916E-07
    0.694337637E-07
    0.654830776E-07
    0.617082003E-07
    0.581053874E-07
    0.546695112E-07
    0.513964880E-07
    0.482817684E-07
    0.453201983E-07
    0.425072070E-07
    0.398376995E-07
    0.373065665E-07
    0.349093663E-07
    0.326405679E-07
    0.304957278E-07
    0.284696771E-07
    0.265579921E-07
    0.247553140E-07
    0.230574769E-07
    0.214591794E-07
    0.199565558E-07
    0.185449328E-07
    0.172199526E-07
    0.159773410E-07
    0.148132540E-07
    0.137233566E-07
    0.127041030E-07
    0.117515390E-07
    0.108621628E-07
    0.100324457E-07
    0.925928019E-08
    0.853908330E-08
    0.786914155E-08
    0.724606711E-08
    0.666753423E-08
    0.613055003E-08
    0.563260217E-08
    0.517118799E-08
    0.474411590E-08
    0.434903750E-08
    0.398389623E-08
    0.364673939E-08
    0.333563009E-08
    0.304880729E-08
    0.278469422E-08
    0.254150285E-08
    0.231793463E-08
    0.211236302E-08
    0.192373081E-08
    0.175063872E-08
    0.159196043E-08
    0.144665102E-08
    0.131364262E-08
    0.119204413E-08
    0.108086692E-08
    0.979396186E-09
    0.886796383E-09
    0.802386382E-09
    0.725521877E-09
    0.655547627E-09
    0.591914122E-09
    0.534054542E-09
    0.481529812E-09
    0.433868586E-09
    0.390625060E-09
    0.351496425E-09
    0.316015644E-09
    0.283964788E-09
    0.254945171E-09
    0.228752333E-09
    0.205103866E-09
    0.183776969E-09
    0.164543825E-09
    0.147237818E-09
    0.131640201E-09
    0.117623638E-09
    0.105013413E-09
    0.937033504E-10
    0.835364625E-10
    0.744496900E-10
    0.662721966E-10
    0.589725719E-10
    0.524200264E-10
    0.465678018E-10
    0.413405376E-10
    0.366765635E-10
    0.325024419E-10
    0.287990799E-10
    0.254802874E-10
    0.225379316E-10
    0.199082665E-10
    0.175779026E-10
    0.155029457E-10
    0.136688669E-10
    0.120337377E-10
    0.105893979E-10
    0.930594723E-11
    0.817162976E-11
    0.716961980E-11
    0.628560352E-11
    0.549900339E-11
    0.481318465E-11
    0.420232650E-11
    0.366924747E-11
    0.319760165E-11
    0.278341832E-11
    0.242109423E-11
    0.210191740E-11
    0.182372459E-11
    0.157898859E-11
    0.136474952E-11
    0.117844201E-11
    0.101605662E-11
    0.874777720E-12
    0.750850968E-12
    0.644334112E-12
    0.551202416E-12
    0.470649308E-12
    0.401314082E-12
    0.340354222E-12
    0.289307522E-12
    0.243918934E-12
    0.206657304E-12
    0.173671018E-12
    0.145406216E-12
    0.121653301E-12
    0.101187975E-12
    0.837928305E-13
    0.694246618E-13
    0.569214758E-13
    0.469056210E-13
    0.380792105E-13
    0.310551536E-13
    0.247574090E-13
    0.199684799E-13
    0.156566933E-13
    0.125392023E-13
    0.981823498E-14
    0.755532616E-14
    0.585975231E-14
    0.442007601E-14
    0.329788824E-14
    0.256571179E-14
    0.185550946E-14
    0.143291958E-14
    0.110895528E-14
    0.858169792E-15
    0.726497025E-15
    0.636530356E-15
    0.655531306E-15
    0.620013349E-15
    0.682756713E-15
    0.774984380E-15
    0.825673557E-15
    0.879606390E-15
    0.982592875E-15
    0.100114603E-14
    0.112391405E-14
    0.113160068E-14
    0.124867299E-14
    0.129552740E-14
    0.135830168E-14
    0.137030552E-14
    0.142986054E-14
    0.141178581E-14
    0.141838316E-14
    0.150167093E-14
    0.150462094E-14
    0.149913010E-14
    0.153844705E-14
    0.145363019E-14
    0.149908838E-14
    0.144721905E-14
    0.146309813E-14
    0.146242899E-14
    0.142967026E-14
    0.141368922E-14
    0.136721537E-14
    0.135158582E-14
    0.129146531E-14
    0.128385108E-14
    0.126261438E-14
    0.122034802E-14
    0.120142651E-14
    0.113862872E-14
    0.113572945E-14
    0.109095327E-14
    0.107346368E-14
    0.108245279E-14
    0.101477226E-14
    0.102375186E-14
    0.960850283E-15
    0.983315166E-15
    0.953136834E-15
    0.939601885E-15
    0.941281769E-15
    0.920643552E-15
    0.878984477E-15
    0.867999391E-15
    0.837134255E-15
    0.815652799E-15
    0.825431280E-15
    0.838640272E-15
    0.766994972E-15
    0.769539166E-15
    0.709706047E-15
    0.722605245E-15
    0.664536707E-15
    0.662134701E-15
    0.653445724E-15
    0.643597847E-15
    0.603000867E-15
    0.616657029E-15
    0.565025928E-15
    0.557909183E-15
    0.550375878E-15
    0.560080079E-15
    0.515094263E-15
    0.533582384E-15
    0.505930410E-15
    0.543772121E-15
    0.487529067E-15
    0.490850729E-15
    0.492901165E-15
    0.491446023E-15
    0.462900816E-15
    0.486248120E-15
    0.451746947E-15
    0.447117209E-15
    0.461354307E-15
    0.434521197E-15
    0.422388180E-15
    0.415865297E-15
    0.390772923E-15
    0.389021664E-15
    0.359968573E-15
    0.347528838E-15
    0.344541814E-15
    0.337945195E-15
    0.321286972E-15
    0.310079444E-15
    0.298344882E-15
    0.269422752E-15
    0.281616898E-15
    0.255157142E-15
    0.271735641E-15
    0.259649686E-15
    0.255214786E-15
    0.248297122E-15
    0.233787881E-15
    0.230299502E-15
    0.230080847E-15
    0.229938852E-15
    0.246073318E-15
    0.229870053E-15
    0.242862077E-15
    0.235641265E-15
    0.244211041E-15
    0.216990553E-15
    0.245155157E-15
    0.230401723E-15
    0.228349450E-15
    0.223151035E-15
    0.233898657E-15
    0.228090692E-15
    0.215778081E-15
    0.205656871E-15
    0.210770332E-15
    0.199057914E-15
    0.197207866E-15
    0.196985602E-15
    0.184709585E-15
    0.177144812E-15
    0.172985401E-15
    0.174894058E-15
    0.150640781E-15
    0.147424330E-15
    0.143419413E-15
    0.134926623E-15
    0.116991560E-15
    0.112602477E-15
    0.106652849E-15
    0.122363420E-15
    0.994212853E-16
    0.890578253E-16
    0.100861683E-15
    0.883967495E-16
    0.672935753E-16
    0.730451747E-16
    0.656380969E-16
    0.735379268E-16
    0.569867775E-16
    0.622636236E-16
    0.529212058E-16
    0.433166990E-16
    0.502576823E-16
    0.473227000E-16
    0.393393186E-16
    0.386248644E-16
    0.440288229E-16
    0.358269128E-16
    0.373126375E-16
    0.318715049E-16
    0.348374164E-16
    0.420562266E-16
    0.293685742E-16
    0.334440771E-16
    0.277783199E-16
    0.275074619E-16
    0.277604920E-16
    0.271729249E-16
    0.261127762E-16
    0.309076284E-16
    0.322267071E-16
    0.303653156E-16
    0.342062377E-16
    0.245809972E-16
    0.276015752E-16
    0.319988348E-16
    0.233536827E-16
    0.323567271E-16
    0.231606870E-16
    0.278877911E-16
    0.184096176E-16
    0.259789703E-16
    0.254767801E-16
    0.291476810E-16
    0.207413389E-16
    0.306023365E-16
    0.330712152E-16
    0.238837893E-16
    0.253180017E-16
    0.315211000E-16
    0.211887708E-16
    0.302726548E-16
    0.257480134E-16
    0.277795121E-16
    0.176766022E-16
    0.277636820E-16
    0.247766954E-16
    0.308485818E-16
    0.213389748E-16
    0.334918695E-16
    0.337708615E-16
    0.263445256E-16
    0.243305185E-16
    0.290600713E-16
    0.210360933E-16
    0.280454293E-16
    0.274451314E-16
    0.243703648E-16
    0.162754978E-16
    0.234326506E-16
    0.241989165E-16
    0.290843310E-16
    0.206598047E-16
    0.309677022E-16
    0.350617160E-16
    0.272607566E-16
    0.210229808E-16
    0.243560456E-16
    0.199231165E-16
    0.285783076E-16
    0.266764599E-16
    0.258527001E-16
    0.184377429E-16
    0.241110179E-16
    0.273361476E-16
    0.314958029E-16
    0.248263861E-16
    0.329769009E-16
    0.297137912E-16
    0.263760086E-16
    0.180081393E-16
    0.244936391E-16
    0.207680722E-16
    0.259787045E-16
    0.299635369E-16
    0.232772016E-16
    0.176815350E-16
    0.213218533E-16
    0.310337448E-16
    0.243354751E-16
    0.267296460E-16
    0.271395559E-16
    0.241458524E-16
    0.276159830E-16
    0.197313058E-16
    0.245623883E-16
    0.218913224E-16
    0.260907207E-16
    0.308725519E-16
    0.217373954E-16
    0.197454464E-16
    0.212701438E-16
    0.302771461E-16
    0.219404252E-16
    0.313747710E-16
    0.228925033E-16
    0.225308586E-16
    0.310239845E-16
    0.209196464E-16
    0.224128843E-16
    0.202004334E-16
    0.252984488E-16
    0.268945641E-16
    0.188116536E-16
    0.216492973E-16
    0.222439963E-16
    0.288553113E-16
    0.211140476E-16
    0.339852630E-16
    0.214221553E-16
    0.240795355E-16
    0.317476365E-16
    0.235234119E-16
    0.194965499E-16
    0.241652306E-16
    0.224837783E-16
    0.244514685E-16
    0.212824280E-16
    0.246497373E-16
    0.201936901E-16
    0.288009405E-16
    0.219679064E-16
    0.307398002E-16
    0.201461378E-16
    0.257653649E-16
    0.276637706E-16
    0.209012673E-16
    0.186921945E-16
    0.251742417E-16
    0.177390768E-16
    0.206274843E-16
    0.246431497E-16
    0.223119447E-16
    0.227323032E-16
    0.228994079E-16
    0.251567584E-16
    0.261180711E-16
    0.238958822E-16
    0.264394756E-16
    0.231997461E-16
    0.248403561E-16
    0.188577845E-16
    0.266406072E-16
    0.152628052E-16
    0.231037856E-16
    0.274238581E-16
    0.233301624E-16
    0.231819829E-16
    0.203188244E-16
    0.289566981E-16
    0.223434804E-16
    0.273858858E-16
    0.261249407E-16
    0.188818629E-16
    0.266717838E-16
    0.204043620E-16
    0.269140035E-16
    0.173793571E-16
    0.237107441E-16
    0.286708032E-16
    0.220451727E-16
    0.214002068E-16
    0.175955131E-16
    0.302635614E-16
    0.217140371E-16
    0.288384182E-16
    0.214029025E-16
    0.224039477E-16
    0.259423814E-16
    0.227705699E-16
    0.248010613E-16
    0.215824425E-16
    0.228286336E-16
    0.238665942E-16
    0.198696974E-16
    0.183050208E-16
    0.222336400E-16
    0.249840879E-16
    0.253464708E-16
    0.265258272E-16
    0.188646811E-16
    0.270798993E-16
    0.235393005E-16
    0.275228299E-16
    0.206414063E-16
    0.255851979E-16
    0.210327579E-16
    0.208837553E-16
    0.226893853E-16
    0.200286995E-16
    0.273070719E-16
    0.205697723E-16
    0.294856263E-16
    0.245915623E-16
    0.202758114E-16
    0.285625934E-16
    0.209370925E-16
    0.269751967E-16
    0.223357601E-16
    0.265198350E-16
    0.199870511E-16
    0.220214886E-16
    0.228665276E-16
    0.222076136E-16
    0.261165487E-16
    0.198065367E-16
    0.292299806E-16
    0.229580031E-16
    0.237396521E-16
    0.225628130E-16
    0.231358457E-16
    0.243719453E-16
    0.290651290E-16
    0.234891340E-16
    0.224792556E-16
    0.235033966E-16
    0.197550071E-16
    0.268903689E-16
    0.194730203E-16
    0.266445545E-16
    0.237986945E-16
    0.253084730E-16
    0.255563749E-16
    0.188006008E-16
    0.272995347E-16
    0.239810789E-16
    0.325073745E-16
    0.241365764E-16
    0.221151901E-16
    0.204165558E-16
    0.234372032E-16
    0.227495777E-16
    0.213312758E-16
    0.256457932E-16
    0.223735318E-16
    0.285147055E-16
    0.209472832E-16
    0.221901937E-16
    0.252550438E-16
    0.291175413E-16
    0.280484293E-16
    0.275538257E-16
    0.191357318E-16
    0.208657957E-16
    0.265966500E-16
    0.178229371E-16
    0.284627877E-16
    0.208535042E-16
    0.291986401E-16
    0.253899592E-16
    0.210631376E-16
    0.240264244E-16
    0.242834950E-16
    0.294379241E-16
    0.306371701E-16
    0.221305951E-16
    0.206581793E-16
    0.277997781E-16
    0.194939468E-16
    0.282633910E-16
    0.213418718E-16
    0.266135384E-16
    0.287516236E-16
    0.238247277E-16
    0.208001538E-16
    0.215064721E-16
    0.258384715E-16
    0.307726433E-16
    0.290678564E-16
    0.213561776E-16
    0.260603458E-16
    0.209567447E-16
    0.270839413E-16
    0.227403624E-16
    0.246686347E-16
    0.293566300E-16
    0.238735314E-16
    0.237704531E-16
    0.229821385E-16
    0.194294902E-16
    0.289312725E-16
    0.303689247E-16
    0.259760922E-16
    0.246995000E-16
    0.191888977E-16
    0.262999679E-16
    0.250006252E-16
    0.260409611E-16
    0.303966577E-16
    0.273272786E-16
    0.268174846E-16
    0.254734281E-16
    0.194233992E-16
    0.303644518E-16
    0.245318895E-16
    0.282264197E-16
    0.228073822E-16
    0.184353569E-16
    0.306848615E-16
    0.242228213E-16
    0.284787904E-16
    0.319464539E-16
    0.294640418E-16
    0.290117921E-16
    0.267982615E-16
    0.192420907E-16
    0.278459561E-16
    0.224220619E-16
    0.298278598E-16
    0.244504329E-16
    0.205678976E-16
    0.385172503E-16
    0.252452881E-16
    0.298375482E-16
    0.303105952E-16
    0.256118360E-16
    0.329373660E-16
    0.249683113E-16
    0.252534071E-16
    0.192679829E-16
