 #tdnd tdcion
    0.279910665E-16
    0.244476892E-16
    0.233685402E-16
    0.257542502E-16
    0.304389610E-16
    0.242958605E-16
    0.275349453E-16
    0.243205176E-16
    0.210959127E-16
    0.301686364E-16
    0.258199843E-16
    0.297780945E-16
    0.306808741E-16
    0.275838878E-16
    0.284216489E-16
    0.254770983E-16
    0.280283255E-16
    0.313206836E-16
    0.388882937E-16
    0.403598877E-16
    0.437870924E-16
    0.451439180E-16
    0.556262349E-16
    0.433635175E-16
    0.635088946E-16
    0.497436640E-16
    0.517113700E-16
    0.446305910E-16
    0.427991174E-16
    0.326126055E-16
    0.261637934E-16
    0.333080769E-16
    0.213499943E-16
    0.214817027E-16
    0.314321914E-16
    0.389470426E-16
    0.375618686E-16
    0.386088082E-16
    0.347308696E-16
    0.445320862E-16
    0.327371031E-16
    0.298899504E-16
    0.218101065E-16
    0.230597921E-16
    0.290832156E-16
    0.292701775E-16
    0.354825894E-16
    0.369846800E-16
    0.257381205E-16
    0.299319958E-16
    0.262484743E-16
    0.319530155E-16
    0.422497700E-16
    0.274158384E-16
    0.376263187E-16
    0.273856283E-16
    0.263722976E-16
    0.300937394E-16
    0.282090173E-16
    0.274414359E-16
    0.263650918E-16
    0.238321725E-16
    0.336108056E-16
    0.285661497E-16
    0.318596593E-16
    0.350828118E-16
    0.231712984E-16
    0.320312073E-16
    0.260420151E-16
    0.273084972E-16
    0.300647221E-16
    0.294852521E-16
    0.285465957E-16
    0.200513365E-16
    0.199716388E-16
    0.368980273E-16
    0.350208038E-16
    0.307076151E-16
    0.270686883E-16
    0.257679817E-16
    0.372806978E-16
    0.239588843E-16
    0.327737727E-16
    0.222399760E-16
    0.256715226E-16
    0.305377738E-16
    0.282056109E-16
    0.247264397E-16
    0.318237617E-16
    0.192407506E-16
    0.241250979E-16
    0.308878760E-16
    0.314096314E-16
    0.328768115E-16
    0.266092483E-16
    0.285199527E-16
    0.260417107E-16
    0.224805266E-16
    0.307221493E-16
    0.263571273E-16
    0.268908561E-16
    0.227081561E-16
    0.228971128E-16
    0.308068235E-16
    0.346098353E-16
    0.234122417E-16
    0.268197500E-16
    0.370173136E-16
    0.266729373E-16
    0.267511420E-16
    0.249653024E-16
    0.302919285E-16
    0.233004176E-16
    0.341540275E-16
    0.284015966E-16
    0.187725078E-16
    0.233203401E-16
    0.303177832E-16
    0.226819166E-16
    0.326286093E-16
    0.278193658E-16
    0.283998514E-16
    0.360831255E-16
    0.259831475E-16
    0.262372175E-16
    0.228159466E-16
    0.288273726E-16
    0.218786141E-16
    0.261164401E-16
    0.326534144E-16
    0.303440197E-16
    0.226294163E-16
    0.257923403E-16
    0.279644855E-16
    0.333713373E-16
    0.279390350E-16
    0.323561585E-16
    0.293632079E-16
    0.275628696E-16
    0.317940102E-16
    0.355178579E-16
    0.319546052E-16
    0.264508340E-16
    0.417967775E-16
    0.307997519E-16
    0.394956765E-16
    0.336471038E-16
    0.237650514E-16
    0.376142649E-16
    0.323244984E-16
    0.401417431E-16
    0.506840912E-16
    0.414008276E-16
    0.555881602E-16
    0.387878633E-16
    0.466207377E-16
    0.499815636E-16
    0.332189202E-16
    0.457999902E-16
    0.396031227E-16
    0.482213712E-16
    0.424599103E-16
    0.439240851E-16
    0.474607458E-16
    0.443513689E-16
    0.558317991E-16
    0.623264069E-16
    0.453907856E-16
    0.361765210E-16
    0.494005688E-16
    0.375347364E-16
    0.328335142E-16
    0.477172461E-16
    0.299689507E-16
    0.359133998E-16
    0.386331831E-16
    0.258473481E-16
    0.434973519E-16
    0.407394470E-16
    0.367547324E-16
    0.326951354E-16
    0.354710648E-16
    0.530843820E-16
    0.383191187E-16
    0.399552793E-16
    0.350962909E-16
    0.359592480E-16
    0.341943573E-16
    0.375172988E-16
    0.304863935E-16
    0.407021453E-16
    0.449613229E-16
    0.399205989E-16
    0.359507653E-16
    0.404845400E-16
    0.415061002E-16
    0.388548901E-16
    0.288583814E-16
    0.411404992E-16
    0.255428345E-16
    0.275934840E-16
    0.425901637E-16
    0.343835339E-16
    0.327060270E-16
    0.382636156E-16
    0.300588781E-16
    0.400252614E-16
    0.419738882E-16
    0.448395940E-16
    0.336640628E-16
    0.309687370E-16
    0.423441389E-16
    0.395928269E-16
    0.315678720E-16
    0.484318513E-16
    0.261775197E-16
    0.327708193E-16
    0.328458214E-16
    0.256479385E-16
    0.356124219E-16
    0.404804119E-16
    0.463487381E-16
    0.410568647E-16
    0.357846628E-16
    0.318986387E-16
    0.416636356E-16
    0.342867401E-16
    0.380291213E-16
    0.323424609E-16
    0.317681737E-16
    0.430655131E-16
    0.270182783E-16
    0.297057156E-16
    0.247421196E-16
    0.451937689E-16
    0.346478794E-16
    0.346677759E-16
    0.454544584E-16
    0.460251519E-16
    0.366999572E-16
    0.291951285E-16
    0.357768859E-16
    0.305112206E-16
    0.335714074E-16
    0.386786542E-16
    0.330650544E-16
    0.269932181E-16
    0.386213851E-16
    0.378546287E-16
    0.258380526E-16
    0.388905195E-16
    0.449421461E-16
    0.380383294E-16
    0.427179153E-16
    0.375207318E-16
    0.368502158E-16
    0.276422862E-16
    0.339452637E-16
    0.326855881E-16
    0.289857015E-16
    0.417729277E-16
    0.371529889E-16
    0.339795770E-16
    0.336510152E-16
    0.447106781E-16
    0.360537635E-16
    0.358887485E-16
    0.466927831E-16
    0.461472084E-16
    0.363833048E-16
    0.367746837E-16
    0.397865112E-16
    0.332127154E-16
    0.452290193E-16
    0.362695182E-16
    0.327951903E-16
    0.338130594E-16
    0.553179032E-16
    0.436834694E-16
    0.332129131E-16
    0.538315625E-16
    0.326445858E-16
    0.482486938E-16
    0.471060596E-16
    0.433547286E-16
    0.420489486E-16
    0.309450312E-16
    0.439287771E-16
    0.377171023E-16
    0.387258931E-16
    0.440111317E-16
    0.462058486E-16
    0.382174268E-16
    0.524719074E-16
    0.469848193E-16
    0.455266522E-16
    0.345058558E-16
    0.389595420E-16
    0.403897810E-16
    0.340961436E-16
    0.515735275E-16
    0.422366421E-16
    0.404317417E-16
    0.385518819E-16
    0.463559222E-16
    0.456760722E-16
    0.404368075E-16
    0.420002911E-16
    0.405368150E-16
    0.295982798E-16
    0.561969781E-16
    0.336914989E-16
    0.431171973E-16
    0.450443955E-16
    0.453836753E-16
    0.535130668E-16
    0.367265268E-16
    0.420110884E-16
    0.345882143E-16
    0.304779504E-16
    0.450459497E-16
    0.326952681E-16
    0.360646423E-16
    0.533616783E-16
    0.313256512E-16
    0.557631190E-16
    0.464260836E-16
    0.377064873E-16
    0.473491945E-16
    0.443867769E-16
    0.468975022E-16
    0.428243711E-16
    0.378151180E-16
    0.445628802E-16
    0.370293959E-16
    0.400230916E-16
    0.453557493E-16
    0.586918638E-16
    0.463342381E-16
    0.468494120E-16
    0.506493957E-16
    0.423595293E-16
    0.519689085E-16
    0.450170386E-16
    0.594033699E-16
    0.550054968E-16
    0.490547023E-16
    0.475996168E-16
    0.643176154E-16
    0.580857687E-16
    0.657730485E-16
    0.510095878E-16
    0.671560074E-16
    0.617943105E-16
    0.458813787E-16
    0.573135674E-16
    0.474290816E-16
    0.524301681E-16
    0.608616242E-16
    0.638335115E-16
    0.651341111E-16
    0.703667104E-16
    0.571354942E-16
    0.620877985E-16
    0.689192413E-16
    0.714587145E-16
    0.566083650E-16
    0.950018266E-16
    0.544026845E-16
    0.742811683E-16
    0.681394653E-16
    0.682561973E-16
    0.790967648E-16
    0.611798102E-16
    0.787749023E-16
    0.705017274E-16
    0.640117754E-16
    0.640842877E-16
    0.704375921E-16
    0.698469576E-16
    0.759067321E-16
    0.759628227E-16
    0.934718177E-16
    0.684000784E-16
    0.804264461E-16
    0.734017610E-16
    0.818989398E-16
    0.623200599E-16
    0.815444228E-16
    0.778777825E-16
    0.651471348E-16
    0.725893772E-16
    0.778421351E-16
    0.642197511E-16
    0.942043004E-16
    0.782612984E-16
    0.848536852E-16
    0.909738782E-16
    0.608796412E-16
    0.776926005E-16
    0.704063091E-16
    0.921600911E-16
    0.872268369E-16
    0.915007786E-16
    0.872791609E-16
    0.931788433E-16
    0.829387440E-16
    0.727813578E-16
    0.100398458E-15
    0.855270724E-16
    0.729931892E-16
    0.929736812E-16
    0.779458368E-16
    0.797363885E-16
    0.853905269E-16
    0.108406081E-15
    0.119884296E-15
    0.953423979E-16
    0.952250885E-16
    0.107129128E-15
    0.868530287E-16
    0.894383324E-16
    0.105202464E-15
    0.995981980E-16
    0.104156024E-15
    0.103868999E-15
    0.107495665E-15
    0.107518342E-15
    0.103560741E-15
    0.109317902E-15
    0.130055774E-15
    0.109263121E-15
    0.104040803E-15
    0.133214859E-15
    0.105084902E-15
    0.132085922E-15
    0.134328797E-15
    0.128009378E-15
    0.145373721E-15
    0.127054943E-15
    0.122384119E-15
    0.136878599E-15
    0.111116347E-15
    0.121101930E-15
    0.136661118E-15
    0.129156406E-15
    0.139304416E-15
    0.148054143E-15
    0.146045205E-15
    0.159741430E-15
    0.165968910E-15
    0.144692244E-15
    0.167063292E-15
    0.163568758E-15
    0.139591097E-15
    0.169491891E-15
    0.156671887E-15
    0.155205893E-15
    0.171181171E-15
    0.156689000E-15
    0.179529245E-15
    0.172952018E-15
    0.156146483E-15
    0.173242979E-15
    0.160324506E-15
    0.179498537E-15
    0.167612847E-15
    0.210941746E-15
    0.181181346E-15
    0.210014484E-15
    0.222462739E-15
    0.209316033E-15
    0.205376503E-15
    0.178419747E-15
    0.228441728E-15
    0.203707100E-15
    0.174032448E-15
    0.214037020E-15
    0.195013889E-15
    0.203072887E-15
    0.219375264E-15
    0.223092849E-15
    0.232115502E-15
    0.219485450E-15
    0.241976309E-15
    0.225853681E-15
    0.232281142E-15
    0.225400477E-15
    0.281876982E-15
    0.284083056E-15
    0.243491067E-15
    0.288575783E-15
    0.265385020E-15
    0.231744048E-15
    0.271261806E-15
    0.243453701E-15
    0.258668791E-15
    0.253989745E-15
    0.259757302E-15
    0.263494359E-15
    0.285028001E-15
    0.279151904E-15
    0.324994369E-15
    0.323571667E-15
    0.293514797E-15
    0.306454878E-15
    0.324968016E-15
    0.279752206E-15
    0.342966578E-15
    0.333684535E-15
    0.338967652E-15
    0.355855947E-15
    0.327150689E-15
    0.311668303E-15
    0.334537910E-15
    0.308415588E-15
    0.339539977E-15
    0.337305637E-15
    0.323690606E-15
    0.372524622E-15
    0.370371228E-15
    0.391584733E-15
    0.395398675E-15
    0.421103480E-15
    0.379777666E-15
    0.420084206E-15
    0.392692607E-15
    0.385575164E-15
    0.414904409E-15
    0.418793539E-15
    0.429519466E-15
    0.450351745E-15
    0.406282410E-15
    0.487175267E-15
    0.405818443E-15
    0.441157596E-15
    0.441778298E-15
    0.440804670E-15
    0.465905068E-15
    0.506686613E-15
    0.537510250E-15
    0.507337966E-15
    0.571663985E-15
    0.562764305E-15
    0.546977253E-15
    0.553264870E-15
    0.518032444E-15
    0.612143345E-15
    0.547784441E-15
    0.554022496E-15
    0.668742362E-15
    0.580308234E-15
    0.666291757E-15
    0.670184049E-15
    0.675349341E-15
    0.639257111E-15
    0.708611115E-15
    0.718094944E-15
    0.723448343E-15
    0.760693830E-15
    0.810555964E-15
    0.874031272E-15
    0.880959466E-15
    0.783817940E-15
    0.956201634E-15
    0.834435681E-15
    0.868564909E-15
    0.939181441E-15
    0.930895311E-15
    0.950977466E-15
    0.101688212E-14
    0.106792752E-14
    0.105736793E-14
    0.109311863E-14
    0.109628953E-14
    0.116573970E-14
    0.118190402E-14
    0.112112561E-14
    0.127406410E-14
    0.133924118E-14
    0.125439304E-14
    0.144577585E-14
    0.139203185E-14
    0.139923340E-14
    0.141415051E-14
    0.148224449E-14
    0.146089146E-14
    0.153657547E-14
    0.157496968E-14
    0.170897019E-14
    0.178684115E-14
    0.172470514E-14
    0.183036429E-14
    0.203425152E-14
    0.187923048E-14
    0.219485557E-14
    0.234678929E-14
    0.251078864E-14
    0.270459352E-14
    0.307956849E-14
    0.325510885E-14
    0.355640793E-14
    0.394164502E-14
    0.440763735E-14
    0.505391446E-14
    0.563752023E-14
    0.631221003E-14
    0.758766622E-14
    0.833370758E-14
    0.966579720E-14
    0.111732386E-13
    0.127819042E-13
    0.147239753E-13
    0.172776583E-13
    0.200651387E-13
    0.231195705E-13
    0.272475723E-13
    0.318027053E-13
    0.368253695E-13
    0.429464512E-13
    0.490023987E-13
    0.578177223E-13
    0.666263103E-13
    0.775074263E-13
    0.901431643E-13
    0.104610767E-12
    0.120873467E-12
    0.139638562E-12
    0.161028131E-12
    0.184594059E-12
    0.213424244E-12
    0.246690541E-12
    0.283357058E-12
    0.326995528E-12
    0.374647086E-12
    0.430976362E-12
    0.494969118E-12
    0.566296711E-12
    0.649274380E-12
    0.743395200E-12
    0.851830861E-12
    0.973361648E-12
    0.111384321E-11
    0.127037581E-11
    0.145136799E-11
    0.165778118E-11
    0.188707416E-11
    0.214830547E-11
    0.244552789E-11
    0.278011845E-11
    0.316705871E-11
    0.359681900E-11
    0.408955386E-11
    0.464072510E-11
    0.527252295E-11
    0.597344861E-11
    0.677453938E-11
    0.767261267E-11
    0.869556093E-11
    0.985439309E-11
    0.111546835E-10
    0.126167196E-10
    0.142763122E-10
    0.161331948E-10
    0.182376873E-10
    0.206000529E-10
    0.232608624E-10
    0.262534152E-10
    0.296383354E-10
    0.334305107E-10
    0.376925156E-10
    0.424930025E-10
    0.478799591E-10
    0.539477872E-10
    0.607473384E-10
    0.683628305E-10
    0.769521558E-10
    0.865752788E-10
    0.973823217E-10
    0.109503819E-09
    0.123094478E-09
    0.138298886E-09
    0.155386451E-09
    0.174503064E-09
    0.195891746E-09
    0.219878705E-09
    0.246728457E-09
    0.276788680E-09
    0.310427201E-09
    0.347976058E-09
    0.390033656E-09
    0.437030350E-09
    0.489518403E-09
    0.548183742E-09
    0.613743315E-09
    0.686887708E-09
    0.768619588E-09
    0.859868239E-09
    0.961540797E-09
    0.107503201E-08
    0.120158124E-08
    0.134263755E-08
    0.149991669E-08
    0.167508777E-08
    0.187023821E-08
    0.208771488E-08
    0.232960225E-08
    0.259892922E-08
    0.289859683E-08
    0.323193617E-08
    0.360246790E-08
    0.401480516E-08
    0.447263896E-08
    0.498163433E-08
    0.554697089E-08
    0.617482069E-08
    0.687184808E-08
    0.764558899E-08
    0.850375055E-08
    0.945612593E-08
    0.105118462E-07
    0.116824975E-07
    0.129801502E-07
    0.144181080E-07
    0.160104556E-07
    0.177743921E-07
    0.197268449E-07
    0.218875728E-07
    0.242787192E-07
    0.269233796E-07
    0.298481314E-07
    0.330820357E-07
    0.366552210E-07
    0.406036776E-07
    0.449645628E-07
    0.497801219E-07
    0.550964003E-07
    0.609639247E-07
    0.674363467E-07
    0.745760969E-07
    0.824490816E-07
    0.911271722E-07
    0.100691050E-06
    0.111227532E-06
    0.122831528E-06
    0.135610335E-06
    0.149674347E-06
    0.165151283E-06
    0.182177469E-06
    0.200903489E-06
    0.221491951E-06
    0.244122306E-06
    0.268986855E-06
    0.296300797E-06
    0.326297657E-06
    0.359229348E-06
    0.395372042E-06
    0.435029743E-06
    0.478526842E-06
    0.526228971E-06
    0.578519287E-06
    0.635822956E-06
    0.698606191E-06
    0.767370768E-06
    0.842665252E-06
    0.925082460E-06
    0.101527191E-05
    0.111393389E-05
    0.122184057E-05
    0.133981428E-05
    0.146875732E-05
    0.160964932E-05
    0.176354868E-05
    0.193161226E-05
    0.211508861E-05
    0.231531741E-05
    0.253377901E-05
    0.277205449E-05
    0.303186623E-05
    0.331506619E-05
    0.362367657E-05
    0.395987028E-05
    0.432601054E-05
    0.472463579E-05
    0.515849427E-05
    0.563056330E-05
    0.614404775E-05
    0.670241322E-05
    0.730941113E-05
    0.796904228E-05
    0.868567853E-05
    0.946400065E-05
    0.103090640E-04
    0.112262963E-04
    0.122215715E-04
    0.133011878E-04
    0.144719393E-04
    0.157411127E-04
    0.171165620E-04
    0.186067315E-04
    0.202206909E-04
    0.219681632E-04
    0.238596449E-04
    0.259063124E-04
    0.281202410E-04
    0.305143358E-04
    0.331024724E-04
    0.358994609E-04
    0.389212564E-04
    0.421848591E-04
    0.457085496E-04
    0.495117954E-04
    0.536155308E-04
    0.580420753E-04
    0.628153318E-04
    0.679607620E-04
    0.735056985E-04
    0.794791901E-04
    0.859123577E-04
    0.928383065E-04
    0.100292449E-03
    0.108312435E-03
    0.116938511E-03
    0.126213428E-03
    0.136182823E-03
    0.146895175E-03
    0.158402181E-03
    0.170758780E-03
    0.184023376E-03
    0.198257994E-03
    0.213528665E-03
    0.229905384E-03
    0.247462632E-03
    0.266279166E-03
    0.286438775E-03
    0.308030169E-03
    0.331147472E-03
    0.355890262E-03
    0.382364098E-03
    0.410680650E-03
    0.440958141E-03
    0.473321604E-03
    0.507903131E-03
    0.544842340E-03
    0.584286844E-03
    0.626392247E-03
    0.671323222E-03
    0.719252887E-03
    0.770364116E-03
    0.824849731E-03
    0.882912817E-03
    0.944767087E-03
    0.101063768E-02
    0.108076135E-02
    0.115538723E-02
    0.123477707E-02
    0.131920584E-02
    0.140896242E-02
    0.150435025E-02
    0.160568712E-02
    0.171330720E-02
    0.182756003E-02
    0.194881181E-02
    0.207744675E-02
    0.221386652E-02
    0.235849133E-02
    0.251176079E-02
    0.267413430E-02
    0.284609188E-02
    0.302813476E-02
    0.322078571E-02
    0.342459050E-02
    0.364011824E-02
    0.386796110E-02
    0.410873681E-02
    0.436308826E-02
    0.463168338E-02
    0.491521807E-02
    0.521441479E-02
    0.553002394E-02
    0.586282483E-02
    0.621362612E-02
    0.658326605E-02
    0.697261401E-02
    0.738256952E-02
    0.781406491E-02
    0.826806458E-02
    0.874556482E-02
    0.924759597E-02
    0.977522268E-02
    0.103295427E-01
    0.109116893E-01
    0.115228303E-01
    0.121641687E-01
    0.128369436E-01
    0.135424299E-01
    0.142819379E-01
    0.150568152E-01
    0.158684438E-01
    0.167182440E-01
    0.176076712E-01
    0.185382165E-01
    0.195114074E-01
    0.205288072E-01
    0.215920140E-01
    0.227026621E-01
    0.238624171E-01
    0.250729811E-01
    0.263360886E-01
    0.276535067E-01
    0.290270329E-01
    0.304584966E-01
    0.319497553E-01
    0.335026967E-01
    0.351192339E-01
    0.368013064E-01
    0.385508784E-01
    0.403699366E-01
    0.422604877E-01
    0.442245625E-01
    0.462642018E-01
    0.483814675E-01
    0.505784337E-01
    0.528571858E-01
    0.552198169E-01
    0.576684289E-01
    0.602051252E-01
    0.628320147E-01
    0.655512005E-01
    0.683647847E-01
    0.712748629E-01
    0.742835192E-01
    0.773928233E-01
    0.806048358E-01
    0.839215901E-01
    0.873451009E-01
    0.908773575E-01
    0.945203186E-01
    0.982759094E-01
    0.102146021E+00
    0.106132502E+00
    0.110237160E+00
    0.114461750E+00
    0.118807982E+00
    0.123277508E+00
    0.127871922E+00
    0.132592750E+00
    0.137441461E+00
    0.142419445E+00
    0.147528024E+00
    0.152768435E+00
    0.158141838E+00
    0.163649302E+00
    0.169291812E+00
    0.175070253E+00
    0.180985416E+00
    0.187037985E+00
    0.193228542E+00
    0.199557560E+00
    0.206025395E+00
    0.212632284E+00
    0.219378348E+00
    0.226263577E+00
    0.233287840E+00
    0.240450863E+00
    0.247752238E+00
    0.255191420E+00
    0.262767718E+00
    0.270480290E+00
    0.278328148E+00
    0.286310141E+00
    0.294424964E+00
    0.302671147E+00
    0.311047055E+00
    0.319550878E+00
    0.328180639E+00
    0.336934172E+00
    0.345809146E+00
    0.354803033E+00
    0.363913116E+00
    0.373136491E+00
    0.382470060E+00
    0.391910518E+00
    0.401454368E+00
    0.411097895E+00
    0.420837188E+00
    0.430668116E+00
    0.440586333E+00
    0.450587278E+00
    0.460666175E+00
    0.470818007E+00
    0.481037550E+00
    0.491319345E+00
    0.501657703E+00
    0.512046705E+00
    0.522480202E+00
    0.532951804E+00
    0.543454902E+00
    0.553982636E+00
    0.564527929E+00
    0.575083458E+00
    0.585641676E+00
    0.596194804E+00
    0.606734846E+00
    0.617253563E+00
    0.627742516E+00
    0.638193038E+00
    0.648596263E+00
    0.658943117E+00
    0.669224326E+00
    0.679430428E+00
    0.689551792E+00
    0.699578604E+00
    0.709500903E+00
    0.719308569E+00
    0.728991354E+00
    0.738538885E+00
    0.747940688E+00
    0.757186188E+00
    0.766264750E+00
    0.775165661E+00
    0.783878188E+00
    0.792391576E+00
    0.800695063E+00
    0.808777911E+00
    0.816629431E+00
    0.824238998E+00
    0.831596082E+00
    0.838690260E+00
    0.845511255E+00
    0.852048953E+00
    0.858293430E+00
    0.864234975E+00
    0.869864135E+00
    0.875171703E+00
    0.880148782E+00
    0.884786799E+00
    0.889077523E+00
    0.893013100E+00
    0.896586075E+00
    0.899789411E+00
    0.902616537E+00
    0.905061333E+00
    0.907118191E+00
    0.908782012E+00
    0.910048231E+00
    0.910912841E+00
    0.911372419E+00
    0.911424115E+00
    0.911065695E+00
    0.910295540E+00
    0.909112657E+00
    0.907516703E+00
    0.905507969E+00
    0.903087398E+00
    0.900256601E+00
    0.897017831E+00
    0.893374011E+00
    0.889328710E+00
    0.884886148E+00
    0.880051182E+00
    0.874829314E+00
    0.869226656E+00
    0.863249937E+00
    0.856906477E+00
    0.850204165E+00
    0.843151461E+00
    0.835757353E+00
    0.828031341E+00
    0.819983416E+00
    0.811624033E+00
    0.802964088E+00
    0.794014876E+00
    0.784788079E+00
    0.775295717E+00
    0.765550136E+00
    0.755563952E+00
    0.745350048E+00
    0.734921512E+00
    0.724291616E+00
    0.713473786E+00
    0.702481562E+00
    0.691328566E+00
    0.680028466E+00
    0.668594941E+00
    0.657041662E+00
    0.645382241E+00
    0.633630215E+00
    0.621799009E+00
    0.609901906E+00
    0.597952016E+00
    0.585962268E+00
    0.573945353E+00
    0.561913728E+00
    0.549879577E+00
    0.537854794E+00
    0.525850970E+00
    0.513879364E+00
    0.501950890E+00
    0.490076106E+00
    0.478265197E+00
    0.466527963E+00
    0.454873811E+00
    0.443311747E+00
    0.431850361E+00
    0.420497839E+00
    0.409261935E+00
    0.398149993E+00
    0.387168931E+00
    0.376325239E+00
    0.365624993E+00
    0.355073850E+00
    0.344677052E+00
    0.334439431E+00
    0.324365415E+00
    0.314459041E+00
    0.304723949E+00
    0.295163407E+00
    0.285780305E+00
    0.276577176E+00
    0.267556199E+00
    0.258719214E+00
    0.250067732E+00
    0.241602946E+00
    0.233325741E+00
    0.225236709E+00
    0.217336161E+00
    0.209624137E+00
    0.202100416E+00
    0.194764537E+00
    0.187615801E+00
    0.180653290E+00
    0.173875874E+00
    0.167282229E+00
    0.160870838E+00
    0.154640015E+00
    0.148587907E+00
    0.142712510E+00
    0.137011675E+00
    0.131483122E+00
    0.126124448E+00
    0.120933141E+00
    0.115906580E+00
    0.111042054E+00
    0.106336767E+00
    0.101787844E+00
    0.973923409E-01
    0.931472582E-01
    0.890495367E-01
    0.850960769E-01
    0.812837373E-01
    0.776093441E-01
    0.740697010E-01
    0.706615893E-01
    0.673817772E-01
    0.642270258E-01
    0.611940949E-01
    0.582797447E-01
    0.554807436E-01
    0.527938738E-01
    0.502159304E-01
    0.477437339E-01
    0.453741260E-01
    0.431039794E-01
    0.409301972E-01
    0.388497186E-01
    0.368595213E-01
    0.349566250E-01
    0.331380919E-01
    0.314010323E-01
    0.297426041E-01
    0.281600186E-01
    0.266505366E-01
    0.252114766E-01
    0.238402112E-01
    0.225341727E-01
    0.212908496E-01
    0.201077928E-01
    0.189826114E-01
    0.179129777E-01
    0.168966249E-01
    0.159313483E-01
    0.150150066E-01
    0.141455204E-01
    0.133208724E-01
    0.125391082E-01
    0.117983355E-01
    0.110967229E-01
    0.104325003E-01
    0.980395892E-02
    0.920944769E-02
    0.864737669E-02
    0.811621215E-02
    0.761447804E-02
    0.714075456E-02
    0.669367556E-02
    0.627192958E-02
    0.587425735E-02
    0.549945056E-02
    0.514635067E-02
    0.481384816E-02
    0.450088061E-02
    0.420643085E-02
    0.392952723E-02
    0.366923995E-02
    0.342468215E-02
    0.319500653E-02
    0.297940531E-02
    0.277710781E-02
    0.258738014E-02
    0.240952284E-02
    0.224287051E-02
    0.208678981E-02
    0.194067875E-02
    0.180396485E-02
    0.167610478E-02
    0.155658226E-02
    0.144490749E-02
    0.134061566E-02
    0.124326663E-02
    0.115244252E-02
    0.106774843E-02
    0.988809715E-03
    0.915272346E-03
    0.846801470E-03
    0.783080300E-03
    0.723809662E-03
    0.668707145E-03
    0.617505987E-03
    0.569954572E-03
    0.525815799E-03
    0.484866086E-03
    0.446894770E-03
    0.411703892E-03
    0.379106707E-03
    0.348927987E-03
    0.321002943E-03
    0.295176719E-03
    0.271304125E-03
    0.249248853E-03
    0.228883086E-03
    0.210087179E-03
    0.192749018E-03
    0.176763733E-03
    0.162033195E-03
    0.148465851E-03
    0.135976032E-03
    0.124483937E-03
    0.113914997E-03
    0.104199853E-03
    0.952737739E-04
    0.870766917E-04
    0.795525443E-04
    0.726493739E-04
    0.663188630E-04
    0.605161743E-04
    0.551996986E-04
    0.503309418E-04
    0.458741531E-04
    0.417963120E-04
    0.380668610E-04
    0.346575452E-04
    0.315422127E-04
    0.286968487E-04
    0.260991277E-04
    0.237286054E-04
    0.215663656E-04
    0.195949765E-04
    0.177984492E-04
    0.161620223E-04
    0.146721300E-04
    0.133163149E-04
    0.120831267E-04
    0.109620379E-04
    0.994339258E-05
    0.901834440E-05
    0.817873875E-05
    0.741715064E-05
    0.672672989E-05
    0.610121707E-05
    0.553487552E-05
    0.502245638E-05
    0.455914091E-05
    0.414053292E-05
    0.376260069E-05
    0.342165387E-05
    0.311431938E-05
    0.283751837E-05
    0.258841987E-05
    0.236445241E-05
    0.216326088E-05
    0.198269411E-05
    0.182077924E-05
    0.167573483E-05
    0.154590500E-05
    0.142981049E-05
    0.132608379E-05
    0.123347850E-05
    0.115087220E-05
    0.107722880E-05
    0.101161173E-05
    0.953172662E-06
    0.901134498E-06
    0.854795627E-06
    0.813519209E-06
    0.776732960E-06
    0.743907136E-06
    0.714578168E-06
    0.688318507E-06
    0.664743423E-06
    0.643513774E-06
    0.624316953E-06
    0.606878417E-06
    0.590952368E-06
    0.576315763E-06
    0.562779153E-06
    0.550163921E-06
    0.538323740E-06
    0.527119595E-06
    0.516438740E-06
    0.506176871E-06
    0.496246732E-06
    0.486574370E-06
    0.477094612E-06
    0.467752805E-06
    0.458506808E-06
    0.449315183E-06
    0.440153243E-06
    0.430992413E-06
    0.421821148E-06
    0.412621086E-06
    0.403388575E-06
    0.394116981E-06
    0.384805089E-06
    0.375455320E-06
    0.366070824E-06
    0.356659235E-06
    0.347227307E-06
    0.337783832E-06
    0.328341252E-06
    0.318906747E-06
    0.309495535E-06
    0.300117142E-06
    0.290785178E-06
    0.281511436E-06
    0.272307478E-06
    0.263187423E-06
    0.254159813E-06
    0.245238453E-06
    0.236431708E-06
    0.227752560E-06
    0.219208493E-06
    0.210809319E-06
    0.202564200E-06
    0.194479399E-06
    0.186562532E-06
    0.178820832E-06
    0.171257890E-06
    0.163880655E-06
    0.156691566E-06
    0.149696510E-06
    0.142895891E-06
    0.136293750E-06
    0.129890325E-06
    0.123688051E-06
    0.117686504E-06
    0.111885954E-06
    0.106285802E-06
    0.100885049E-06
    0.956816793E-07
    0.906749074E-07
    0.858612142E-07
    0.812385214E-07
    0.768038372E-07
    0.725541371E-07
    0.684852580E-07
    0.645935496E-07
    0.608750797E-07
    0.573256619E-07
    0.539409176E-07
    0.507164750E-07
    0.476476693E-07
    0.447294319E-07
    0.419574993E-07
    0.393265252E-07
    0.368322413E-07
    0.344689819E-07
    0.322328688E-07
    0.301184977E-07
    0.281211992E-07
    0.262359482E-07
    0.244584121E-07
    0.227837316E-07
    0.212074343E-07
    0.197251614E-07
    0.183327003E-07
    0.170251116E-07
    0.157991421E-07
    0.146499850E-07
    0.135743229E-07
    0.125679135E-07
    0.116274623E-07
    0.107492745E-07
    0.992981864E-08
    0.916592013E-08
    0.845444333E-08
    0.779234900E-08
    0.717664253E-08
    0.660468824E-08
    0.607393176E-08
    0.558142804E-08
    0.512514473E-08
    0.470264672E-08
    0.431171987E-08
    0.395046008E-08
    0.361674215E-08
    0.330887245E-08
    0.302485267E-08
    0.276326550E-08
    0.252241959E-08
    0.230093017E-08
    0.209727531E-08
    0.191031633E-08
    0.173881238E-08
    0.158152317E-08
    0.143739439E-08
    0.130551823E-08
    0.118482893E-08
    0.107458707E-08
    0.973892231E-09
    0.882020719E-09
    0.798215410E-09
    0.721889697E-09
    0.652410718E-09
    0.589206622E-09
    0.531728403E-09
    0.479531239E-09
    0.432182576E-09
    0.389228368E-09
    0.350298544E-09
    0.315036288E-09
    0.283146126E-09
    0.254295902E-09
    0.228254258E-09
    0.204715235E-09
    0.183492031E-09
    0.164347930E-09
    0.147119000E-09
    0.131589823E-09
    0.117628520E-09
    0.105066281E-09
    0.938006407E-10
    0.836703133E-10
    0.746031807E-10
    0.664443110E-10
    0.591597511E-10
    0.526228881E-10
    0.467875537E-10
    0.415588756E-10
    0.368982843E-10
    0.327327275E-10
    0.290194653E-10
    0.257027707E-10
    0.227525049E-10
    0.201233861E-10
    0.177869465E-10
    0.157057355E-10
    0.138666281E-10
    0.122234353E-10
    0.107695505E-10
    0.948139254E-11
    0.833887881E-11
    0.732685660E-11
    0.643417807E-11
    0.564593512E-11
    0.494651094E-11
    0.432993610E-11
    0.378671841E-11
    0.330979044E-11
    0.288769718E-11
    0.251630659E-11
    0.219240983E-11
    0.190642057E-11
    0.165479711E-11
    0.143550396E-11
    0.124309833E-11
    0.107439609E-11
    0.928133308E-12
    0.801020232E-12
    0.688747949E-12
    0.591187123E-12
    0.506977312E-12
    0.434290916E-12
    0.370773925E-12
    0.315258666E-12
    0.268658091E-12
    0.227683791E-12
    0.192798912E-12
    0.162220514E-12
    0.136657430E-12
    0.114156795E-12
    0.954649349E-13
    0.794897871E-13
    0.658507960E-13
    0.540854165E-13
    0.444738453E-13
    0.362945256E-13
    0.294909842E-13
    0.234523570E-13
    0.188838380E-13
    0.148326049E-13
    0.117541519E-13
    0.898723013E-14
    0.690065463E-14
    0.516913266E-14
    0.382624012E-14
    0.274895839E-14
    0.195827509E-14
    0.132667419E-14
    0.867804671E-15
    0.548116920E-15
    0.351255362E-15
    0.207373632E-15
    0.165514215E-15
    0.135232888E-15
    0.172820870E-15
    0.206994526E-15
    0.306798111E-15
    0.369880547E-15
    0.476540555E-15
    0.551187222E-15
    0.674919159E-15
    0.739440425E-15
    0.834184520E-15
    0.932358224E-15
    0.102054070E-14
    0.110222667E-14
    0.117478469E-14
    0.120061324E-14
    0.126432076E-14
    0.127301240E-14
    0.136030719E-14
    0.136175505E-14
    0.139291212E-14
    0.140325800E-14
    0.143323040E-14
    0.137273439E-14
    0.141288877E-14
    0.141238448E-14
    0.137953777E-14
    0.136545037E-14
    0.135859528E-14
    0.131185007E-14
    0.130156644E-14
    0.126798617E-14
    0.129743325E-14
    0.125025796E-14
    0.124532090E-14
    0.118799593E-14
    0.120646795E-14
    0.113861772E-14
    0.114519965E-14
    0.115464444E-14
    0.114172743E-14
    0.111787689E-14
    0.110990483E-14
    0.106450578E-14
    0.104365347E-14
    0.993791620E-15
    0.102603297E-14
    0.989393699E-15
    0.992371880E-15
    0.929345223E-15
    0.934428686E-15
    0.877756948E-15
    0.849476205E-15
    0.836837187E-15
    0.827805209E-15
    0.780601909E-15
    0.770798458E-15
    0.743765309E-15
    0.726029736E-15
    0.694326127E-15
    0.701245676E-15
    0.663687517E-15
    0.673544120E-15
    0.617686180E-15
    0.644060645E-15
    0.632341022E-15
    0.613744166E-15
    0.614910390E-15
    0.633216492E-15
    0.586267652E-15
    0.587599764E-15
    0.566524204E-15
    0.582981396E-15
    0.555168594E-15
    0.560116189E-15
    0.532882142E-15
    0.542155933E-15
    0.506922121E-15
    0.496085618E-15
    0.485445710E-15
    0.450162411E-15
    0.471614786E-15
    0.432422999E-15
    0.424117279E-15
    0.410818640E-15
    0.377837160E-15
    0.387136309E-15
    0.355743981E-15
    0.333507492E-15
    0.325215536E-15
    0.323795988E-15
    0.325460251E-15
    0.309527306E-15
    0.300271490E-15
    0.293752126E-15
    0.289395583E-15
    0.268525968E-15
    0.288915857E-15
    0.297339901E-15
    0.267808293E-15
    0.298838891E-15
    0.278990679E-15
    0.273617149E-15
    0.267102412E-15
    0.274011298E-15
    0.272748252E-15
    0.290684168E-15
    0.269065524E-15
    0.271627156E-15
    0.264526713E-15
    0.265276968E-15
    0.269302338E-15
    0.271961127E-15
    0.243407862E-15
    0.247358799E-15
    0.229392598E-15
    0.234638522E-15
    0.225120188E-15
    0.217369051E-15
    0.197854646E-15
    0.211073886E-15
    0.194679301E-15
    0.174843995E-15
    0.171662927E-15
    0.164769427E-15
    0.159707675E-15
    0.139703213E-15
    0.140656044E-15
    0.137277590E-15
    0.117424240E-15
    0.116222031E-15
    0.105090612E-15
    0.936313797E-16
    0.882302482E-16
    0.827525915E-16
    0.790565294E-16
    0.810818646E-16
    0.606234208E-16
    0.740968502E-16
    0.581967220E-16
    0.577727229E-16
    0.554572705E-16
    0.491041721E-16
    0.484597587E-16
    0.416549394E-16
    0.386389935E-16
    0.427241989E-16
    0.373796363E-16
    0.370708114E-16
    0.337064399E-16
    0.325864139E-16
    0.345708271E-16
    0.270864377E-16
    0.275914805E-16
    0.423940097E-16
    0.233272484E-16
    0.263393936E-16
    0.335311629E-16
    0.248959412E-16
    0.266313169E-16
    0.270666665E-16
    0.215721767E-16
    0.227692546E-16
    0.272509906E-16
    0.265064201E-16
    0.246690234E-16
    0.203182511E-16
    0.246135025E-16
    0.295747087E-16
    0.254180031E-16
    0.274021882E-16
    0.251079878E-16
    0.226319821E-16
    0.271051152E-16
    0.204832821E-16
    0.204051203E-16
    0.220368007E-16
    0.207126526E-16
    0.219261107E-16
    0.258149547E-16
    0.198257495E-16
    0.252853449E-16
    0.240187647E-16
    0.295686751E-16
    0.216518539E-16
    0.189179223E-16
    0.238046246E-16
    0.190582454E-16
    0.190049509E-16
    0.254860202E-16
    0.238939060E-16
    0.234242604E-16
    0.231932190E-16
    0.211109000E-16
    0.251833628E-16
    0.218637116E-16
    0.226866598E-16
    0.279680702E-16
    0.227046179E-16
    0.255014316E-16
    0.258012739E-16
    0.214450415E-16
    0.273604837E-16
    0.248187514E-16
    0.186255217E-16
    0.203150398E-16
    0.196323923E-16
    0.233211289E-16
    0.232428934E-16
    0.203774429E-16
    0.209284553E-16
    0.240391813E-16
    0.291923278E-16
    0.277960370E-16
    0.185932506E-16
    0.214199805E-16
    0.228714233E-16
    0.206055212E-16
    0.198634509E-16
    0.236018421E-16
    0.260561899E-16
    0.226399326E-16
    0.199921405E-16
    0.205182530E-16
    0.242244921E-16
    0.275340448E-16
    0.301949188E-16
    0.245567370E-16
    0.172585180E-16
    0.253084832E-16
    0.235933799E-16
    0.194197255E-16
    0.242071542E-16
    0.215529043E-16
    0.225947334E-16
    0.207019525E-16
    0.205093508E-16
    0.236389179E-16
    0.211389706E-16
    0.239239382E-16
    0.228370640E-16
    0.212593440E-16
    0.277385487E-16
    0.214792202E-16
    0.224876616E-16
    0.241953865E-16
    0.265597123E-16
    0.185384402E-16
    0.248948884E-16
    0.242961089E-16
    0.232081645E-16
    0.198242415E-16
    0.221853708E-16
    0.218827272E-16
    0.239328097E-16
    0.309410088E-16
    0.308289338E-16
    0.157722522E-16
    0.247023564E-16
    0.261243551E-16
    0.202487163E-16
    0.216233651E-16
    0.230675820E-16
    0.257135884E-16
    0.231253017E-16
    0.187312926E-16
    0.200110435E-16
    0.224952832E-16
    0.282833090E-16
    0.286732131E-16
    0.222140922E-16
    0.222757366E-16
    0.241324406E-16
    0.256081816E-16
    0.226659941E-16
    0.265159700E-16
    0.213064007E-16
    0.269503437E-16
    0.227938707E-16
    0.216688814E-16
    0.218119299E-16
    0.219693457E-16
    0.242367608E-16
    0.230984969E-16
    0.223880243E-16
    0.310075079E-16
    0.177637410E-16
    0.255944936E-16
    0.253326606E-16
    0.255268416E-16
    0.214115154E-16
    0.266147407E-16
    0.249313111E-16
    0.253683670E-16
    0.185395438E-16
    0.200368051E-16
    0.229727866E-16
    0.253300947E-16
    0.308975169E-16
    0.268940157E-16
    0.214829580E-16
    0.267823625E-16
    0.306501272E-16
    0.238155378E-16
    0.258580907E-16
    0.224919054E-16
    0.283140592E-16
    0.218648131E-16
    0.223573274E-16
    0.200651069E-16
    0.222066955E-16
    0.276982490E-16
    0.268797939E-16
    0.170767202E-16
    0.296756888E-16
    0.207138190E-16
    0.280259903E-16
    0.244951357E-16
    0.255533964E-16
    0.246369703E-16
    0.293062184E-16
    0.246602119E-16
    0.247610391E-16
    0.210714381E-16
    0.194405751E-16
    0.254649489E-16
    0.240713184E-16
    0.272903442E-16
    0.257751167E-16
    0.232213166E-16
    0.308465384E-16
    0.319761638E-16
    0.249734232E-16
    0.277241940E-16
    0.246676268E-16
    0.274992267E-16
    0.202658579E-16
    0.225164676E-16
    0.189348069E-16
    0.245554955E-16
    0.271935059E-16
    0.299347216E-16
    0.176784406E-16
    0.309180129E-16
    0.250943138E-16
    0.323172980E-16
    0.220136287E-16
    0.235625340E-16
    0.286925061E-16
    0.275953472E-16
    0.247303135E-16
    0.227990254E-16
    0.231659175E-16
    0.207112944E-16
    0.283734842E-16
    0.218454719E-16
    0.260402785E-16
    0.228828906E-16
    0.281246382E-16
    0.279076837E-16
    0.316516997E-16
    0.237998083E-16
    0.300752076E-16
    0.262666936E-16
    0.259884396E-16
    0.197575914E-16
    0.222579903E-16
    0.222039460E-16
    0.236201027E-16
    0.257181502E-16
    0.287924487E-16
    0.220471813E-16
    0.312279776E-16
    0.298547334E-16
    0.321246918E-16
    0.236594201E-16
    0.211649366E-16
    0.285379073E-16
    0.237043946E-16
    0.290796789E-16
    0.191973234E-16
    0.249537791E-16
    0.236885312E-16
    0.290378201E-16
    0.206060635E-16
    0.269554243E-16
    0.205126490E-16
    0.364551401E-16
    0.229928253E-16
    0.262156981E-16
    0.273089893E-16
    0.276898432E-16
    0.287652828E-16
    0.219430822E-16
    0.220660456E-16
    0.199894743E-16
    0.279652317E-16
    0.210117639E-16
    0.267575525E-16
    0.217288559E-16
    0.310470451E-16
    0.275525267E-16
    0.357502871E-16
    0.222290760E-16
    0.250573261E-16
    0.226452146E-16
    0.250668084E-16
    0.260807731E-16
    0.247291341E-16
    0.260368890E-16
    0.222213159E-16
    0.282160219E-16
    0.242371403E-16
    0.256339729E-16
    0.231438073E-16
    0.338778834E-16
    0.236986151E-16
    0.246811044E-16
    0.213988449E-16
    0.290743317E-16
    0.273023637E-16
    0.265568651E-16
    0.212061750E-16
    0.231595161E-16
    0.264727532E-16
    0.210087782E-16
    0.233560769E-16
    0.221275724E-16
    0.308415664E-16
    0.271552258E-16
    0.293455572E-16
    0.211486589E-16
    0.263097190E-16
    0.218032862E-16
    0.270543815E-16
    0.249384018E-16
    0.264314783E-16
    0.280578304E-16
    0.232463759E-16
    0.256800298E-16
    0.237454572E-16
    0.270934631E-16
    0.228895883E-16
    0.293658842E-16
    0.212960346E-16
    0.239358895E-16
    0.226653242E-16
    0.281153786E-16
    0.282370998E-16
    0.302518474E-16
    0.257194289E-16
    0.225271280E-16
    0.219146723E-16
    0.230831277E-16
    0.249325634E-16
    0.233014748E-16
    0.269294625E-16
    0.236512278E-16
    0.255660372E-16
    0.258093982E-16
    0.209965907E-16
    0.264499026E-16
    0.332948820E-16
    0.295396391E-16
    0.251696884E-16
    0.230890237E-16
    0.237990120E-16
    0.212069581E-16
    0.236117826E-16
    0.244498133E-16
    0.283237995E-16
    0.309719659E-16
    0.242971773E-16
    0.201193312E-16
    0.364868692E-16
    0.332021617E-16
    0.292043198E-16
