 #tdnd tdcion
    0.374707568E-16
    0.326982137E-16
    0.372439939E-16
    0.388240401E-16
    0.356033925E-16
    0.304167527E-16
    0.290541986E-16
    0.240129416E-16
    0.318068698E-16
    0.290270383E-16
    0.276687721E-16
    0.346396375E-16
    0.279962985E-16
    0.290968976E-16
    0.362824945E-16
    0.234137672E-16
    0.298531747E-16
    0.331682086E-16
    0.351799116E-16
    0.328751841E-16
    0.310317938E-16
    0.313447582E-16
    0.416208373E-16
    0.348612236E-16
    0.465536327E-16
    0.480888322E-16
    0.408103457E-16
    0.635460684E-16
    0.654221738E-16
    0.426546180E-16
    0.447914257E-16
    0.485759404E-16
    0.496320129E-16
    0.338549477E-16
    0.269275411E-16
    0.251527159E-16
    0.357644474E-16
    0.253590761E-16
    0.382169458E-16
    0.398387761E-16
    0.346673137E-16
    0.430239592E-16
    0.510572922E-16
    0.291370094E-16
    0.461178395E-16
    0.350284132E-16
    0.352420459E-16
    0.252822789E-16
    0.264771337E-16
    0.356825897E-16
    0.386477911E-16
    0.279602720E-16
    0.385436702E-16
    0.352934930E-16
    0.287904857E-16
    0.244374210E-16
    0.309354363E-16
    0.207869596E-16
    0.401736631E-16
    0.463520842E-16
    0.308722962E-16
    0.272587946E-16
    0.237895109E-16
    0.347761589E-16
    0.305347564E-16
    0.332718264E-16
    0.314037382E-16
    0.339000845E-16
    0.280697143E-16
    0.347582711E-16
    0.245947867E-16
    0.365919055E-16
    0.301724594E-16
    0.336684732E-16
    0.403360002E-16
    0.266145130E-16
    0.288482273E-16
    0.329273870E-16
    0.303127140E-16
    0.303316286E-16
    0.266934897E-16
    0.312166527E-16
    0.293555649E-16
    0.322343202E-16
    0.300120652E-16
    0.325864839E-16
    0.228121659E-16
    0.355118872E-16
    0.345930295E-16
    0.242934415E-16
    0.277473417E-16
    0.273755062E-16
    0.365984170E-16
    0.253212047E-16
    0.382751324E-16
    0.276266674E-16
    0.246725679E-16
    0.277578533E-16
    0.257386314E-16
    0.254216169E-16
    0.432117680E-16
    0.211272043E-16
    0.376516397E-16
    0.283143709E-16
    0.226506625E-16
    0.212477737E-16
    0.286634633E-16
    0.316560883E-16
    0.269519019E-16
    0.323409899E-16
    0.293544282E-16
    0.234851812E-16
    0.280127562E-16
    0.266455076E-16
    0.201206804E-16
    0.400711974E-16
    0.266078289E-16
    0.307225652E-16
    0.260702178E-16
    0.224212908E-16
    0.242226392E-16
    0.285411167E-16
    0.324424068E-16
    0.339589633E-16
    0.291541067E-16
    0.252144463E-16
    0.249633886E-16
    0.264767212E-16
    0.314608035E-16
    0.234902032E-16
    0.387170032E-16
    0.244364045E-16
    0.238767788E-16
    0.225675897E-16
    0.203239574E-16
    0.290352654E-16
    0.354555831E-16
    0.293981661E-16
    0.315019777E-16
    0.360070780E-16
    0.228969413E-16
    0.213575752E-16
    0.263640681E-16
    0.291764417E-16
    0.249332916E-16
    0.308637123E-16
    0.217533104E-16
    0.261874814E-16
    0.289566604E-16
    0.332861713E-16
    0.374457220E-16
    0.327623173E-16
    0.341110955E-16
    0.396129176E-16
    0.378899497E-16
    0.307041535E-16
    0.246527395E-16
    0.305676986E-16
    0.420064643E-16
    0.301613353E-16
    0.437997538E-16
    0.395674720E-16
    0.483379403E-16
    0.400199713E-16
    0.492792836E-16
    0.532234884E-16
    0.355969078E-16
    0.491793157E-16
    0.351797557E-16
    0.434989451E-16
    0.451188837E-16
    0.477959318E-16
    0.436887091E-16
    0.458123092E-16
    0.577150925E-16
    0.405048586E-16
    0.518232911E-16
    0.387703017E-16
    0.314426146E-16
    0.422963732E-16
    0.377743539E-16
    0.436495002E-16
    0.433126652E-16
    0.365064013E-16
    0.461749715E-16
    0.320551179E-16
    0.374576507E-16
    0.357007634E-16
    0.341320662E-16
    0.342178407E-16
    0.300615978E-16
    0.334673998E-16
    0.452925005E-16
    0.314118066E-16
    0.533817964E-16
    0.477116419E-16
    0.322990297E-16
    0.485879728E-16
    0.379723960E-16
    0.393419899E-16
    0.399269068E-16
    0.465439697E-16
    0.238267753E-16
    0.396981677E-16
    0.362570244E-16
    0.334628081E-16
    0.439843683E-16
    0.311743524E-16
    0.415634262E-16
    0.369852748E-16
    0.401875705E-16
    0.418868468E-16
    0.354029549E-16
    0.389380052E-16
    0.364840105E-16
    0.317589462E-16
    0.374310284E-16
    0.449934221E-16
    0.272371338E-16
    0.268944450E-16
    0.363023203E-16
    0.268762268E-16
    0.344808636E-16
    0.273439151E-16
    0.473384287E-16
    0.534706778E-16
    0.342926932E-16
    0.476887021E-16
    0.392080079E-16
    0.347283308E-16
    0.262751192E-16
    0.382624848E-16
    0.395449475E-16
    0.347930818E-16
    0.393840447E-16
    0.251437751E-16
    0.315930651E-16
    0.365077264E-16
    0.335659375E-16
    0.309404826E-16
    0.450354368E-16
    0.515698738E-16
    0.279880933E-16
    0.452190258E-16
    0.405770607E-16
    0.357731135E-16
    0.360273134E-16
    0.388009952E-16
    0.399306398E-16
    0.347954503E-16
    0.507152327E-16
    0.355458100E-16
    0.269917032E-16
    0.349073680E-16
    0.450037321E-16
    0.406836237E-16
    0.365969758E-16
    0.472958551E-16
    0.427358587E-16
    0.407128692E-16
    0.487660893E-16
    0.382938806E-16
    0.390580351E-16
    0.352482194E-16
    0.432130205E-16
    0.480038683E-16
    0.462747638E-16
    0.431730748E-16
    0.444826020E-16
    0.499264057E-16
    0.342093229E-16
    0.450266876E-16
    0.411876357E-16
    0.442871585E-16
    0.437134248E-16
    0.359592036E-16
    0.391896102E-16
    0.365421517E-16
    0.421875347E-16
    0.351482504E-16
    0.400559134E-16
    0.486774375E-16
    0.422099945E-16
    0.349135312E-16
    0.457133245E-16
    0.462894847E-16
    0.346961917E-16
    0.423476208E-16
    0.493251862E-16
    0.396786075E-16
    0.479327296E-16
    0.452598337E-16
    0.373287450E-16
    0.293472794E-16
    0.363510377E-16
    0.405982373E-16
    0.329357135E-16
    0.396638952E-16
    0.434417336E-16
    0.434705318E-16
    0.425320709E-16
    0.432340050E-16
    0.369895384E-16
    0.362736517E-16
    0.564982881E-16
    0.410704925E-16
    0.426762884E-16
    0.459120090E-16
    0.498131377E-16
    0.344436560E-16
    0.394193121E-16
    0.439473714E-16
    0.374002464E-16
    0.475513073E-16
    0.340203052E-16
    0.478814073E-16
    0.524522138E-16
    0.409105855E-16
    0.491661848E-16
    0.477488592E-16
    0.484544843E-16
    0.533938606E-16
    0.630895276E-16
    0.510996533E-16
    0.575943241E-16
    0.534291026E-16
    0.480250533E-16
    0.631081728E-16
    0.569216166E-16
    0.510950084E-16
    0.526456471E-16
    0.569753010E-16
    0.610384139E-16
    0.557725275E-16
    0.509377470E-16
    0.625659456E-16
    0.615772349E-16
    0.503237916E-16
    0.725296117E-16
    0.659023462E-16
    0.638528342E-16
    0.632282330E-16
    0.531725939E-16
    0.775560113E-16
    0.783684027E-16
    0.528616104E-16
    0.685906983E-16
    0.877849275E-16
    0.556110172E-16
    0.592772742E-16
    0.678581503E-16
    0.606181813E-16
    0.763148639E-16
    0.699461379E-16
    0.708375630E-16
    0.649424191E-16
    0.697215493E-16
    0.752220123E-16
    0.897651482E-16
    0.773477183E-16
    0.646018671E-16
    0.765268193E-16
    0.646488081E-16
    0.723348288E-16
    0.741232323E-16
    0.601572066E-16
    0.738299735E-16
    0.777344651E-16
    0.819563585E-16
    0.861315302E-16
    0.662834014E-16
    0.834518035E-16
    0.742740133E-16
    0.667014051E-16
    0.839514865E-16
    0.789957457E-16
    0.654520500E-16
    0.879168787E-16
    0.984128117E-16
    0.730757115E-16
    0.753149609E-16
    0.846092970E-16
    0.759715305E-16
    0.833728290E-16
    0.859473013E-16
    0.812251302E-16
    0.809953095E-16
    0.712151354E-16
    0.789977079E-16
    0.112458003E-15
    0.979353232E-16
    0.930365329E-16
    0.110549163E-15
    0.970031709E-16
    0.898450366E-16
    0.883409409E-16
    0.753509177E-16
    0.101188008E-15
    0.939205546E-16
    0.909694047E-16
    0.952302875E-16
    0.912151174E-16
    0.109291774E-15
    0.102525236E-15
    0.117697598E-15
    0.112965916E-15
    0.117057481E-15
    0.110057321E-15
    0.100462643E-15
    0.121960517E-15
    0.115745183E-15
    0.118689099E-15
    0.137886140E-15
    0.113610383E-15
    0.131831390E-15
    0.110131105E-15
    0.109547771E-15
    0.128368672E-15
    0.106382836E-15
    0.118226759E-15
    0.131999547E-15
    0.129649167E-15
    0.123064696E-15
    0.134736976E-15
    0.151959940E-15
    0.165702596E-15
    0.164501016E-15
    0.144973466E-15
    0.151588349E-15
    0.148515195E-15
    0.140079690E-15
    0.142907146E-15
    0.161281173E-15
    0.130572671E-15
    0.155557437E-15
    0.166194742E-15
    0.142332155E-15
    0.157335734E-15
    0.167099331E-15
    0.159643456E-15
    0.180480499E-15
    0.158808761E-15
    0.170812848E-15
    0.187994334E-15
    0.183138815E-15
    0.207712806E-15
    0.196522115E-15
    0.203461527E-15
    0.187607668E-15
    0.192284253E-15
    0.193480739E-15
    0.170754225E-15
    0.199012463E-15
    0.178095525E-15
    0.187933383E-15
    0.198843708E-15
    0.186558874E-15
    0.232281052E-15
    0.218483731E-15
    0.218755973E-15
    0.242671652E-15
    0.212962584E-15
    0.253858657E-15
    0.224017694E-15
    0.222653375E-15
    0.253241590E-15
    0.250358169E-15
    0.255541052E-15
    0.236725484E-15
    0.235845459E-15
    0.264588284E-15
    0.243560178E-15
    0.247937322E-15
    0.228014796E-15
    0.243470622E-15
    0.251942198E-15
    0.250664780E-15
    0.301153633E-15
    0.279367852E-15
    0.286075085E-15
    0.324172908E-15
    0.301750107E-15
    0.297377576E-15
    0.288307269E-15
    0.280770905E-15
    0.336673720E-15
    0.297914123E-15
    0.284122021E-15
    0.306208135E-15
    0.319042655E-15
    0.322402590E-15
    0.305795889E-15
    0.337267253E-15
    0.304784306E-15
    0.322154943E-15
    0.335199045E-15
    0.320860189E-15
    0.356261398E-15
    0.361238750E-15
    0.375802036E-15
    0.430941696E-15
    0.355753928E-15
    0.375039138E-15
    0.388917882E-15
    0.365200769E-15
    0.403325713E-15
    0.350176497E-15
    0.387541037E-15
    0.387961117E-15
    0.399773684E-15
    0.425127536E-15
    0.416142197E-15
    0.459858795E-15
    0.453232555E-15
    0.438605341E-15
    0.461214983E-15
    0.428580831E-15
    0.492287343E-15
    0.489953130E-15
    0.499586759E-15
    0.556467575E-15
    0.495190642E-15
    0.564759071E-15
    0.535851947E-15
    0.528484629E-15
    0.561325245E-15
    0.531324239E-15
    0.604125072E-15
    0.591228118E-15
    0.580875657E-15
    0.668288079E-15
    0.696089934E-15
    0.732399054E-15
    0.701584672E-15
    0.743972383E-15
    0.778450760E-15
    0.749468917E-15
    0.827781273E-15
    0.791274278E-15
    0.857409821E-15
    0.925182007E-15
    0.905425729E-15
    0.101372723E-14
    0.963591785E-15
    0.955404240E-15
    0.110357785E-14
    0.107707764E-14
    0.110189610E-14
    0.112120486E-14
    0.123850016E-14
    0.130135293E-14
    0.134032649E-14
    0.145577050E-14
    0.144514358E-14
    0.156898624E-14
    0.159269162E-14
    0.161914576E-14
    0.176518852E-14
    0.166918501E-14
    0.184555073E-14
    0.207005669E-14
    0.203938026E-14
    0.213372255E-14
    0.222136268E-14
    0.240040134E-14
    0.243075379E-14
    0.253603637E-14
    0.274074976E-14
    0.285812520E-14
    0.318790098E-14
    0.332420123E-14
    0.364724518E-14
    0.396377305E-14
    0.398325294E-14
    0.461619855E-14
    0.498270355E-14
    0.530322683E-14
    0.577883692E-14
    0.647113561E-14
    0.726675172E-14
    0.788532764E-14
    0.896471651E-14
    0.989735200E-14
    0.110821072E-13
    0.125254026E-13
    0.137815754E-13
    0.160681957E-13
    0.177886319E-13
    0.203394427E-13
    0.238518160E-13
    0.270501027E-13
    0.308002375E-13
    0.350104806E-13
    0.404853523E-13
    0.462343493E-13
    0.528808365E-13
    0.614992298E-13
    0.702924428E-13
    0.815170152E-13
    0.933230499E-13
    0.107308769E-12
    0.123921588E-12
    0.140513250E-12
    0.162604837E-12
    0.186979509E-12
    0.214152536E-12
    0.245503835E-12
    0.281481214E-12
    0.324395146E-12
    0.370439299E-12
    0.424985476E-12
    0.486709263E-12
    0.555369783E-12
    0.636682678E-12
    0.725496397E-12
    0.832117905E-12
    0.949623588E-12
    0.108253050E-11
    0.123945898E-11
    0.141147973E-11
    0.160851576E-11
    0.182898606E-11
    0.208296182E-11
    0.237119488E-11
    0.269309280E-11
    0.306499205E-11
    0.348108256E-11
    0.395301292E-11
    0.448847323E-11
    0.508680457E-11
    0.577437616E-11
    0.653349848E-11
    0.740447083E-11
    0.838944310E-11
    0.949428052E-11
    0.107475249E-10
    0.121507364E-10
    0.137462736E-10
    0.155326932E-10
    0.175425097E-10
    0.198144643E-10
    0.223574802E-10
    0.252355078E-10
    0.284619890E-10
    0.320955645E-10
    0.361885748E-10
    0.407539611E-10
    0.459269798E-10
    0.516983110E-10
    0.581999563E-10
    0.654732392E-10
    0.736366774E-10
    0.828150202E-10
    0.930946943E-10
    0.104620821E-09
    0.117551338E-09
    0.132007462E-09
    0.148232689E-09
    0.166341095E-09
    0.186665754E-09
    0.209363507E-09
    0.234772523E-09
    0.263232376E-09
    0.295005481E-09
    0.330580460E-09
    0.370234063E-09
    0.414565848E-09
    0.464096183E-09
    0.519362735E-09
    0.581053089E-09
    0.649886940E-09
    0.726698939E-09
    0.812375633E-09
    0.907832874E-09
    0.101434921E-08
    0.113287343E-08
    0.126504585E-08
    0.141212637E-08
    0.157600584E-08
    0.175837580E-08
    0.196119083E-08
    0.218696874E-08
    0.243814475E-08
    0.271731952E-08
    0.302759887E-08
    0.337240162E-08
    0.375548155E-08
    0.418082185E-08
    0.465318083E-08
    0.517754003E-08
    0.575934674E-08
    0.640492399E-08
    0.712078315E-08
    0.791484788E-08
    0.879457715E-08
    0.976941332E-08
    0.108496454E-07
    0.120461802E-07
    0.133707852E-07
    0.148370423E-07
    0.164599329E-07
    0.182552728E-07
    0.202407158E-07
    0.224362955E-07
    0.248628520E-07
    0.275446271E-07
    0.305069077E-07
    0.337793084E-07
    0.373926011E-07
    0.413801849E-07
    0.457810180E-07
    0.506362000E-07
    0.559910776E-07
    0.618942302E-07
    0.684015263E-07
    0.755724653E-07
    0.834717880E-07
    0.921720852E-07
    0.101750977E-06
    0.112294383E-06
    0.123896290E-06
    0.136658065E-06
    0.150695134E-06
    0.166125853E-06
    0.183086344E-06
    0.201722483E-06
    0.222195309E-06
    0.244677799E-06
    0.269359672E-06
    0.296449557E-06
    0.326173350E-06
    0.358776184E-06
    0.394529639E-06
    0.433722383E-06
    0.476678690E-06
    0.523740436E-06
    0.575289610E-06
    0.631738309E-06
    0.693527262E-06
    0.761148390E-06
    0.835125586E-06
    0.916038899E-06
    0.100450843E-05
    0.110121295E-05
    0.120688758E-05
    0.132233089E-05
    0.144841006E-05
    0.158606273E-05
    0.173630317E-05
    0.190024584E-05
    0.207906901E-05
    0.227408768E-05
    0.248669037E-05
    0.271840112E-05
    0.297085571E-05
    0.324583364E-05
    0.354526015E-05
    0.387120894E-05
    0.422591569E-05
    0.461180682E-05
    0.503150331E-05
    0.548783124E-05
    0.598382890E-05
    0.652279654E-05
    0.710827634E-05
    0.774407683E-05
    0.843434291E-05
    0.918349242E-05
    0.999631373E-05
    0.108779335E-04
    0.118339091E-04
    0.128701989E-04
    0.139932056E-04
    0.152097940E-04
    0.165273784E-04
    0.179539215E-04
    0.194979428E-04
    0.211686021E-04
    0.229757597E-04
    0.249299375E-04
    0.270424632E-04
    0.293254792E-04
    0.317919826E-04
    0.344558704E-04
    0.373320512E-04
    0.404365150E-04
    0.437863327E-04
    0.473997724E-04
    0.512963308E-04
    0.554969435E-04
    0.600239119E-04
    0.649010294E-04
    0.701537801E-04
    0.758092805E-04
    0.818965235E-04
    0.884463870E-04
    0.954918658E-04
    0.103068034E-03
    0.111212252E-03
    0.119964378E-03
    0.129366808E-03
    0.139464656E-03
    0.150305898E-03
    0.161941487E-03
    0.174425725E-03
    0.187816149E-03
    0.202173969E-03
    0.217564131E-03
    0.234055495E-03
    0.251721244E-03
    0.270638766E-03
    0.290890346E-03
    0.312562904E-03
    0.335748606E-03
    0.360545054E-03
    0.387055459E-03
    0.415389103E-03
    0.445661425E-03
    0.477994350E-03
    0.512516827E-03
    0.549364921E-03
    0.588682468E-03
    0.630620826E-03
    0.675340005E-03
    0.723008510E-03
    0.773803771E-03
    0.827913058E-03
    0.885533074E-03
    0.946871105E-03
    0.101214495E-02
    0.108158388E-02
    0.115542877E-02
    0.123393259E-02
    0.131736074E-02
    0.140599201E-02
    0.150011910E-02
    0.160004848E-02
    0.170610132E-02
    0.181861450E-02
    0.193794031E-02
    0.206444759E-02
    0.219852254E-02
    0.234056846E-02
    0.249100693E-02
    0.265027824E-02
    0.281884255E-02
    0.299717959E-02
    0.318579003E-02
    0.338519500E-02
    0.359593856E-02
    0.381858710E-02
    0.405372943E-02
    0.430197881E-02
    0.456397276E-02
    0.484037361E-02
    0.513186952E-02
    0.543917502E-02
    0.576303120E-02
    0.610420629E-02
    0.646349714E-02
    0.684172910E-02
    0.723975621E-02
    0.765846288E-02
    0.809876187E-02
    0.856159891E-02
    0.904794888E-02
    0.955881904E-02
    0.100952483E-01
    0.106583077E-01
    0.112491010E-01
    0.118687640E-01
    0.125184666E-01
    0.131994111E-01
    0.139128330E-01
    0.146600021E-01
    0.154422206E-01
    0.162608250E-01
    0.171171849E-01
    0.180127021E-01
    0.189488126E-01
    0.199269839E-01
    0.209487178E-01
    0.220155453E-01
    0.231290306E-01
    0.242907680E-01
    0.255023811E-01
    0.267655245E-01
    0.280818801E-01
    0.294531570E-01
    0.308810911E-01
    0.323674432E-01
    0.339139994E-01
    0.355225677E-01
    0.371949763E-01
    0.389330734E-01
    0.407387275E-01
    0.426138218E-01
    0.445602523E-01
    0.465799307E-01
    0.486747767E-01
    0.508467189E-01
    0.530976935E-01
    0.554296384E-01
    0.578444925E-01
    0.603441938E-01
    0.629306773E-01
    0.656058697E-01
    0.683716902E-01
    0.712300410E-01
    0.741828113E-01
    0.772318739E-01
    0.803790748E-01
    0.836262373E-01
    0.869751565E-01
    0.904275944E-01
    0.939852777E-01
    0.976498944E-01
    0.101423090E+00
    0.105306463E+00
    0.109301563E+00
    0.113409888E+00
    0.117632875E+00
    0.121971905E+00
    0.126428289E+00
    0.131003275E+00
    0.135698037E+00
    0.140513674E+00
    0.145451208E+00
    0.150511576E+00
    0.155695630E+00
    0.161004133E+00
    0.166437754E+00
    0.171997070E+00
    0.177682552E+00
    0.183494575E+00
    0.189433404E+00
    0.195499197E+00
    0.201692004E+00
    0.208011755E+00
    0.214458267E+00
    0.221031233E+00
    0.227730233E+00
    0.234554714E+00
    0.241504002E+00
    0.248577291E+00
    0.255773646E+00
    0.263092001E+00
    0.270531158E+00
    0.278089775E+00
    0.285766381E+00
    0.293559362E+00
    0.301466966E+00
    0.309487303E+00
    0.317618338E+00
    0.325857886E+00
    0.334203631E+00
    0.342653105E+00
    0.351203692E+00
    0.359852635E+00
    0.368597028E+00
    0.377433816E+00
    0.386359798E+00
    0.395371624E+00
    0.404465790E+00
    0.413638647E+00
    0.422886400E+00
    0.432205092E+00
    0.441590627E+00
    0.451038749E+00
    0.460545049E+00
    0.470104976E+00
    0.479713817E+00
    0.489366708E+00
    0.499058635E+00
    0.508784427E+00
    0.518538759E+00
    0.528316153E+00
    0.538110977E+00
    0.547917442E+00
    0.557729608E+00
    0.567541383E+00
    0.577346509E+00
    0.587138591E+00
    0.596911070E+00
    0.606657240E+00
    0.616370240E+00
    0.626043065E+00
    0.635668558E+00
    0.645239421E+00
    0.654748210E+00
    0.664187343E+00
    0.673549095E+00
    0.682825621E+00
    0.692008935E+00
    0.701090935E+00
    0.710063400E+00
    0.718917994E+00
    0.727646284E+00
    0.736239738E+00
    0.744689731E+00
    0.752987559E+00
    0.761124460E+00
    0.769091601E+00
    0.776880107E+00
    0.784481072E+00
    0.791885564E+00
    0.799084646E+00
    0.806069394E+00
    0.812830900E+00
    0.819360299E+00
    0.825648788E+00
    0.831687637E+00
    0.837468210E+00
    0.842981991E+00
    0.848220588E+00
    0.853175774E+00
    0.857839500E+00
    0.862203905E+00
    0.866261356E+00
    0.870004463E+00
    0.873426097E+00
    0.876519420E+00
    0.879277904E+00
    0.881695354E+00
    0.883765925E+00
    0.885484164E+00
    0.886845000E+00
    0.887843791E+00
    0.888476332E+00
    0.888738883E+00
    0.888628176E+00
    0.888141447E+00
    0.887276437E+00
    0.886031423E+00
    0.884405222E+00
    0.882397206E+00
    0.880007312E+00
    0.877236057E+00
    0.874084542E+00
    0.870554455E+00
    0.866648084E+00
    0.862368308E+00
    0.857718609E+00
    0.852703061E+00
    0.847326342E+00
    0.841593696E+00
    0.835510968E+00
    0.829084561E+00
    0.822321443E+00
    0.815229123E+00
    0.807815648E+00
    0.800089565E+00
    0.792059926E+00
    0.783736252E+00
    0.775128512E+00
    0.766247101E+00
    0.757102820E+00
    0.747706838E+00
    0.738070673E+00
    0.728206159E+00
    0.718125408E+00
    0.707840799E+00
    0.697364927E+00
    0.686710572E+00
    0.675890683E+00
    0.664918325E+00
    0.653806656E+00
    0.642568891E+00
    0.631218274E+00
    0.619768031E+00
    0.608231355E+00
    0.596621369E+00
    0.584951085E+00
    0.573233384E+00
    0.561480988E+00
    0.549706424E+00
    0.537922007E+00
    0.526139801E+00
    0.514371607E+00
    0.502628938E+00
    0.490922991E+00
    0.479264636E+00
    0.467664388E+00
    0.456132406E+00
    0.444678458E+00
    0.433311930E+00
    0.422041794E+00
    0.410876615E+00
    0.399824528E+00
    0.388893254E+00
    0.378090068E+00
    0.367421815E+00
    0.356894905E+00
    0.346515310E+00
    0.336288566E+00
    0.326219780E+00
    0.316313630E+00
    0.306574370E+00
    0.297005842E+00
    0.287611478E+00
    0.278394312E+00
    0.269356989E+00
    0.260501776E+00
    0.251830570E+00
    0.243344918E+00
    0.235046016E+00
    0.226934732E+00
    0.219011620E+00
    0.211276928E+00
    0.203730612E+00
    0.196372357E+00
    0.189201580E+00
    0.182217454E+00
    0.175418916E+00
    0.168804685E+00
    0.162373268E+00
    0.156122985E+00
    0.150051974E+00
    0.144158206E+00
    0.138439497E+00
    0.132893522E+00
    0.127517827E+00
    0.122309839E+00
    0.117266876E+00
    0.112386162E+00
    0.107664833E+00
    0.103099950E+00
    0.986885057E-01
    0.944274363E-01
    0.903136260E-01
    0.863439207E-01
    0.825151293E-01
    0.788240367E-01
    0.752674059E-01
    0.718419883E-01
    0.685445289E-01
    0.653717685E-01
    0.623204530E-01
    0.593873386E-01
    0.565691929E-01
    0.538628015E-01
    0.512649749E-01
    0.487725455E-01
    0.463823777E-01
    0.440913675E-01
    0.418964479E-01
    0.397945876E-01
    0.377827997E-01
    0.358581381E-01
    0.340177044E-01
    0.322586478E-01
    0.305781643E-01
    0.289735046E-01
    0.274419715E-01
    0.259809196E-01
    0.245877612E-01
    0.232599641E-01
    0.219950530E-01
    0.207906110E-01
    0.196442799E-01
    0.185537603E-01
    0.175168129E-01
    0.165312580E-01
    0.155949763E-01
    0.147059078E-01
    0.138620537E-01
    0.130614736E-01
    0.123022886E-01
    0.115826771E-01
    0.109008782E-01
    0.102551879E-01
    0.964396085E-02
    0.906560853E-02
    0.851859865E-02
    0.800145376E-02
    0.751275199E-02
    0.705112431E-02
    0.661525423E-02
    0.620387739E-02
    0.581577875E-02
    0.544979369E-02
    0.510480510E-02
    0.477974197E-02
    0.447357977E-02
    0.418533816E-02
    0.391407880E-02
    0.365890628E-02
    0.341896497E-02
    0.319343832E-02
    0.298154744E-02
    0.278255027E-02
    0.259573946E-02
    0.242044159E-02
    0.225601608E-02
    0.210185316E-02
    0.195737400E-02
    0.182202781E-02
    0.169529175E-02
    0.157667001E-02
    0.146569145E-02
    0.136190964E-02
    0.126490128E-02
    0.117426532E-02
    0.108962187E-02
    0.101061136E-02
    0.936893229E-03
    0.868145798E-03
    0.804064293E-03
    0.744361132E-03
    0.688764205E-03
    0.637016779E-03
    0.588876237E-03
    0.544113973E-03
    0.502513851E-03
    0.463872507E-03
    0.427998050E-03
    0.394709647E-03
    0.363837080E-03
    0.335220247E-03
    0.308708254E-03
    0.284159386E-03
    0.261440473E-03
    0.240426246E-03
    0.220999294E-03
    0.203049273E-03
    0.186472682E-03
    0.171172734E-03
    0.157058470E-03
    0.144044842E-03
    0.132052407E-03
    0.121006704E-03
    0.110838224E-03
    0.101482099E-03
    0.928777459E-04
    0.849687001E-04
    0.777023038E-04
    0.710295791E-04
    0.649049159E-04
    0.592859340E-04
    0.541332326E-04
    0.494102347E-04
    0.450830623E-04
    0.411201848E-04
    0.374925557E-04
    0.341731354E-04
    0.311370229E-04
    0.283611425E-04
    0.258242096E-04
    0.235065491E-04
    0.213900936E-04
    0.194580606E-04
    0.176951266E-04
    0.160870845E-04
    0.146209166E-04
    0.132846419E-04
    0.120672555E-04
    0.109586227E-04
    0.994950712E-05
    0.903136198E-05
    0.819637907E-05
    0.743741484E-05
    0.674789961E-05
    0.612181123E-05
    0.555365858E-05
    0.503839736E-05
    0.457140865E-05
    0.414847252E-05
    0.376571943E-05
    0.341960575E-05
    0.310690922E-05
    0.282464226E-05
    0.257011164E-05
    0.234083131E-05
    0.213452047E-05
    0.194911283E-05
    0.178270088E-05
    0.163354240E-05
    0.150004518E-05
    0.138074623E-05
    0.127431229E-05
    0.117952264E-05
    0.109525074E-05
    0.102048164E-05
    0.954270259E-06
    0.895765410E-06
    0.844175231E-06
    0.798792579E-06
    0.758948844E-06
    0.724056942E-06
    0.693564459E-06
    0.666974505E-06
    0.643832426E-06
    0.623728079E-06
    0.606280122E-06
    0.591153208E-06
    0.578032841E-06
    0.566642901E-06
    0.556729153E-06
    0.548063253E-06
    0.540440826E-06
    0.533680173E-06
    0.527615617E-06
    0.522100368E-06
    0.517007172E-06
    0.512220236E-06
    0.507639183E-06
    0.503177294E-06
    0.498758774E-06
    0.494318426E-06
    0.489799853E-06
    0.485157538E-06
    0.480353394E-06
    0.475355576E-06
    0.470139957E-06
    0.464688376E-06
    0.458987874E-06
    0.453030320E-06
    0.446809414E-06
    0.440328106E-06
    0.433587748E-06
    0.426594471E-06
    0.419357585E-06
    0.411887579E-06
    0.404196690E-06
    0.396298821E-06
    0.388209763E-06
    0.379946487E-06
    0.371525602E-06
    0.362965401E-06
    0.354283633E-06
    0.345499352E-06
    0.336630993E-06
    0.327695088E-06
    0.318714137E-06
    0.309701762E-06
    0.300678625E-06
    0.291660544E-06
    0.282664270E-06
    0.273705418E-06
    0.264799840E-06
    0.255961096E-06
    0.247205182E-06
    0.238542679E-06
    0.229987622E-06
    0.221549774E-06
    0.213241858E-06
    0.205071595E-06
    0.197048809E-06
    0.189182547E-06
    0.181477944E-06
    0.173944025E-06
    0.166584795E-06
    0.159405820E-06
    0.152411534E-06
    0.145605195E-06
    0.138989584E-06
    0.132568127E-06
    0.126340266E-06
    0.120308720E-06
    0.114472716E-06
    0.108833737E-06
    0.103389293E-06
    0.981396238E-07
    0.930826573E-07
    0.882162525E-07
    0.835389445E-07
    0.790469008E-07
    0.747379637E-07
    0.706087779E-07
    0.666552904E-07
    0.628743217E-07
    0.592621398E-07
    0.558133738E-07
    0.525251162E-07
    0.493920931E-07
    0.464106104E-07
    0.435748943E-07
    0.408812167E-07
    0.383244786E-07
    0.359002255E-07
    0.336035842E-07
    0.314296651E-07
    0.293740870E-07
    0.274320214E-07
    0.255984792E-07
    0.238696756E-07
    0.222406438E-07
    0.207067932E-07
    0.192644422E-07
    0.179088545E-07
    0.166362275E-07
    0.154420404E-07
    0.143228572E-07
    0.132748572E-07
    0.122942436E-07
    0.113775063E-07
    0.105211725E-07
    0.972211455E-08
    0.897689014E-08
    0.828251431E-08
    0.763633865E-08
    0.703519858E-08
    0.647649363E-08
    0.595788066E-08
    0.547659010E-08
    0.503053071E-08
    0.461721419E-08
    0.423485030E-08
    0.388132457E-08
    0.355459031E-08
    0.325302905E-08
    0.297480106E-08
    0.271844237E-08
    0.248226552E-08
    0.226502004E-08
    0.206529724E-08
    0.188180824E-08
    0.171334720E-08
    0.155892115E-08
    0.141728891E-08
    0.128768765E-08
    0.116899415E-08
    0.106060884E-08
    0.961522047E-09
    0.871100290E-09
    0.788622236E-09
    0.713449872E-09
    0.644987167E-09
    0.582692872E-09
    0.526042229E-09
    0.474585281E-09
    0.427861449E-09
    0.385472540E-09
    0.347060474E-09
    0.312243607E-09
    0.280757295E-09
    0.252242217E-09
    0.226506218E-09
    0.203232117E-09
    0.182254061E-09
    0.163321813E-09
    0.146261280E-09
    0.130902238E-09
    0.117085927E-09
    0.104643526E-09
    0.934803163E-10
    0.834516107E-10
    0.744449179E-10
    0.663748579E-10
    0.591401650E-10
    0.526668791E-10
    0.468613556E-10
    0.416772438E-10
    0.370449182E-10
    0.329072423E-10
    0.292098347E-10
    0.259096726E-10
    0.229734167E-10
    0.203524296E-10
    0.180172181E-10
    0.159479902E-10
    0.141039185E-10
    0.124592546E-10
    0.110057477E-10
    0.971199290E-11
    0.856649926E-11
    0.754434140E-11
    0.664700455E-11
    0.585050698E-11
    0.514518244E-11
    0.452093666E-11
    0.396916986E-11
    0.348294109E-11
    0.305199281E-11
    0.267333460E-11
    0.234117198E-11
    0.204627383E-11
    0.178589161E-11
    0.156047345E-11
    0.136006113E-11
    0.118460341E-11
    0.102867830E-11
    0.895512035E-12
    0.775994310E-12
    0.672992856E-12
    0.582146816E-12
    0.502998605E-12
    0.433681557E-12
    0.373685377E-12
    0.321417813E-12
    0.275941174E-12
    0.235959084E-12
    0.201471130E-12
    0.172315590E-12
    0.146426543E-12
    0.124179705E-12
    0.104983591E-12
    0.889502886E-13
    0.745085447E-13
    0.628938768E-13
    0.523532192E-13
    0.436010883E-13
    0.360314894E-13
    0.299408858E-13
    0.245159415E-13
    0.201118652E-13
    0.163064953E-13
    0.131795843E-13
    0.106008527E-13
    0.839673890E-14
    0.655167234E-14
    0.515953602E-14
    0.395120847E-14
    0.302948746E-14
    0.234030688E-14
    0.170502615E-14
    0.124565009E-14
    0.934090232E-15
    0.690153295E-15
    0.525017806E-15
    0.427052280E-15
    0.373040407E-15
    0.402377256E-15
    0.410248335E-15
    0.435367196E-15
    0.470208904E-15
    0.576151513E-15
    0.615084493E-15
    0.692473576E-15
    0.760823217E-15
    0.844735149E-15
    0.899998199E-15
    0.984913165E-15
    0.102501509E-14
    0.106164215E-14
    0.108482562E-14
    0.114428017E-14
    0.125584804E-14
    0.123375402E-14
    0.125941082E-14
    0.126269700E-14
    0.133189311E-14
    0.127534137E-14
    0.136226984E-14
    0.132084167E-14
    0.139455867E-14
    0.136888529E-14
    0.141238385E-14
    0.139074697E-14
    0.135978822E-14
    0.133039309E-14
    0.140134523E-14
    0.138406567E-14
    0.133268269E-14
    0.131387279E-14
    0.133330683E-14
    0.129399945E-14
    0.123842291E-14
    0.125847659E-14
    0.116221231E-14
    0.118010107E-14
    0.114155307E-14
    0.113015895E-14
    0.107865243E-14
    0.105106392E-14
    0.102636721E-14
    0.101855178E-14
    0.997773426E-15
    0.941560758E-15
    0.925013680E-15
    0.962402174E-15
    0.896292419E-15
    0.922590687E-15
    0.903768103E-15
    0.864613633E-15
    0.867625604E-15
    0.874654247E-15
    0.849306090E-15
    0.803915147E-15
    0.839304442E-15
    0.819287138E-15
    0.809909477E-15
    0.806688902E-15
    0.767163076E-15
    0.761630560E-15
    0.716414882E-15
    0.700219052E-15
    0.702578009E-15
    0.655776785E-15
    0.647889797E-15
    0.617658163E-15
    0.617929556E-15
    0.582187976E-15
    0.544629431E-15
    0.538659349E-15
    0.495923776E-15
    0.489534225E-15
    0.504158210E-15
    0.470034220E-15
    0.462628770E-15
    0.424116623E-15
    0.446546960E-15
    0.424408530E-15
    0.421061217E-15
    0.393154151E-15
    0.423086448E-15
    0.390437702E-15
    0.410435484E-15
    0.394862840E-15
    0.395309979E-15
    0.377688220E-15
    0.409615940E-15
    0.401039519E-15
    0.400589284E-15
    0.376542669E-15
    0.401296187E-15
    0.382636389E-15
    0.389759088E-15
    0.397505044E-15
    0.360551313E-15
    0.382773693E-15
    0.349600846E-15
    0.362231461E-15
    0.333934398E-15
    0.324413177E-15
    0.329494023E-15
    0.319514254E-15
    0.309670234E-15
    0.284178814E-15
    0.290458200E-15
    0.269964629E-15
    0.239297578E-15
    0.237614128E-15
    0.239260545E-15
    0.220997671E-15
    0.205321833E-15
    0.198414243E-15
    0.172994493E-15
    0.166443571E-15
    0.155556818E-15
    0.143943778E-15
    0.130370359E-15
    0.128762462E-15
    0.128382492E-15
    0.118577708E-15
    0.107165040E-15
    0.958327321E-16
    0.689803938E-16
    0.984793589E-16
    0.795299392E-16
    0.705452985E-16
    0.670604102E-16
    0.589207900E-16
    0.574907796E-16
    0.446841529E-16
    0.532119766E-16
    0.541854033E-16
    0.470532331E-16
    0.448451916E-16
    0.414167295E-16
    0.512733965E-16
    0.413428352E-16
    0.327487828E-16
    0.338320234E-16
    0.475456901E-16
    0.259322668E-16
    0.320703026E-16
    0.273569265E-16
    0.226040541E-16
    0.228804946E-16
    0.300898790E-16
    0.244891005E-16
    0.305190261E-16
    0.335198660E-16
    0.369420681E-16
    0.282500819E-16
    0.247052226E-16
    0.332661948E-16
    0.240956646E-16
    0.372478822E-16
    0.304116247E-16
    0.234838950E-16
    0.281946080E-16
    0.198118761E-16
    0.251614517E-16
    0.322152802E-16
    0.218605129E-16
    0.253069828E-16
    0.267678672E-16
    0.402574865E-16
    0.239048473E-16
    0.219168394E-16
    0.334516502E-16
    0.307481929E-16
    0.296746468E-16
    0.251780201E-16
    0.205164119E-16
    0.235166579E-16
    0.202352434E-16
    0.215991748E-16
    0.281955252E-16
    0.292883542E-16
    0.231091597E-16
    0.283221218E-16
    0.410551536E-16
    0.250203023E-16
    0.196893436E-16
    0.302285422E-16
    0.295326680E-16
    0.274558583E-16
    0.271144206E-16
    0.187107709E-16
    0.205507331E-16
    0.218123584E-16
    0.247072480E-16
    0.285279160E-16
    0.290260990E-16
    0.230035558E-16
    0.278604302E-16
    0.352272193E-16
    0.345798997E-16
    0.253204894E-16
    0.229024493E-16
    0.368753861E-16
    0.230453564E-16
    0.238361341E-16
    0.201972974E-16
    0.169139610E-16
    0.210706154E-16
    0.250296276E-16
    0.264122571E-16
    0.316708728E-16
    0.245217594E-16
    0.331019930E-16
    0.242403092E-16
    0.273406635E-16
    0.331552818E-16
    0.198085866E-16
    0.319114137E-16
    0.311854366E-16
    0.225754136E-16
    0.228691015E-16
    0.145790575E-16
    0.213800989E-16
    0.272036625E-16
    0.204829973E-16
    0.241178298E-16
    0.241128350E-16
    0.400534606E-16
    0.219057322E-16
    0.255972052E-16
    0.322831543E-16
    0.259974000E-16
    0.252981647E-16
    0.242260391E-16
    0.215198994E-16
    0.254003311E-16
    0.192832690E-16
    0.189315478E-16
    0.292818143E-16
    0.300879153E-16
    0.222707053E-16
    0.259703736E-16
    0.335391154E-16
    0.246244900E-16
    0.229672138E-16
    0.268312322E-16
    0.267524279E-16
    0.248391338E-16
    0.278589937E-16
    0.165007191E-16
    0.196857063E-16
    0.203108066E-16
    0.204921370E-16
    0.308347025E-16
    0.273578497E-16
    0.214053778E-16
    0.279014644E-16
    0.371473375E-16
    0.297022942E-16
    0.239083914E-16
    0.226623816E-16
    0.280076272E-16
    0.238746932E-16
    0.232829945E-16
    0.193041577E-16
    0.189587799E-16
    0.225624058E-16
    0.211246907E-16
    0.270853602E-16
    0.282552925E-16
    0.204578468E-16
    0.300866423E-16
    0.217735023E-16
    0.335732550E-16
    0.308037390E-16
    0.194818850E-16
    0.264491680E-16
    0.291496406E-16
    0.233645261E-16
    0.201831996E-16
    0.139593976E-16
    0.228938154E-16
    0.228216983E-16
    0.244445396E-16
    0.255150734E-16
    0.238976213E-16
    0.340592314E-16
    0.217954305E-16
    0.269768623E-16
    0.308363275E-16
    0.202398325E-16
    0.195586914E-16
    0.333720024E-16
    0.230108910E-16
    0.214704308E-16
    0.181671972E-16
    0.205170046E-16
    0.260428654E-16
    0.220583603E-16
    0.223727813E-16
    0.219289865E-16
    0.344140329E-16
    0.184575381E-16
    0.256052203E-16
    0.303024173E-16
    0.231651789E-16
    0.165218760E-16
    0.283726692E-16
    0.226776225E-16
    0.253137635E-16
    0.178221283E-16
    0.215339422E-16
    0.288303297E-16
    0.287122194E-16
    0.217199310E-16
    0.213730158E-16
    0.340506188E-16
    0.213557980E-16
    0.219884068E-16
    0.245655603E-16
    0.246435241E-16
    0.173475230E-16
    0.291746267E-16
    0.223129718E-16
    0.232074719E-16
    0.196752698E-16
    0.201729242E-16
    0.309463064E-16
    0.277598127E-16
    0.244248058E-16
    0.226135126E-16
    0.360829610E-16
    0.243660910E-16
    0.191644663E-16
    0.212696760E-16
    0.282741881E-16
    0.188658213E-16
    0.272826142E-16
    0.193283402E-16
    0.241032685E-16
    0.203777193E-16
    0.196284060E-16
    0.254150126E-16
    0.285776013E-16
    0.249425172E-16
    0.204246180E-16
    0.303292795E-16
    0.261672445E-16
    0.211362467E-16
    0.174026358E-16
    0.307519207E-16
    0.195804437E-16
    0.237500142E-16
    0.219693901E-16
    0.233535046E-16
    0.187723326E-16
    0.200138726E-16
    0.252922084E-16
    0.277482734E-16
    0.315608244E-16
    0.204547262E-16
    0.270086365E-16
    0.265216907E-16
    0.209363095E-16
    0.147890906E-16
    0.347011923E-16
    0.228369758E-16
    0.253056169E-16
    0.224929656E-16
    0.209482646E-16
    0.223477286E-16
    0.241954566E-16
    0.217441769E-16
    0.245804394E-16
    0.375341990E-16
    0.223798472E-16
    0.259592317E-16
    0.291771373E-16
    0.246521452E-16
    0.139275808E-16
    0.342559802E-16
    0.254645141E-16
    0.322653899E-16
    0.215884149E-16
    0.202796999E-16
    0.276330820E-16
    0.299966227E-16
    0.225608686E-16
    0.185990563E-16
    0.314779245E-16
    0.190462219E-16
    0.248330978E-16
    0.232323081E-16
    0.250769490E-16
    0.156436808E-16
    0.319464080E-16
    0.232423803E-16
    0.254824357E-16
    0.213480399E-16
    0.186809762E-16
    0.288981179E-16
    0.249425695E-16
    0.233620458E-16
    0.205074480E-16
    0.292809628E-16
    0.188817674E-16
    0.278755610E-16
    0.216298124E-16
    0.214377696E-16
    0.226352957E-16
    0.314936281E-16
    0.326838871E-16
    0.212877606E-16
    0.209206732E-16
    0.256867889E-16
    0.347150381E-16
    0.213652825E-16
    0.228954950E-16
    0.284335222E-16
    0.210419040E-16
    0.223442349E-16
    0.285877211E-16
    0.320736595E-16
    0.226233726E-16
    0.286290097E-16
    0.295043229E-16
    0.288343167E-16
    0.219848083E-16
    0.287124898E-16
    0.277983868E-16
    0.277906715E-16
    0.328513968E-16
    0.203251954E-16
    0.245435567E-16
    0.183664112E-16
    0.254585307E-16
    0.186078071E-16
    0.302117124E-16
    0.245505805E-16
    0.259850073E-16
    0.285690236E-16
    0.200798932E-16
    0.262454355E-16
    0.240499779E-16
    0.261636068E-16
    0.260712664E-16
    0.202836874E-16
    0.222743328E-16
    0.209295076E-16
    0.294574471E-16
    0.256385034E-16
    0.351554091E-16
    0.275974204E-16
    0.262964933E-16
    0.358171498E-16
    0.288775048E-16
    0.311419527E-16
    0.258336047E-16
    0.266773673E-16
    0.301990672E-16
    0.292838980E-16
    0.262953201E-16
    0.253592299E-16
    0.272770590E-16
    0.249062142E-16
    0.317132050E-16
    0.309090164E-16
    0.261299402E-16
    0.311908908E-16
    0.326222224E-16
    0.292109064E-16
    0.219512786E-16
    0.276100457E-16
    0.252791917E-16
    0.253331214E-16
    0.262680607E-16
    0.246838979E-16
    0.281538141E-16
    0.364873862E-16
