 #tdnd tdcion
    0.366625920E-16
    0.374704275E-16
    0.285140319E-16
    0.334008613E-16
    0.328736318E-16
    0.293430577E-16
    0.265550034E-16
    0.373442092E-16
    0.266158297E-16
    0.316976101E-16
    0.305001199E-16
    0.243599128E-16
    0.318661350E-16
    0.323985474E-16
    0.300575519E-16
    0.224047354E-16
    0.315186720E-16
    0.251446819E-16
    0.276845201E-16
    0.245066484E-16
    0.282247405E-16
    0.361964941E-16
    0.459517468E-16
    0.371913893E-16
    0.433262560E-16
    0.339880611E-16
    0.466929208E-16
    0.547374748E-16
    0.438125959E-16
    0.522372391E-16
    0.527703033E-16
    0.513627435E-16
    0.470215001E-16
    0.334658110E-16
    0.329424929E-16
    0.335881063E-16
    0.403695660E-16
    0.299712306E-16
    0.397926523E-16
    0.263287692E-16
    0.285670133E-16
    0.376150766E-16
    0.417917953E-16
    0.402778448E-16
    0.473575161E-16
    0.408345131E-16
    0.256694466E-16
    0.310819963E-16
    0.213650274E-16
    0.275073212E-16
    0.348522062E-16
    0.285806216E-16
    0.464040925E-16
    0.305258203E-16
    0.340970920E-16
    0.388206633E-16
    0.420973427E-16
    0.288395896E-16
    0.304982282E-16
    0.327958844E-16
    0.269588743E-16
    0.221950109E-16
    0.310397314E-16
    0.323327731E-16
    0.354800817E-16
    0.275934323E-16
    0.315940948E-16
    0.323689562E-16
    0.332356147E-16
    0.309737122E-16
    0.404852292E-16
    0.444570885E-16
    0.294407471E-16
    0.251502103E-16
    0.271481714E-16
    0.187214197E-16
    0.310687718E-16
    0.269347880E-16
    0.326691108E-16
    0.317035814E-16
    0.258599132E-16
    0.349730836E-16
    0.384439772E-16
    0.206472774E-16
    0.391529363E-16
    0.410534251E-16
    0.274032595E-16
    0.273029311E-16
    0.284009166E-16
    0.227391959E-16
    0.239661851E-16
    0.284468291E-16
    0.274751469E-16
    0.331059556E-16
    0.254286039E-16
    0.291538614E-16
    0.337221036E-16
    0.351009084E-16
    0.277097267E-16
    0.396862218E-16
    0.376844525E-16
    0.231084747E-16
    0.211561778E-16
    0.275902497E-16
    0.213186809E-16
    0.304072759E-16
    0.301780424E-16
    0.297403270E-16
    0.291399715E-16
    0.215704990E-16
    0.309794971E-16
    0.374536344E-16
    0.248959879E-16
    0.390808850E-16
    0.370758284E-16
    0.256182069E-16
    0.239866871E-16
    0.231853152E-16
    0.252089256E-16
    0.193840137E-16
    0.336656103E-16
    0.253715632E-16
    0.299668777E-16
    0.287197512E-16
    0.210411839E-16
    0.261287685E-16
    0.404255830E-16
    0.240687578E-16
    0.397538170E-16
    0.324408037E-16
    0.204428415E-16
    0.212288285E-16
    0.282001466E-16
    0.244364815E-16
    0.244314062E-16
    0.337553170E-16
    0.307556532E-16
    0.249957325E-16
    0.278875784E-16
    0.257136381E-16
    0.279097958E-16
    0.341793315E-16
    0.269909582E-16
    0.349713566E-16
    0.293810418E-16
    0.249947696E-16
    0.276210343E-16
    0.275339822E-16
    0.211400493E-16
    0.274867193E-16
    0.316233160E-16
    0.309850507E-16
    0.360714316E-16
    0.238526524E-16
    0.242523131E-16
    0.285002495E-16
    0.384820574E-16
    0.294395556E-16
    0.439135042E-16
    0.424335604E-16
    0.413124835E-16
    0.296404133E-16
    0.433823168E-16
    0.341471482E-16
    0.382581839E-16
    0.435663567E-16
    0.386390364E-16
    0.340039830E-16
    0.368774461E-16
    0.409542983E-16
    0.590470433E-16
    0.475447112E-16
    0.579813545E-16
    0.532789148E-16
    0.471893069E-16
    0.421142532E-16
    0.408807663E-16
    0.499646399E-16
    0.297594724E-16
    0.504431627E-16
    0.380504633E-16
    0.414939563E-16
    0.472638596E-16
    0.431373622E-16
    0.359009476E-16
    0.496954868E-16
    0.418289919E-16
    0.354784350E-16
    0.457344349E-16
    0.406442113E-16
    0.452948986E-16
    0.303262979E-16
    0.429993435E-16
    0.414797546E-16
    0.420554669E-16
    0.439041408E-16
    0.390742684E-16
    0.450728611E-16
    0.292351178E-16
    0.376026118E-16
    0.507573958E-16
    0.396842406E-16
    0.511784008E-16
    0.488309501E-16
    0.414195781E-16
    0.370861133E-16
    0.435171234E-16
    0.377474851E-16
    0.288478874E-16
    0.493667457E-16
    0.336254281E-16
    0.416593961E-16
    0.459468061E-16
    0.337334880E-16
    0.241774282E-16
    0.267320154E-16
    0.456227723E-16
    0.326122135E-16
    0.444632235E-16
    0.419534877E-16
    0.428596034E-16
    0.324286416E-16
    0.274393261E-16
    0.448239359E-16
    0.389892535E-16
    0.472655628E-16
    0.468678341E-16
    0.388964144E-16
    0.377556555E-16
    0.336687069E-16
    0.337335316E-16
    0.258505817E-16
    0.466618714E-16
    0.495058568E-16
    0.364367172E-16
    0.445571330E-16
    0.448576664E-16
    0.428141928E-16
    0.274086661E-16
    0.415210228E-16
    0.384882645E-16
    0.478285854E-16
    0.424463307E-16
    0.487766399E-16
    0.373653985E-16
    0.420764348E-16
    0.427871339E-16
    0.364454780E-16
    0.372878572E-16
    0.525599494E-16
    0.476132308E-16
    0.368370950E-16
    0.551400303E-16
    0.426975023E-16
    0.538152402E-16
    0.432270408E-16
    0.330683741E-16
    0.618545538E-16
    0.403169795E-16
    0.345971951E-16
    0.418443817E-16
    0.490594798E-16
    0.452793059E-16
    0.409114753E-16
    0.388690368E-16
    0.480747529E-16
    0.544203250E-16
    0.426395882E-16
    0.504308746E-16
    0.397727098E-16
    0.484224166E-16
    0.402025437E-16
    0.507526581E-16
    0.394333705E-16
    0.425641471E-16
    0.282965985E-16
    0.361866407E-16
    0.432736312E-16
    0.503165022E-16
    0.415393438E-16
    0.396201428E-16
    0.374206454E-16
    0.459563545E-16
    0.518092914E-16
    0.499910339E-16
    0.508832764E-16
    0.476926598E-16
    0.497771767E-16
    0.450515040E-16
    0.374449757E-16
    0.366042237E-16
    0.321353048E-16
    0.404310654E-16
    0.419999627E-16
    0.414457530E-16
    0.387600144E-16
    0.377045983E-16
    0.518715655E-16
    0.444162608E-16
    0.554103869E-16
    0.479676890E-16
    0.418604695E-16
    0.631270103E-16
    0.523056977E-16
    0.486087224E-16
    0.462305535E-16
    0.513135585E-16
    0.389043233E-16
    0.480578723E-16
    0.519892452E-16
    0.546294101E-16
    0.432948370E-16
    0.392874514E-16
    0.499568491E-16
    0.479264846E-16
    0.587858099E-16
    0.616773100E-16
    0.762008817E-16
    0.620837339E-16
    0.711487999E-16
    0.557638802E-16
    0.550584491E-16
    0.616182110E-16
    0.636127089E-16
    0.509755580E-16
    0.672846003E-16
    0.584339164E-16
    0.622868284E-16
    0.552904614E-16
    0.580080325E-16
    0.636848978E-16
    0.693666026E-16
    0.697166827E-16
    0.705161468E-16
    0.740493846E-16
    0.659260597E-16
    0.603375842E-16
    0.748677402E-16
    0.752695217E-16
    0.569905113E-16
    0.729146378E-16
    0.727807561E-16
    0.762437824E-16
    0.720182736E-16
    0.637767056E-16
    0.669973338E-16
    0.619602307E-16
    0.787460091E-16
    0.831657179E-16
    0.649572367E-16
    0.828819707E-16
    0.683624041E-16
    0.735041151E-16
    0.804991500E-16
    0.693221690E-16
    0.728934325E-16
    0.856421861E-16
    0.757844938E-16
    0.709555589E-16
    0.730746742E-16
    0.617039729E-16
    0.603798556E-16
    0.823282332E-16
    0.871427134E-16
    0.804462315E-16
    0.981785386E-16
    0.758033224E-16
    0.739246951E-16
    0.828610506E-16
    0.875395287E-16
    0.913939888E-16
    0.791728261E-16
    0.820379400E-16
    0.853828155E-16
    0.790092603E-16
    0.691953198E-16
    0.766901839E-16
    0.866953118E-16
    0.988224816E-16
    0.102881206E-15
    0.805709434E-16
    0.824145837E-16
    0.809536688E-16
    0.935064124E-16
    0.106103624E-15
    0.107827462E-15
    0.858891387E-16
    0.115679171E-15
    0.120998872E-15
    0.997962721E-16
    0.101210994E-15
    0.980500963E-16
    0.916051695E-16
    0.100361940E-15
    0.103292843E-15
    0.892861511E-16
    0.109746153E-15
    0.961662616E-16
    0.113504719E-15
    0.109536578E-15
    0.125065262E-15
    0.120064460E-15
    0.142090420E-15
    0.131891540E-15
    0.117706494E-15
    0.122742148E-15
    0.116475245E-15
    0.117880282E-15
    0.134255914E-15
    0.148850387E-15
    0.135839165E-15
    0.141211805E-15
    0.128104665E-15
    0.129414008E-15
    0.101598230E-15
    0.140005590E-15
    0.148228266E-15
    0.134974879E-15
    0.130276418E-15
    0.137815069E-15
    0.157071114E-15
    0.154025091E-15
    0.167723702E-15
    0.163515291E-15
    0.192869076E-15
    0.186570604E-15
    0.163545576E-15
    0.154397658E-15
    0.145057390E-15
    0.139888241E-15
    0.179025472E-15
    0.182972019E-15
    0.147237999E-15
    0.169556792E-15
    0.182761993E-15
    0.168441718E-15
    0.173453517E-15
    0.191237694E-15
    0.190819457E-15
    0.200145952E-15
    0.213040104E-15
    0.183963295E-15
    0.206765516E-15
    0.208039129E-15
    0.219097964E-15
    0.236034949E-15
    0.224520812E-15
    0.205404092E-15
    0.202415439E-15
    0.199803493E-15
    0.190746401E-15
    0.207776813E-15
    0.218111278E-15
    0.222965736E-15
    0.229032483E-15
    0.246069311E-15
    0.236968779E-15
    0.251989744E-15
    0.268269894E-15
    0.267209661E-15
    0.241685535E-15
    0.256164203E-15
    0.267830034E-15
    0.256419463E-15
    0.248423498E-15
    0.267749642E-15
    0.284550972E-15
    0.278041894E-15
    0.266441255E-15
    0.264435028E-15
    0.270768559E-15
    0.276924264E-15
    0.273719002E-15
    0.298078006E-15
    0.291674845E-15
    0.264943503E-15
    0.330544343E-15
    0.356062614E-15
    0.314316968E-15
    0.304239507E-15
    0.331762011E-15
    0.332655248E-15
    0.312717299E-15
    0.322971951E-15
    0.302639677E-15
    0.331489819E-15
    0.347070093E-15
    0.337902051E-15
    0.363040419E-15
    0.347710820E-15
    0.333745344E-15
    0.396514613E-15
    0.378670247E-15
    0.347006967E-15
    0.347666354E-15
    0.390373979E-15
    0.406616718E-15
    0.399769847E-15
    0.432011470E-15
    0.403956701E-15
    0.430268332E-15
    0.448257568E-15
    0.414678287E-15
    0.426234241E-15
    0.416393415E-15
    0.432789868E-15
    0.465429516E-15
    0.456502637E-15
    0.470559836E-15
    0.497718877E-15
    0.526128514E-15
    0.536740799E-15
    0.556399223E-15
    0.565350738E-15
    0.551021463E-15
    0.563959066E-15
    0.603046554E-15
    0.581403767E-15
    0.639052521E-15
    0.657742273E-15
    0.702941453E-15
    0.681592229E-15
    0.699612543E-15
    0.743690337E-15
    0.746631431E-15
    0.739039798E-15
    0.791211541E-15
    0.854884138E-15
    0.879470425E-15
    0.909325347E-15
    0.965046191E-15
    0.105025880E-14
    0.107273782E-14
    0.110659636E-14
    0.118703472E-14
    0.120085616E-14
    0.117451445E-14
    0.126169729E-14
    0.136465642E-14
    0.141608112E-14
    0.143772842E-14
    0.155479664E-14
    0.167442513E-14
    0.169371112E-14
    0.174207359E-14
    0.181478175E-14
    0.196524235E-14
    0.201028252E-14
    0.218385141E-14
    0.238157416E-14
    0.248002597E-14
    0.254024081E-14
    0.282522310E-14
    0.299982207E-14
    0.315254236E-14
    0.323830896E-14
    0.355028901E-14
    0.381045463E-14
    0.400630240E-14
    0.430428375E-14
    0.468783471E-14
    0.517207814E-14
    0.545149797E-14
    0.598702619E-14
    0.656513247E-14
    0.705429989E-14
    0.763596529E-14
    0.860151292E-14
    0.964700020E-14
    0.106861203E-13
    0.118379831E-13
    0.133953245E-13
    0.150304363E-13
    0.167245685E-13
    0.187392627E-13
    0.213197527E-13
    0.241802925E-13
    0.271103126E-13
    0.312563915E-13
    0.355839015E-13
    0.404427548E-13
    0.457138926E-13
    0.524173629E-13
    0.599801738E-13
    0.682439207E-13
    0.777113380E-13
    0.894073130E-13
    0.102344033E-12
    0.117391823E-12
    0.134217770E-12
    0.154375345E-12
    0.176698164E-12
    0.201423118E-12
    0.231728737E-12
    0.265037279E-12
    0.303365461E-12
    0.346286123E-12
    0.397138592E-12
    0.455849857E-12
    0.519623891E-12
    0.593980464E-12
    0.678439434E-12
    0.774134830E-12
    0.882740782E-12
    0.100538299E-11
    0.114773067E-11
    0.130718194E-11
    0.148804980E-11
    0.169829927E-11
    0.193100933E-11
    0.219646313E-11
    0.249261453E-11
    0.283491041E-11
    0.322324761E-11
    0.365505306E-11
    0.415024646E-11
    0.470984013E-11
    0.534149637E-11
    0.605663079E-11
    0.685710823E-11
    0.777001801E-11
    0.879069302E-11
    0.994391526E-11
    0.112530094E-10
    0.127167818E-10
    0.143726944E-10
    0.162259535E-10
    0.183353208E-10
    0.207064160E-10
    0.233468035E-10
    0.263424962E-10
    0.296905501E-10
    0.334679967E-10
    0.377092724E-10
    0.424679470E-10
    0.478303338E-10
    0.538341560E-10
    0.605808755E-10
    0.681590088E-10
    0.766271447E-10
    0.861382479E-10
    0.967606273E-10
    0.108733742E-09
    0.122119787E-09
    0.137064765E-09
    0.153861266E-09
    0.172605139E-09
    0.193620908E-09
    0.217108870E-09
    0.243332147E-09
    0.272688202E-09
    0.305454409E-09
    0.342105035E-09
    0.383041962E-09
    0.428734456E-09
    0.479760317E-09
    0.536626504E-09
    0.600237836E-09
    0.671069432E-09
    0.749979390E-09
    0.838085674E-09
    0.936101063E-09
    0.104551691E-08
    0.116727779E-08
    0.130284723E-08
    0.145376024E-08
    0.162174021E-08
    0.180864244E-08
    0.201647133E-08
    0.224754406E-08
    0.250440368E-08
    0.278972811E-08
    0.310715003E-08
    0.345942872E-08
    0.385064797E-08
    0.428504656E-08
    0.476684346E-08
    0.530181535E-08
    0.589491436E-08
    0.655253049E-08
    0.728158123E-08
    0.808983807E-08
    0.898535176E-08
    0.997711760E-08
    0.110755341E-07
    0.122912143E-07
    0.136365856E-07
    0.151257319E-07
    0.167723455E-07
    0.185934619E-07
    0.206064910E-07
    0.228310548E-07
    0.252899506E-07
    0.280052451E-07
    0.310037284E-07
    0.343133713E-07
    0.379672765E-07
    0.419977792E-07
    0.464435610E-07
    0.513464674E-07
    0.567508319E-07
    0.627072989E-07
    0.692708420E-07
    0.764998546E-07
    0.844605577E-07
    0.932224045E-07
    0.102866054E-06
    0.113477085E-06
    0.125147603E-06
    0.137980367E-06
    0.152086541E-06
    0.167591698E-06
    0.184623977E-06
    0.203331821E-06
    0.223874337E-06
    0.246421945E-06
    0.271167020E-06
    0.298314357E-06
    0.328090378E-06
    0.360737907E-06
    0.396521000E-06
    0.435736992E-06
    0.478697832E-06
    0.525747893E-06
    0.577261056E-06
    0.633642694E-06
    0.695345016E-06
    0.762836405E-06
    0.836649930E-06
    0.917349465E-06
    0.100554961E-05
    0.110192361E-05
    0.120719505E-05
    0.132215977E-05
    0.144766028E-05
    0.158462563E-05
    0.173407226E-05
    0.189707501E-05
    0.207482227E-05
    0.226858165E-05
    0.247973348E-05
    0.270978488E-05
    0.296033398E-05
    0.323314345E-05
    0.353009200E-05
    0.385322372E-05
    0.420474566E-05
    0.458703679E-05
    0.500268467E-05
    0.545442765E-05
    0.594527733E-05
    0.647846569E-05
    0.705745362E-05
    0.768601269E-05
    0.836816144E-05
    0.910824676E-05
    0.991097375E-05
    0.107813585E-04
    0.117248340E-04
    0.127472107E-04
    0.138547738E-04
    0.150542403E-04
    0.163528622E-04
    0.177584285E-04
    0.192792231E-04
    0.209242513E-04
    0.227030934E-04
    0.246260549E-04
    0.267041996E-04
    0.289493337E-04
    0.313741244E-04
    0.339921865E-04
    0.368180506E-04
    0.398672526E-04
    0.431564313E-04
    0.467034194E-04
    0.505271802E-04
    0.546481016E-04
    0.590878838E-04
    0.638696633E-04
    0.690182468E-04
    0.745599897E-04
    0.805231284E-04
    0.869376746E-04
    0.938356359E-04
    0.101251073E-03
    0.109220362E-03
    0.117782205E-03
    0.126977653E-03
    0.136850565E-03
    0.147447508E-03
    0.158817895E-03
    0.171014420E-03
    0.184092892E-03
    0.198112616E-03
    0.213136531E-03
    0.229231362E-03
    0.246468076E-03
    0.264921611E-03
    0.284671646E-03
    0.305802307E-03
    0.328402907E-03
    0.352567960E-03
    0.378397181E-03
    0.405996379E-03
    0.435477164E-03
    0.466957503E-03
    0.500562145E-03
    0.536422617E-03
    0.574677901E-03
    0.615474298E-03
    0.658966379E-03
    0.705317056E-03
    0.754697635E-03
    0.807289020E-03
    0.863281073E-03
    0.922873888E-03
    0.986278089E-03
    0.105371456E-02
    0.112541596E-02
    0.120162612E-02
    0.128260154E-02
    0.136861090E-02
    0.145993646E-02
    0.155687387E-02
    0.165973272E-02
    0.176883782E-02
    0.188452896E-02
    0.200716156E-02
    0.213710791E-02
    0.227475642E-02
    0.242051332E-02
    0.257480333E-02
    0.273806917E-02
    0.291077309E-02
    0.309339697E-02
    0.328644383E-02
    0.349043645E-02
    0.370592068E-02
    0.393346350E-02
    0.417365500E-02
    0.442710901E-02
    0.469446320E-02
    0.497637986E-02
    0.527354674E-02
    0.558667695E-02
    0.591650983E-02
    0.626381251E-02
    0.662937886E-02
    0.701403040E-02
    0.741861776E-02
    0.784402078E-02
    0.829114694E-02
    0.876093620E-02
    0.925435645E-02
    0.977240747E-02
    0.103161193E-01
    0.108865537E-01
    0.114848039E-01
    0.121119943E-01
    0.127692823E-01
    0.134578559E-01
    0.141789368E-01
    0.149337781E-01
    0.157236645E-01
    0.165499143E-01
    0.174138764E-01
    0.183169314E-01
    0.192604929E-01
    0.202460039E-01
    0.212749392E-01
    0.223488027E-01
    0.234691296E-01
    0.246374828E-01
    0.258554536E-01
    0.271246624E-01
    0.284467534E-01
    0.298233980E-01
    0.312562926E-01
    0.327471555E-01
    0.342977283E-01
    0.359097719E-01
    0.375850682E-01
    0.393254147E-01
    0.411326268E-01
    0.430085320E-01
    0.449549710E-01
    0.469737951E-01
    0.490668639E-01
    0.512360416E-01
    0.534831991E-01
    0.558102046E-01
    0.582189272E-01
    0.607112329E-01
    0.632889809E-01
    0.659540191E-01
    0.687081853E-01
    0.715533040E-01
    0.744911755E-01
    0.775235865E-01
    0.806522929E-01
    0.838790267E-01
    0.872054868E-01
    0.906333397E-01
    0.941642113E-01
    0.977996889E-01
    0.101541313E+00
    0.105390575E+00
    0.109348918E+00
    0.113417725E+00
    0.117598321E+00
    0.121891969E+00
    0.126299867E+00
    0.130823135E+00
    0.135462831E+00
    0.140219925E+00
    0.145095312E+00
    0.150089800E+00
    0.155204112E+00
    0.160438876E+00
    0.165794627E+00
    0.171271806E+00
    0.176870747E+00
    0.182591684E+00
    0.188434744E+00
    0.194399943E+00
    0.200487188E+00
    0.206696269E+00
    0.213026858E+00
    0.219478510E+00
    0.226050659E+00
    0.232742613E+00
    0.239553555E+00
    0.246482547E+00
    0.253528515E+00
    0.260690260E+00
    0.267966454E+00
    0.275355632E+00
    0.282856199E+00
    0.290466429E+00
    0.298184461E+00
    0.306008298E+00
    0.313935812E+00
    0.321964740E+00
    0.330092682E+00
    0.338317110E+00
    0.346635354E+00
    0.355044619E+00
    0.363541971E+00
    0.372124350E+00
    0.380788560E+00
    0.389531275E+00
    0.398349041E+00
    0.407238273E+00
    0.416195259E+00
    0.425216167E+00
    0.434297021E+00
    0.443433738E+00
    0.452622107E+00
    0.461857783E+00
    0.471136315E+00
    0.480453117E+00
    0.489803493E+00
    0.499182618E+00
    0.508585559E+00
    0.518007255E+00
    0.527442533E+00
    0.536886105E+00
    0.546332564E+00
    0.555776389E+00
    0.565211947E+00
    0.574633482E+00
    0.584035139E+00
    0.593410943E+00
    0.602754803E+00
    0.612060526E+00
    0.621321804E+00
    0.630532221E+00
    0.639685249E+00
    0.648774263E+00
    0.657792525E+00
    0.666733197E+00
    0.675589340E+00
    0.684353915E+00
    0.693019787E+00
    0.701579726E+00
    0.710026422E+00
    0.718352466E+00
    0.726550379E+00
    0.734612600E+00
    0.742531498E+00
    0.750299382E+00
    0.757908498E+00
    0.765351045E+00
    0.772619183E+00
    0.779705034E+00
    0.786600702E+00
    0.793298272E+00
    0.799789834E+00
    0.806067484E+00
    0.812123342E+00
    0.817949574E+00
    0.823538376E+00
    0.828882032E+00
    0.833972898E+00
    0.838803426E+00
    0.843366191E+00
    0.847653894E+00
    0.851659394E+00
    0.855375714E+00
    0.858796076E+00
    0.861913904E+00
    0.864722855E+00
    0.867216838E+00
    0.869390032E+00
    0.871236905E+00
    0.872752242E+00
    0.873931151E+00
    0.874769106E+00
    0.875261950E+00
    0.875405911E+00
    0.875197636E+00
    0.874634201E+00
    0.873713126E+00
    0.872432396E+00
    0.870790477E+00
    0.868786330E+00
    0.866419422E+00
    0.863689741E+00
    0.860597804E+00
    0.857144671E+00
    0.853331941E+00
    0.849161780E+00
    0.844636899E+00
    0.839760579E+00
    0.834536655E+00
    0.828969522E+00
    0.823064138E+00
    0.816826008E+00
    0.810261181E+00
    0.803376242E+00
    0.796178304E+00
    0.788674991E+00
    0.780874420E+00
    0.772785194E+00
    0.764416377E+00
    0.755777473E+00
    0.746878419E+00
    0.737729529E+00
    0.728341505E+00
    0.718725397E+00
    0.708892564E+00
    0.698854667E+00
    0.688623623E+00
    0.678211583E+00
    0.667630896E+00
    0.656894083E+00
    0.646013802E+00
    0.635002813E+00
    0.623873950E+00
    0.612640086E+00
    0.601314104E+00
    0.589908857E+00
    0.578437143E+00
    0.566911674E+00
    0.555345049E+00
    0.543749709E+00
    0.532137928E+00
    0.520521770E+00
    0.508913075E+00
    0.497323424E+00
    0.485764123E+00
    0.474246172E+00
    0.462780259E+00
    0.451376723E+00
    0.440045549E+00
    0.428796348E+00
    0.417638340E+00
    0.406580352E+00
    0.395630792E+00
    0.384797658E+00
    0.374088512E+00
    0.363510489E+00
    0.353070287E+00
    0.342774165E+00
    0.332627945E+00
    0.322637009E+00
    0.312806301E+00
    0.303140344E+00
    0.293643222E+00
    0.284318605E+00
    0.275169752E+00
    0.266199511E+00
    0.257410348E+00
    0.248804331E+00
    0.240383164E+00
    0.232148191E+00
    0.224100405E+00
    0.216240467E+00
    0.208568716E+00
    0.201085187E+00
    0.193789619E+00
    0.186681477E+00
    0.179759962E+00
    0.173024026E+00
    0.166472388E+00
    0.160103551E+00
    0.153915809E+00
    0.147907272E+00
    0.142075867E+00
    0.136419364E+00
    0.130935384E+00
    0.125621411E+00
    0.120474807E+00
    0.115492819E+00
    0.110672601E+00
    0.106011216E+00
    0.101505649E+00
    0.971528199E-01
    0.929495912E-01
    0.888927758E-01
    0.849791501E-01
    0.812054584E-01
    0.775684207E-01
    0.740647444E-01
    0.706911252E-01
    0.674442587E-01
    0.643208420E-01
    0.613175826E-01
    0.584312010E-01
    0.556584381E-01
    0.529960575E-01
    0.504408502E-01
    0.479896371E-01
    0.456392769E-01
    0.433866618E-01
    0.412287279E-01
    0.391624522E-01
    0.371848569E-01
    0.352930145E-01
    0.334840431E-01
    0.317551141E-01
    0.301034507E-01
    0.285263306E-01
    0.270210865E-01
    0.255851058E-01
    0.242158351E-01
    0.229107767E-01
    0.216674922E-01
    0.204836022E-01
    0.193567858E-01
    0.182847822E-01
    0.172653901E-01
    0.162964677E-01
    0.153759336E-01
    0.145017647E-01
    0.136719980E-01
    0.128847303E-01
    0.121381161E-01
    0.114303691E-01
    0.107597596E-01
    0.101246166E-01
    0.952332449E-02
    0.895432461E-02
    0.841611182E-02
    0.790723707E-02
    0.742630283E-02
    0.697196585E-02
    0.654293286E-02
    0.613796156E-02
    0.575585893E-02
    0.539548020E-02
    0.505572758E-02
    0.473554901E-02
    0.443393734E-02
    0.414992880E-02
    0.388260170E-02
    0.363107567E-02
    0.339450987E-02
    0.317210152E-02
    0.296308573E-02
    0.276673280E-02
    0.258234816E-02
    0.240927041E-02
    0.224687007E-02
    0.209454922E-02
    0.195173906E-02
    0.181789936E-02
    0.169251740E-02
    0.157510653E-02
    0.146520537E-02
    0.136237606E-02
    0.126620422E-02
    0.117629685E-02
    0.109228221E-02
    0.101380823E-02
    0.940542011E-03
    0.872168363E-03
    0.808389831E-03
    0.748924711E-03
    0.693507496E-03
    0.641886858E-03
    0.593825876E-03
    0.549100920E-03
    0.507500954E-03
    0.468826998E-03
    0.432891441E-03
    0.399517451E-03
    0.368538457E-03
    0.339797727E-03
    0.313147498E-03
    0.288448973E-03
    0.265571383E-03
    0.244392022E-03
    0.224795404E-03
    0.206673112E-03
    0.189923349E-03
    0.174450644E-03
    0.160165434E-03
    0.146983729E-03
    0.134826902E-03
    0.123621367E-03
    0.113298173E-03
    0.103792949E-03
    0.950454898E-04
    0.869995443E-04
    0.796026895E-04
    0.728059956E-04
    0.665638539E-04
    0.608338883E-04
    0.555764941E-04
    0.507550588E-04
    0.463354153E-04
    0.422858873E-04
    0.385770983E-04
    0.351818244E-04
    0.320748481E-04
    0.292328355E-04
    0.266342188E-04
    0.242590502E-04
    0.220889368E-04
    0.201068983E-04
    0.182972995E-04
    0.166456917E-04
    0.151388486E-04
    0.137645288E-04
    0.125115568E-04
    0.113696011E-04
    0.103292097E-04
    0.938171534E-05
    0.851915254E-05
    0.773422188E-05
    0.702025245E-05
    0.637111739E-05
    0.578121323E-05
    0.524542710E-05
    0.475905391E-05
    0.431781660E-05
    0.391778148E-05
    0.355536046E-05
    0.322728157E-05
    0.293052928E-05
    0.266236537E-05
    0.242028145E-05
    0.220198026E-05
    0.200535720E-05
    0.182849065E-05
    0.166962215E-05
    0.152713454E-05
    0.139955371E-05
    0.128552924E-05
    0.118381407E-05
    0.109327690E-05
    0.101287697E-05
    0.941651628E-06
    0.878735556E-06
    0.823309960E-06
    0.774647715E-06
    0.732068252E-06
    0.694948176E-06
    0.662721521E-06
    0.634864474E-06
    0.610900470E-06
    0.590388724E-06
    0.572931436E-06
    0.558159687E-06
    0.545739488E-06
    0.535363104E-06
    0.526756613E-06
    0.519661950E-06
    0.513852943E-06
    0.509118307E-06
    0.505273005E-06
    0.502144897E-06
    0.499581723E-06
    0.497448440E-06
    0.495620385E-06
    0.493992403E-06
    0.492465468E-06
    0.490958075E-06
    0.489397091E-06
    0.487717511E-06
    0.485865598E-06
    0.483797067E-06
    0.481471708E-06
    0.478858548E-06
    0.475933650E-06
    0.472677114E-06
    0.469076499E-06
    0.465121533E-06
    0.460809107E-06
    0.456136342E-06
    0.451109520E-06
    0.445729088E-06
    0.440008647E-06
    0.433957159E-06
    0.427585887E-06
    0.420911789E-06
    0.413950983E-06
    0.406719422E-06
    0.399236679E-06
    0.391521216E-06
    0.383593074E-06
    0.375473391E-06
    0.367180941E-06
    0.358738232E-06
    0.350164741E-06
    0.341482580E-06
    0.332708288E-06
    0.323866641E-06
    0.314973590E-06
    0.306048220E-06
    0.297110493E-06
    0.288177818E-06
    0.279266101E-06
    0.270392899E-06
    0.261572285E-06
    0.252820523E-06
    0.244150396E-06
    0.235574953E-06
    0.227106978E-06
    0.218757718E-06
    0.210537426E-06
    0.202455022E-06
    0.194521569E-06
    0.186742686E-06
    0.179126159E-06
    0.171679259E-06
    0.164406787E-06
    0.157313840E-06
    0.150403885E-06
    0.143681104E-06
    0.137148006E-06
    0.130806706E-06
    0.124658315E-06
    0.118704551E-06
    0.112944855E-06
    0.107379234E-06
    0.102006806E-06
    0.968272988E-07
    0.918376742E-07
    0.870372263E-07
    0.824230842E-07
    0.779928356E-07
    0.737432476E-07
    0.696704742E-07
    0.657718578E-07
    0.620433398E-07
    0.584807734E-07
    0.550804456E-07
    0.518379494E-07
    0.487487685E-07
    0.458083813E-07
    0.430126464E-07
    0.403564851E-07
    0.378353356E-07
    0.354447518E-07
    0.331798519E-07
    0.310361351E-07
    0.290090582E-07
    0.270932155E-07
    0.252853129E-07
    0.235798850E-07
    0.219730005E-07
    0.204601076E-07
    0.190370908E-07
    0.176994242E-07
    0.164435325E-07
    0.152653211E-07
    0.141607439E-07
    0.131263086E-07
    0.121583761E-07
    0.112532138E-07
    0.104078104E-07
    0.961867689E-08
    0.888249208E-08
    0.819679551E-08
    0.755827679E-08
    0.696433947E-08
    0.641235357E-08
    0.589967767E-08
    0.542388224E-08
    0.498287047E-08
    0.457432652E-08
    0.419604857E-08
    0.384634913E-08
    0.352311883E-08
    0.322467184E-08
    0.294941407E-08
    0.269567879E-08
    0.246185471E-08
    0.224678898E-08
    0.204893580E-08
    0.186718373E-08
    0.170031735E-08
    0.154725041E-08
    0.140691030E-08
    0.127846201E-08
    0.116085803E-08
    0.105329850E-08
    0.955073510E-09
    0.865339987E-09
    0.783495067E-09
    0.708923452E-09
    0.640994084E-09
    0.579148146E-09
    0.522916149E-09
    0.471823790E-09
    0.425417443E-09
    0.383332833E-09
    0.345164683E-09
    0.310583708E-09
    0.279288769E-09
    0.250969404E-09
    0.225375106E-09
    0.202278000E-09
    0.181402629E-09
    0.162594631E-09
    0.145636909E-09
    0.130369318E-09
    0.116616479E-09
    0.104246179E-09
    0.931408993E-10
    0.831618504E-10
    0.742163661E-10
    0.661901572E-10
    0.589902097E-10
    0.525359470E-10
    0.467636904E-10
    0.416026659E-10
    0.369923152E-10
    0.328654907E-10
    0.291909769E-10
    0.259054978E-10
    0.229822605E-10
    0.203727541E-10
    0.180457947E-10
    0.159798800E-10
    0.141397569E-10
    0.125072787E-10
    0.110572555E-10
    0.976617787E-11
    0.861932217E-11
    0.760797631E-11
    0.671024751E-11
    0.591329946E-11
    0.520655502E-11
    0.458274349E-11
    0.402894977E-11
    0.354259462E-11
    0.311269629E-11
    0.273120519E-11
    0.239606497E-11
    0.209997137E-11
    0.183892820E-11
    0.160958627E-11
    0.140587275E-11
    0.122675449E-11
    0.107194740E-11
    0.934502747E-12
    0.813778278E-12
    0.708075240E-12
    0.615386687E-12
    0.533425996E-12
    0.462742969E-12
    0.400790670E-12
    0.346154963E-12
    0.298768980E-12
    0.257901414E-12
    0.221890825E-12
    0.191313457E-12
    0.163707976E-12
    0.140176728E-12
    0.119931734E-12
    0.102204947E-12
    0.868119449E-13
    0.740169137E-13
    0.625441227E-13
    0.528817659E-13
    0.445657972E-13
    0.375893052E-13
    0.312448983E-13
    0.260518649E-13
    0.216206098E-13
    0.178471772E-13
    0.147922539E-13
    0.120889186E-13
    0.983749054E-14
    0.806950974E-14
    0.649993546E-14
    0.524055474E-14
    0.426064485E-14
    0.339010236E-14
    0.270247226E-14
    0.221455770E-14
    0.184334327E-14
    0.149895286E-14
    0.128069808E-14
    0.112964421E-14
    0.100111222E-14
    0.941181560E-15
    0.864150863E-15
    0.860774898E-15
    0.885539013E-15
    0.887108705E-15
    0.889813152E-15
    0.920822591E-15
    0.957268190E-15
    0.972614454E-15
    0.106161612E-14
    0.109796389E-14
    0.111980318E-14
    0.116324837E-14
    0.121277768E-14
    0.124421743E-14
    0.126940694E-14
    0.126156251E-14
    0.136242416E-14
    0.137971027E-14
    0.140638800E-14
    0.143061501E-14
    0.145912470E-14
    0.142847593E-14
    0.144704764E-14
    0.147114562E-14
    0.146200537E-14
    0.141392083E-14
    0.145719710E-14
    0.144305232E-14
    0.142495115E-14
    0.138252245E-14
    0.132934742E-14
    0.134956912E-14
    0.130849683E-14
    0.126195510E-14
    0.124990127E-14
    0.124084633E-14
    0.116847035E-14
    0.117686010E-14
    0.117255696E-14
    0.114166729E-14
    0.107140805E-14
    0.109492766E-14
    0.108182935E-14
    0.105528293E-14
    0.105042539E-14
    0.104104357E-14
    0.105112146E-14
    0.102632080E-14
    0.997523287E-15
    0.100267731E-14
    0.968506305E-15
    0.949280740E-15
    0.961477865E-15
    0.961615071E-15
    0.930955175E-15
    0.892265835E-15
    0.890850452E-15
    0.854976434E-15
    0.822072616E-15
    0.802382584E-15
    0.780193213E-15
    0.764395358E-15
    0.726173881E-15
    0.693408121E-15
    0.689877100E-15
    0.642247105E-15
    0.619675788E-15
    0.606499411E-15
    0.580446267E-15
    0.568877722E-15
    0.543425346E-15
    0.520849174E-15
    0.521986604E-15
    0.507234745E-15
    0.520378690E-15
    0.489651745E-15
    0.476985624E-15
    0.479564279E-15
    0.466322019E-15
    0.476907968E-15
    0.468195380E-15
    0.483740230E-15
    0.466593325E-15
    0.468404724E-15
    0.477554842E-15
    0.471536540E-15
    0.441767791E-15
    0.466663957E-15
    0.460315119E-15
    0.465141355E-15
    0.437285695E-15
    0.447719745E-15
    0.443015688E-15
    0.422130611E-15
    0.409470031E-15
    0.407142237E-15
    0.391384240E-15
    0.369000052E-15
    0.373261926E-15
    0.368797283E-15
    0.346907307E-15
    0.327235567E-15
    0.315496933E-15
    0.301044623E-15
    0.266702236E-15
    0.271173400E-15
    0.259717779E-15
    0.243086941E-15
    0.228954665E-15
    0.208695634E-15
    0.202481108E-15
    0.179169822E-15
    0.170621264E-15
    0.160227472E-15
    0.144659899E-15
    0.137081578E-15
    0.142524627E-15
    0.118175337E-15
    0.111525854E-15
    0.934551726E-16
    0.975281837E-16
    0.922060345E-16
    0.732556043E-16
    0.809287592E-16
    0.695810064E-16
    0.658353155E-16
    0.598026776E-16
    0.566752868E-16
    0.510986177E-16
    0.521786529E-16
    0.422940392E-16
    0.425437389E-16
    0.546142816E-16
    0.451734719E-16
    0.416415100E-16
    0.277040095E-16
    0.369277241E-16
    0.337558214E-16
    0.368435328E-16
    0.249139072E-16
    0.386198000E-16
    0.306198269E-16
    0.254177097E-16
    0.324347544E-16
    0.324961456E-16
    0.296793808E-16
    0.206675968E-16
    0.378434282E-16
    0.299354802E-16
    0.224787517E-16
    0.235185911E-16
    0.335248376E-16
    0.254213939E-16
    0.299318726E-16
    0.237623416E-16
    0.323769136E-16
    0.253205692E-16
    0.237930983E-16
    0.301328774E-16
    0.296335423E-16
    0.267028954E-16
    0.172122137E-16
    0.368983932E-16
    0.339720824E-16
    0.270876039E-16
    0.201517525E-16
    0.267690093E-16
    0.285027479E-16
    0.317072935E-16
    0.202781099E-16
    0.330654636E-16
    0.256487863E-16
    0.239770532E-16
    0.276846774E-16
    0.302706605E-16
    0.296308388E-16
    0.189493701E-16
    0.352424688E-16
    0.327371000E-16
    0.246080922E-16
    0.236121171E-16
    0.272382781E-16
    0.235113790E-16
    0.305015833E-16
    0.237112763E-16
    0.321793312E-16
    0.255322156E-16
    0.217501649E-16
    0.309937361E-16
    0.319356892E-16
    0.260126746E-16
    0.201982830E-16
    0.285799728E-16
    0.332773869E-16
    0.275812616E-16
    0.185653826E-16
    0.236928054E-16
    0.298776904E-16
    0.331932475E-16
    0.243171002E-16
    0.301866010E-16
    0.252702580E-16
    0.255910870E-16
    0.244554388E-16
    0.283607534E-16
    0.309063661E-16
    0.204250528E-16
    0.325244324E-16
    0.359227162E-16
    0.272547040E-16
    0.245476573E-16
    0.263320777E-16
    0.220859170E-16
    0.312213204E-16
    0.259091760E-16
    0.307467012E-16
    0.261014938E-16
    0.232771202E-16
    0.307967428E-16
    0.337096012E-16
    0.273881015E-16
    0.240564600E-16
    0.227532918E-16
    0.319542891E-16
    0.279684000E-16
    0.204340360E-16
    0.228081077E-16
    0.295553624E-16
    0.325244837E-16
    0.258578328E-16
    0.293308531E-16
    0.251243360E-16
    0.257856390E-16
    0.217405141E-16
    0.251922817E-16
    0.293705365E-16
    0.238458592E-16
    0.248588136E-16
    0.336484545E-16
    0.319278470E-16
    0.216735227E-16
    0.245215080E-16
    0.230138648E-16
    0.315893894E-16
    0.274117429E-16
    0.289539421E-16
    0.236409744E-16
    0.246941011E-16
    0.259006314E-16
    0.316550904E-16
    0.283645852E-16
    0.252229730E-16
    0.225457539E-16
    0.344464729E-16
    0.270920085E-16
    0.215012098E-16
    0.240820179E-16
    0.298143904E-16
    0.310492916E-16
    0.258066666E-16
    0.275213324E-16
    0.255960766E-16
    0.238843428E-16
    0.238364351E-16
    0.250973681E-16
    0.290800711E-16
    0.277513221E-16
    0.223932425E-16
    0.289354937E-16
    0.333629575E-16
    0.188472952E-16
    0.235761973E-16
    0.260305836E-16
    0.294793306E-16
    0.251179103E-16
    0.309516495E-16
    0.230957504E-16
    0.233555153E-16
    0.210221109E-16
    0.264157142E-16
    0.293095757E-16
    0.237829265E-16
    0.208587990E-16
    0.341842773E-16
    0.296176303E-16
    0.217846074E-16
    0.258025313E-16
    0.287108619E-16
    0.294256275E-16
    0.255380336E-16
    0.249106990E-16
    0.242914750E-16
    0.222379157E-16
    0.248158624E-16
    0.264306565E-16
    0.293349438E-16
    0.279043226E-16
    0.225229540E-16
    0.287829432E-16
    0.309020426E-16
    0.160615799E-16
    0.226398572E-16
    0.327250908E-16
    0.291070312E-16
    0.223680949E-16
    0.301591089E-16
    0.263638756E-16
    0.179905930E-16
    0.203231476E-16
    0.217018397E-16
    0.305630035E-16
    0.256065209E-16
    0.236259533E-16
    0.292068719E-16
    0.305036746E-16
    0.216898037E-16
    0.278384548E-16
    0.248797268E-16
    0.247135303E-16
    0.231686547E-16
    0.255256173E-16
    0.252096851E-16
    0.192323001E-16
    0.242857594E-16
    0.276170143E-16
    0.319726024E-16
    0.244422383E-16
    0.200327027E-16
    0.292259676E-16
    0.295372032E-16
    0.192719726E-16
    0.257459167E-16
    0.307522861E-16
    0.283758191E-16
    0.268779277E-16
    0.213010316E-16
    0.250867622E-16
    0.173088236E-16
    0.218800545E-16
    0.242252105E-16
    0.288591696E-16
    0.233501284E-16
    0.271669998E-16
    0.281540688E-16
    0.233373819E-16
    0.225310751E-16
    0.276792538E-16
    0.211065425E-16
    0.243598281E-16
    0.246059502E-16
    0.204136486E-16
    0.266211605E-16
    0.194600232E-16
    0.233022681E-16
    0.258968617E-16
    0.309306501E-16
    0.221243647E-16
    0.258525722E-16
    0.296380448E-16
    0.219381839E-16
    0.261983708E-16
    0.347016572E-16
    0.210359340E-16
    0.215936076E-16
    0.278565437E-16
    0.203752420E-16
    0.211926832E-16
    0.216130718E-16
    0.211871904E-16
    0.274496906E-16
    0.299434591E-16
    0.188677681E-16
    0.276862630E-16
    0.277622815E-16
    0.168158162E-16
    0.280674438E-16
    0.281344051E-16
    0.190864868E-16
    0.214460045E-16
    0.278479719E-16
    0.246707877E-16
    0.191632285E-16
    0.217766473E-16
    0.228066565E-16
    0.295296300E-16
    0.286811912E-16
    0.208406461E-16
    0.304556882E-16
    0.281318430E-16
    0.253176669E-16
    0.321737242E-16
    0.198697212E-16
    0.216463828E-16
    0.250152681E-16
    0.217445648E-16
    0.232309840E-16
    0.226287885E-16
    0.212586939E-16
    0.242263993E-16
    0.265745244E-16
    0.209650357E-16
    0.269284251E-16
    0.292174891E-16
    0.188753975E-16
    0.279792725E-16
    0.317546925E-16
    0.162336545E-16
    0.240339317E-16
    0.273706365E-16
    0.228208118E-16
    0.204062600E-16
    0.243295204E-16
    0.229185355E-16
    0.246100628E-16
    0.287941152E-16
    0.228078921E-16
    0.367943368E-16
    0.267903325E-16
    0.231603204E-16
    0.300262879E-16
    0.201695146E-16
    0.237085309E-16
    0.258398514E-16
    0.227079841E-16
    0.203870815E-16
    0.225599579E-16
    0.231934527E-16
    0.262076232E-16
    0.224518563E-16
    0.194209414E-16
    0.353158065E-16
    0.332205120E-16
    0.235736199E-16
    0.243177046E-16
    0.248147452E-16
    0.203836704E-16
    0.301072818E-16
    0.257499720E-16
    0.234542180E-16
    0.210237450E-16
    0.240237484E-16
    0.260638516E-16
    0.255517831E-16
    0.242358789E-16
    0.334800827E-16
    0.375771472E-16
    0.207488471E-16
    0.211730592E-16
    0.302636229E-16
    0.205577885E-16
    0.308557087E-16
    0.233492230E-16
    0.229008006E-16
    0.187568727E-16
    0.300015447E-16
    0.291361659E-16
    0.267569440E-16
    0.193419491E-16
    0.330365477E-16
    0.363685136E-16
    0.246249612E-16
    0.205287710E-16
    0.330925604E-16
    0.254665596E-16
    0.311632399E-16
    0.281249389E-16
    0.215313669E-16
    0.300618059E-16
    0.260875108E-16
    0.295831002E-16
    0.262813471E-16
    0.221132970E-16
    0.431021478E-16
    0.286793123E-16
    0.236566340E-16
    0.320527556E-16
    0.273185504E-16
    0.282449917E-16
    0.304771922E-16
