 #tdnd tdcion
    0.354982399E-16
    0.344963274E-16
    0.298006580E-16
    0.258129314E-16
    0.357500093E-16
    0.467198395E-16
    0.371945564E-16
    0.253966742E-16
    0.290271499E-16
    0.307707511E-16
    0.254418144E-16
    0.259432457E-16
    0.259920149E-16
    0.287787096E-16
    0.314301375E-16
    0.242372467E-16
    0.267958756E-16
    0.262811266E-16
    0.265111871E-16
    0.332111476E-16
    0.329842396E-16
    0.280440913E-16
    0.404595964E-16
    0.415758527E-16
    0.245083732E-16
    0.349845305E-16
    0.334187129E-16
    0.411691610E-16
    0.335610251E-16
    0.517727697E-16
    0.406306593E-16
    0.468765117E-16
    0.465268035E-16
    0.508492154E-16
    0.550161439E-16
    0.461003012E-16
    0.413764803E-16
    0.363742847E-16
    0.339969542E-16
    0.352109080E-16
    0.290842934E-16
    0.296737590E-16
    0.290223150E-16
    0.335772076E-16
    0.317159837E-16
    0.369530447E-16
    0.331250959E-16
    0.345294414E-16
    0.364884084E-16
    0.318114514E-16
    0.328610292E-16
    0.329626746E-16
    0.318727665E-16
    0.340387575E-16
    0.283449272E-16
    0.252227429E-16
    0.408602930E-16
    0.380546409E-16
    0.296309801E-16
    0.346632288E-16
    0.299162136E-16
    0.227699347E-16
    0.263707921E-16
    0.340994142E-16
    0.332752147E-16
    0.276380260E-16
    0.389648223E-16
    0.385425355E-16
    0.225037063E-16
    0.239510786E-16
    0.361694181E-16
    0.230246935E-16
    0.236255484E-16
    0.423061934E-16
    0.357334135E-16
    0.264572501E-16
    0.227382328E-16
    0.350441937E-16
    0.292666783E-16
    0.253625138E-16
    0.306642537E-16
    0.335767290E-16
    0.303770295E-16
    0.336175929E-16
    0.316852569E-16
    0.259053595E-16
    0.322288205E-16
    0.237807879E-16
    0.305723993E-16
    0.259693651E-16
    0.308875898E-16
    0.199452023E-16
    0.306550393E-16
    0.317258861E-16
    0.252355450E-16
    0.318517539E-16
    0.318400020E-16
    0.275587370E-16
    0.296169114E-16
    0.376058700E-16
    0.249325281E-16
    0.228459129E-16
    0.338696121E-16
    0.304750024E-16
    0.257356203E-16
    0.246398464E-16
    0.296774358E-16
    0.269738935E-16
    0.268826822E-16
    0.293771784E-16
    0.274825426E-16
    0.300152995E-16
    0.382265143E-16
    0.274210969E-16
    0.187153998E-16
    0.382611139E-16
    0.236829599E-16
    0.233797776E-16
    0.286361160E-16
    0.357676686E-16
    0.184785209E-16
    0.255233895E-16
    0.363013720E-16
    0.299621625E-16
    0.227478416E-16
    0.294832267E-16
    0.292816145E-16
    0.273706493E-16
    0.263378665E-16
    0.279861863E-16
    0.361786666E-16
    0.270711076E-16
    0.259205317E-16
    0.283454361E-16
    0.252020271E-16
    0.307259086E-16
    0.279562630E-16
    0.243672704E-16
    0.295764943E-16
    0.241597416E-16
    0.249160506E-16
    0.359533783E-16
    0.286012294E-16
    0.198159792E-16
    0.371470783E-16
    0.307054368E-16
    0.311117419E-16
    0.199979581E-16
    0.307803047E-16
    0.254831135E-16
    0.324076006E-16
    0.272778018E-16
    0.290091715E-16
    0.295597658E-16
    0.242368154E-16
    0.298181451E-16
    0.328050235E-16
    0.329645230E-16
    0.295779595E-16
    0.489287579E-16
    0.292196210E-16
    0.309986281E-16
    0.306093178E-16
    0.348387130E-16
    0.331784481E-16
    0.403516887E-16
    0.397973851E-16
    0.356631163E-16
    0.406774107E-16
    0.393040979E-16
    0.434286843E-16
    0.479545623E-16
    0.489020322E-16
    0.398656050E-16
    0.366617678E-16
    0.423974336E-16
    0.545258834E-16
    0.374990484E-16
    0.482328745E-16
    0.585658014E-16
    0.381888841E-16
    0.481338067E-16
    0.538311171E-16
    0.464585360E-16
    0.449353451E-16
    0.445461612E-16
    0.399749417E-16
    0.444613002E-16
    0.415471241E-16
    0.273017376E-16
    0.506857688E-16
    0.440781534E-16
    0.455275874E-16
    0.379172678E-16
    0.475841115E-16
    0.387809416E-16
    0.449723822E-16
    0.380798083E-16
    0.367864682E-16
    0.472292753E-16
    0.323959335E-16
    0.457099431E-16
    0.483757313E-16
    0.350360795E-16
    0.319697734E-16
    0.525960557E-16
    0.467977030E-16
    0.454547233E-16
    0.341802259E-16
    0.520615852E-16
    0.379854675E-16
    0.419219856E-16
    0.520869372E-16
    0.396108738E-16
    0.447131322E-16
    0.279105333E-16
    0.323496143E-16
    0.356633687E-16
    0.372592791E-16
    0.419077102E-16
    0.447351819E-16
    0.305365721E-16
    0.346804105E-16
    0.402653958E-16
    0.382929310E-16
    0.469645834E-16
    0.533055037E-16
    0.409760477E-16
    0.429029308E-16
    0.365585550E-16
    0.377565626E-16
    0.482136366E-16
    0.384080643E-16
    0.359207606E-16
    0.463139867E-16
    0.430159518E-16
    0.410888558E-16
    0.502694434E-16
    0.500537065E-16
    0.372796010E-16
    0.439337691E-16
    0.416335660E-16
    0.419345782E-16
    0.557149882E-16
    0.490310208E-16
    0.470122759E-16
    0.582941694E-16
    0.343773948E-16
    0.464332450E-16
    0.516625687E-16
    0.326265121E-16
    0.392058320E-16
    0.619540024E-16
    0.427089397E-16
    0.465505599E-16
    0.450951442E-16
    0.355138331E-16
    0.484700449E-16
    0.415420293E-16
    0.492784317E-16
    0.531570208E-16
    0.421080638E-16
    0.489003846E-16
    0.464204668E-16
    0.369390143E-16
    0.476439708E-16
    0.433392613E-16
    0.332458538E-16
    0.418771025E-16
    0.464419602E-16
    0.491948819E-16
    0.437610645E-16
    0.355001793E-16
    0.474450259E-16
    0.375888774E-16
    0.415537357E-16
    0.534034792E-16
    0.399608057E-16
    0.452639568E-16
    0.450018483E-16
    0.396812359E-16
    0.521782950E-16
    0.447856381E-16
    0.372213637E-16
    0.475568380E-16
    0.395602052E-16
    0.471413279E-16
    0.528529516E-16
    0.491956307E-16
    0.476448661E-16
    0.466494122E-16
    0.382533695E-16
    0.440477470E-16
    0.415699315E-16
    0.564874827E-16
    0.582420537E-16
    0.443261793E-16
    0.514317267E-16
    0.637382377E-16
    0.477814462E-16
    0.505458908E-16
    0.515702091E-16
    0.657313803E-16
    0.542069954E-16
    0.474953321E-16
    0.712582124E-16
    0.470530162E-16
    0.573969397E-16
    0.567815387E-16
    0.477436611E-16
    0.692965347E-16
    0.688867222E-16
    0.653215762E-16
    0.554888175E-16
    0.707717258E-16
    0.653465366E-16
    0.690937636E-16
    0.541891783E-16
    0.615282471E-16
    0.800470578E-16
    0.616112577E-16
    0.620102681E-16
    0.647043913E-16
    0.775025074E-16
    0.580391424E-16
    0.689710824E-16
    0.700794131E-16
    0.801967070E-16
    0.622452775E-16
    0.881768151E-16
    0.753322274E-16
    0.665455759E-16
    0.536192842E-16
    0.681860238E-16
    0.838858424E-16
    0.796391081E-16
    0.713206372E-16
    0.953782982E-16
    0.644531450E-16
    0.787265068E-16
    0.478717798E-16
    0.690617301E-16
    0.768840482E-16
    0.910803270E-16
    0.776949515E-16
    0.729758955E-16
    0.755037071E-16
    0.728848653E-16
    0.758954444E-16
    0.748072918E-16
    0.906738146E-16
    0.101271268E-15
    0.896339273E-16
    0.625191477E-16
    0.689711414E-16
    0.725360785E-16
    0.754265100E-16
    0.792385112E-16
    0.879777435E-16
    0.777820727E-16
    0.760215941E-16
    0.921480631E-16
    0.984124272E-16
    0.923070811E-16
    0.787983533E-16
    0.924091312E-16
    0.108112211E-15
    0.927210445E-16
    0.941554123E-16
    0.800514162E-16
    0.942899882E-16
    0.855697448E-16
    0.849444201E-16
    0.892424272E-16
    0.100866340E-15
    0.995216919E-16
    0.106613770E-15
    0.954709152E-16
    0.995390424E-16
    0.919406248E-16
    0.991190060E-16
    0.112626818E-15
    0.111732750E-15
    0.133382676E-15
    0.124405424E-15
    0.105639940E-15
    0.118249604E-15
    0.113331731E-15
    0.107406753E-15
    0.110626352E-15
    0.138502850E-15
    0.114088349E-15
    0.999438706E-16
    0.952527358E-16
    0.123446988E-15
    0.121308655E-15
    0.115754345E-15
    0.132084904E-15
    0.161317238E-15
    0.157393764E-15
    0.134288588E-15
    0.117395333E-15
    0.138236612E-15
    0.143361287E-15
    0.143493350E-15
    0.167583455E-15
    0.153372080E-15
    0.133757032E-15
    0.136940762E-15
    0.152344231E-15
    0.137766024E-15
    0.147416788E-15
    0.152712497E-15
    0.162163729E-15
    0.135513401E-15
    0.164493567E-15
    0.124961731E-15
    0.174626071E-15
    0.175255869E-15
    0.204264397E-15
    0.186637983E-15
    0.210337672E-15
    0.181318456E-15
    0.181155770E-15
    0.170129984E-15
    0.173853460E-15
    0.182618381E-15
    0.187770350E-15
    0.177383377E-15
    0.175678750E-15
    0.200305199E-15
    0.186051662E-15
    0.198642439E-15
    0.200790112E-15
    0.233658438E-15
    0.190075523E-15
    0.219950625E-15
    0.225328622E-15
    0.223677221E-15
    0.190087809E-15
    0.233057102E-15
    0.256194808E-15
    0.253110127E-15
    0.226163014E-15
    0.244106347E-15
    0.248908213E-15
    0.238285595E-15
    0.217277382E-15
    0.225573916E-15
    0.241310562E-15
    0.236947581E-15
    0.243183884E-15
    0.292376140E-15
    0.259460171E-15
    0.243191375E-15
    0.282023944E-15
    0.303728392E-15
    0.289333188E-15
    0.270251478E-15
    0.287857725E-15
    0.276075222E-15
    0.289096914E-15
    0.279712362E-15
    0.283355307E-15
    0.308118730E-15
    0.310940059E-15
    0.304376233E-15
    0.326824551E-15
    0.293847716E-15
    0.278476691E-15
    0.306138394E-15
    0.337795348E-15
    0.318698229E-15
    0.329760904E-15
    0.347093368E-15
    0.336676715E-15
    0.351082869E-15
    0.370218993E-15
    0.349313332E-15
    0.363787180E-15
    0.353684912E-15
    0.361406497E-15
    0.338084937E-15
    0.353590034E-15
    0.359140777E-15
    0.388034119E-15
    0.387978799E-15
    0.405346428E-15
    0.417310310E-15
    0.423837427E-15
    0.399082140E-15
    0.404572830E-15
    0.440006202E-15
    0.445815410E-15
    0.452319091E-15
    0.461697016E-15
    0.496633054E-15
    0.442718975E-15
    0.503445495E-15
    0.531202089E-15
    0.514264490E-15
    0.472698505E-15
    0.538883626E-15
    0.538469746E-15
    0.555486220E-15
    0.530009501E-15
    0.586266338E-15
    0.637350611E-15
    0.706288299E-15
    0.691210296E-15
    0.700316759E-15
    0.769015745E-15
    0.710168773E-15
    0.762608227E-15
    0.869600415E-15
    0.833492860E-15
    0.806665570E-15
    0.925293428E-15
    0.986469175E-15
    0.100790740E-14
    0.991738208E-15
    0.108992840E-14
    0.111735285E-14
    0.125079189E-14
    0.122096669E-14
    0.125451234E-14
    0.137303195E-14
    0.142687106E-14
    0.151900649E-14
    0.178681146E-14
    0.175361183E-14
    0.179209880E-14
    0.198176379E-14
    0.212959454E-14
    0.213980828E-14
    0.219306156E-14
    0.241493914E-14
    0.256357169E-14
    0.281992620E-14
    0.290894457E-14
    0.302595215E-14
    0.332768824E-14
    0.353654628E-14
    0.369451987E-14
    0.421919492E-14
    0.428870857E-14
    0.451554192E-14
    0.508004281E-14
    0.565392836E-14
    0.601692399E-14
    0.647980385E-14
    0.723090713E-14
    0.788256047E-14
    0.871199384E-14
    0.938301643E-14
    0.101430556E-13
    0.114064225E-13
    0.127511443E-13
    0.139660073E-13
    0.160498298E-13
    0.175690063E-13
    0.192296444E-13
    0.219919743E-13
    0.248847215E-13
    0.276016840E-13
    0.309204455E-13
    0.352622778E-13
    0.401810712E-13
    0.457948951E-13
    0.518140926E-13
    0.584418651E-13
    0.670456449E-13
    0.765895517E-13
    0.865143561E-13
    0.996609125E-13
    0.113174474E-12
    0.128053644E-12
    0.147527851E-12
    0.169393531E-12
    0.192501945E-12
    0.219304044E-12
    0.250596250E-12
    0.286591988E-12
    0.327065159E-12
    0.372911246E-12
    0.424212829E-12
    0.485492751E-12
    0.554945865E-12
    0.632098273E-12
    0.722411673E-12
    0.824034743E-12
    0.934982834E-12
    0.106744381E-11
    0.121795490E-11
    0.138392631E-11
    0.157410701E-11
    0.179147553E-11
    0.203998001E-11
    0.231919981E-11
    0.263423811E-11
    0.298762397E-11
    0.339273596E-11
    0.385063719E-11
    0.436401325E-11
    0.494902515E-11
    0.561053104E-11
    0.634722439E-11
    0.719058921E-11
    0.814744832E-11
    0.921215135E-11
    0.104158812E-10
    0.117729656E-10
    0.133093427E-10
    0.150345204E-10
    0.169779253E-10
    0.191578861E-10
    0.216233872E-10
    0.243955535E-10
    0.275133601E-10
    0.310102701E-10
    0.349490768E-10
    0.393461168E-10
    0.442943609E-10
    0.498786174E-10
    0.561124253E-10
    0.631137266E-10
    0.709629142E-10
    0.797827313E-10
    0.896531705E-10
    0.100707903E-09
    0.113071287E-09
    0.126927710E-09
    0.142444892E-09
    0.159825178E-09
    0.179253098E-09
    0.200994210E-09
    0.225284065E-09
    0.252415213E-09
    0.282817262E-09
    0.316718732E-09
    0.354567366E-09
    0.396806759E-09
    0.444000416E-09
    0.496654710E-09
    0.555385240E-09
    0.620866875E-09
    0.693868393E-09
    0.775248075E-09
    0.865991096E-09
    0.966993428E-09
    0.107941880E-08
    0.120465687E-08
    0.134389999E-08
    0.149909216E-08
    0.167166565E-08
    0.186354071E-08
    0.207679525E-08
    0.231393108E-08
    0.257743310E-08
    0.287007797E-08
    0.319510789E-08
    0.355584646E-08
    0.395635976E-08
    0.440097208E-08
    0.489413647E-08
    0.544080365E-08
    0.604722029E-08
    0.671902001E-08
    0.746372987E-08
    0.828879392E-08
    0.920228948E-08
    0.102135658E-07
    0.113331071E-07
    0.125722375E-07
    0.139427593E-07
    0.154588075E-07
    0.171344639E-07
    0.189868532E-07
    0.210341575E-07
    0.232958961E-07
    0.257928650E-07
    0.285508000E-07
    0.315944234E-07
    0.349534267E-07
    0.386595369E-07
    0.427465477E-07
    0.472522697E-07
    0.522188382E-07
    0.576924772E-07
    0.637214752E-07
    0.703624217E-07
    0.776729679E-07
    0.857202742E-07
    0.945765918E-07
    0.104319458E-06
    0.115032691E-06
    0.126812278E-06
    0.139759802E-06
    0.153986340E-06
    0.169616153E-06
    0.186780993E-06
    0.205625743E-06
    0.226309079E-06
    0.249006983E-06
    0.273903564E-06
    0.301208813E-06
    0.331142256E-06
    0.363950259E-06
    0.399900645E-06
    0.439281290E-06
    0.482404159E-06
    0.529614411E-06
    0.581285912E-06
    0.637820638E-06
    0.699660905E-06
    0.767285751E-06
    0.841210597E-06
    0.921998883E-06
    0.101027028E-05
    0.110668210E-05
    0.121196068E-05
    0.132688327E-05
    0.145229606E-05
    0.158912412E-05
    0.173835597E-05
    0.190107039E-05
    0.207842883E-05
    0.227170418E-05
    0.248225642E-05
    0.271156158E-05
    0.296122717E-05
    0.323296916E-05
    0.352864909E-05
    0.385029581E-05
    0.420007831E-05
    0.458034609E-05
    0.499363531E-05
    0.544267596E-05
    0.593042772E-05
    0.646006315E-05
    0.703501447E-05
    0.765895782E-05
    0.833588136E-05
    0.907006689E-05
    0.986609751E-05
    0.107289646E-04
    0.116639723E-04
    0.126768459E-04
    0.137737566E-04
    0.149613273E-04
    0.162466413E-04
    0.176373411E-04
    0.191416066E-04
    0.207682232E-04
    0.225266074E-04
    0.244268795E-04
    0.264798329E-04
    0.286970775E-04
    0.310910600E-04
    0.336750241E-04
    0.364632688E-04
    0.394709704E-04
    0.427144144E-04
    0.462110043E-04
    0.499793837E-04
    0.540393887E-04
    0.584122516E-04
    0.631206690E-04
    0.681887635E-04
    0.736423498E-04
    0.795089587E-04
    0.858178640E-04
    0.926003012E-04
    0.998896042E-04
    0.107721132E-03
    0.116132694E-03
    0.125164330E-03
    0.134858756E-03
    0.145261288E-03
    0.156420205E-03
    0.168386703E-03
    0.181215118E-03
    0.194963328E-03
    0.209692448E-03
    0.225467522E-03
    0.242357517E-03
    0.260435372E-03
    0.279778463E-03
    0.300468734E-03
    0.322592903E-03
    0.346242808E-03
    0.371515381E-03
    0.398513410E-03
    0.427345245E-03
    0.458125517E-03
    0.490975337E-03
    0.526022244E-03
    0.563401243E-03
    0.603254274E-03
    0.645731218E-03
    0.690990137E-03
    0.739197195E-03
    0.790527660E-03
    0.845165706E-03
    0.903305411E-03
    0.965150634E-03
    0.103091547E-02
    0.110082536E-02
    0.117511653E-02
    0.125403709E-02
    0.133784767E-02
    0.142682112E-02
    0.152124383E-02
    0.162141564E-02
    0.172765060E-02
    0.184027764E-02
    0.195964049E-02
    0.208609923E-02
    0.222002951E-02
    0.236182465E-02
    0.251189487E-02
    0.267066816E-02
    0.283859194E-02
    0.301613172E-02
    0.320377310E-02
    0.340202214E-02
    0.361140574E-02
    0.383247167E-02
    0.406579046E-02
    0.431195486E-02
    0.457158075E-02
    0.484530761E-02
    0.513379985E-02
    0.543774559E-02
    0.575785958E-02
    0.609488157E-02
    0.644957790E-02
    0.682274261E-02
    0.721519582E-02
    0.762778662E-02
    0.806139163E-02
    0.851691734E-02
    0.899529782E-02
    0.949749756E-02
    0.100245113E-01
    0.105773622E-01
    0.111571055E-01
    0.117648265E-01
    0.124016406E-01
    0.130686952E-01
    0.137671677E-01
    0.144982671E-01
    0.152632334E-01
    0.160633364E-01
    0.168998789E-01
    0.177741917E-01
    0.186876385E-01
    0.196416113E-01
    0.206375318E-01
    0.216768527E-01
    0.227610521E-01
    0.238916394E-01
    0.250701494E-01
    0.262981434E-01
    0.275772101E-01
    0.289089602E-01
    0.302950315E-01
    0.317370816E-01
    0.332367897E-01
    0.347958575E-01
    0.364160018E-01
    0.380989586E-01
    0.398464802E-01
    0.416603299E-01
    0.435422862E-01
    0.454941347E-01
    0.475176722E-01
    0.496146986E-01
    0.517870185E-01
    0.540364398E-01
    0.563647654E-01
    0.587738002E-01
    0.612653378E-01
    0.638411660E-01
    0.665030619E-01
    0.692527852E-01
    0.720920800E-01
    0.750226710E-01
    0.780462583E-01
    0.811645143E-01
    0.843790838E-01
    0.876915778E-01
    0.911035688E-01
    0.946165915E-01
    0.982321373E-01
    0.101951648E+00
    0.105776519E+00
    0.109708087E+00
    0.113747635E+00
    0.117896382E+00
    0.122155484E+00
    0.126526027E+00
    0.131009025E+00
    0.135605422E+00
    0.140316072E+00
    0.145141757E+00
    0.150083168E+00
    0.155140905E+00
    0.160315481E+00
    0.165607307E+00
    0.171016700E+00
    0.176543874E+00
    0.182188934E+00
    0.187951886E+00
    0.193832615E+00
    0.199830901E+00
    0.205946408E+00
    0.212178677E+00
    0.218527138E+00
    0.224991092E+00
    0.231569721E+00
    0.238262082E+00
    0.245067104E+00
    0.251983595E+00
    0.259010222E+00
    0.266145537E+00
    0.273387955E+00
    0.280735761E+00
    0.288187116E+00
    0.295740040E+00
    0.303392433E+00
    0.311142063E+00
    0.318986564E+00
    0.326923447E+00
    0.334950095E+00
    0.343063764E+00
    0.351261583E+00
    0.359540560E+00
    0.367897584E+00
    0.376329413E+00
    0.384832699E+00
    0.393403970E+00
    0.402039642E+00
    0.410736019E+00
    0.419489291E+00
    0.428295544E+00
    0.437150756E+00
    0.446050803E+00
    0.454991456E+00
    0.463968393E+00
    0.472977192E+00
    0.482013333E+00
    0.491072210E+00
    0.500149123E+00
    0.509239284E+00
    0.518337822E+00
    0.527439777E+00
    0.536540109E+00
    0.545633699E+00
    0.554715345E+00
    0.563779773E+00
    0.572821622E+00
    0.581835472E+00
    0.590815815E+00
    0.599757075E+00
    0.608653612E+00
    0.617499702E+00
    0.626289564E+00
    0.635017335E+00
    0.643677099E+00
    0.652262865E+00
    0.660768570E+00
    0.669188100E+00
    0.677515266E+00
    0.685743821E+00
    0.693867457E+00
    0.701879801E+00
    0.709774431E+00
    0.717544862E+00
    0.725184553E+00
    0.732686924E+00
    0.740045334E+00
    0.747253110E+00
    0.754303525E+00
    0.761189832E+00
    0.767905242E+00
    0.774442940E+00
    0.780796103E+00
    0.786957887E+00
    0.792921448E+00
    0.798679943E+00
    0.804226544E+00
    0.809554442E+00
    0.814656868E+00
    0.819527087E+00
    0.824158427E+00
    0.828544283E+00
    0.832678131E+00
    0.836553540E+00
    0.840164196E+00
    0.843503901E+00
    0.846566607E+00
    0.849346423E+00
    0.851837627E+00
    0.854034696E+00
    0.855932313E+00
    0.857525395E+00
    0.858809099E+00
    0.859778852E+00
    0.860430369E+00
    0.860759654E+00
    0.860763051E+00
    0.860437230E+00
    0.859779226E+00
    0.858786446E+00
    0.857456688E+00
    0.855788169E+00
    0.853779520E+00
    0.851429812E+00
    0.848738577E+00
    0.845705809E+00
    0.842331982E+00
    0.838618058E+00
    0.834565493E+00
    0.830176259E+00
    0.825452826E+00
    0.820398192E+00
    0.815015868E+00
    0.809309889E+00
    0.803284810E+00
    0.796945695E+00
    0.790298140E+00
    0.783348229E+00
    0.776102555E+00
    0.768568199E+00
    0.760752727E+00
    0.752664158E+00
    0.744310969E+00
    0.735702065E+00
    0.726846769E+00
    0.717754795E+00
    0.708436228E+00
    0.698901505E+00
    0.689161385E+00
    0.679226923E+00
    0.669109450E+00
    0.658820533E+00
    0.648371958E+00
    0.637775694E+00
    0.627043862E+00
    0.616188710E+00
    0.605222570E+00
    0.594157842E+00
    0.583006953E+00
    0.571782321E+00
    0.560496341E+00
    0.549161332E+00
    0.537789525E+00
    0.526393029E+00
    0.514983788E+00
    0.503573583E+00
    0.492173967E+00
    0.480796274E+00
    0.469451576E+00
    0.458150657E+00
    0.446904006E+00
    0.435721782E+00
    0.424613809E+00
    0.413589547E+00
    0.402658079E+00
    0.391828106E+00
    0.381107923E+00
    0.370505415E+00
    0.360028053E+00
    0.349682872E+00
    0.339476486E+00
    0.329415066E+00
    0.319504351E+00
    0.309749644E+00
    0.300155807E+00
    0.290727274E+00
    0.281468050E+00
    0.272381718E+00
    0.263471440E+00
    0.254739977E+00
    0.246189685E+00
    0.237822537E+00
    0.229640126E+00
    0.221643677E+00
    0.213834068E+00
    0.206211831E+00
    0.198777179E+00
    0.191530008E+00
    0.184469920E+00
    0.177596236E+00
    0.170908008E+00
    0.164404041E+00
    0.158082900E+00
    0.151942931E+00
    0.145982274E+00
    0.140198881E+00
    0.134590525E+00
    0.129154822E+00
    0.123889234E+00
    0.118791099E+00
    0.113857627E+00
    0.109085925E+00
    0.104473005E+00
    0.100015795E+00
    0.957111532E-01
    0.915558763E-01
    0.875467116E-01
    0.836803642E-01
    0.799535098E-01
    0.763628009E-01
    0.729048759E-01
    0.695763640E-01
    0.663738979E-01
    0.632941133E-01
    0.603336620E-01
    0.574892115E-01
    0.547574533E-01
    0.521351076E-01
    0.496189251E-01
    0.472056951E-01
    0.448922439E-01
    0.426754414E-01
    0.405522029E-01
    0.385194926E-01
    0.365743234E-01
    0.347137609E-01
    0.329349251E-01
    0.312349891E-01
    0.296111859E-01
    0.280608029E-01
    0.265811874E-01
    0.251697461E-01
    0.238239439E-01
    0.225413080E-01
    0.213194242E-01
    0.201559401E-01
    0.190485632E-01
    0.179950627E-01
    0.169932675E-01
    0.160410674E-01
    0.151364115E-01
    0.142773107E-01
    0.134618328E-01
    0.126881068E-01
    0.119543186E-01
    0.112587120E-01
    0.105995896E-01
    0.997530788E-02
    0.938428168E-02
    0.882497854E-02
    0.829592169E-02
    0.779568702E-02
    0.732290274E-02
    0.687624840E-02
    0.645445387E-02
    0.605629853E-02
    0.568060998E-02
    0.532626315E-02
    0.499217863E-02
    0.467732232E-02
    0.438070379E-02
    0.410137540E-02
    0.383843062E-02
    0.359100344E-02
    0.335826650E-02
    0.313943052E-02
    0.293374286E-02
    0.274048585E-02
    0.255897613E-02
    0.238856326E-02
    0.222862879E-02
    0.207858407E-02
    0.193787047E-02
    0.180595717E-02
    0.168234017E-02
    0.156654218E-02
    0.145810952E-02
    0.135661332E-02
    0.126164658E-02
    0.117282441E-02
    0.108978237E-02
    0.101217568E-02
    0.939678332E-03
    0.871982153E-03
    0.808795959E-03
    0.749844743E-03
    0.694868632E-03
    0.643622439E-03
    0.595874849E-03
    0.551407447E-03
    0.510014505E-03
    0.471501641E-03
    0.435686054E-03
    0.402395217E-03
    0.371466682E-03
    0.342747604E-03
    0.316093765E-03
    0.291369773E-03
    0.268448047E-03
    0.247208671E-03
    0.227538774E-03
    0.209332446E-03
    0.192490075E-03
    0.176918122E-03
    0.162528911E-03
    0.149239955E-03
    0.136974097E-03
    0.125658920E-03
    0.115226600E-03
    0.105613632E-03
    0.967605865E-04
    0.886118779E-04
    0.811155819E-04
    0.742232007E-04
    0.678894493E-04
    0.620720781E-04
    0.567317478E-04
    0.518318456E-04
    0.473381831E-04
    0.432191224E-04
    0.394451181E-04
    0.359888881E-04
    0.328250329E-04
    0.299300337E-04
    0.272821510E-04
    0.248611873E-04
    0.226485726E-04
    0.206270912E-04
    0.187808660E-04
    0.170952772E-04
    0.155568449E-04
    0.141531683E-04
    0.128728299E-04
    0.117053557E-04
    0.106410977E-04
    0.967123205E-05
    0.878765931E-05
    0.798294887E-05
    0.725029362E-05
    0.658348565E-05
    0.597681463E-05
    0.542508368E-05
    0.492353432E-05
    0.446780398E-05
    0.405392855E-05
    0.367827614E-05
    0.333753819E-05
    0.302866558E-05
    0.274892020E-05
    0.249575984E-05
    0.226688676E-05
    0.206018879E-05
    0.187373602E-05
    0.170577025E-05
    0.155467359E-05
    0.141897842E-05
    0.129732732E-05
    0.118848153E-05
    0.109131010E-05
    0.100476815E-05
    0.927901850E-06
    0.859832406E-06
    0.799748812E-06
    0.746911927E-06
    0.700639562E-06
    0.660302413E-06
    0.625321579E-06
    0.595164293E-06
    0.569344008E-06
    0.547404015E-06
    0.528931743E-06
    0.513544650E-06
    0.500886194E-06
    0.490638204E-06
    0.482499515E-06
    0.476198826E-06
    0.471484862E-06
    0.468130173E-06
    0.465923294E-06
    0.464673995E-06
    0.464208442E-06
    0.464367012E-06
    0.465008913E-06
    0.466002438E-06
    0.467233404E-06
    0.468595372E-06
    0.469998044E-06
    0.471357358E-06
    0.472602351E-06
    0.473667259E-06
    0.474498772E-06
    0.475048658E-06
    0.475277528E-06
    0.475151755E-06
    0.474645417E-06
    0.473736242E-06
    0.472408019E-06
    0.470650767E-06
    0.468455685E-06
    0.465820395E-06
    0.462745808E-06
    0.459235470E-06
    0.455296564E-06
    0.450938786E-06
    0.446172625E-06
    0.441012390E-06
    0.435473749E-06
    0.429572930E-06
    0.423328468E-06
    0.416760518E-06
    0.409888371E-06
    0.402732660E-06
    0.395315849E-06
    0.387659427E-06
    0.379784304E-06
    0.371713632E-06
    0.363469538E-06
    0.355072830E-06
    0.346546620E-06
    0.337911179E-06
    0.329187316E-06
    0.320395846E-06
    0.311556218E-06
    0.302687859E-06
    0.293809129E-06
    0.284937773E-06
    0.276090047E-06
    0.267283094E-06
    0.258532417E-06
    0.249851553E-06
    0.241254445E-06
    0.232755202E-06
    0.224363746E-06
    0.216092983E-06
    0.207952169E-06
    0.199950750E-06
    0.192097185E-06
    0.184399774E-06
    0.176865262E-06
    0.169499712E-06
    0.162308384E-06
    0.155295834E-06
    0.148466121E-06
    0.141822938E-06
    0.135367871E-06
    0.129102948E-06
    0.123030642E-06
    0.117150225E-06
    0.111463060E-06
    0.105968488E-06
    0.100665312E-06
    0.955523987E-07
    0.906282154E-07
    0.858910504E-07
    0.813380406E-07
    0.769665459E-07
    0.727734982E-07
    0.687559172E-07
    0.649101710E-07
    0.612323923E-07
    0.577182242E-07
    0.543645674E-07
    0.511661274E-07
    0.481193492E-07
    0.452195777E-07
    0.424621160E-07
    0.398423755E-07
    0.373559030E-07
    0.349982369E-07
    0.327645944E-07
    0.306501155E-07
    0.286504496E-07
    0.267611184E-07
    0.249774954E-07
    0.232952741E-07
    0.217098319E-07
    0.202172686E-07
    0.188130852E-07
    0.174933290E-07
    0.162540892E-07
    0.150911798E-07
    0.140009586E-07
    0.129796895E-07
    0.120240847E-07
    0.111305786E-07
    0.102956651E-07
    0.951628058E-08
    0.878943120E-08
    0.811192843E-08
    0.748119712E-08
    0.689430602E-08
    0.634873333E-08
    0.584202689E-08
    0.537176796E-08
    0.493576162E-08
    0.453176920E-08
    0.415773749E-08
    0.381174341E-08
    0.349197886E-08
    0.319677829E-08
    0.292426911E-08
    0.267307327E-08
    0.244165852E-08
    0.222861603E-08
    0.203272529E-08
    0.185272413E-08
    0.168735042E-08
    0.153569859E-08
    0.139661778E-08
    0.126923727E-08
    0.115264099E-08
    0.104600512E-08
    0.948546698E-09
    0.859558201E-09
    0.778407779E-09
    0.704381244E-09
    0.636958863E-09
    0.575573685E-09
    0.519728956E-09
    0.469012008E-09
    0.422955246E-09
    0.381126603E-09
    0.343228804E-09
    0.308885398E-09
    0.277771833E-09
    0.249651619E-09
    0.224212674E-09
    0.201243360E-09
    0.180487515E-09
    0.161793329E-09
    0.144927010E-09
    0.129752932E-09
    0.116070166E-09
    0.103775034E-09
    0.927318824E-10
    0.828092409E-10
    0.738945349E-10
    0.659082210E-10
    0.587505623E-10
    0.523303097E-10
    0.465945524E-10
    0.414635185E-10
    0.368752413E-10
    0.327706405E-10
    0.291086536E-10
    0.258443015E-10
    0.229375489E-10
    0.203371413E-10
    0.180266385E-10
    0.159742836E-10
    0.141411486E-10
    0.125164489E-10
    0.110706920E-10
    0.978854233E-11
    0.864702069E-11
    0.763560941E-11
    0.674133488E-11
    0.594716735E-11
    0.524274125E-11
    0.461869842E-11
    0.406900974E-11
    0.358399247E-11
    0.315047175E-11
    0.276977257E-11
    0.243430085E-11
    0.213534246E-11
    0.187563443E-11
    0.164520761E-11
    0.144187453E-11
    0.126350822E-11
    0.110419177E-11
    0.966711403E-12
    0.844582759E-12
    0.737633497E-12
    0.643047679E-12
    0.561042230E-12
    0.489413312E-12
    0.425347329E-12
    0.369959859E-12
    0.321287232E-12
    0.278200244E-12
    0.241754204E-12
    0.209330753E-12
    0.180586007E-12
    0.156287668E-12
    0.134057794E-12
    0.115582815E-12
    0.995056773E-13
    0.853485003E-13
    0.730133759E-13
    0.623060311E-13
    0.532692821E-13
    0.451210000E-13
    0.384244709E-13
    0.324496387E-13
    0.274461509E-13
    0.233140945E-13
    0.197183269E-13
    0.164018633E-13
    0.139487001E-13
    0.115090233E-13
    0.970257962E-14
    0.821092817E-14
    0.689595207E-14
    0.579772697E-14
    0.486486040E-14
    0.414159165E-14
    0.349647312E-14
    0.302150363E-14
    0.260665479E-14
    0.226880241E-14
    0.205815284E-14
    0.185971318E-14
    0.161993142E-14
    0.154431235E-14
    0.137839722E-14
    0.137319583E-14
    0.136629901E-14
    0.130665982E-14
    0.129481755E-14
    0.131167026E-14
    0.130522305E-14
    0.131362147E-14
    0.130897178E-14
    0.139017022E-14
    0.137007983E-14
    0.145795863E-14
    0.148064828E-14
    0.146617831E-14
    0.150662435E-14
    0.151146616E-14
    0.152997290E-14
    0.160321660E-14
    0.152585963E-14
    0.157211108E-14
    0.151057525E-14
    0.155965939E-14
    0.150997504E-14
    0.150665168E-14
    0.149183381E-14
    0.146000288E-14
    0.143050470E-14
    0.144097033E-14
    0.134111384E-14
    0.136241791E-14
    0.133930729E-14
    0.131879329E-14
    0.133544911E-14
    0.128084544E-14
    0.125652437E-14
    0.123413901E-14
    0.122834819E-14
    0.122068369E-14
    0.120123033E-14
    0.122253782E-14
    0.118394755E-14
    0.119954101E-14
    0.118782419E-14
    0.113512067E-14
    0.113492547E-14
    0.113752898E-14
    0.110585104E-14
    0.112363065E-14
    0.107063784E-14
    0.105064645E-14
    0.102610768E-14
    0.100005849E-14
    0.974760845E-15
    0.944673782E-15
    0.899913944E-15
    0.873423201E-15
    0.861660131E-15
    0.817436940E-15
    0.771281825E-15
    0.759077127E-15
    0.732688802E-15
    0.715009990E-15
    0.679663878E-15
    0.669981775E-15
    0.635810147E-15
    0.619299168E-15
    0.602557087E-15
    0.594057739E-15
    0.592204537E-15
    0.575094303E-15
    0.575899486E-15
    0.581908157E-15
    0.553635416E-15
    0.549674253E-15
    0.550272359E-15
    0.543360839E-15
    0.562797907E-15
    0.563499770E-15
    0.572715818E-15
    0.556506926E-15
    0.540588161E-15
    0.546913478E-15
    0.528710857E-15
    0.539298576E-15
    0.523172315E-15
    0.529753243E-15
    0.529970962E-15
    0.491085088E-15
    0.489135859E-15
    0.481187128E-15
    0.440727313E-15
    0.458076656E-15
    0.433785503E-15
    0.422048156E-15
    0.411383971E-15
    0.386244718E-15
    0.374519155E-15
    0.353693915E-15
    0.322055144E-15
    0.322652313E-15
    0.285256885E-15
    0.281944821E-15
    0.273978498E-15
    0.256797791E-15
    0.225445586E-15
    0.210962669E-15
    0.193058855E-15
    0.204836469E-15
    0.171501179E-15
    0.168071821E-15
    0.144806267E-15
    0.142473149E-15
    0.132364373E-15
    0.118825523E-15
    0.106588481E-15
    0.974017671E-16
    0.904205751E-16
    0.930982904E-16
    0.760799727E-16
    0.644344240E-16
    0.639974147E-16
    0.574428027E-16
    0.536768281E-16
    0.575038213E-16
    0.594293775E-16
    0.424020930E-16
    0.494514229E-16
    0.395353015E-16
    0.394389545E-16
    0.426677516E-16
    0.414461437E-16
    0.360770702E-16
    0.376572012E-16
    0.289378643E-16
    0.278458944E-16
    0.252046095E-16
    0.247133530E-16
    0.324634107E-16
    0.344487200E-16
    0.375742243E-16
    0.228845980E-16
    0.310128458E-16
    0.250504679E-16
    0.272427204E-16
    0.246692714E-16
    0.269909733E-16
    0.240314540E-16
    0.273969197E-16
    0.221834290E-16
    0.249011940E-16
    0.197035983E-16
    0.147943802E-16
    0.215964926E-16
    0.282942550E-16
    0.397035083E-16
    0.190400817E-16
    0.311554785E-16
    0.260625221E-16
    0.230803967E-16
    0.264453793E-16
    0.319178393E-16
    0.230653976E-16
    0.246794921E-16
    0.288007765E-16
    0.242839939E-16
    0.172501645E-16
    0.169578367E-16
    0.258385889E-16
    0.289837415E-16
    0.363639308E-16
    0.246428601E-16
    0.248077267E-16
    0.254155060E-16
    0.226559986E-16
    0.252268014E-16
    0.231291577E-16
    0.190560695E-16
    0.300965225E-16
    0.302199412E-16
    0.249350217E-16
    0.208193421E-16
    0.196291383E-16
    0.208905665E-16
    0.221272612E-16
    0.372092290E-16
    0.250546843E-16
    0.306326162E-16
    0.236980182E-16
    0.237697970E-16
    0.273600693E-16
    0.236523538E-16
    0.215863838E-16
    0.315372740E-16
    0.259787238E-16
    0.245117132E-16
    0.168315156E-16
    0.185840819E-16
    0.241800986E-16
    0.219496159E-16
    0.274706078E-16
    0.326886932E-16
    0.280680130E-16
    0.235939109E-16
    0.234838827E-16
    0.261778241E-16
    0.197970220E-16
    0.248901011E-16
    0.328148459E-16
    0.295793162E-16
    0.224497222E-16
    0.204603155E-16
    0.266022806E-16
    0.210442650E-16
    0.207904677E-16
    0.276790730E-16
    0.413860929E-16
    0.277283446E-16
    0.245801648E-16
    0.220513191E-16
    0.321280876E-16
    0.179739230E-16
    0.231819186E-16
    0.305579174E-16
    0.183569058E-16
    0.260427648E-16
    0.201772487E-16
    0.220721057E-16
    0.222061140E-16
    0.250837649E-16
    0.226308188E-16
    0.407793652E-16
    0.219791350E-16
    0.232016526E-16
    0.285679796E-16
    0.233771483E-16
    0.205101444E-16
    0.242191019E-16
    0.281696723E-16
    0.219205121E-16
    0.329031967E-16
    0.206221288E-16
    0.305182634E-16
    0.223428200E-16
    0.240675071E-16
    0.221572563E-16
    0.443950991E-16
    0.241044957E-16
    0.303178104E-16
    0.226123003E-16
    0.246081545E-16
    0.269218877E-16
    0.203020890E-16
    0.184693266E-16
    0.257962895E-16
    0.336933960E-16
    0.240135219E-16
    0.252451483E-16
    0.241714325E-16
    0.259675343E-16
    0.221536639E-16
    0.337034007E-16
    0.237156535E-16
    0.287736086E-16
    0.198684033E-16
    0.269385745E-16
    0.267671494E-16
    0.180163362E-16
    0.245024177E-16
    0.309564969E-16
    0.302811323E-16
    0.227604419E-16
    0.224138484E-16
    0.239238457E-16
    0.225020397E-16
    0.269919911E-16
    0.260979875E-16
    0.376180881E-16
    0.312592065E-16
    0.225708867E-16
    0.248854766E-16
    0.284234290E-16
    0.191747673E-16
    0.243484268E-16
    0.273627783E-16
    0.259656312E-16
    0.234272539E-16
    0.253962302E-16
    0.290417845E-16
    0.216887408E-16
    0.291553452E-16
    0.239845809E-16
    0.405349520E-16
    0.241354978E-16
    0.225421434E-16
    0.262339207E-16
    0.286630786E-16
    0.207227948E-16
    0.215066438E-16
    0.277451729E-16
    0.201357566E-16
    0.324936889E-16
    0.216322631E-16
    0.234545470E-16
    0.274475447E-16
    0.316522071E-16
    0.238392512E-16
    0.385311623E-16
    0.228058938E-16
    0.250569036E-16
    0.264509564E-16
    0.208102732E-16
    0.210790181E-16
    0.202574447E-16
    0.262503977E-16
    0.242015028E-16
    0.327007973E-16
    0.223289516E-16
    0.320784925E-16
    0.276483437E-16
    0.207606717E-16
    0.321283299E-16
    0.310632031E-16
    0.274853587E-16
    0.281407413E-16
    0.218232883E-16
    0.236644656E-16
    0.274960316E-16
    0.208481147E-16
    0.253793215E-16
    0.281790847E-16
    0.264328281E-16
    0.271011769E-16
    0.287340677E-16
    0.276943786E-16
    0.182983502E-16
    0.368397195E-16
    0.251681048E-16
    0.286278046E-16
    0.206578963E-16
    0.191745208E-16
    0.281086267E-16
    0.275336794E-16
    0.223319987E-16
    0.245364278E-16
    0.322592057E-16
    0.231083204E-16
    0.295665239E-16
    0.228285100E-16
    0.235748016E-16
    0.250532882E-16
    0.304215022E-16
    0.285309827E-16
    0.329326873E-16
    0.192587866E-16
    0.259578416E-16
    0.290924384E-16
    0.238917638E-16
    0.233768158E-16
    0.179429942E-16
    0.277583246E-16
    0.274460005E-16
    0.294476463E-16
    0.223395813E-16
    0.281529758E-16
    0.343928902E-16
    0.186829445E-16
    0.330112832E-16
    0.262899547E-16
    0.206503530E-16
    0.288794002E-16
    0.269429776E-16
    0.231447341E-16
    0.227352584E-16
    0.249423383E-16
    0.244396062E-16
    0.332877178E-16
    0.264280983E-16
    0.247262690E-16
    0.255244335E-16
    0.306713484E-16
    0.240689703E-16
    0.304331730E-16
    0.210239831E-16
    0.276890826E-16
    0.221944335E-16
    0.255406442E-16
    0.210040997E-16
    0.209844573E-16
    0.328666423E-16
    0.273861741E-16
    0.350317286E-16
    0.222441389E-16
    0.307359957E-16
    0.262286560E-16
    0.201168646E-16
    0.306501750E-16
    0.225010626E-16
    0.250667748E-16
    0.263094116E-16
    0.253127109E-16
    0.260256387E-16
    0.247294788E-16
    0.266967115E-16
    0.228477429E-16
    0.279636278E-16
    0.265424716E-16
    0.254141718E-16
    0.245804559E-16
    0.274580583E-16
    0.326266334E-16
    0.242327707E-16
    0.246403958E-16
    0.320180734E-16
    0.177516656E-16
    0.339430828E-16
    0.278156157E-16
    0.262550938E-16
    0.250436853E-16
    0.235886353E-16
    0.267485273E-16
    0.290897838E-16
    0.253118866E-16
    0.282597086E-16
    0.250351323E-16
    0.242193509E-16
    0.225702706E-16
    0.324310795E-16
    0.192165484E-16
    0.313410532E-16
    0.223979892E-16
    0.280366120E-16
    0.261080360E-16
    0.229833211E-16
    0.306161562E-16
    0.259594940E-16
    0.316606374E-16
    0.284935181E-16
    0.295468315E-16
    0.227451030E-16
    0.193761999E-16
    0.265255611E-16
    0.207025413E-16
    0.395249808E-16
    0.252386814E-16
    0.236282572E-16
    0.233451755E-16
    0.243875279E-16
    0.277316860E-16
    0.264786023E-16
    0.294724325E-16
    0.280755059E-16
    0.316991614E-16
    0.213539018E-16
    0.236711715E-16
    0.263893505E-16
    0.259876786E-16
    0.409881219E-16
    0.247955629E-16
    0.238736310E-16
    0.233111975E-16
    0.262504989E-16
    0.291545080E-16
    0.236401398E-16
    0.282305864E-16
    0.287980928E-16
    0.355009817E-16
    0.202089734E-16
    0.280182860E-16
    0.266260981E-16
    0.294970843E-16
    0.309659014E-16
    0.309219979E-16
    0.332322116E-16
    0.290768907E-16
    0.272230979E-16
    0.237309561E-16
    0.328033898E-16
    0.268275326E-16
    0.351440036E-16
    0.229817032E-16
