 #tdnd tdcion
    0.437997121E-16
    0.326682406E-16
    0.359120870E-16
    0.335143175E-16
    0.320373944E-16
    0.423738224E-16
    0.355804781E-16
    0.350516658E-16
    0.258846965E-16
    0.229115803E-16
    0.228673651E-16
    0.228452504E-16
    0.297212700E-16
    0.339857866E-16
    0.293857935E-16
    0.280613646E-16
    0.287211410E-16
    0.254196986E-16
    0.240843770E-16
    0.288469641E-16
    0.311260368E-16
    0.329042821E-16
    0.285435756E-16
    0.327759899E-16
    0.243550614E-16
    0.351121509E-16
    0.256680512E-16
    0.333543945E-16
    0.395111935E-16
    0.402472775E-16
    0.400286495E-16
    0.395405341E-16
    0.391740830E-16
    0.549672257E-16
    0.615679724E-16
    0.383726030E-16
    0.469048562E-16
    0.458695667E-16
    0.357227556E-16
    0.372238619E-16
    0.264055978E-16
    0.355049941E-16
    0.290456510E-16
    0.323392372E-16
    0.266697420E-16
    0.332226384E-16
    0.361302615E-16
    0.381881843E-16
    0.408171206E-16
    0.304756677E-16
    0.345432175E-16
    0.357447649E-16
    0.349476380E-16
    0.294242261E-16
    0.185328964E-16
    0.366768650E-16
    0.238303403E-16
    0.335067729E-16
    0.408259190E-16
    0.316647466E-16
    0.268764694E-16
    0.331548045E-16
    0.314534369E-16
    0.220967685E-16
    0.299428250E-16
    0.319248088E-16
    0.383183528E-16
    0.278615732E-16
    0.259572941E-16
    0.311381508E-16
    0.277963146E-16
    0.301427255E-16
    0.338330269E-16
    0.275800837E-16
    0.294129202E-16
    0.362174361E-16
    0.298559456E-16
    0.249343714E-16
    0.267757820E-16
    0.353797637E-16
    0.264554987E-16
    0.290572965E-16
    0.311820711E-16
    0.251441043E-16
    0.272566663E-16
    0.401798534E-16
    0.223919117E-16
    0.256393031E-16
    0.359310827E-16
    0.262963277E-16
    0.302321508E-16
    0.302133425E-16
    0.285364636E-16
    0.301963853E-16
    0.244707835E-16
    0.352751420E-16
    0.374421042E-16
    0.329205252E-16
    0.207501571E-16
    0.302728992E-16
    0.310137759E-16
    0.294169453E-16
    0.321039338E-16
    0.324100402E-16
    0.277734884E-16
    0.258128594E-16
    0.292995506E-16
    0.316339613E-16
    0.242011488E-16
    0.308492545E-16
    0.225858056E-16
    0.364553452E-16
    0.285017405E-16
    0.270225589E-16
    0.289294606E-16
    0.310433582E-16
    0.225796953E-16
    0.315619343E-16
    0.310919049E-16
    0.276193523E-16
    0.383793602E-16
    0.266871402E-16
    0.220473077E-16
    0.292639962E-16
    0.324016762E-16
    0.314837882E-16
    0.315559956E-16
    0.343606332E-16
    0.224388290E-16
    0.253071884E-16
    0.382514297E-16
    0.294650820E-16
    0.259821428E-16
    0.329414115E-16
    0.312730140E-16
    0.265453807E-16
    0.239715118E-16
    0.372154552E-16
    0.259347267E-16
    0.187660238E-16
    0.323782704E-16
    0.290152041E-16
    0.320269498E-16
    0.295327618E-16
    0.294283194E-16
    0.273029245E-16
    0.288448783E-16
    0.277078632E-16
    0.313897576E-16
    0.385078642E-16
    0.301576777E-16
    0.265478496E-16
    0.305134899E-16
    0.246476185E-16
    0.337024307E-16
    0.265227542E-16
    0.337272577E-16
    0.290869125E-16
    0.341342292E-16
    0.321840758E-16
    0.287863267E-16
    0.331940386E-16
    0.338468247E-16
    0.343119038E-16
    0.428880051E-16
    0.318054084E-16
    0.419480857E-16
    0.296305743E-16
    0.423307505E-16
    0.317512091E-16
    0.266091038E-16
    0.423138496E-16
    0.521378393E-16
    0.320584806E-16
    0.346553136E-16
    0.610545639E-16
    0.343611828E-16
    0.541154882E-16
    0.503992026E-16
    0.587392180E-16
    0.601897437E-16
    0.373223988E-16
    0.456654009E-16
    0.407962716E-16
    0.390320118E-16
    0.557811828E-16
    0.425115820E-16
    0.441154029E-16
    0.450232174E-16
    0.597660737E-16
    0.440494515E-16
    0.526712830E-16
    0.611010698E-16
    0.498900723E-16
    0.448426537E-16
    0.361736272E-16
    0.351135612E-16
    0.444938398E-16
    0.308524090E-16
    0.421617840E-16
    0.373886045E-16
    0.306273505E-16
    0.496916635E-16
    0.543270663E-16
    0.404172643E-16
    0.462354502E-16
    0.529259177E-16
    0.352831292E-16
    0.541347031E-16
    0.456607224E-16
    0.422981407E-16
    0.616050705E-16
    0.433334349E-16
    0.416066763E-16
    0.525052565E-16
    0.370200454E-16
    0.427679962E-16
    0.465540515E-16
    0.378166987E-16
    0.368081025E-16
    0.460858962E-16
    0.478060532E-16
    0.441397589E-16
    0.499777038E-16
    0.371219924E-16
    0.564558733E-16
    0.457563225E-16
    0.385689397E-16
    0.520032580E-16
    0.304991319E-16
    0.533094197E-16
    0.526007752E-16
    0.418582113E-16
    0.486249306E-16
    0.608539208E-16
    0.418756490E-16
    0.378343701E-16
    0.542351020E-16
    0.475053421E-16
    0.578062041E-16
    0.425772302E-16
    0.416399724E-16
    0.671321741E-16
    0.481903282E-16
    0.481292968E-16
    0.653050055E-16
    0.433488583E-16
    0.547504542E-16
    0.420127148E-16
    0.472113786E-16
    0.449969811E-16
    0.502398041E-16
    0.378257415E-16
    0.335251771E-16
    0.485591086E-16
    0.460123810E-16
    0.458724280E-16
    0.382242304E-16
    0.508683996E-16
    0.519773453E-16
    0.439427630E-16
    0.482400073E-16
    0.580301593E-16
    0.490662369E-16
    0.516996697E-16
    0.491141649E-16
    0.525572298E-16
    0.414665635E-16
    0.467945907E-16
    0.381052606E-16
    0.363396236E-16
    0.358936366E-16
    0.467599709E-16
    0.455763188E-16
    0.403711401E-16
    0.408995968E-16
    0.451713124E-16
    0.653752869E-16
    0.491029602E-16
    0.597865189E-16
    0.649502745E-16
    0.599163343E-16
    0.388540554E-16
    0.553959132E-16
    0.472645621E-16
    0.524078928E-16
    0.395203448E-16
    0.393032687E-16
    0.574885761E-16
    0.644109898E-16
    0.402147382E-16
    0.604781318E-16
    0.365932883E-16
    0.677257354E-16
    0.603149799E-16
    0.651154566E-16
    0.690007165E-16
    0.709781324E-16
    0.714200203E-16
    0.564566986E-16
    0.560334460E-16
    0.624789472E-16
    0.580731727E-16
    0.493205616E-16
    0.648055421E-16
    0.765078723E-16
    0.579192946E-16
    0.590533324E-16
    0.771447026E-16
    0.614710536E-16
    0.862842124E-16
    0.609846763E-16
    0.767612914E-16
    0.939204628E-16
    0.607726862E-16
    0.652099348E-16
    0.600760411E-16
    0.779875817E-16
    0.650496056E-16
    0.568195507E-16
    0.605437285E-16
    0.851527028E-16
    0.710748326E-16
    0.874691599E-16
    0.667818455E-16
    0.766784901E-16
    0.738287450E-16
    0.779707966E-16
    0.709415259E-16
    0.899406711E-16
    0.915420529E-16
    0.872088194E-16
    0.562125289E-16
    0.656275468E-16
    0.866170650E-16
    0.642790248E-16
    0.696765697E-16
    0.834889985E-16
    0.722351797E-16
    0.758207612E-16
    0.685810991E-16
    0.788406164E-16
    0.959746118E-16
    0.817763586E-16
    0.889929364E-16
    0.113993976E-15
    0.106251569E-15
    0.837726298E-16
    0.641708760E-16
    0.830898972E-16
    0.872126260E-16
    0.778741816E-16
    0.721070695E-16
    0.833652200E-16
    0.739961365E-16
    0.924723940E-16
    0.875798644E-16
    0.915589411E-16
    0.835700827E-16
    0.104851918E-15
    0.101264828E-15
    0.990056526E-16
    0.109660422E-15
    0.123785913E-15
    0.802566077E-16
    0.953323902E-16
    0.115496947E-15
    0.823004963E-16
    0.106786809E-15
    0.104463203E-15
    0.109341263E-15
    0.108908528E-15
    0.937802773E-16
    0.849338792E-16
    0.124534589E-15
    0.102773205E-15
    0.101755579E-15
    0.125556551E-15
    0.146030751E-15
    0.121538377E-15
    0.104354276E-15
    0.117998654E-15
    0.145022539E-15
    0.124730490E-15
    0.137076062E-15
    0.147782061E-15
    0.117404798E-15
    0.133374729E-15
    0.107333123E-15
    0.126040938E-15
    0.124793591E-15
    0.117388194E-15
    0.152467991E-15
    0.136369569E-15
    0.148577890E-15
    0.146864366E-15
    0.116193544E-15
    0.155549686E-15
    0.168572245E-15
    0.151929484E-15
    0.169885822E-15
    0.149186290E-15
    0.168626366E-15
    0.160788754E-15
    0.149962312E-15
    0.128821657E-15
    0.178131378E-15
    0.184456014E-15
    0.170707514E-15
    0.142430830E-15
    0.184380979E-15
    0.161480107E-15
    0.157396330E-15
    0.174894834E-15
    0.191497083E-15
    0.188788480E-15
    0.209054729E-15
    0.194986468E-15
    0.211165783E-15
    0.219182503E-15
    0.171340302E-15
    0.198534338E-15
    0.235067107E-15
    0.194773108E-15
    0.190108456E-15
    0.202651200E-15
    0.218810205E-15
    0.197329546E-15
    0.196510801E-15
    0.231897520E-15
    0.236735236E-15
    0.238424297E-15
    0.240762966E-15
    0.223850116E-15
    0.237036638E-15
    0.225772957E-15
    0.221942785E-15
    0.267158705E-15
    0.242577041E-15
    0.263415832E-15
    0.283023370E-15
    0.253457155E-15
    0.263655057E-15
    0.236214863E-15
    0.236269349E-15
    0.271227375E-15
    0.268123280E-15
    0.275732441E-15
    0.259753745E-15
    0.254171543E-15
    0.271306668E-15
    0.335061435E-15
    0.276806752E-15
    0.310964920E-15
    0.309307240E-15
    0.361056973E-15
    0.264542580E-15
    0.292646544E-15
    0.290892365E-15
    0.268600553E-15
    0.335373958E-15
    0.340241984E-15
    0.330751918E-15
    0.320548007E-15
    0.306850916E-15
    0.311025852E-15
    0.378019501E-15
    0.321832271E-15
    0.301049586E-15
    0.377924820E-15
    0.390740402E-15
    0.326574700E-15
    0.335332289E-15
    0.393022989E-15
    0.384521676E-15
    0.411467912E-15
    0.402782277E-15
    0.387549320E-15
    0.385497570E-15
    0.380138832E-15
    0.352378046E-15
    0.413050166E-15
    0.423101798E-15
    0.392673998E-15
    0.466678805E-15
    0.503691720E-15
    0.426988958E-15
    0.461227888E-15
    0.490451938E-15
    0.538089196E-15
    0.529669575E-15
    0.510474574E-15
    0.538522431E-15
    0.553253107E-15
    0.604813012E-15
    0.581013269E-15
    0.615804063E-15
    0.636461354E-15
    0.700508618E-15
    0.691922451E-15
    0.734542562E-15
    0.632621586E-15
    0.755516571E-15
    0.773370312E-15
    0.867820969E-15
    0.921064178E-15
    0.907940495E-15
    0.993352480E-15
    0.107979891E-14
    0.112310768E-14
    0.114242320E-14
    0.120764961E-14
    0.122137870E-14
    0.139723563E-14
    0.147011719E-14
    0.147877235E-14
    0.148504203E-14
    0.168105663E-14
    0.186657670E-14
    0.188443236E-14
    0.209882449E-14
    0.205438195E-14
    0.220950831E-14
    0.240708794E-14
    0.260745163E-14
    0.272483791E-14
    0.299850585E-14
    0.317291936E-14
    0.350681363E-14
    0.393255563E-14
    0.392563638E-14
    0.420554933E-14
    0.456131743E-14
    0.522973253E-14
    0.533856781E-14
    0.595727712E-14
    0.622517144E-14
    0.678622345E-14
    0.757318978E-14
    0.843332745E-14
    0.898796123E-14
    0.986611582E-14
    0.107609236E-13
    0.118054490E-13
    0.133387241E-13
    0.144402462E-13
    0.160251298E-13
    0.179009241E-13
    0.206608546E-13
    0.227796482E-13
    0.253505242E-13
    0.282486040E-13
    0.314073504E-13
    0.357695973E-13
    0.406970351E-13
    0.455722284E-13
    0.511845663E-13
    0.582106798E-13
    0.658092181E-13
    0.750755120E-13
    0.849543164E-13
    0.957246504E-13
    0.108807676E-12
    0.123999541E-12
    0.141773800E-12
    0.160051718E-12
    0.182947077E-12
    0.207424684E-12
    0.237857472E-12
    0.271858326E-12
    0.309609386E-12
    0.350914131E-12
    0.400522489E-12
    0.456542050E-12
    0.520362163E-12
    0.593657326E-12
    0.674840577E-12
    0.769741145E-12
    0.875307460E-12
    0.999987972E-12
    0.113418421E-11
    0.129008323E-11
    0.146378764E-11
    0.166577275E-11
    0.189372888E-11
    0.215283629E-11
    0.244029279E-11
    0.277150195E-11
    0.314748554E-11
    0.356946510E-11
    0.404812818E-11
    0.458583872E-11
    0.519622046E-11
    0.588296154E-11
    0.666613992E-11
    0.754690236E-11
    0.853494306E-11
    0.965091959E-11
    0.109131133E-10
    0.123363962E-10
    0.139380625E-10
    0.157324669E-10
    0.177524278E-10
    0.200353580E-10
    0.225997734E-10
    0.254775174E-10
    0.287235461E-10
    0.323643153E-10
    0.364548877E-10
    0.410399144E-10
    0.462142980E-10
    0.519790073E-10
    0.584600516E-10
    0.657344543E-10
    0.739056185E-10
    0.830530533E-10
    0.933117921E-10
    0.104775210E-09
    0.117627584E-09
    0.132024546E-09
    0.148098508E-09
    0.166116209E-09
    0.186249824E-09
    0.208764910E-09
    0.233894154E-09
    0.262061412E-09
    0.293462873E-09
    0.328504845E-09
    0.367644797E-09
    0.411376380E-09
    0.460096876E-09
    0.514509106E-09
    0.575114800E-09
    0.642665795E-09
    0.718028055E-09
    0.801972781E-09
    0.895466798E-09
    0.999654320E-09
    0.111554660E-08
    0.124446130E-08
    0.138801748E-08
    0.154770642E-08
    0.172511306E-08
    0.192239019E-08
    0.214183033E-08
    0.238543971E-08
    0.265620346E-08
    0.295677677E-08
    0.329031553E-08
    0.366048635E-08
    0.407145812E-08
    0.452695516E-08
    0.503245425E-08
    0.559256282E-08
    0.621331164E-08
    0.690121367E-08
    0.766342558E-08
    0.850709794E-08
    0.944095935E-08
    0.104750316E-07
    0.116188120E-07
    0.128840995E-07
    0.142834771E-07
    0.158302703E-07
    0.175394887E-07
    0.194291439E-07
    0.215156115E-07
    0.238201476E-07
    0.263641585E-07
    0.291714417E-07
    0.322692206E-07
    0.356867966E-07
    0.394550622E-07
    0.436090589E-07
    0.481882073E-07
    0.532336472E-07
    0.587907144E-07
    0.649110257E-07
    0.716483691E-07
    0.790624226E-07
    0.872215084E-07
    0.961965002E-07
    0.106065055E-06
    0.116915715E-06
    0.128839536E-06
    0.141941705E-06
    0.156334036E-06
    0.172137660E-06
    0.189486712E-06
    0.208527366E-06
    0.229420099E-06
    0.252334860E-06
    0.277464162E-06
    0.305011902E-06
    0.335201614E-06
    0.368278169E-06
    0.404510722E-06
    0.444181089E-06
    0.487610977E-06
    0.535137449E-06
    0.587134746E-06
    0.644009064E-06
    0.706195287E-06
    0.774173946E-06
    0.848461009E-06
    0.929621513E-06
    0.101826099E-05
    0.111504481E-05
    0.122068768E-05
    0.133597006E-05
    0.146173019E-05
    0.159889153E-05
    0.174843409E-05
    0.191143286E-05
    0.208904578E-05
    0.228252356E-05
    0.249322840E-05
    0.272261841E-05
    0.297228584E-05
    0.324394370E-05
    0.353943801E-05
    0.386077076E-05
    0.421009762E-05
    0.458974048E-05
    0.500221741E-05
    0.545022757E-05
    0.593669526E-05
    0.646476580E-05
    0.703782674E-05
    0.765952665E-05
    0.833379658E-05
    0.906486300E-05
    0.985727712E-05
    0.107159255E-04
    0.116460871E-04
    0.126533876E-04
    0.137439180E-04
    0.149242082E-04
    0.162012469E-04
    0.175825602E-04
    0.190762267E-04
    0.206908785E-04
    0.224358042E-04
    0.243209541E-04
    0.263569532E-04
    0.285552404E-04
    0.309280088E-04
    0.334883494E-04
    0.362502407E-04
    0.392286753E-04
    0.424396170E-04
    0.459001616E-04
    0.496286206E-04
    0.536444608E-04
    0.579685017E-04
    0.626230132E-04
    0.676316875E-04
    0.730198015E-04
    0.788143705E-04
    0.850440822E-04
    0.917395657E-04
    0.989334200E-04
    0.106660298E-03
    0.114957174E-03
    0.123863288E-03
    0.133420427E-03
    0.143672913E-03
    0.154667994E-03
    0.166455729E-03
    0.179089223E-03
    0.192624961E-03
    0.207122827E-03
    0.222646239E-03
    0.239262534E-03
    0.257043027E-03
    0.276063174E-03
    0.296403059E-03
    0.318147137E-03
    0.341385107E-03
    0.366211561E-03
    0.392726613E-03
    0.421035972E-03
    0.451251335E-03
    0.483490715E-03
    0.517878434E-03
    0.554545830E-03
    0.593631367E-03
    0.635281022E-03
    0.679648362E-03
    0.726895484E-03
    0.777192636E-03
    0.830719337E-03
    0.887664010E-03
    0.948225090E-03
    0.101261101E-02
    0.108104058E-02
    0.115374373E-02
    0.123096158E-02
    0.131294724E-02
    0.139996601E-02
    0.149229588E-02
    0.159022810E-02
    0.169406795E-02
    0.180413443E-02
    0.192076160E-02
    0.204429873E-02
    0.217511078E-02
    0.231357903E-02
    0.246010154E-02
    0.261509391E-02
    0.277898949E-02
    0.295224017E-02
    0.313531709E-02
    0.332871049E-02
    0.353293137E-02
    0.374851103E-02
    0.397600196E-02
    0.421597877E-02
    0.446903847E-02
    0.473580044E-02
    0.501690831E-02
    0.531302910E-02
    0.562485455E-02
    0.595310164E-02
    0.629851220E-02
    0.666185505E-02
    0.704392439E-02
    0.744554238E-02
    0.786755762E-02
    0.831084668E-02
    0.877631490E-02
    0.926489516E-02
    0.977754936E-02
    0.103152690E-01
    0.108790744E-01
    0.114700153E-01
    0.120891714E-01
    0.127376516E-01
    0.134165962E-01
    0.141271732E-01
    0.148705825E-01
    0.156480530E-01
    0.164608433E-01
    0.173102421E-01
    0.181975658E-01
    0.191241620E-01
    0.200914055E-01
    0.211006991E-01
    0.221534739E-01
    0.232511884E-01
    0.243953266E-01
    0.255873984E-01
    0.268289386E-01
    0.281215063E-01
    0.294666830E-01
    0.308660710E-01
    0.323212961E-01
    0.338340003E-01
    0.354058463E-01
    0.370385111E-01
    0.387336880E-01
    0.404930844E-01
    0.423184176E-01
    0.442114151E-01
    0.461738132E-01
    0.482073543E-01
    0.503137823E-01
    0.524948453E-01
    0.547522889E-01
    0.570878568E-01
    0.595032854E-01
    0.620003039E-01
    0.645806308E-01
    0.672459695E-01
    0.699980083E-01
    0.728384148E-01
    0.757688350E-01
    0.787908889E-01
    0.819061677E-01
    0.851162299E-01
    0.884226015E-01
    0.918267663E-01
    0.953301681E-01
    0.989342064E-01
    0.102640228E+00
    0.106449532E+00
    0.110363359E+00
    0.114382892E+00
    0.118509249E+00
    0.122743482E+00
    0.127086578E+00
    0.131539442E+00
    0.136102907E+00
    0.140777728E+00
    0.145564572E+00
    0.150464021E+00
    0.155476567E+00
    0.160602607E+00
    0.165842444E+00
    0.171196277E+00
    0.176664207E+00
    0.182246228E+00
    0.187942222E+00
    0.193751970E+00
    0.199675128E+00
    0.205711249E+00
    0.211859757E+00
    0.218119963E+00
    0.224491058E+00
    0.230972106E+00
    0.237562049E+00
    0.244259704E+00
    0.251063761E+00
    0.257972783E+00
    0.264985206E+00
    0.272099335E+00
    0.279313354E+00
    0.286625308E+00
    0.294033123E+00
    0.301534593E+00
    0.309127388E+00
    0.316809052E+00
    0.324577000E+00
    0.332428531E+00
    0.340360818E+00
    0.348370915E+00
    0.356455755E+00
    0.364612164E+00
    0.372836846E+00
    0.381126396E+00
    0.389477307E+00
    0.397885956E+00
    0.406348629E+00
    0.414861504E+00
    0.423420665E+00
    0.432022109E+00
    0.440661733E+00
    0.449335356E+00
    0.458038711E+00
    0.466767450E+00
    0.475517152E+00
    0.484283321E+00
    0.493061394E+00
    0.501846742E+00
    0.510634666E+00
    0.519420422E+00
    0.528199194E+00
    0.536966118E+00
    0.545716289E+00
    0.554444732E+00
    0.563146453E+00
    0.571816392E+00
    0.580449462E+00
    0.589040534E+00
    0.597584432E+00
    0.606075960E+00
    0.614509878E+00
    0.622880917E+00
    0.631183775E+00
    0.639413120E+00
    0.647563593E+00
    0.655629804E+00
    0.663606331E+00
    0.671487735E+00
    0.679268538E+00
    0.686943244E+00
    0.694506327E+00
    0.701952234E+00
    0.709275398E+00
    0.716470210E+00
    0.723531052E+00
    0.730452277E+00
    0.737228215E+00
    0.743853178E+00
    0.750321458E+00
    0.756627337E+00
    0.762765068E+00
    0.768728912E+00
    0.774513103E+00
    0.780111880E+00
    0.785519482E+00
    0.790730145E+00
    0.795738121E+00
    0.800537676E+00
    0.805123097E+00
    0.809488700E+00
    0.813628839E+00
    0.817537911E+00
    0.821210374E+00
    0.824640743E+00
    0.827823623E+00
    0.830753684E+00
    0.833425719E+00
    0.835834621E+00
    0.837975404E+00
    0.839843242E+00
    0.841433436E+00
    0.842741482E+00
    0.843763045E+00
    0.844493997E+00
    0.844930431E+00
    0.845068664E+00
    0.844905273E+00
    0.844437101E+00
    0.843661274E+00
    0.842575218E+00
    0.841176680E+00
    0.839463739E+00
    0.837434831E+00
    0.835088743E+00
    0.832424663E+00
    0.829442155E+00
    0.826141202E+00
    0.822522207E+00
    0.818586000E+00
    0.814333864E+00
    0.809767522E+00
    0.804889166E+00
    0.799701453E+00
    0.794207508E+00
    0.788410934E+00
    0.782315812E+00
    0.775926704E+00
    0.769248642E+00
    0.762287137E+00
    0.755048168E+00
    0.747538173E+00
    0.739764050E+00
    0.731733138E+00
    0.723453208E+00
    0.714932452E+00
    0.706179465E+00
    0.697203229E+00
    0.688013092E+00
    0.678618752E+00
    0.669030235E+00
    0.659257867E+00
    0.649312260E+00
    0.639204273E+00
    0.628944999E+00
    0.618545731E+00
    0.608017925E+00
    0.597373200E+00
    0.586623270E+00
    0.575779944E+00
    0.564855084E+00
    0.553860574E+00
    0.542808296E+00
    0.531710091E+00
    0.520577738E+00
    0.509422922E+00
    0.498257201E+00
    0.487091984E+00
    0.475938497E+00
    0.464807767E+00
    0.453710587E+00
    0.442657493E+00
    0.431658752E+00
    0.420724323E+00
    0.409863851E+00
    0.399086647E+00
    0.388401662E+00
    0.377817483E+00
    0.367342308E+00
    0.356983948E+00
    0.346749803E+00
    0.336646862E+00
    0.326681693E+00
    0.316860436E+00
    0.307188810E+00
    0.297672094E+00
    0.288315140E+00
    0.279122374E+00
    0.270097786E+00
    0.261244955E+00
    0.252567034E+00
    0.244066772E+00
    0.235746514E+00
    0.227608212E+00
    0.219653441E+00
    0.211883400E+00
    0.204298931E+00
    0.196900533E+00
    0.189688371E+00
    0.182662295E+00
    0.175821847E+00
    0.169166287E+00
    0.162694599E+00
    0.156405509E+00
    0.150297507E+00
    0.144368851E+00
    0.138617592E+00
    0.133041588E+00
    0.127638514E+00
    0.122405886E+00
    0.117341064E+00
    0.112441281E+00
    0.107703644E+00
    0.103125155E+00
    0.987027221E-01
    0.944331698E-01
    0.903132576E-01
    0.863396844E-01
    0.825091017E-01
    0.788181273E-01
    0.752633508E-01
    0.718413424E-01
    0.685486675E-01
    0.653818877E-01
    0.623375724E-01
    0.594123026E-01
    0.566026813E-01
    0.539053364E-01
    0.513169238E-01
    0.488341392E-01
    0.464537135E-01
    0.441724252E-01
    0.419870972E-01
    0.398946029E-01
    0.378918693E-01
    0.359758763E-01
    0.341436634E-01
    0.323923259E-01
    0.307190208E-01
    0.291209662E-01
    0.275954405E-01
    0.261397865E-01
    0.247514099E-01
    0.234277787E-01
    0.221664258E-01
    0.209649472E-01
    0.198210029E-01
    0.187323154E-01
    0.176966707E-01
    0.167119184E-01
    0.157759679E-01
    0.148867928E-01
    0.140424268E-01
    0.132409622E-01
    0.124805538E-01
    0.117594130E-01
    0.110758108E-01
    0.104280739E-01
    0.981458657E-02
    0.923378809E-02
    0.868417196E-02
    0.816428598E-02
    0.767272946E-02
    0.720815406E-02
    0.676926204E-02
    0.635480468E-02
    0.596358192E-02
    0.559444136E-02
    0.524627639E-02
    0.491802572E-02
    0.460867229E-02
    0.431724201E-02
    0.404280185E-02
    0.378446005E-02
    0.354136443E-02
    0.331270026E-02
    0.309769060E-02
    0.289559399E-02
    0.270570426E-02
    0.252734818E-02
    0.235988513E-02
    0.220270612E-02
    0.205523131E-02
    0.191691086E-02
    0.178722225E-02
    0.166566939E-02
    0.155178238E-02
    0.144511535E-02
    0.134524632E-02
    0.125177542E-02
    0.116432448E-02
    0.108253554E-02
    0.100607029E-02
    0.934609100E-03
    0.867849888E-03
    0.805507164E-03
    0.747311978E-03
    0.693010022E-03
    0.642361509E-03
    0.595140597E-03
    0.551133931E-03
    0.510140607E-03
    0.471971281E-03
    0.436447747E-03
    0.403401828E-03
    0.372675372E-03
    0.344119572E-03
    0.317594132E-03
    0.292967233E-03
    0.270114715E-03
    0.248919936E-03
    0.229273089E-03
    0.211071082E-03
    0.194216952E-03
    0.178619530E-03
    0.164193363E-03
    0.150858097E-03
    0.138538310E-03
    0.127163336E-03
    0.116666789E-03
    0.106986506E-03
    0.980642552E-04
    0.898454999E-04
    0.822791680E-04
    0.753174617E-04
    0.689158005E-04
    0.630324745E-04
    0.576284735E-04
    0.526675714E-04
    0.481158273E-04
    0.439416889E-04
    0.401158537E-04
    0.366109729E-04
    0.334016745E-04
    0.304643689E-04
    0.277772478E-04
    0.253200096E-04
    0.230739104E-04
    0.210216124E-04
    0.191470531E-04
    0.174354480E-04
    0.158731341E-04
    0.144475214E-04
    0.131470029E-04
    0.119609512E-04
    0.108795428E-04
    0.989378774E-05
    0.899544112E-05
    0.817693926E-05
    0.743134109E-05
    0.675233207E-05
    0.613409825E-05
    0.557134121E-05
    0.505922528E-05
    0.459333778E-05
    0.416965022E-05
    0.378447362E-05
    0.343447177E-05
    0.311658657E-05
    0.282802655E-05
    0.256627303E-05
    0.232899822E-05
    0.211409139E-05
    0.191963856E-05
    0.174388165E-05
    0.158522397E-05
    0.144219395E-05
    0.131346803E-05
    0.119781269E-05
    0.109411688E-05
    0.100135519E-05
    0.918582003E-06
    0.844935542E-06
    0.779627824E-06
    0.721923890E-06
    0.671151290E-06
    0.626696177E-06
    0.587981566E-06
    0.554481718E-06
    0.525708749E-06
    0.501214550E-06
    0.480573556E-06
    0.463408439E-06
    0.449356176E-06
    0.438087043E-06
    0.429294522E-06
    0.422694690E-06
    0.418024902E-06
    0.415043113E-06
    0.413523811E-06
    0.413259993E-06
    0.414059659E-06
    0.415750658E-06
    0.418169444E-06
    0.421167286E-06
    0.424611708E-06
    0.428376705E-06
    0.432352766E-06
    0.436437388E-06
    0.440539106E-06
    0.444576023E-06
    0.448474230E-06
    0.452168638E-06
    0.455603749E-06
    0.458727872E-06
    0.461498140E-06
    0.463878884E-06
    0.465837991E-06
    0.467352176E-06
    0.468397706E-06
    0.468962524E-06
    0.469033686E-06
    0.468605029E-06
    0.467674030E-06
    0.466240037E-06
    0.464307352E-06
    0.461881704E-06
    0.458970109E-06
    0.455586822E-06
    0.451743849E-06
    0.447454563E-06
    0.442737343E-06
    0.437609759E-06
    0.432090943E-06
    0.426200643E-06
    0.419960026E-06
    0.413391837E-06
    0.406515955E-06
    0.399357589E-06
    0.391937796E-06
    0.384280088E-06
    0.376407486E-06
    0.368340894E-06
    0.360105428E-06
    0.351723508E-06
    0.343214966E-06
    0.334601858E-06
    0.325906009E-06
    0.317146838E-06
    0.308344529E-06
    0.299517294E-06
    0.290684786E-06
    0.281862853E-06
    0.273069550E-06
    0.264320455E-06
    0.255630419E-06
    0.247013761E-06
    0.238483127E-06
    0.230051763E-06
    0.221732641E-06
    0.213534353E-06
    0.205467534E-06
    0.197541352E-06
    0.189764615E-06
    0.182144023E-06
    0.174686877E-06
    0.167398419E-06
    0.160284283E-06
    0.153348471E-06
    0.146595365E-06
    0.140027446E-06
    0.133647213E-06
    0.127455980E-06
    0.121455384E-06
    0.115646558E-06
    0.110028942E-06
    0.104601821E-06
    0.993646608E-07
    0.943164305E-07
    0.894551182E-07
    0.847787257E-07
    0.802846648E-07
    0.759699568E-07
    0.718320714E-07
    0.678672848E-07
    0.640725150E-07
    0.604435686E-07
    0.569765868E-07
    0.536675867E-07
    0.505124614E-07
    0.475068420E-07
    0.446460860E-07
    0.419257079E-07
    0.393413981E-07
    0.368887228E-07
    0.345627264E-07
    0.323593063E-07
    0.302731445E-07
    0.283005625E-07
    0.264364904E-07
    0.246768080E-07
    0.230169605E-07
    0.214526383E-07
    0.199796883E-07
    0.185940206E-07
    0.172915129E-07
    0.160684158E-07
    0.149205335E-07
    0.138443286E-07
    0.128363017E-07
    0.118927107E-07
    0.110103948E-07
    0.101858530E-07
    0.941606741E-08
    0.869813241E-08
    0.802883077E-08
    0.740566457E-08
    0.682572092E-08
    0.628656268E-08
    0.578569079E-08
    0.532074111E-08
    0.488962826E-08
    0.449012510E-08
    0.412010977E-08
    0.377790540E-08
    0.346152156E-08
    0.316932473E-08
    0.289966584E-08
    0.265094249E-08
    0.242186575E-08
    0.221089360E-08
    0.201682963E-08
    0.183849103E-08
    0.167467546E-08
    0.152436890E-08
    0.138652360E-08
    0.126023863E-08
    0.114468379E-08
    0.103889021E-08
    0.942234938E-09
    0.853954469E-09
    0.773397604E-09
    0.699952667E-09
    0.633026422E-09
    0.572098930E-09
    0.516680337E-09
    0.466264916E-09
    0.420518673E-09
    0.378980768E-09
    0.341312545E-09
    0.307181570E-09
    0.276258546E-09
    0.248314956E-09
    0.223025151E-09
    0.200173061E-09
    0.179552530E-09
    0.160950622E-09
    0.144182509E-09
    0.129082722E-09
    0.115486450E-09
    0.103261410E-09
    0.922632496E-10
    0.823910670E-10
    0.735400726E-10
    0.655907262E-10
    0.584742512E-10
    0.520901326E-10
    0.463834829E-10
    0.412803172E-10
    0.367113156E-10
    0.326332680E-10
    0.289942998E-10
    0.257460793E-10
    0.228508004E-10
    0.202719880E-10
    0.179713296E-10
    0.159257706E-10
    0.141031340E-10
    0.124882133E-10
    0.110497685E-10
    0.977296793E-11
    0.863866835E-11
    0.763320173E-11
    0.674214861E-11
    0.595218612E-11
    0.525135472E-11
    0.463194798E-11
    0.408352385E-11
    0.359795793E-11
    0.317046049E-11
    0.279074670E-11
    0.245616494E-11
    0.216026487E-11
    0.189958213E-11
    0.166988342E-11
    0.146696780E-11
    0.128747132E-11
    0.113083426E-11
    0.991230366E-12
    0.869509301E-12
    0.761822206E-12
    0.666874514E-12
    0.583663835E-12
    0.510386489E-12
    0.446367503E-12
    0.389934195E-12
    0.340065571E-12
    0.296615017E-12
    0.258233751E-12
    0.224716199E-12
    0.195544687E-12
    0.169607030E-12
    0.147631125E-12
    0.127942325E-12
    0.110585161E-12
    0.959615868E-13
    0.826540841E-13
    0.713886571E-13
    0.616048569E-13
    0.531688176E-13
    0.458391285E-13
    0.394177762E-13
    0.338553953E-13
    0.291328389E-13
    0.249329451E-13
    0.214683757E-13
    0.184040957E-13
    0.158386344E-13
    0.136843432E-13
    0.116047236E-13
    0.100695966E-13
    0.862661907E-14
    0.740667373E-14
    0.646292553E-14
    0.560690922E-14
    0.489597529E-14
    0.425677728E-14
    0.371376792E-14
    0.330044942E-14
    0.295783879E-14
    0.266113012E-14
    0.246237415E-14
    0.226580164E-14
    0.213901264E-14
    0.197875031E-14
    0.191140150E-14
    0.184205329E-14
    0.178283595E-14
    0.178267441E-14
    0.176995570E-14
    0.177917235E-14
    0.174481701E-14
    0.175008540E-14
    0.172543912E-14
    0.173403494E-14
    0.173814799E-14
    0.174530291E-14
    0.171706084E-14
    0.174574831E-14
    0.169115709E-14
    0.165249019E-14
    0.168249085E-14
    0.161878997E-14
    0.161356411E-14
    0.160964196E-14
    0.157095850E-14
    0.154227804E-14
    0.150226727E-14
    0.148229824E-14
    0.148022260E-14
    0.147576718E-14
    0.143562132E-14
    0.144629015E-14
    0.143328820E-14
    0.141353248E-14
    0.136323549E-14
    0.138859251E-14
    0.138108444E-14
    0.136642846E-14
    0.139571804E-14
    0.135795511E-14
    0.133941797E-14
    0.132186366E-14
    0.129331977E-14
    0.129855755E-14
    0.128685484E-14
    0.123230189E-14
    0.123510175E-14
    0.119521143E-14
    0.115103917E-14
    0.112541695E-14
    0.109656875E-14
    0.106135442E-14
    0.101362958E-14
    0.991895584E-15
    0.962255398E-15
    0.888664838E-15
    0.895352218E-15
    0.843810023E-15
    0.838558826E-15
    0.805757929E-15
    0.766101844E-15
    0.741735062E-15
    0.737472099E-15
    0.693052531E-15
    0.714186719E-15
    0.693790945E-15
    0.668476420E-15
    0.686334343E-15
    0.661649373E-15
    0.673367626E-15
    0.640575703E-15
    0.664706012E-15
    0.654270345E-15
    0.648924411E-15
    0.663313485E-15
    0.644312222E-15
    0.660933152E-15
    0.649838355E-15
    0.641299042E-15
    0.645243705E-15
    0.642468444E-15
    0.604436320E-15
    0.611608142E-15
    0.600919968E-15
    0.595636120E-15
    0.584885921E-15
    0.570352045E-15
    0.552368333E-15
    0.532028022E-15
    0.500858926E-15
    0.477662233E-15
    0.484029262E-15
    0.461530116E-15
    0.432181763E-15
    0.433599853E-15
    0.376493932E-15
    0.385728061E-15
    0.343455191E-15
    0.332376887E-15
    0.306886037E-15
    0.284480719E-15
    0.288751201E-15
    0.255254810E-15
    0.245644705E-15
    0.218184247E-15
    0.203559929E-15
    0.189384768E-15
    0.174492615E-15
    0.161902652E-15
    0.158935650E-15
    0.143588053E-15
    0.125400435E-15
    0.125026615E-15
    0.979497419E-16
    0.953589224E-16
    0.912977995E-16
    0.803416029E-16
    0.808404800E-16
    0.691120002E-16
    0.691200103E-16
    0.623672129E-16
    0.562002829E-16
    0.427102383E-16
    0.500208268E-16
    0.497234725E-16
    0.471218667E-16
    0.474509009E-16
    0.373134350E-16
    0.403346829E-16
    0.343905913E-16
    0.336434467E-16
    0.249841711E-16
    0.339261417E-16
    0.313522804E-16
    0.339320044E-16
    0.347727728E-16
    0.248599376E-16
    0.236762321E-16
    0.272529401E-16
    0.246595907E-16
    0.330755541E-16
    0.267300286E-16
    0.312458149E-16
    0.241692166E-16
    0.215323696E-16
    0.244743234E-16
    0.208400905E-16
    0.283648364E-16
    0.249709665E-16
    0.232892610E-16
    0.247698338E-16
    0.197378297E-16
    0.265610680E-16
    0.252228342E-16
    0.194852952E-16
    0.317866267E-16
    0.249997297E-16
    0.325833854E-16
    0.238797058E-16
    0.289746400E-16
    0.243056057E-16
    0.226379264E-16
    0.237864093E-16
    0.254131823E-16
    0.228376813E-16
    0.295238895E-16
    0.299783089E-16
    0.218991747E-16
    0.180909677E-16
    0.193013173E-16
    0.299785052E-16
    0.275968295E-16
    0.250815373E-16
    0.277456409E-16
    0.249923568E-16
    0.188836728E-16
    0.230058518E-16
    0.210006161E-16
    0.313107419E-16
    0.193095922E-16
    0.273088793E-16
    0.266111696E-16
    0.192908148E-16
    0.250504088E-16
    0.259402004E-16
    0.249216836E-16
    0.305137901E-16
    0.236867178E-16
    0.325073794E-16
    0.220001136E-16
    0.286384035E-16
    0.255085081E-16
    0.225806926E-16
    0.277204446E-16
    0.203587142E-16
    0.270923254E-16
    0.248469850E-16
    0.270549279E-16
    0.242269964E-16
    0.166363513E-16
    0.189916633E-16
    0.331261542E-16
    0.248081385E-16
    0.311601424E-16
    0.243122728E-16
    0.253238472E-16
    0.208488467E-16
    0.212467638E-16
    0.221516186E-16
    0.293134177E-16
    0.199523725E-16
    0.280916750E-16
    0.303760320E-16
    0.212006846E-16
    0.241788100E-16
    0.227925761E-16
    0.289900455E-16
    0.289533787E-16
    0.263654447E-16
    0.303966628E-16
    0.220498135E-16
    0.235202012E-16
    0.254597562E-16
    0.217560274E-16
    0.268265781E-16
    0.184569478E-16
    0.308239359E-16
    0.215581848E-16
    0.244336832E-16
    0.264067022E-16
    0.171187866E-16
    0.206545755E-16
    0.311668949E-16
    0.250921477E-16
    0.335045200E-16
    0.209109896E-16
    0.257557221E-16
    0.256854046E-16
    0.207338329E-16
    0.237308225E-16
    0.238317172E-16
    0.230552674E-16
    0.248409284E-16
    0.330770086E-16
    0.226981309E-16
    0.215204567E-16
    0.204046835E-16
    0.313114403E-16
    0.271667355E-16
    0.288537784E-16
    0.277795682E-16
    0.229876722E-16
    0.207558350E-16
    0.232676255E-16
    0.207473547E-16
    0.249626815E-16
    0.192647656E-16
    0.285216857E-16
    0.237283717E-16
    0.225557180E-16
    0.268203114E-16
    0.194344961E-16
    0.225699485E-16
    0.274105931E-16
    0.280300215E-16
    0.307399365E-16
    0.197756055E-16
    0.263619121E-16
    0.294973532E-16
    0.224172864E-16
    0.241648004E-16
    0.213409402E-16
    0.258833435E-16
    0.201308881E-16
    0.330579025E-16
    0.231059658E-16
    0.177228799E-16
    0.209901575E-16
    0.344246337E-16
    0.261559093E-16
    0.300114657E-16
    0.246097134E-16
    0.216042440E-16
    0.222297632E-16
    0.223413114E-16
    0.205862852E-16
    0.260130522E-16
    0.206794831E-16
    0.259021784E-16
    0.293247995E-16
    0.196861106E-16
    0.258116670E-16
    0.213608258E-16
    0.241237982E-16
    0.261174381E-16
    0.289141650E-16
    0.274004393E-16
    0.215649416E-16
    0.258066172E-16
    0.295897924E-16
    0.224805795E-16
    0.236629149E-16
    0.241894133E-16
    0.267491372E-16
    0.172853148E-16
    0.320614074E-16
    0.250686436E-16
    0.168196794E-16
    0.208323952E-16
    0.346549470E-16
    0.255229681E-16
    0.312211826E-16
    0.206444819E-16
    0.193539521E-16
    0.269919563E-16
    0.259689428E-16
    0.215311187E-16
    0.274537429E-16
    0.221841080E-16
    0.267795081E-16
    0.313429565E-16
    0.194791811E-16
    0.218712650E-16
    0.213083857E-16
    0.295861150E-16
    0.260677155E-16
    0.268247518E-16
    0.232290810E-16
    0.228733000E-16
    0.274591499E-16
    0.262797913E-16
    0.217167598E-16
    0.219861938E-16
    0.273669046E-16
    0.282927639E-16
    0.197313122E-16
    0.280396031E-16
    0.255411902E-16
    0.212150633E-16
    0.198232945E-16
    0.315452589E-16
    0.256354327E-16
    0.289026997E-16
    0.206754859E-16
    0.238189853E-16
    0.268027413E-16
    0.300310148E-16
    0.235485979E-16
    0.293831288E-16
    0.222730476E-16
    0.278578749E-16
    0.256757032E-16
    0.220036671E-16
    0.222167280E-16
    0.265955165E-16
    0.270120199E-16
    0.253939974E-16
    0.274851568E-16
    0.198571396E-16
    0.222001921E-16
    0.228026890E-16
    0.265666604E-16
    0.270621961E-16
    0.220372131E-16
    0.258364337E-16
    0.308348016E-16
    0.234103154E-16
    0.266892973E-16
    0.209014807E-16
    0.197532083E-16
    0.223037409E-16
    0.336446897E-16
    0.261906658E-16
    0.226738334E-16
    0.224274116E-16
    0.279603095E-16
    0.297709552E-16
    0.228065507E-16
    0.302579132E-16
    0.263848717E-16
    0.168844060E-16
    0.358005076E-16
    0.245051662E-16
    0.182738002E-16
    0.231445221E-16
    0.310900804E-16
    0.240193701E-16
    0.282470796E-16
    0.197254381E-16
    0.182183320E-16
    0.284261664E-16
    0.287904965E-16
    0.261286450E-16
    0.255110497E-16
    0.238512494E-16
    0.337211386E-16
    0.229976598E-16
    0.218898495E-16
    0.240169541E-16
    0.201934150E-16
    0.207234295E-16
    0.318405500E-16
    0.268736888E-16
    0.220338307E-16
    0.237246505E-16
    0.232439717E-16
    0.281128206E-16
    0.264376601E-16
    0.278851484E-16
    0.288642203E-16
    0.215006328E-16
    0.313658233E-16
    0.306800899E-16
    0.188023510E-16
    0.214190740E-16
    0.280187288E-16
    0.267171455E-16
    0.325759377E-16
    0.222968566E-16
    0.227990251E-16
    0.316749257E-16
    0.297196262E-16
    0.265598328E-16
    0.299530603E-16
    0.220474031E-16
    0.288927880E-16
    0.251695118E-16
    0.200444362E-16
    0.298297126E-16
    0.251789498E-16
    0.196302017E-16
    0.290612961E-16
    0.234077326E-16
    0.244106307E-16
    0.291874593E-16
    0.235191365E-16
    0.242579331E-16
    0.268505492E-16
    0.302706276E-16
    0.353646006E-16
    0.209948330E-16
    0.234745627E-16
    0.273134014E-16
    0.220839805E-16
    0.239115969E-16
    0.317519839E-16
    0.282464796E-16
    0.286358470E-16
    0.252613291E-16
    0.279778650E-16
    0.265152474E-16
    0.223603289E-16
    0.323713678E-16
    0.313690437E-16
    0.190241705E-16
    0.279095699E-16
    0.212071487E-16
    0.299551435E-16
    0.273193702E-16
    0.240901631E-16
    0.335546416E-16
    0.277435523E-16
    0.243309159E-16
    0.291569109E-16
    0.254515320E-16
    0.267216235E-16
    0.281276356E-16
    0.257630619E-16
    0.305411150E-16
    0.240450203E-16
    0.185130872E-16
    0.321371629E-16
    0.275310852E-16
    0.242504624E-16
    0.328054683E-16
    0.325261643E-16
    0.294365227E-16
    0.248394157E-16
    0.290147365E-16
    0.224862245E-16
    0.271735850E-16
    0.317747304E-16
    0.269634628E-16
    0.251548486E-16
