 #tdnd tdcion
    0.266992152E-16
    0.313214630E-16
    0.368110626E-16
    0.454175127E-16
    0.333600669E-16
    0.294023210E-16
    0.332819953E-16
    0.241949552E-16
    0.322031698E-16
    0.306816539E-16
    0.223602344E-16
    0.249870809E-16
    0.266069273E-16
    0.236242452E-16
    0.303729935E-16
    0.294816371E-16
    0.376113424E-16
    0.325754711E-16
    0.243508939E-16
    0.259197564E-16
    0.172130023E-16
    0.286904521E-16
    0.215944648E-16
    0.277204405E-16
    0.324036417E-16
    0.263110876E-16
    0.268919782E-16
    0.269694726E-16
    0.278328745E-16
    0.323548413E-16
    0.241534709E-16
    0.371001802E-16
    0.401384022E-16
    0.321819507E-16
    0.467253210E-16
    0.327380081E-16
    0.361957533E-16
    0.453206915E-16
    0.508317269E-16
    0.456189599E-16
    0.436645033E-16
    0.458194820E-16
    0.436576515E-16
    0.386572234E-16
    0.358739160E-16
    0.308884841E-16
    0.307318889E-16
    0.370160403E-16
    0.235340161E-16
    0.281415939E-16
    0.357872000E-16
    0.301912769E-16
    0.294454407E-16
    0.296654342E-16
    0.299279883E-16
    0.415182138E-16
    0.304319109E-16
    0.262116338E-16
    0.345557274E-16
    0.240800766E-16
    0.288545048E-16
    0.270135913E-16
    0.365826253E-16
    0.338671938E-16
    0.289296152E-16
    0.382906080E-16
    0.280393063E-16
    0.277697725E-16
    0.259966180E-16
    0.242508331E-16
    0.395977802E-16
    0.437016579E-16
    0.259337625E-16
    0.304319912E-16
    0.327955233E-16
    0.352185637E-16
    0.263725482E-16
    0.287409868E-16
    0.331707404E-16
    0.316976557E-16
    0.245707462E-16
    0.323621874E-16
    0.199684232E-16
    0.297055084E-16
    0.261339616E-16
    0.272310764E-16
    0.338206296E-16
    0.342715943E-16
    0.204960706E-16
    0.350412258E-16
    0.215239846E-16
    0.346856971E-16
    0.253443331E-16
    0.294651192E-16
    0.357273956E-16
    0.239920820E-16
    0.236032314E-16
    0.299680885E-16
    0.252921792E-16
    0.330866013E-16
    0.229053980E-16
    0.318360820E-16
    0.400613268E-16
    0.288539407E-16
    0.256330080E-16
    0.354429581E-16
    0.212659446E-16
    0.301890516E-16
    0.281084233E-16
    0.330138041E-16
    0.427528857E-16
    0.236716489E-16
    0.245713732E-16
    0.229203866E-16
    0.297517159E-16
    0.271819643E-16
    0.301419024E-16
    0.279425651E-16
    0.291399569E-16
    0.230616474E-16
    0.270921662E-16
    0.357399666E-16
    0.233039484E-16
    0.291435792E-16
    0.205583412E-16
    0.331248141E-16
    0.356089943E-16
    0.272301387E-16
    0.263853877E-16
    0.235411740E-16
    0.293825049E-16
    0.307761746E-16
    0.359567317E-16
    0.216445414E-16
    0.250989430E-16
    0.330154503E-16
    0.234862469E-16
    0.264127409E-16
    0.238530405E-16
    0.389342373E-16
    0.272932653E-16
    0.328403828E-16
    0.354202039E-16
    0.215745104E-16
    0.256731840E-16
    0.250588524E-16
    0.324063126E-16
    0.353719917E-16
    0.267362060E-16
    0.213003069E-16
    0.278008442E-16
    0.332711259E-16
    0.198588497E-16
    0.331548600E-16
    0.243663433E-16
    0.246803490E-16
    0.280650409E-16
    0.312026816E-16
    0.356778674E-16
    0.269687937E-16
    0.280986558E-16
    0.302906131E-16
    0.312479035E-16
    0.270775172E-16
    0.326053724E-16
    0.282061637E-16
    0.293655203E-16
    0.300849036E-16
    0.250400071E-16
    0.298205300E-16
    0.282955812E-16
    0.355196600E-16
    0.338529468E-16
    0.358152866E-16
    0.476790769E-16
    0.319338369E-16
    0.309842452E-16
    0.344974485E-16
    0.342807627E-16
    0.513797730E-16
    0.492106442E-16
    0.373175854E-16
    0.443292067E-16
    0.493587663E-16
    0.370001980E-16
    0.436617084E-16
    0.311514907E-16
    0.442556651E-16
    0.462483388E-16
    0.467916801E-16
    0.637677823E-16
    0.404971371E-16
    0.479183757E-16
    0.460514148E-16
    0.650562555E-16
    0.572024916E-16
    0.442752311E-16
    0.502522691E-16
    0.437303740E-16
    0.372144228E-16
    0.387037229E-16
    0.407683112E-16
    0.340834699E-16
    0.431438560E-16
    0.457848042E-16
    0.364762216E-16
    0.452162496E-16
    0.507116443E-16
    0.428392539E-16
    0.519020284E-16
    0.481003899E-16
    0.516264400E-16
    0.560072398E-16
    0.436057261E-16
    0.430889207E-16
    0.590648907E-16
    0.409763845E-16
    0.411027615E-16
    0.371875248E-16
    0.505714353E-16
    0.524686321E-16
    0.580555588E-16
    0.598818655E-16
    0.568789811E-16
    0.546621238E-16
    0.601308468E-16
    0.728997446E-16
    0.607834906E-16
    0.562187155E-16
    0.552316097E-16
    0.436147209E-16
    0.373495926E-16
    0.542338938E-16
    0.446387991E-16
    0.347522689E-16
    0.339995621E-16
    0.553214300E-16
    0.425294996E-16
    0.411659992E-16
    0.460626958E-16
    0.558536066E-16
    0.475479338E-16
    0.408701472E-16
    0.633369316E-16
    0.589672518E-16
    0.496192470E-16
    0.598036416E-16
    0.479443925E-16
    0.405625144E-16
    0.432806436E-16
    0.465441755E-16
    0.516298131E-16
    0.472720011E-16
    0.573216940E-16
    0.385886902E-16
    0.422087706E-16
    0.468599035E-16
    0.492847805E-16
    0.531963540E-16
    0.431303391E-16
    0.484897362E-16
    0.594619326E-16
    0.520609700E-16
    0.430533448E-16
    0.614257450E-16
    0.505079040E-16
    0.482588738E-16
    0.506568716E-16
    0.581175675E-16
    0.818354254E-16
    0.641207864E-16
    0.496667640E-16
    0.466978433E-16
    0.687685184E-16
    0.484509436E-16
    0.655125116E-16
    0.624493935E-16
    0.377753028E-16
    0.799702035E-16
    0.569056470E-16
    0.625313440E-16
    0.591777830E-16
    0.651306408E-16
    0.565487445E-16
    0.664036348E-16
    0.620597100E-16
    0.746178043E-16
    0.857768703E-16
    0.853876307E-16
    0.577983569E-16
    0.871559550E-16
    0.529272039E-16
    0.742085734E-16
    0.766042461E-16
    0.724587758E-16
    0.684026590E-16
    0.557381107E-16
    0.731854867E-16
    0.701852665E-16
    0.665742734E-16
    0.600956732E-16
    0.758169692E-16
    0.855033558E-16
    0.797499353E-16
    0.835968710E-16
    0.910997931E-16
    0.833623060E-16
    0.804858151E-16
    0.978878011E-16
    0.708763115E-16
    0.598326997E-16
    0.885855141E-16
    0.779307843E-16
    0.705877395E-16
    0.698076913E-16
    0.580418242E-16
    0.720025258E-16
    0.716496036E-16
    0.839140475E-16
    0.618635717E-16
    0.104261102E-15
    0.108071175E-15
    0.968213636E-16
    0.107771555E-15
    0.637488837E-16
    0.107785249E-15
    0.816168314E-16
    0.944398115E-16
    0.776886796E-16
    0.804391365E-16
    0.718971986E-16
    0.969253898E-16
    0.691332601E-16
    0.807194836E-16
    0.796410298E-16
    0.106873269E-15
    0.787480809E-16
    0.106114266E-15
    0.103512268E-15
    0.109805012E-15
    0.102990956E-15
    0.130002495E-15
    0.955153876E-16
    0.858730750E-16
    0.102674199E-15
    0.110170018E-15
    0.106205228E-15
    0.112645829E-15
    0.814412580E-16
    0.956456554E-16
    0.115856766E-15
    0.107662662E-15
    0.735390900E-16
    0.128280271E-15
    0.979464569E-16
    0.148033498E-15
    0.127103551E-15
    0.108371288E-15
    0.123772753E-15
    0.113953246E-15
    0.131000867E-15
    0.133704380E-15
    0.124488084E-15
    0.121748173E-15
    0.132987046E-15
    0.127638595E-15
    0.125060293E-15
    0.112364950E-15
    0.132830628E-15
    0.115717547E-15
    0.135817325E-15
    0.151522940E-15
    0.149791009E-15
    0.126876653E-15
    0.164030316E-15
    0.149551535E-15
    0.144528939E-15
    0.142957469E-15
    0.142633610E-15
    0.164237020E-15
    0.175991552E-15
    0.139138545E-15
    0.135527092E-15
    0.168133056E-15
    0.177734241E-15
    0.146076186E-15
    0.176456758E-15
    0.137295952E-15
    0.206949230E-15
    0.166735281E-15
    0.199023129E-15
    0.169144107E-15
    0.157335996E-15
    0.164951312E-15
    0.195811717E-15
    0.204946937E-15
    0.199055114E-15
    0.164669024E-15
    0.203201892E-15
    0.232350292E-15
    0.196510182E-15
    0.188791628E-15
    0.179719669E-15
    0.176987376E-15
    0.261794033E-15
    0.200263931E-15
    0.204490049E-15
    0.216237314E-15
    0.217909914E-15
    0.221639321E-15
    0.230740202E-15
    0.224475226E-15
    0.262556597E-15
    0.239321858E-15
    0.268763326E-15
    0.208516098E-15
    0.251353822E-15
    0.216913618E-15
    0.244602392E-15
    0.243227491E-15
    0.274531624E-15
    0.250754526E-15
    0.229950445E-15
    0.280635286E-15
    0.269112804E-15
    0.257671014E-15
    0.255044478E-15
    0.274727619E-15
    0.316407607E-15
    0.294575666E-15
    0.252479367E-15
    0.244448951E-15
    0.319042194E-15
    0.278761971E-15
    0.331576602E-15
    0.268396275E-15
    0.307051198E-15
    0.324929827E-15
    0.279739956E-15
    0.305991109E-15
    0.302702388E-15
    0.279002702E-15
    0.290167342E-15
    0.303952668E-15
    0.356021241E-15
    0.320323778E-15
    0.287053713E-15
    0.352425594E-15
    0.342091904E-15
    0.365416370E-15
    0.352568630E-15
    0.308144264E-15
    0.362974832E-15
    0.414499798E-15
    0.346259417E-15
    0.354136237E-15
    0.346747773E-15
    0.350499914E-15
    0.384824362E-15
    0.371151894E-15
    0.426961309E-15
    0.383546893E-15
    0.397294566E-15
    0.398158429E-15
    0.383632658E-15
    0.447394081E-15
    0.419540711E-15
    0.471519505E-15
    0.508873546E-15
    0.569834646E-15
    0.480384523E-15
    0.505458715E-15
    0.540910419E-15
    0.560352228E-15
    0.574996823E-15
    0.585981070E-15
    0.624140422E-15
    0.653970842E-15
    0.655954419E-15
    0.628483594E-15
    0.737655717E-15
    0.787100582E-15
    0.866105047E-15
    0.927108864E-15
    0.905626127E-15
    0.106182596E-14
    0.982621707E-15
    0.109705356E-14
    0.121098756E-14
    0.129230838E-14
    0.140716108E-14
    0.148685446E-14
    0.158158899E-14
    0.179604095E-14
    0.170932181E-14
    0.188563234E-14
    0.207889289E-14
    0.221661726E-14
    0.250197744E-14
    0.253422710E-14
    0.266727624E-14
    0.307129995E-14
    0.320176718E-14
    0.358847565E-14
    0.398785781E-14
    0.431208580E-14
    0.473355778E-14
    0.496932652E-14
    0.544208000E-14
    0.600987247E-14
    0.627299648E-14
    0.718520689E-14
    0.787126882E-14
    0.868592153E-14
    0.961953715E-14
    0.100630653E-13
    0.111790581E-13
    0.125389468E-13
    0.135574137E-13
    0.151367916E-13
    0.167701004E-13
    0.184645691E-13
    0.205817250E-13
    0.224449274E-13
    0.255846534E-13
    0.284663943E-13
    0.316244352E-13
    0.360680388E-13
    0.397757906E-13
    0.446928839E-13
    0.499343507E-13
    0.553458264E-13
    0.634787152E-13
    0.716022148E-13
    0.804887628E-13
    0.913017034E-13
    0.102532863E-12
    0.115517376E-12
    0.130471205E-12
    0.146882006E-12
    0.167953816E-12
    0.189113611E-12
    0.214851748E-12
    0.244188319E-12
    0.275785331E-12
    0.313827337E-12
    0.355696763E-12
    0.403315251E-12
    0.461127677E-12
    0.520793351E-12
    0.592235196E-12
    0.672584780E-12
    0.763130916E-12
    0.867541440E-12
    0.985786783E-12
    0.111914860E-11
    0.127369614E-11
    0.144089366E-11
    0.163750529E-11
    0.185594986E-11
    0.210255012E-11
    0.238773763E-11
    0.270395754E-11
    0.306721943E-11
    0.347886936E-11
    0.393167062E-11
    0.446050566E-11
    0.504613262E-11
    0.570963366E-11
    0.646145154E-11
    0.730589767E-11
    0.826128436E-11
    0.934030862E-11
    0.105483510E-10
    0.119266415E-10
    0.134635257E-10
    0.151985301E-10
    0.171557795E-10
    0.193396211E-10
    0.218178018E-10
    0.245847800E-10
    0.276983037E-10
    0.312265838E-10
    0.351476320E-10
    0.395695491E-10
    0.445300800E-10
    0.500906620E-10
    0.563346452E-10
    0.633302965E-10
    0.711732873E-10
    0.799742987E-10
    0.898012340E-10
    0.100824877E-09
    0.113180108E-09
    0.126976339E-09
    0.142479703E-09
    0.159728165E-09
    0.179102822E-09
    0.200726182E-09
    0.224810135E-09
    0.251788022E-09
    0.281913147E-09
    0.315548307E-09
    0.353098745E-09
    0.394982281E-09
    0.441722063E-09
    0.493805597E-09
    0.551838165E-09
    0.616542208E-09
    0.688662796E-09
    0.768941489E-09
    0.858415275E-09
    0.957858114E-09
    0.106880323E-08
    0.119193549E-08
    0.132896890E-08
    0.148144627E-08
    0.165094892E-08
    0.183924448E-08
    0.204839296E-08
    0.228074603E-08
    0.253872460E-08
    0.282506293E-08
    0.314283163E-08
    0.349547238E-08
    0.388664360E-08
    0.432021425E-08
    0.480085150E-08
    0.533339059E-08
    0.592374239E-08
    0.657683295E-08
    0.730058032E-08
    0.810172459E-08
    0.898828983E-08
    0.996890704E-08
    0.110534796E-07
    0.122530687E-07
    0.135787211E-07
    0.150438920E-07
    0.166622656E-07
    0.184501823E-07
    0.204242292E-07
    0.226030678E-07
    0.250076986E-07
    0.276612026E-07
    0.305872959E-07
    0.338132558E-07
    0.373703931E-07
    0.412898944E-07
    0.456080835E-07
    0.503636008E-07
    0.556004695E-07
    0.613658001E-07
    0.677091937E-07
    0.746890707E-07
    0.823646604E-07
    0.908063089E-07
    0.100084419E-06
    0.110280231E-06
    0.121482416E-06
    0.133786362E-06
    0.147294093E-06
    0.162123233E-06
    0.178397130E-06
    0.196250386E-06
    0.215831342E-06
    0.237300624E-06
    0.260835493E-06
    0.286625602E-06
    0.314877445E-06
    0.345821764E-06
    0.379700449E-06
    0.416789213E-06
    0.457370526E-06
    0.501766622E-06
    0.550323659E-06
    0.603410258E-06
    0.661435451E-06
    0.724845071E-06
    0.794112004E-06
    0.869759483E-06
    0.952351091E-06
    0.104249727E-05
    0.114086529E-05
    0.124816596E-05
    0.136518338E-05
    0.149275935E-05
    0.163180448E-05
    0.178331336E-05
    0.194834040E-05
    0.212805498E-05
    0.232370469E-05
    0.253662946E-05
    0.276830827E-05
    0.302030210E-05
    0.329431927E-05
    0.359219656E-05
    0.391592032E-05
    0.426762416E-05
    0.464962410E-05
    0.506439570E-05
    0.551463845E-05
    0.600322612E-05
    0.653327759E-05
    0.710814449E-05
    0.773141548E-05
    0.840699412E-05
    0.913903275E-05
    0.993202121E-05
    0.107908027E-04
    0.117205176E-04
    0.127267737E-04
    0.138155248E-04
    0.149931940E-04
    0.162666509E-04
    0.176432933E-04
    0.191310235E-04
    0.207383528E-04
    0.224743425E-04
    0.243487594E-04
    0.263720267E-04
    0.285553053E-04
    0.309105606E-04
    0.334505413E-04
    0.361889633E-04
    0.391403881E-04
    0.423204318E-04
    0.457458168E-04
    0.494342966E-04
    0.534048981E-04
    0.576778967E-04
    0.622749352E-04
    0.672190848E-04
    0.725349193E-04
    0.782486316E-04
    0.843881207E-04
    0.909831288E-04
    0.980652152E-04
    0.105668063E-03
    0.113827413E-03
    0.122581382E-03
    0.131970256E-03
    0.142037125E-03
    0.152827522E-03
    0.164389833E-03
    0.176775427E-03
    0.190038827E-03
    0.204237784E-03
    0.219433546E-03
    0.235690971E-03
    0.253078810E-03
    0.271669767E-03
    0.291540901E-03
    0.312773536E-03
    0.335453829E-03
    0.359672864E-03
    0.385526719E-03
    0.413117012E-03
    0.442551036E-03
    0.473941885E-03
    0.507408929E-03
    0.543078117E-03
    0.581082069E-03
    0.621560607E-03
    0.664660848E-03
    0.710537879E-03
    0.759354708E-03
    0.811282833E-03
    0.866502659E-03
    0.925203500E-03
    0.987584640E-03
    0.105385498E-02
    0.112423384E-02
    0.119895155E-02
    0.127824913E-02
    0.136237974E-02
    0.145160826E-02
    0.154621232E-02
    0.164648223E-02
    0.175272209E-02
    0.186524946E-02
    0.198439694E-02
    0.211051128E-02
    0.224395506E-02
    0.238510665E-02
    0.253436065E-02
    0.269212899E-02
    0.285884033E-02
    0.303494203E-02
    0.322089948E-02
    0.341719667E-02
    0.362433820E-02
    0.384284747E-02
    0.407326903E-02
    0.431616829E-02
    0.457213257E-02
    0.484177065E-02
    0.512571463E-02
    0.542461883E-02
    0.573916153E-02
    0.607004502E-02
    0.641799568E-02
    0.678376522E-02
    0.716812962E-02
    0.757189243E-02
    0.799588080E-02
    0.844095018E-02
    0.890798204E-02
    0.939788458E-02
    0.991159301E-02
    0.104500713E-01
    0.110143096E-01
    0.116053267E-01
    0.122241692E-01
    0.128719116E-01
    0.135496563E-01
    0.142585342E-01
    0.149997037E-01
    0.157743509E-01
    0.165836901E-01
    0.174289628E-01
    0.183114371E-01
    0.192324085E-01
    0.201931987E-01
    0.211951547E-01
    0.222396496E-01
    0.233280809E-01
    0.244618699E-01
    0.256424605E-01
    0.268713203E-01
    0.281499373E-01
    0.294798195E-01
    0.308624953E-01
    0.322995096E-01
    0.337924262E-01
    0.353428223E-01
    0.369522899E-01
    0.386224346E-01
    0.403548699E-01
    0.421512211E-01
    0.440131194E-01
    0.459422018E-01
    0.479401079E-01
    0.500084802E-01
    0.521489583E-01
    0.543631808E-01
    0.566527798E-01
    0.590193782E-01
    0.614645903E-01
    0.639900160E-01
    0.665972414E-01
    0.692878309E-01
    0.720633306E-01
    0.749252633E-01
    0.778751185E-01
    0.809143637E-01
    0.840444278E-01
    0.872667044E-01
    0.905825467E-01
    0.939932694E-01
    0.975001346E-01
    0.101104361E+00
    0.104807111E+00
    0.108609493E+00
    0.112512554E+00
    0.116517282E+00
    0.120624595E+00
    0.124835343E+00
    0.129150306E+00
    0.133570184E+00
    0.138095600E+00
    0.142727094E+00
    0.147465124E+00
    0.152310051E+00
    0.157262155E+00
    0.162321614E+00
    0.167488511E+00
    0.172762827E+00
    0.178144446E+00
    0.183633139E+00
    0.189228574E+00
    0.194930307E+00
    0.200737785E+00
    0.206650336E+00
    0.212667176E+00
    0.218787403E+00
    0.225009993E+00
    0.231333804E+00
    0.237757572E+00
    0.244279910E+00
    0.250899309E+00
    0.257614136E+00
    0.264422634E+00
    0.271322920E+00
    0.278312992E+00
    0.285390719E+00
    0.292553850E+00
    0.299800009E+00
    0.307126707E+00
    0.314531327E+00
    0.322011133E+00
    0.329563285E+00
    0.337184815E+00
    0.344872647E+00
    0.352623602E+00
    0.360434386E+00
    0.368301602E+00
    0.376221758E+00
    0.384191260E+00
    0.392206420E+00
    0.400263464E+00
    0.408358527E+00
    0.416487664E+00
    0.424646851E+00
    0.432831996E+00
    0.441038930E+00
    0.449263419E+00
    0.457501185E+00
    0.465747873E+00
    0.473999093E+00
    0.482250408E+00
    0.490497337E+00
    0.498735360E+00
    0.506959941E+00
    0.515166505E+00
    0.523350460E+00
    0.531507200E+00
    0.539632110E+00
    0.547720563E+00
    0.555767934E+00
    0.563769598E+00
    0.571720937E+00
    0.579617342E+00
    0.587454222E+00
    0.595226998E+00
    0.602931113E+00
    0.610562040E+00
    0.618115265E+00
    0.625586319E+00
    0.632970750E+00
    0.640264151E+00
    0.647462136E+00
    0.654560368E+00
    0.661554538E+00
    0.668440380E+00
    0.675213661E+00
    0.681870191E+00
    0.688405820E+00
    0.694816425E+00
    0.701097932E+00
    0.707246301E+00
    0.713257521E+00
    0.719127620E+00
    0.724852661E+00
    0.730428738E+00
    0.735851968E+00
    0.741118512E+00
    0.746224542E+00
    0.751166264E+00
    0.755939910E+00
    0.760541731E+00
    0.764967998E+00
    0.769215010E+00
    0.773279085E+00
    0.777156550E+00
    0.780843768E+00
    0.784337118E+00
    0.787632989E+00
    0.790727805E+00
    0.793618012E+00
    0.796300076E+00
    0.798770495E+00
    0.801025805E+00
    0.803062572E+00
    0.804877402E+00
    0.806466960E+00
    0.807827947E+00
    0.808957136E+00
    0.809851359E+00
    0.810507531E+00
    0.810922640E+00
    0.811093776E+00
    0.811018131E+00
    0.810693008E+00
    0.810115837E+00
    0.809284188E+00
    0.808195775E+00
    0.806848475E+00
    0.805240345E+00
    0.803369630E+00
    0.801234771E+00
    0.798834432E+00
    0.796167506E+00
    0.793233129E+00
    0.790030695E+00
    0.786559872E+00
    0.782820616E+00
    0.778813167E+00
    0.774538098E+00
    0.769996288E+00
    0.765188958E+00
    0.760117670E+00
    0.754784348E+00
    0.749191268E+00
    0.743341092E+00
    0.737236851E+00
    0.730881961E+00
    0.724280224E+00
    0.717435842E+00
    0.710353398E+00
    0.703037872E+00
    0.695494640E+00
    0.687729461E+00
    0.679748472E+00
    0.671558199E+00
    0.663165530E+00
    0.654577710E+00
    0.645802341E+00
    0.636847357E+00
    0.627721015E+00
    0.618431877E+00
    0.608988799E+00
    0.599400906E+00
    0.589677573E+00
    0.579828411E+00
    0.569863233E+00
    0.559792044E+00
    0.549625007E+00
    0.539372424E+00
    0.529044704E+00
    0.518652347E+00
    0.508205910E+00
    0.497715978E+00
    0.487193144E+00
    0.476647975E+00
    0.466090994E+00
    0.455532637E+00
    0.444983249E+00
    0.434453036E+00
    0.423952053E+00
    0.413490171E+00
    0.403077064E+00
    0.392722171E+00
    0.382434687E+00
    0.372223537E+00
    0.362097353E+00
    0.352064461E+00
    0.342132865E+00
    0.332310223E+00
    0.322603843E+00
    0.313020666E+00
    0.303567254E+00
    0.294249782E+00
    0.285074035E+00
    0.276045395E+00
    0.267168838E+00
    0.258448936E+00
    0.249889853E+00
    0.241495342E+00
    0.233268754E+00
    0.225213038E+00
    0.217330741E+00
    0.209624024E+00
    0.202094662E+00
    0.194744055E+00
    0.187573237E+00
    0.180582887E+00
    0.173773345E+00
    0.167144615E+00
    0.160696385E+00
    0.154428044E+00
    0.148338686E+00
    0.142427136E+00
    0.136691957E+00
    0.131131471E+00
    0.125743771E+00
    0.120526740E+00
    0.115478063E+00
    0.110595250E+00
    0.105875642E+00
    0.101316432E+00
    0.969146827E-01
    0.926673339E-01
    0.885712249E-01
    0.846231021E-01
    0.808196355E-01
    0.771574330E-01
    0.736330499E-01
    0.702430007E-01
    0.669837744E-01
    0.638518409E-01
    0.608436617E-01
    0.579557006E-01
    0.551844321E-01
    0.525263480E-01
    0.499779667E-01
    0.475358377E-01
    0.451965500E-01
    0.429567365E-01
    0.408130791E-01
    0.387623133E-01
    0.368012312E-01
    0.349266862E-01
    0.331355951E-01
    0.314249402E-01
    0.297917725E-01
    0.282332124E-01
    0.267464502E-01
    0.253287490E-01
    0.239774436E-01
    0.226899415E-01
    0.214637228E-01
    0.202963402E-01
    0.191854184E-01
    0.181286534E-01
    0.171238119E-01
    0.161687316E-01
    0.152613176E-01
    0.143995436E-01
    0.135814505E-01
    0.128051440E-01
    0.120687941E-01
    0.113706342E-01
    0.107089588E-01
    0.100821227E-01
    0.948853957E-02
    0.892668034E-02
    0.839507236E-02
    0.789229737E-02
    0.741699024E-02
    0.696783777E-02
    0.654357765E-02
    0.614299653E-02
    0.576492926E-02
    0.540825663E-02
    0.507190578E-02
    0.475484693E-02
    0.445609357E-02
    0.417470100E-02
    0.390976464E-02
    0.366041903E-02
    0.342583691E-02
    0.320522776E-02
    0.299783689E-02
    0.280294401E-02
    0.261986234E-02
    0.244793756E-02
    0.228654629E-02
    0.213509553E-02
    0.199302141E-02
    0.185978781E-02
    0.173488572E-02
    0.161783222E-02
    0.150816911E-02
    0.140546230E-02
    0.130930060E-02
    0.121929463E-02
    0.113507637E-02
    0.105629771E-02
    0.982629740E-03
    0.913761992E-03
    0.849401513E-03
    0.789271832E-03
    0.733112296E-03
    0.680677385E-03
    0.631735830E-03
    0.586069863E-03
    0.543474357E-03
    0.503756738E-03
    0.466735349E-03
    0.432239746E-03
    0.400109597E-03
    0.370194186E-03
    0.342351973E-03
    0.316449923E-03
    0.292363018E-03
    0.269973996E-03
    0.249172579E-03
    0.229855275E-03
    0.211924940E-03
    0.195290268E-03
    0.179865684E-03
    0.165570759E-03
    0.152330005E-03
    0.140072597E-03
    0.128732051E-03
    0.118245962E-03
    0.108555859E-03
    0.996067830E-04
    0.913472597E-04
    0.837289928E-04
    0.767067459E-04
    0.702380625E-04
    0.642832205E-04
    0.588050301E-04
    0.537686538E-04
    0.491414892E-04
    0.448930712E-04
    0.409949557E-04
    0.374205132E-04
    0.341449356E-04
    0.311451304E-04
    0.283994736E-04
    0.258879278E-04
    0.235918067E-04
    0.214937360E-04
    0.195776417E-04
    0.178285587E-04
    0.162326337E-04
    0.147770731E-04
    0.134500192E-04
    0.122405384E-04
    0.111385447E-04
    0.101347271E-04
    0.922056202E-05
    0.838817391E-05
    0.763035823E-05
    0.694050969E-05
    0.631256122E-05
    0.574098965E-05
    0.522074135E-05
    0.474719646E-05
    0.431616038E-05
    0.392379822E-05
    0.356664073E-05
    0.324151867E-05
    0.294556464E-05
    0.267618096E-05
    0.243100728E-05
    0.220790154E-05
    0.200493205E-05
    0.182035051E-05
    0.165255782E-05
    0.150012323E-05
    0.136175068E-05
    0.123625134E-05
    0.112256554E-05
    0.101971679E-05
    0.926819630E-06
    0.843078680E-06
    0.767756839E-06
    0.700184353E-06
    0.639752745E-06
    0.585897427E-06
    0.538105796E-06
    0.495901320E-06
    0.458842083E-06
    0.426528567E-06
    0.398574893E-06
    0.374637384E-06
    0.354386608E-06
    0.337513364E-06
    0.323736656E-06
    0.312784687E-06
    0.304405846E-06
    0.298366225E-06
    0.294438712E-06
    0.292417125E-06
    0.292102119E-06
    0.293306191E-06
    0.295857450E-06
    0.299587496E-06
    0.304342375E-06
    0.309975916E-06
    0.316350934E-06
    0.323339519E-06
    0.330820684E-06
    0.338682317E-06
    0.346821147E-06
    0.355137636E-06
    0.363543750E-06
    0.371956305E-06
    0.380297265E-06
    0.388499319E-06
    0.396496006E-06
    0.404230440E-06
    0.411650959E-06
    0.418709562E-06
    0.425366527E-06
    0.431583471E-06
    0.437329988E-06
    0.442579818E-06
    0.447307916E-06
    0.451497810E-06
    0.455133344E-06
    0.458202200E-06
    0.460699611E-06
    0.462619525E-06
    0.463960015E-06
    0.464724908E-06
    0.464915070E-06
    0.464539145E-06
    0.463605511E-06
    0.462123834E-06
    0.460108621E-06
    0.457571859E-06
    0.454531471E-06
    0.451004636E-06
    0.447007826E-06
    0.442563575E-06
    0.437689894E-06
    0.432408845E-06
    0.426743939E-06
    0.420715154E-06
    0.414346296E-06
    0.407661060E-06
    0.400680672E-06
    0.393431164E-06
    0.385934843E-06
    0.378214319E-06
    0.370294214E-06
    0.362195428E-06
    0.353941875E-06
    0.345554024E-06
    0.337053747E-06
    0.328463039E-06
    0.319800691E-06
    0.311088178E-06
    0.302343610E-06
    0.293585070E-06
    0.284830504E-06
    0.276096508E-06
    0.267398508E-06
    0.258753172E-06
    0.250173509E-06
    0.241673041E-06
    0.233265550E-06
    0.224961960E-06
    0.216773578E-06
    0.208710178E-06
    0.200781764E-06
    0.192996465E-06
    0.185361965E-06
    0.177885507E-06
    0.170572276E-06
    0.163428805E-06
    0.156458955E-06
    0.149667440E-06
    0.143057227E-06
    0.136631453E-06
    0.130391333E-06
    0.124338420E-06
    0.118474482E-06
    0.112798832E-06
    0.107311631E-06
    0.102012379E-06
    0.969003778E-07
    0.919734700E-07
    0.872307070E-07
    0.826687689E-07
    0.782856490E-07
    0.740788360E-07
    0.700443495E-07
    0.661798850E-07
    0.624811542E-07
    0.589447389E-07
    0.555664087E-07
    0.523423852E-07
    0.492688182E-07
    0.463406849E-07
    0.435539666E-07
    0.409043871E-07
    0.383873307E-07
    0.359982155E-07
    0.337329831E-07
    0.315862886E-07
    0.295546435E-07
    0.276331495E-07
    0.258171934E-07
    0.241031626E-07
    0.224859265E-07
    0.209618455E-07
    0.195265158E-07
    0.181761118E-07
    0.169066588E-07
    0.157141440E-07
    0.145949333E-07
    0.135456108E-07
    0.125623582E-07
    0.116419558E-07
    0.107811217E-07
    0.997632670E-08
    0.922512858E-08
    0.852396519E-08
    0.787033221E-08
    0.726160605E-08
    0.669485214E-08
    0.616793647E-08
    0.567829574E-08
    0.522365255E-08
    0.480191661E-08
    0.441093078E-08
    0.404878261E-08
    0.371371453E-08
    0.340378765E-08
    0.311749520E-08
    0.285317934E-08
    0.260930222E-08
    0.238463580E-08
    0.217757260E-08
    0.198712181E-08
    0.181198551E-08
    0.165103080E-08
    0.150334343E-08
    0.136781670E-08
    0.124357145E-08
    0.112984459E-08
    0.102573907E-08
    0.930553557E-09
    0.843628116E-09
    0.764213335E-09
    0.691817384E-09
    0.625802798E-09
    0.565687876E-09
    0.510983073E-09
    0.461223927E-09
    0.416040173E-09
    0.375010196E-09
    0.337796676E-09
    0.304074046E-09
    0.273498119E-09
    0.245829594E-09
    0.220833347E-09
    0.198220192E-09
    0.177812975E-09
    0.159403284E-09
    0.142793330E-09
    0.127839822E-09
    0.114379820E-09
    0.102264327E-09
    0.913737326E-10
    0.815936230E-10
    0.728091890E-10
    0.649375895E-10
    0.578834718E-10
    0.515607101E-10
    0.458979850E-10
    0.408397943E-10
    0.363219927E-10
    0.322803624E-10
    0.286751637E-10
    0.254585951E-10
    0.225906290E-10
    0.200366335E-10
    0.177678798E-10
    0.157410134E-10
    0.139449228E-10
    0.123470351E-10
    0.109243203E-10
    0.966910324E-11
    0.854981735E-11
    0.755757936E-11
    0.667921398E-11
    0.590050183E-11
    0.521128363E-11
    0.460179841E-11
    0.405984324E-11
    0.358422251E-11
    0.316145954E-11
    0.278821262E-11
    0.245959492E-11
    0.216589787E-11
    0.191050610E-11
    0.168191078E-11
    0.148167563E-11
    0.130616459E-11
    0.114930441E-11
    0.101239392E-11
    0.891261939E-12
    0.783583747E-12
    0.689992042E-12
    0.607056152E-12
    0.533269376E-12
    0.470356890E-12
    0.413143208E-12
    0.363384561E-12
    0.319602713E-12
    0.280749105E-12
    0.247278881E-12
    0.217018946E-12
    0.191028941E-12
    0.167947818E-12
    0.147563681E-12
    0.129993115E-12
    0.114054083E-12
    0.100032804E-12
    0.881699429E-13
    0.772516716E-13
    0.679176032E-13
    0.600177839E-13
    0.523984501E-13
    0.460002246E-13
    0.403828008E-13
    0.355176112E-13
    0.312268086E-13
    0.273506061E-13
    0.240671458E-13
    0.210906202E-13
    0.186627035E-13
    0.164497888E-13
    0.144290362E-13
    0.127994003E-13
    0.113883223E-13
    0.100592332E-13
    0.905212725E-14
    0.814948352E-14
    0.722364010E-14
    0.657012416E-14
    0.599138310E-14
    0.548799616E-14
    0.506153197E-14
    0.466599259E-14
    0.433723135E-14
    0.405508942E-14
    0.382000729E-14
    0.358167092E-14
    0.334470679E-14
    0.321229840E-14
    0.305684964E-14
    0.290367550E-14
    0.282440034E-14
    0.268914954E-14
    0.250569274E-14
    0.246762151E-14
    0.239257976E-14
    0.230946617E-14
    0.222439573E-14
    0.214807068E-14
    0.210006462E-14
    0.206211841E-14
    0.203303452E-14
    0.197571313E-14
    0.195803373E-14
    0.194619992E-14
    0.189916274E-14
    0.190757716E-14
    0.190902547E-14
    0.185500623E-14
    0.181888202E-14
    0.185237021E-14
    0.185185934E-14
    0.183455458E-14
    0.180900959E-14
    0.176901334E-14
    0.176465205E-14
    0.174124324E-14
    0.171161188E-14
    0.166180831E-14
    0.164569574E-14
    0.159208315E-14
    0.155989596E-14
    0.154402387E-14
    0.147771948E-14
    0.141215774E-14
    0.135287113E-14
    0.134450646E-14
    0.129401705E-14
    0.123322942E-14
    0.119648786E-14
    0.114200692E-14
    0.112805363E-14
    0.109803239E-14
    0.105449413E-14
    0.102405211E-14
    0.996999071E-15
    0.961051251E-15
    0.980914056E-15
    0.945543264E-15
    0.942144492E-15
    0.934117648E-15
    0.900654541E-15
    0.928149157E-15
    0.904986512E-15
    0.908226679E-15
    0.915995632E-15
    0.892469793E-15
    0.911101387E-15
    0.903849354E-15
    0.909253570E-15
    0.887918520E-15
    0.884652243E-15
    0.887342208E-15
    0.892916633E-15
    0.849910492E-15
    0.865558891E-15
    0.843687793E-15
    0.793976002E-15
    0.806721263E-15
    0.786738646E-15
    0.767299106E-15
    0.743223589E-15
    0.707358334E-15
    0.688593898E-15
    0.667280192E-15
    0.636043799E-15
    0.602790231E-15
    0.579658601E-15
    0.565443494E-15
    0.508695474E-15
    0.505100944E-15
    0.463721599E-15
    0.453356855E-15
    0.399152407E-15
    0.378732636E-15
    0.371958471E-15
    0.332359248E-15
    0.319328993E-15
    0.287665697E-15
    0.265720444E-15
    0.256357749E-15
    0.227518425E-15
    0.217042643E-15
    0.197000462E-15
    0.169638641E-15
    0.168435798E-15
    0.158121455E-15
    0.130997350E-15
    0.130895950E-15
    0.108279614E-15
    0.104121657E-15
    0.973343461E-16
    0.819329929E-16
    0.807004035E-16
    0.737876106E-16
    0.696835106E-16
    0.662520037E-16
    0.541480794E-16
    0.619772387E-16
    0.470042272E-16
    0.517283789E-16
    0.371118351E-16
    0.472974017E-16
    0.422661675E-16
    0.367151893E-16
    0.310410385E-16
    0.262564181E-16
    0.412711606E-16
    0.333519201E-16
    0.256992947E-16
    0.268658787E-16
    0.326246625E-16
    0.270451056E-16
    0.256398174E-16
    0.322875895E-16
    0.292103992E-16
    0.293202008E-16
    0.205608439E-16
    0.250621127E-16
    0.238233959E-16
    0.194769636E-16
    0.243902609E-16
    0.185700205E-16
    0.255134801E-16
    0.226773433E-16
    0.215211106E-16
    0.227190252E-16
    0.249349937E-16
    0.197732201E-16
    0.285581845E-16
    0.262479708E-16
    0.304001182E-16
    0.245068715E-16
    0.243777271E-16
    0.222335083E-16
    0.304221448E-16
    0.185121547E-16
    0.206931128E-16
    0.187040324E-16
    0.291157736E-16
    0.279708770E-16
    0.186374935E-16
    0.259493137E-16
    0.247627666E-16
    0.201253559E-16
    0.245051041E-16
    0.232650685E-16
    0.298488159E-16
    0.280552956E-16
    0.238201240E-16
    0.191756322E-16
    0.230938530E-16
    0.194771240E-16
    0.251279818E-16
    0.201679950E-16
    0.182093411E-16
    0.270292944E-16
    0.267567813E-16
    0.220803506E-16
    0.255548355E-16
    0.226371315E-16
    0.316794495E-16
    0.203201862E-16
    0.317426961E-16
    0.224473097E-16
    0.338962672E-16
    0.194739455E-16
    0.252929007E-16
    0.192514950E-16
    0.182629332E-16
    0.293342319E-16
    0.218201325E-16
    0.225950062E-16
    0.219948250E-16
    0.249602798E-16
    0.251071062E-16
    0.226426780E-16
    0.250920577E-16
    0.279495914E-16
    0.270074843E-16
    0.233004130E-16
    0.246615668E-16
    0.242751770E-16
    0.212141134E-16
    0.209698044E-16
    0.203857900E-16
    0.245994510E-16
    0.220081574E-16
    0.255049716E-16
    0.290875487E-16
    0.189860819E-16
    0.304060661E-16
    0.282712445E-16
    0.273473039E-16
    0.273298299E-16
    0.268021249E-16
    0.262568486E-16
    0.297708868E-16
    0.201030532E-16
    0.230802406E-16
    0.190998618E-16
    0.158530829E-16
    0.315192196E-16
    0.250505521E-16
    0.175079986E-16
    0.225283772E-16
    0.245396049E-16
    0.227905548E-16
    0.274919394E-16
    0.234217273E-16
    0.385212395E-16
    0.218967225E-16
    0.243322889E-16
    0.259286254E-16
    0.277218449E-16
    0.222455758E-16
    0.193787411E-16
    0.199065238E-16
    0.219728395E-16
    0.300510539E-16
    0.250533213E-16
    0.265081533E-16
    0.205447417E-16
    0.264617711E-16
    0.303194386E-16
    0.210472889E-16
    0.341957300E-16
    0.287699705E-16
    0.281592471E-16
    0.261795806E-16
    0.211824659E-16
    0.242213238E-16
    0.196952440E-16
    0.186192440E-16
    0.247498455E-16
    0.241020277E-16
    0.216878493E-16
    0.219363345E-16
    0.271526875E-16
    0.203838744E-16
    0.299150049E-16
    0.233620409E-16
    0.352587384E-16
    0.262809124E-16
    0.276164978E-16
    0.291644381E-16
    0.285998873E-16
    0.222166710E-16
    0.198371376E-16
    0.243819171E-16
    0.207236193E-16
    0.266791557E-16
    0.271024532E-16
    0.246654143E-16
    0.234143020E-16
    0.230322802E-16
    0.270103725E-16
    0.206353096E-16
    0.299700830E-16
    0.336188368E-16
    0.258741984E-16
    0.262055246E-16
    0.253275297E-16
    0.227104721E-16
    0.213392299E-16
    0.238296888E-16
    0.231537182E-16
    0.202394205E-16
    0.269618561E-16
    0.227616493E-16
    0.289170471E-16
    0.247738079E-16
    0.272183769E-16
    0.237663563E-16
    0.252244520E-16
    0.343578158E-16
    0.313887880E-16
    0.262328524E-16
    0.291676489E-16
    0.223449043E-16
    0.200784685E-16
    0.283279253E-16
    0.239701196E-16
    0.205892245E-16
    0.259106334E-16
    0.240235798E-16
    0.245428629E-16
    0.231543404E-16
    0.263757043E-16
    0.241956704E-16
    0.239350092E-16
    0.323247667E-16
    0.304248908E-16
    0.266936414E-16
    0.282619349E-16
    0.204775649E-16
    0.197162623E-16
    0.262684269E-16
    0.258791985E-16
    0.212975455E-16
    0.273615973E-16
    0.246880850E-16
    0.273431055E-16
    0.286918512E-16
    0.240067614E-16
    0.266787474E-16
    0.246255011E-16
    0.372532285E-16
    0.306406346E-16
    0.233771231E-16
    0.273269383E-16
    0.236167384E-16
    0.205294882E-16
    0.236828382E-16
    0.247260073E-16
    0.195972588E-16
    0.259633903E-16
    0.228454814E-16
    0.251963435E-16
    0.234375162E-16
    0.263830116E-16
    0.282116347E-16
    0.218141680E-16
    0.347073137E-16
    0.385284969E-16
    0.249017881E-16
    0.241569729E-16
    0.248845572E-16
    0.209889173E-16
    0.233964368E-16
    0.251866768E-16
    0.246321766E-16
    0.255142142E-16
    0.248266543E-16
    0.252820209E-16
    0.255582991E-16
    0.245798857E-16
    0.298023756E-16
    0.229426308E-16
    0.347360319E-16
    0.334920648E-16
    0.247786163E-16
    0.248064117E-16
    0.241229694E-16
    0.231781251E-16
    0.198480118E-16
    0.252538907E-16
    0.186824461E-16
    0.264361004E-16
    0.259741191E-16
    0.247841932E-16
    0.253611592E-16
    0.206635060E-16
    0.329059846E-16
    0.239370594E-16
    0.414041257E-16
    0.323776227E-16
    0.227181765E-16
    0.237780827E-16
    0.294393948E-16
    0.268550797E-16
    0.176398592E-16
    0.260518398E-16
    0.190222348E-16
    0.278919418E-16
    0.269606278E-16
    0.230119569E-16
    0.203639768E-16
    0.208673480E-16
    0.333227845E-16
    0.205730174E-16
    0.367991286E-16
    0.293013047E-16
    0.203070498E-16
    0.224512313E-16
    0.288188266E-16
    0.263403886E-16
    0.169299177E-16
    0.259709618E-16
    0.223473666E-16
    0.275438593E-16
    0.304804368E-16
    0.234495772E-16
    0.238787152E-16
    0.214027852E-16
    0.358149596E-16
    0.245876223E-16
    0.319902121E-16
    0.290194101E-16
    0.199720940E-16
    0.273229754E-16
    0.264974289E-16
    0.233886949E-16
    0.168952355E-16
    0.222818017E-16
    0.231270732E-16
    0.247984664E-16
    0.262821626E-16
    0.208971222E-16
    0.237024787E-16
    0.252315655E-16
    0.292791036E-16
    0.306991643E-16
    0.257343934E-16
    0.231585234E-16
    0.214689363E-16
    0.278130008E-16
    0.264885966E-16
    0.220837421E-16
    0.242194803E-16
    0.208818526E-16
    0.264420982E-16
    0.342486543E-16
    0.271829616E-16
    0.259732371E-16
    0.168683322E-16
    0.315566122E-16
    0.247944058E-16
    0.307862899E-16
    0.271047361E-16
    0.212327491E-16
    0.248848174E-16
    0.217601772E-16
    0.260028558E-16
    0.205981941E-16
    0.218022192E-16
    0.228691499E-16
    0.280867478E-16
    0.267591333E-16
    0.280289948E-16
    0.265841893E-16
    0.272136403E-16
    0.232288168E-16
    0.205943410E-16
    0.300163475E-16
    0.265805300E-16
    0.273411664E-16
    0.250696527E-16
    0.249591896E-16
    0.203176061E-16
    0.215399931E-16
    0.233755592E-16
    0.286757527E-16
    0.359228724E-16
    0.259330886E-16
    0.337432665E-16
    0.223131814E-16
    0.239287194E-16
    0.211528170E-16
    0.247597253E-16
    0.342032529E-16
    0.249302107E-16
    0.240609026E-16
    0.253070391E-16
    0.232347313E-16
    0.203667224E-16
    0.217100162E-16
    0.279123377E-16
    0.340482487E-16
    0.261936878E-16
    0.363894879E-16
    0.210285299E-16
    0.271654713E-16
    0.213798139E-16
    0.289365605E-16
    0.292730932E-16
    0.278061573E-16
    0.229802943E-16
    0.238002927E-16
    0.324938733E-16
    0.327787108E-16
