 #tdnd tdcion
    0.363146748E-16
    0.300014174E-16
    0.253535559E-16
    0.269943657E-16
    0.326102710E-16
    0.431252405E-16
    0.379309872E-16
    0.254545558E-16
    0.317753256E-16
    0.333173896E-16
    0.240876692E-16
    0.195563865E-16
    0.226730175E-16
    0.247592174E-16
    0.319820904E-16
    0.277370864E-16
    0.277592008E-16
    0.229696368E-16
    0.278932487E-16
    0.276164976E-16
    0.264096623E-16
    0.262870802E-16
    0.247912163E-16
    0.232482156E-16
    0.271435884E-16
    0.262088544E-16
    0.212486770E-16
    0.212435613E-16
    0.258421294E-16
    0.303371606E-16
    0.268847383E-16
    0.348126201E-16
    0.336650984E-16
    0.321041889E-16
    0.423983630E-16
    0.326551202E-16
    0.360688827E-16
    0.447631015E-16
    0.436491732E-16
    0.355290914E-16
    0.435707645E-16
    0.476178719E-16
    0.400544476E-16
    0.411738457E-16
    0.359113776E-16
    0.265633264E-16
    0.335507632E-16
    0.358350107E-16
    0.339924277E-16
    0.351233083E-16
    0.330869109E-16
    0.338520839E-16
    0.263170887E-16
    0.302604467E-16
    0.379653911E-16
    0.310387606E-16
    0.303261061E-16
    0.298391794E-16
    0.361606940E-16
    0.294046190E-16
    0.235818422E-16
    0.282863684E-16
    0.304767284E-16
    0.333041728E-16
    0.241048338E-16
    0.376055981E-16
    0.437873103E-16
    0.287356705E-16
    0.296141089E-16
    0.323604647E-16
    0.245197501E-16
    0.316662750E-16
    0.277228646E-16
    0.254810285E-16
    0.305395248E-16
    0.266826989E-16
    0.330797510E-16
    0.324647342E-16
    0.308552804E-16
    0.365193067E-16
    0.230862964E-16
    0.301688851E-16
    0.370569008E-16
    0.300193162E-16
    0.298992810E-16
    0.238270709E-16
    0.302054844E-16
    0.311277597E-16
    0.277164551E-16
    0.232796008E-16
    0.239857806E-16
    0.271447616E-16
    0.307866441E-16
    0.381367325E-16
    0.250878552E-16
    0.353751774E-16
    0.269469595E-16
    0.348494419E-16
    0.286570429E-16
    0.296168570E-16
    0.328982364E-16
    0.185996659E-16
    0.277854717E-16
    0.279961676E-16
    0.248560403E-16
    0.324452900E-16
    0.309592673E-16
    0.281808186E-16
    0.212553138E-16
    0.311739821E-16
    0.326541601E-16
    0.233071692E-16
    0.297878840E-16
    0.414387065E-16
    0.333617778E-16
    0.292264434E-16
    0.242828717E-16
    0.255276477E-16
    0.275332712E-16
    0.257883137E-16
    0.228810907E-16
    0.246329442E-16
    0.284624595E-16
    0.298724283E-16
    0.338249537E-16
    0.219236003E-16
    0.378261281E-16
    0.255304866E-16
    0.292559610E-16
    0.318473960E-16
    0.289522977E-16
    0.289934301E-16
    0.208316800E-16
    0.270262622E-16
    0.314479693E-16
    0.236692488E-16
    0.324140097E-16
    0.261356738E-16
    0.259624215E-16
    0.247086399E-16
    0.303408286E-16
    0.272847424E-16
    0.311610846E-16
    0.275819557E-16
    0.380688694E-16
    0.238287014E-16
    0.314696646E-16
    0.287463760E-16
    0.263996549E-16
    0.243222532E-16
    0.270980344E-16
    0.225172883E-16
    0.275062579E-16
    0.235323321E-16
    0.308325808E-16
    0.344016619E-16
    0.229732697E-16
    0.297454411E-16
    0.386208715E-16
    0.199479815E-16
    0.259779245E-16
    0.261704439E-16
    0.350423370E-16
    0.307822112E-16
    0.255722006E-16
    0.322470575E-16
    0.264779356E-16
    0.224143388E-16
    0.285918096E-16
    0.328945158E-16
    0.266444510E-16
    0.298695218E-16
    0.289653740E-16
    0.353900967E-16
    0.310201473E-16
    0.263451011E-16
    0.461743419E-16
    0.375741077E-16
    0.479274777E-16
    0.326560410E-16
    0.324968891E-16
    0.320333939E-16
    0.372302336E-16
    0.285471608E-16
    0.332525299E-16
    0.459167045E-16
    0.416574921E-16
    0.438070024E-16
    0.429138598E-16
    0.519270279E-16
    0.500327634E-16
    0.441967991E-16
    0.512721499E-16
    0.513301932E-16
    0.506455563E-16
    0.487936000E-16
    0.437633059E-16
    0.369164748E-16
    0.392449313E-16
    0.416754903E-16
    0.475925865E-16
    0.506505679E-16
    0.381922380E-16
    0.425219459E-16
    0.383455327E-16
    0.570962199E-16
    0.516815452E-16
    0.467983502E-16
    0.470759784E-16
    0.520363985E-16
    0.435662783E-16
    0.519597099E-16
    0.445256993E-16
    0.503311596E-16
    0.422748868E-16
    0.457910400E-16
    0.478786042E-16
    0.535931674E-16
    0.522347922E-16
    0.632414895E-16
    0.654256636E-16
    0.595435898E-16
    0.493854530E-16
    0.496185397E-16
    0.661681510E-16
    0.617597228E-16
    0.588556507E-16
    0.465368294E-16
    0.606057211E-16
    0.451534189E-16
    0.520859675E-16
    0.445970793E-16
    0.416962582E-16
    0.515004979E-16
    0.471967841E-16
    0.378116206E-16
    0.388579495E-16
    0.583407366E-16
    0.539260554E-16
    0.479034023E-16
    0.441424482E-16
    0.424613770E-16
    0.426808456E-16
    0.457480391E-16
    0.404398838E-16
    0.416599868E-16
    0.405190349E-16
    0.459419721E-16
    0.396035482E-16
    0.602893985E-16
    0.467680329E-16
    0.593761194E-16
    0.620237486E-16
    0.492458806E-16
    0.492769141E-16
    0.547935118E-16
    0.579962224E-16
    0.647309120E-16
    0.498578705E-16
    0.462005100E-16
    0.681783669E-16
    0.399997842E-16
    0.504784471E-16
    0.453890206E-16
    0.588442347E-16
    0.478946135E-16
    0.544425556E-16
    0.641238813E-16
    0.599157348E-16
    0.730093909E-16
    0.736151665E-16
    0.708391397E-16
    0.627412819E-16
    0.604289947E-16
    0.546664690E-16
    0.769526178E-16
    0.747875137E-16
    0.713719832E-16
    0.447506408E-16
    0.679707925E-16
    0.554243073E-16
    0.675270588E-16
    0.749127143E-16
    0.563519642E-16
    0.768449750E-16
    0.867715005E-16
    0.741033465E-16
    0.677910894E-16
    0.854190608E-16
    0.702795160E-16
    0.817602073E-16
    0.612448720E-16
    0.704858429E-16
    0.711713857E-16
    0.805197310E-16
    0.695227935E-16
    0.652583598E-16
    0.761342274E-16
    0.746682614E-16
    0.779690390E-16
    0.851699288E-16
    0.571973130E-16
    0.812451963E-16
    0.890673277E-16
    0.986292081E-16
    0.910773354E-16
    0.639413914E-16
    0.663753004E-16
    0.861527021E-16
    0.668392041E-16
    0.807421376E-16
    0.826902413E-16
    0.847965984E-16
    0.811639983E-16
    0.849154648E-16
    0.843082648E-16
    0.780381240E-16
    0.924002080E-16
    0.843211138E-16
    0.947045443E-16
    0.913106101E-16
    0.844913785E-16
    0.845013388E-16
    0.103267921E-15
    0.827541994E-16
    0.108682451E-15
    0.735092722E-16
    0.102221812E-15
    0.964755121E-16
    0.937611982E-16
    0.100520481E-15
    0.877969221E-16
    0.908509444E-16
    0.114114063E-15
    0.972311941E-16
    0.811547540E-16
    0.114493783E-15
    0.867765496E-16
    0.115025676E-15
    0.125294496E-15
    0.991644188E-16
    0.115412418E-15
    0.974911967E-16
    0.141416243E-15
    0.958328616E-16
    0.119575567E-15
    0.119998793E-15
    0.115607069E-15
    0.124883787E-15
    0.960987743E-16
    0.110027064E-15
    0.103872646E-15
    0.129672641E-15
    0.120443422E-15
    0.123702544E-15
    0.119996811E-15
    0.155359252E-15
    0.130741128E-15
    0.150310146E-15
    0.133928921E-15
    0.137337509E-15
    0.130072625E-15
    0.146897804E-15
    0.144354536E-15
    0.136876807E-15
    0.106439192E-15
    0.159268889E-15
    0.143221454E-15
    0.140495999E-15
    0.157369382E-15
    0.126860632E-15
    0.141321495E-15
    0.184290423E-15
    0.177041247E-15
    0.174010070E-15
    0.148347050E-15
    0.176071740E-15
    0.172043722E-15
    0.171714009E-15
    0.168089153E-15
    0.166437479E-15
    0.184030047E-15
    0.167943385E-15
    0.185185298E-15
    0.148292495E-15
    0.174641282E-15
    0.177907573E-15
    0.196491286E-15
    0.180275191E-15
    0.234228385E-15
    0.182489414E-15
    0.232933740E-15
    0.210536741E-15
    0.203248349E-15
    0.210125664E-15
    0.215982482E-15
    0.230530250E-15
    0.242492629E-15
    0.188338223E-15
    0.200618253E-15
    0.212721614E-15
    0.205921228E-15
    0.230329132E-15
    0.234487058E-15
    0.205025740E-15
    0.264225472E-15
    0.228276199E-15
    0.274278194E-15
    0.245829453E-15
    0.272664511E-15
    0.250548643E-15
    0.241596090E-15
    0.270909475E-15
    0.258854835E-15
    0.266295379E-15
    0.256113450E-15
    0.277352207E-15
    0.240948285E-15
    0.283895529E-15
    0.258211256E-15
    0.253639192E-15
    0.275396526E-15
    0.293437873E-15
    0.299963801E-15
    0.265613080E-15
    0.288061508E-15
    0.295280631E-15
    0.269228398E-15
    0.305844155E-15
    0.290740651E-15
    0.375095722E-15
    0.314541503E-15
    0.325120975E-15
    0.286586714E-15
    0.314910599E-15
    0.308612733E-15
    0.333661353E-15
    0.296209490E-15
    0.363974818E-15
    0.277769855E-15
    0.316483433E-15
    0.307015144E-15
    0.345983907E-15
    0.327512509E-15
    0.337098393E-15
    0.346175087E-15
    0.421274411E-15
    0.360731148E-15
    0.341920649E-15
    0.387959077E-15
    0.352107338E-15
    0.417170307E-15
    0.416139996E-15
    0.384797048E-15
    0.436765209E-15
    0.387424902E-15
    0.443835633E-15
    0.428777243E-15
    0.456855994E-15
    0.463584420E-15
    0.437748555E-15
    0.494839536E-15
    0.490891610E-15
    0.562176895E-15
    0.534422466E-15
    0.629129282E-15
    0.563745303E-15
    0.691835380E-15
    0.686884260E-15
    0.757294758E-15
    0.766859541E-15
    0.841143225E-15
    0.887422424E-15
    0.897092441E-15
    0.938500946E-15
    0.103320957E-14
    0.106103426E-14
    0.117262364E-14
    0.122330856E-14
    0.145659092E-14
    0.146835271E-14
    0.157768871E-14
    0.163161035E-14
    0.187477502E-14
    0.204241710E-14
    0.222641717E-14
    0.234211116E-14
    0.271718280E-14
    0.285443284E-14
    0.309193033E-14
    0.331626075E-14
    0.373228986E-14
    0.403820269E-14
    0.433692516E-14
    0.469762068E-14
    0.537356659E-14
    0.562448087E-14
    0.606410062E-14
    0.664669559E-14
    0.751622952E-14
    0.831143867E-14
    0.915882112E-14
    0.987126671E-14
    0.112983594E-13
    0.120203918E-13
    0.134010858E-13
    0.146862644E-13
    0.166509349E-13
    0.183421847E-13
    0.203329449E-13
    0.225667736E-13
    0.256754970E-13
    0.279281404E-13
    0.310142212E-13
    0.347929899E-13
    0.392443558E-13
    0.436537225E-13
    0.485605404E-13
    0.541228687E-13
    0.615521351E-13
    0.683569798E-13
    0.773865255E-13
    0.868924629E-13
    0.986844959E-13
    0.110732095E-12
    0.124411376E-12
    0.140667067E-12
    0.160004577E-12
    0.179389798E-12
    0.203350915E-12
    0.230996549E-12
    0.262375057E-12
    0.296337555E-12
    0.335379273E-12
    0.380379100E-12
    0.433010876E-12
    0.488249483E-12
    0.554821607E-12
    0.627385605E-12
    0.713461294E-12
    0.807274951E-12
    0.915689615E-12
    0.103988117E-11
    0.118221096E-11
    0.133546706E-11
    0.151547515E-11
    0.171837200E-11
    0.194848075E-11
    0.220455077E-11
    0.249955628E-11
    0.283473651E-11
    0.321377540E-11
    0.363433111E-11
    0.411788445E-11
    0.465753985E-11
    0.527575339E-11
    0.596401763E-11
    0.674484751E-11
    0.762831599E-11
    0.862368468E-11
    0.972889771E-11
    0.109959691E-10
    0.124169461E-10
    0.140201859E-10
    0.158133815E-10
    0.178460063E-10
    0.201265124E-10
    0.226817721E-10
    0.255437601E-10
    0.287861438E-10
    0.324118368E-10
    0.365123744E-10
    0.410866410E-10
    0.462329449E-10
    0.520049991E-10
    0.584726060E-10
    0.656932564E-10
    0.738420724E-10
    0.829483109E-10
    0.931543064E-10
    0.104553966E-09
    0.117355352E-09
    0.131654338E-09
    0.147627396E-09
    0.165513690E-09
    0.185534019E-09
    0.207876391E-09
    0.232863074E-09
    0.260709861E-09
    0.291834285E-09
    0.326576186E-09
    0.365351825E-09
    0.408574211E-09
    0.456902502E-09
    0.510667619E-09
    0.570631964E-09
    0.637365901E-09
    0.711822853E-09
    0.794630750E-09
    0.886822446E-09
    0.989525154E-09
    0.110379721E-08
    0.123082954E-08
    0.137214435E-08
    0.152913033E-08
    0.170371215E-08
    0.189762203E-08
    0.211300733E-08
    0.235212600E-08
    0.261770142E-08
    0.291221751E-08
    0.323910932E-08
    0.360160179E-08
    0.400376639E-08
    0.444933267E-08
    0.494311586E-08
    0.549045716E-08
    0.609628735E-08
    0.676729396E-08
    0.750993982E-08
    0.833194462E-08
    0.924153796E-08
    0.102473111E-07
    0.113595806E-07
    0.125890253E-07
    0.139478560E-07
    0.154486094E-07
    0.171067921E-07
    0.189373025E-07
    0.209583560E-07
    0.231879470E-07
    0.256483134E-07
    0.283623065E-07
    0.313540791E-07
    0.346528140E-07
    0.382874803E-07
    0.422922064E-07
    0.467030526E-07
    0.515587556E-07
    0.569046661E-07
    0.627879501E-07
    0.692603155E-07
    0.763790256E-07
    0.842071738E-07
    0.928115251E-07
    0.102266991E-06
    0.112654497E-06
    0.124064294E-06
    0.136592868E-06
    0.150342871E-06
    0.165435759E-06
    0.181990242E-06
    0.200149490E-06
    0.220059338E-06
    0.241881771E-06
    0.265798676E-06
    0.291999807E-06
    0.320694526E-06
    0.352112134E-06
    0.386503799E-06
    0.424135790E-06
    0.465304980E-06
    0.510330121E-06
    0.559562266E-06
    0.613372293E-06
    0.672169531E-06
    0.736407262E-06
    0.806553591E-06
    0.883144711E-06
    0.966740508E-06
    0.105795538E-05
    0.115746410E-05
    0.126598146E-05
    0.138428612E-05
    0.151323237E-05
    0.165373246E-05
    0.180677773E-05
    0.197343689E-05
    0.215487799E-05
    0.235234907E-05
    0.256720012E-05
    0.280089527E-05
    0.305503293E-05
    0.333128386E-05
    0.363152061E-05
    0.395770756E-05
    0.431199258E-05
    0.469669170E-05
    0.511428024E-05
    0.556744262E-05
    0.605907225E-05
    0.659227672E-05
    0.717039666E-05
    0.779703170E-05
    0.847606490E-05
    0.921165431E-05
    0.100082621E-04
    0.108707213E-04
    0.118041977E-04
    0.128142090E-04
    0.139067426E-04
    0.150881747E-04
    0.163653749E-04
    0.177456813E-04
    0.192369829E-04
    0.208477165E-04
    0.225869468E-04
    0.244643325E-04
    0.264902809E-04
    0.286758536E-04
    0.310329765E-04
    0.335743022E-04
    0.363134302E-04
    0.392648706E-04
    0.424441102E-04
    0.458676842E-04
    0.495532679E-04
    0.535197311E-04
    0.577871974E-04
    0.623770512E-04
    0.673122161E-04
    0.726170471E-04
    0.783174623E-04
    0.844410998E-04
    0.910174004E-04
    0.980776259E-04
    0.105655084E-03
    0.113785152E-03
    0.122505470E-03
    0.131856003E-03
    0.141879147E-03
    0.152620080E-03
    0.164126483E-03
    0.176449236E-03
    0.189642113E-03
    0.203761994E-03
    0.218869553E-03
    0.235028681E-03
    0.252307165E-03
    0.270776718E-03
    0.290513396E-03
    0.311597338E-03
    0.334113460E-03
    0.358151440E-03
    0.383806086E-03
    0.411177295E-03
    0.440370667E-03
    0.471497823E-03
    0.504675851E-03
    0.540028982E-03
    0.577687552E-03
    0.617788930E-03
    0.660478132E-03
    0.705907327E-03
    0.754236659E-03
    0.805634763E-03
    0.860278791E-03
    0.918354849E-03
    0.980058220E-03
    0.104559436E-02
    0.111517848E-02
    0.118903624E-02
    0.126740450E-02
    0.135053156E-02
    0.143867675E-02
    0.153211260E-02
    0.163112368E-02
    0.173600778E-02
    0.184707652E-02
    0.196465510E-02
    0.208908358E-02
    0.222071689E-02
    0.235992550E-02
    0.250709588E-02
    0.266263056E-02
    0.282694983E-02
    0.300049071E-02
    0.318370844E-02
    0.337707692E-02
    0.358108899E-02
    0.379625644E-02
    0.402311182E-02
    0.426220766E-02
    0.451411796E-02
    0.477943711E-02
    0.505878263E-02
    0.535279390E-02
    0.566213315E-02
    0.598748575E-02
    0.632956167E-02
    0.668909369E-02
    0.706684040E-02
    0.746358445E-02
    0.788013417E-02
    0.831732346E-02
    0.877601177E-02
    0.925708580E-02
    0.976145707E-02
    0.102900656E-01
    0.108438774E-01
    0.114238843E-01
    0.120311077E-01
    0.126665947E-01
    0.133314192E-01
    0.140266829E-01
    0.147535153E-01
    0.155130717E-01
    0.163065348E-01
    0.171351137E-01
    0.180000447E-01
    0.189025880E-01
    0.198440310E-01
    0.208256867E-01
    0.218488897E-01
    0.229150019E-01
    0.240254070E-01
    0.251815094E-01
    0.263847389E-01
    0.276365431E-01
    0.289383893E-01
    0.302917646E-01
    0.316981733E-01
    0.331591361E-01
    0.346761866E-01
    0.362508751E-01
    0.378847619E-01
    0.395794171E-01
    0.413364209E-01
    0.431573612E-01
    0.450438271E-01
    0.469974154E-01
    0.490197212E-01
    0.511123396E-01
    0.532768623E-01
    0.555148747E-01
    0.578279558E-01
    0.602176733E-01
    0.626855817E-01
    0.652332222E-01
    0.678621135E-01
    0.705737581E-01
    0.733696318E-01
    0.762511843E-01
    0.792198365E-01
    0.822769760E-01
    0.854239548E-01
    0.886620867E-01
    0.919926424E-01
    0.954168509E-01
    0.989358865E-01
    0.102550878E+00
    0.106262897E+00
    0.110072958E+00
    0.113982011E+00
    0.117990948E+00
    0.122100586E+00
    0.126311676E+00
    0.130624892E+00
    0.135040833E+00
    0.139560015E+00
    0.144182870E+00
    0.148909748E+00
    0.153740903E+00
    0.158676503E+00
    0.163716617E+00
    0.168861215E+00
    0.174110170E+00
    0.179463251E+00
    0.184920119E+00
    0.190480329E+00
    0.196143329E+00
    0.201908453E+00
    0.207774920E+00
    0.213741837E+00
    0.219808194E+00
    0.225972860E+00
    0.232234589E+00
    0.238592017E+00
    0.245043650E+00
    0.251587883E+00
    0.258222986E+00
    0.264947105E+00
    0.271758270E+00
    0.278654386E+00
    0.285633238E+00
    0.292692494E+00
    0.299829698E+00
    0.307042287E+00
    0.314327567E+00
    0.321682743E+00
    0.329104903E+00
    0.336591023E+00
    0.344137976E+00
    0.351742528E+00
    0.359401340E+00
    0.367110981E+00
    0.374867915E+00
    0.382668524E+00
    0.390509095E+00
    0.398385828E+00
    0.406294852E+00
    0.414232215E+00
    0.422193887E+00
    0.430175784E+00
    0.438173748E+00
    0.446183569E+00
    0.454200983E+00
    0.462221680E+00
    0.470241304E+00
    0.478255464E+00
    0.486259739E+00
    0.494249679E+00
    0.502220811E+00
    0.510168654E+00
    0.518088706E+00
    0.525976464E+00
    0.533827427E+00
    0.541637097E+00
    0.549400982E+00
    0.557114612E+00
    0.564773534E+00
    0.572373314E+00
    0.579909553E+00
    0.587377886E+00
    0.594773975E+00
    0.602093531E+00
    0.609332310E+00
    0.616486109E+00
    0.623550780E+00
    0.630522226E+00
    0.637396408E+00
    0.644169343E+00
    0.650837107E+00
    0.657395836E+00
    0.663841734E+00
    0.670171058E+00
    0.676380139E+00
    0.682465360E+00
    0.688423178E+00
    0.694250109E+00
    0.699942727E+00
    0.705497674E+00
    0.710911650E+00
    0.716181407E+00
    0.721303761E+00
    0.726275577E+00
    0.731093778E+00
    0.735755334E+00
    0.740257256E+00
    0.744596610E+00
    0.748770502E+00
    0.752776069E+00
    0.756610497E+00
    0.760270997E+00
    0.763754819E+00
    0.767059235E+00
    0.770181554E+00
    0.773119101E+00
    0.775869234E+00
    0.778429327E+00
    0.780796783E+00
    0.782969018E+00
    0.784943478E+00
    0.786717629E+00
    0.788288952E+00
    0.789654967E+00
    0.790813208E+00
    0.791761247E+00
    0.792496685E+00
    0.793017165E+00
    0.793320364E+00
    0.793404010E+00
    0.793265891E+00
    0.792903843E+00
    0.792315780E+00
    0.791499687E+00
    0.790453635E+00
    0.789175790E+00
    0.787664420E+00
    0.785917911E+00
    0.783934771E+00
    0.781713649E+00
    0.779253336E+00
    0.776552795E+00
    0.773611153E+00
    0.770427735E+00
    0.767002053E+00
    0.763333838E+00
    0.759423050E+00
    0.755269881E+00
    0.750874774E+00
    0.746238439E+00
    0.741361855E+00
    0.736246295E+00
    0.730893320E+00
    0.725304803E+00
    0.719482937E+00
    0.713430230E+00
    0.707149525E+00
    0.700644012E+00
    0.693917212E+00
    0.686973003E+00
    0.679815611E+00
    0.672449614E+00
    0.664879940E+00
    0.657111877E+00
    0.649151053E+00
    0.641003443E+00
    0.632675364E+00
    0.624173461E+00
    0.615504706E+00
    0.606676378E+00
    0.597696067E+00
    0.588571640E+00
    0.579311249E+00
    0.569923295E+00
    0.560416425E+00
    0.550799505E+00
    0.541081609E+00
    0.531271988E+00
    0.521380050E+00
    0.511415355E+00
    0.501387562E+00
    0.491306427E+00
    0.481181775E+00
    0.471023465E+00
    0.460841379E+00
    0.450645382E+00
    0.440445306E+00
    0.430250923E+00
    0.420071919E+00
    0.409917865E+00
    0.399798200E+00
    0.389722199E+00
    0.379698958E+00
    0.369737365E+00
    0.359846078E+00
    0.350033512E+00
    0.340307812E+00
    0.330676835E+00
    0.321148141E+00
    0.311728965E+00
    0.302426216E+00
    0.293246453E+00
    0.284195878E+00
    0.275280332E+00
    0.266505276E+00
    0.257875790E+00
    0.249396572E+00
    0.241071926E+00
    0.232905766E+00
    0.224901615E+00
    0.217062605E+00
    0.209391476E+00
    0.201890591E+00
    0.194561925E+00
    0.187407087E+00
    0.180427319E+00
    0.173623509E+00
    0.166996196E+00
    0.160545587E+00
    0.154271566E+00
    0.148173705E+00
    0.142251281E+00
    0.136503287E+00
    0.130928448E+00
    0.125525233E+00
    0.120291879E+00
    0.115226394E+00
    0.110326579E+00
    0.105590048E+00
    0.101014235E+00
    0.965964154E-01
    0.923337202E-01
    0.882231488E-01
    0.842615875E-01
    0.804458224E-01
    0.767725509E-01
    0.732384005E-01
    0.698399390E-01
    0.665736853E-01
    0.634361254E-01
    0.604237209E-01
    0.575329203E-01
    0.547601704E-01
    0.521019240E-01
    0.495546493E-01
    0.471148397E-01
    0.447790179E-01
    0.425437461E-01
    0.404056301E-01
    0.383613259E-01
    0.364075450E-01
    0.345410560E-01
    0.327586931E-01
    0.310573557E-01
    0.294340118E-01
    0.278857020E-01
    0.264095406E-01
    0.250027143E-01
    0.236624884E-01
    0.223862034E-01
    0.211712762E-01
    0.200152018E-01
    0.189155513E-01
    0.178699714E-01
    0.168761858E-01
    0.159319912E-01
    0.150352592E-01
    0.141839333E-01
    0.133760282E-01
    0.126096278E-01
    0.118828853E-01
    0.111940195E-01
    0.105413155E-01
    0.992312042E-02
    0.933784403E-02
    0.878395620E-02
    0.825998498E-02
    0.776451510E-02
    0.729618698E-02
    0.685369389E-02
    0.643578155E-02
    0.604124559E-02
    0.566893047E-02
    0.531772863E-02
    0.498657724E-02
    0.467445834E-02
    0.438039734E-02
    0.410346046E-02
    0.384275465E-02
    0.359742590E-02
    0.336665749E-02
    0.314966944E-02
    0.294571734E-02
    0.275408996E-02
    0.257410982E-02
    0.240513089E-02
    0.224653776E-02
    0.209774477E-02
    0.195819472E-02
    0.182735807E-02
    0.170473155E-02
    0.158983751E-02
    0.148222279E-02
    0.138145782E-02
    0.128713532E-02
    0.119887035E-02
    0.111629807E-02
    0.103907381E-02
    0.966871959E-03
    0.899384990E-03
    0.836322619E-03
    0.777411350E-03
    0.722393092E-03
    0.671025037E-03
    0.623078399E-03
    0.578337863E-03
    0.536601107E-03
    0.497677844E-03
    0.461389115E-03
    0.427567097E-03
    0.396053934E-03
    0.366701627E-03
    0.339371201E-03
    0.313932236E-03
    0.290262383E-03
    0.268247100E-03
    0.247778637E-03
    0.228756203E-03
    0.211085169E-03
    0.194676903E-03
    0.179448199E-03
    0.165321101E-03
    0.152222541E-03
    0.140084010E-03
    0.128841192E-03
    0.118433875E-03
    0.108805597E-03
    0.999032995E-04
    0.916773879E-04
    0.840812622E-04
    0.770712451E-04
    0.706064411E-04
    0.646484730E-04
    0.591613552E-04
    0.541114502E-04
    0.494671684E-04
    0.451989783E-04
    0.412792418E-04
    0.376820622E-04
    0.343832482E-04
    0.313602094E-04
    0.285917925E-04
    0.260583320E-04
    0.237414103E-04
    0.216239164E-04
    0.196899158E-04
    0.179245621E-04
    0.163140527E-04
    0.148456329E-04
    0.135074123E-04
    0.122884195E-04
    0.111784779E-04
    0.101682144E-04
    0.924896034E-05
    0.841273561E-05
    0.765218532E-05
    0.696058329E-05
    0.633171974E-05
    0.575992507E-05
    0.524001633E-05
    0.476724100E-05
    0.433728012E-05
    0.394619059E-05
    0.359038021E-05
    0.326660299E-05
    0.297190438E-05
    0.270360027E-05
    0.245927306E-05
    0.223673319E-05
    0.203399895E-05
    0.184929246E-05
    0.168100207E-05
    0.152767820E-05
    0.138801907E-05
    0.126084181E-05
    0.114509533E-05
    0.103982170E-05
    0.944159056E-06
    0.857335094E-06
    0.778649477E-06
    0.707460011E-06
    0.643196511E-06
    0.585333322E-06
    0.533394501E-06
    0.486942431E-06
    0.445577874E-06
    0.408931583E-06
    0.376666860E-06
    0.348463153E-06
    0.324032370E-06
    0.303098461E-06
    0.285405506E-06
    0.270713527E-06
    0.258794011E-06
    0.249434298E-06
    0.242431660E-06
    0.237590063E-06
    0.234728088E-06
    0.233672381E-06
    0.234255441E-06
    0.236319129E-06
    0.239712014E-06
    0.244290827E-06
    0.249917648E-06
    0.256461890E-06
    0.263800266E-06
    0.271813587E-06
    0.280390369E-06
    0.289425347E-06
    0.298816865E-06
    0.308473098E-06
    0.318303232E-06
    0.328225802E-06
    0.338162028E-06
    0.348041122E-06
    0.357793965E-06
    0.367361113E-06
    0.376682858E-06
    0.385711184E-06
    0.394394631E-06
    0.402693322E-06
    0.410568535E-06
    0.417984645E-06
    0.424913828E-06
    0.431329707E-06
    0.437209228E-06
    0.442536798E-06
    0.447294972E-06
    0.451473321E-06
    0.455062876E-06
    0.458059913E-06
    0.460459340E-06
    0.462264623E-06
    0.463475419E-06
    0.464100157E-06
    0.464142703E-06
    0.463614520E-06
    0.462526631E-06
    0.460890421E-06
    0.458722245E-06
    0.456037274E-06
    0.452852261E-06
    0.449187253E-06
    0.445060053E-06
    0.440490789E-06
    0.435500980E-06
    0.430113928E-06
    0.424348620E-06
    0.418231313E-06
    0.411781965E-06
    0.405025536E-06
    0.397983636E-06
    0.390681036E-06
    0.383140142E-06
    0.375384012E-06
    0.367435742E-06
    0.359317661E-06
    0.351051827E-06
    0.342659959E-06
    0.334163120E-06
    0.325580844E-06
    0.316934251E-06
    0.308243533E-06
    0.299524796E-06
    0.290798947E-06
    0.282080963E-06
    0.273387885E-06
    0.264735532E-06
    0.256138694E-06
    0.247611295E-06
    0.239166466E-06
    0.230816280E-06
    0.222572636E-06
    0.214446203E-06
    0.206446480E-06
    0.198583377E-06
    0.190863657E-06
    0.183296123E-06
    0.175887378E-06
    0.168641807E-06
    0.161566665E-06
    0.154664888E-06
    0.147940573E-06
    0.141397664E-06
    0.135037897E-06
    0.128863452E-06
    0.122875825E-06
    0.117074936E-06
    0.111462019E-06
    0.106036340E-06
    0.100796953E-06
    0.957435862E-07
    0.908733907E-07
    0.861856874E-07
    0.816776937E-07
    0.773464892E-07
    0.731900865E-07
    0.692046346E-07
    0.653867372E-07
    0.617335745E-07
    0.582402786E-07
    0.549038473E-07
    0.517199074E-07
    0.486839449E-07
    0.457925592E-07
    0.430407547E-07
    0.404242541E-07
    0.379389751E-07
    0.355797132E-07
    0.333427594E-07
    0.312231736E-07
    0.292167970E-07
    0.273193034E-07
    0.255262386E-07
    0.238332232E-07
    0.222363589E-07
    0.207308828E-07
    0.193134081E-07
    0.179796289E-07
    0.167254746E-07
    0.155476749E-07
    0.144420238E-07
    0.134051996E-07
    0.124337708E-07
    0.115241730E-07
    0.106734063E-07
    0.987808915E-08
    0.913551689E-08
    0.844244469E-08
    0.779633692E-08
    0.719431432E-08
    0.663395264E-08
    0.611259571E-08
    0.562828953E-08
    0.517850357E-08
    0.476113339E-08
    0.437428986E-08
    0.401581883E-08
    0.368406493E-08
    0.337721268E-08
    0.309365210E-08
    0.283180716E-08
    0.259019194E-08
    0.236756516E-08
    0.216234884E-08
    0.197358910E-08
    0.179993916E-08
    0.164033809E-08
    0.149378668E-08
    0.135938345E-08
    0.123614476E-08
    0.112324593E-08
    0.101991583E-08
    0.925406678E-09
    0.839061928E-09
    0.760213637E-09
    0.688300481E-09
    0.622703793E-09
    0.562959182E-09
    0.508612152E-09
    0.459105774E-09
    0.414199869E-09
    0.373380647E-09
    0.336335823E-09
    0.302771085E-09
    0.272363643E-09
    0.244838351E-09
    0.219938785E-09
    0.197421434E-09
    0.177100680E-09
    0.158756266E-09
    0.142212011E-09
    0.127316420E-09
    0.113888450E-09
    0.101826024E-09
    0.909808865E-10
    0.812226354E-10
    0.724899177E-10
    0.646399371E-10
    0.576002000E-10
    0.513072019E-10
    0.456627505E-10
    0.406257621E-10
    0.361229374E-10
    0.320954616E-10
    0.285144045E-10
    0.253086986E-10
    0.224549541E-10
    0.199133712E-10
    0.176482148E-10
    0.156385220E-10
    0.138471617E-10
    0.122570660E-10
    0.108478003E-10
    0.959431037E-11
    0.848316916E-11
    0.749902872E-11
    0.662270956E-11
    0.585163053E-11
    0.516732582E-11
    0.456011496E-11
    0.402660309E-11
    0.355048784E-11
    0.313208335E-11
    0.276271823E-11
    0.243688895E-11
    0.214956316E-11
    0.189372381E-11
    0.167063443E-11
    0.147097524E-11
    0.129750423E-11
    0.114386182E-11
    0.100800216E-11
    0.887963299E-12
    0.783535919E-12
    0.691232915E-12
    0.609340716E-12
    0.537678547E-12
    0.473481864E-12
    0.417820509E-12
    0.368677615E-12
    0.325574949E-12
    0.287236633E-12
    0.253296061E-12
    0.224171476E-12
    0.197111485E-12
    0.174776928E-12
    0.154338708E-12
    0.135915859E-12
    0.120051814E-12
    0.106052854E-12
    0.937595340E-13
    0.828494523E-13
    0.731044419E-13
    0.645870138E-13
    0.571211808E-13
    0.505522918E-13
    0.446991552E-13
    0.394583863E-13
    0.349525519E-13
    0.310784179E-13
    0.272959701E-13
    0.245829878E-13
    0.217790266E-13
    0.192994330E-13
    0.173398973E-13
    0.154842800E-13
    0.139721438E-13
    0.125631033E-13
    0.112935074E-13
    0.102604712E-13
    0.931265386E-14
    0.849655776E-14
    0.776236390E-14
    0.711535087E-14
    0.657555778E-14
    0.607742366E-14
    0.555475477E-14
    0.527209505E-14
    0.484457684E-14
    0.447620346E-14
    0.421793343E-14
    0.394579084E-14
    0.374270925E-14
    0.354849253E-14
    0.331660924E-14
    0.316415529E-14
    0.301966404E-14
    0.289343533E-14
    0.276367000E-14
    0.266837615E-14
    0.259021072E-14
    0.252757927E-14
    0.242430577E-14
    0.244739955E-14
    0.234012125E-14
    0.228615327E-14
    0.230016853E-14
    0.225653434E-14
    0.225576601E-14
    0.221946194E-14
    0.217357645E-14
    0.216911307E-14
    0.214678858E-14
    0.210410072E-14
    0.207826618E-14
    0.203983898E-14
    0.202785157E-14
    0.196290923E-14
    0.190869236E-14
    0.188935002E-14
    0.180964804E-14
    0.176283860E-14
    0.173350884E-14
    0.165314368E-14
    0.161763957E-14
    0.155646629E-14
    0.147775174E-14
    0.146251954E-14
    0.139249627E-14
    0.135440948E-14
    0.132676646E-14
    0.125858791E-14
    0.125239393E-14
    0.119031443E-14
    0.116631600E-14
    0.113800668E-14
    0.112384830E-14
    0.111344688E-14
    0.110843678E-14
    0.108351382E-14
    0.109035036E-14
    0.106743130E-14
    0.105803309E-14
    0.108430054E-14
    0.105592181E-14
    0.105875497E-14
    0.108507455E-14
    0.104095697E-14
    0.108710083E-14
    0.104185526E-14
    0.104509011E-14
    0.101483267E-14
    0.105019716E-14
    0.102223676E-14
    0.991477548E-15
    0.977800533E-15
    0.969680959E-15
    0.947814393E-15
    0.931755993E-15
    0.908122575E-15
    0.863900500E-15
    0.849748788E-15
    0.826696795E-15
    0.773357011E-15
    0.760520998E-15
    0.719824450E-15
    0.691902005E-15
    0.651692689E-15
    0.632875339E-15
    0.589417816E-15
    0.552455703E-15
    0.521179636E-15
    0.492648707E-15
    0.465082161E-15
    0.441413908E-15
    0.388918966E-15
    0.390121149E-15
    0.353907673E-15
    0.318265039E-15
    0.315572681E-15
    0.264739666E-15
    0.268766784E-15
    0.229804809E-15
    0.212841540E-15
    0.191251123E-15
    0.190955282E-15
    0.168812365E-15
    0.147028521E-15
    0.139797890E-15
    0.129286119E-15
    0.109566337E-15
    0.105208491E-15
    0.101368496E-15
    0.945596838E-16
    0.787553369E-16
    0.838612509E-16
    0.661126013E-16
    0.675775305E-16
    0.571571447E-16
    0.557672987E-16
    0.488230347E-16
    0.505945292E-16
    0.517094147E-16
    0.401565794E-16
    0.397038388E-16
    0.325763729E-16
    0.393173006E-16
    0.350045471E-16
    0.365746853E-16
    0.349496168E-16
    0.320623460E-16
    0.325306508E-16
    0.330701446E-16
    0.300074264E-16
    0.279967897E-16
    0.218028685E-16
    0.304610336E-16
    0.277864353E-16
    0.286821842E-16
    0.208516067E-16
    0.260950572E-16
    0.262502473E-16
    0.227871835E-16
    0.239060019E-16
    0.213210274E-16
    0.286162209E-16
    0.258486051E-16
    0.334691037E-16
    0.203893592E-16
    0.282484750E-16
    0.285044228E-16
    0.249365596E-16
    0.225731106E-16
    0.264986372E-16
    0.355389495E-16
    0.207443334E-16
    0.213600177E-16
    0.224639566E-16
    0.279499222E-16
    0.228335355E-16
    0.258047092E-16
    0.253755338E-16
    0.255907265E-16
    0.268231197E-16
    0.230443489E-16
    0.251501282E-16
    0.256083529E-16
    0.204283542E-16
    0.259926220E-16
    0.266407591E-16
    0.270668272E-16
    0.162960829E-16
    0.245213594E-16
    0.257959705E-16
    0.216247056E-16
    0.221006634E-16
    0.204764392E-16
    0.285778419E-16
    0.261125603E-16
    0.301443086E-16
    0.202393812E-16
    0.264554383E-16
    0.286965654E-16
    0.239176190E-16
    0.213542646E-16
    0.275983291E-16
    0.351752075E-16
    0.181761974E-16
    0.189083062E-16
    0.227339384E-16
    0.260502809E-16
    0.224221751E-16
    0.222979116E-16
    0.260205981E-16
    0.247790076E-16
    0.228986275E-16
    0.213111569E-16
    0.226794444E-16
    0.247758957E-16
    0.209353792E-16
    0.246097308E-16
    0.276030776E-16
    0.268804027E-16
    0.151007296E-16
    0.259284146E-16
    0.261618292E-16
    0.214704569E-16
    0.199462186E-16
    0.239911776E-16
    0.307552246E-16
    0.261051221E-16
    0.260147940E-16
    0.205927393E-16
    0.244508356E-16
    0.254763042E-16
    0.221529841E-16
    0.225233541E-16
    0.283836103E-16
    0.314754689E-16
    0.192691951E-16
    0.177655142E-16
    0.218627012E-16
    0.229442995E-16
    0.241033750E-16
    0.208899303E-16
    0.287340733E-16
    0.254051226E-16
    0.214074326E-16
    0.201015788E-16
    0.233651162E-16
    0.243664410E-16
    0.202634231E-16
    0.251364371E-16
    0.288096202E-16
    0.262836894E-16
    0.187042843E-16
    0.265843727E-16
    0.255230720E-16
    0.217389208E-16
    0.182213346E-16
    0.280063528E-16
    0.327476252E-16
    0.264402686E-16
    0.238700337E-16
    0.198702264E-16
    0.238689144E-16
    0.230710703E-16
    0.209072149E-16
    0.261089067E-16
    0.298432695E-16
    0.241175459E-16
    0.236915116E-16
    0.194131592E-16
    0.197569686E-16
    0.212575043E-16
    0.263340536E-16
    0.218643446E-16
    0.307302065E-16
    0.269458613E-16
    0.234474668E-16
    0.206774272E-16
    0.256323819E-16
    0.245480120E-16
    0.191026681E-16
    0.277405352E-16
    0.312657522E-16
    0.259151711E-16
    0.253988493E-16
    0.251538220E-16
    0.240749930E-16
    0.226625390E-16
    0.203216435E-16
    0.273778636E-16
    0.344903785E-16
    0.255725178E-16
    0.241482968E-16
    0.186394113E-16
    0.237966859E-16
    0.228245010E-16
    0.203957172E-16
    0.290603218E-16
    0.307700365E-16
    0.187882176E-16
    0.275261482E-16
    0.226991648E-16
    0.217153274E-16
    0.221823488E-16
    0.248557788E-16
    0.250193957E-16
    0.321579903E-16
    0.262609451E-16
    0.268192957E-16
    0.215767178E-16
    0.280563615E-16
    0.228771073E-16
    0.191922066E-16
    0.302608407E-16
    0.327921973E-16
    0.250530538E-16
    0.300136199E-16
    0.212799375E-16
    0.233627867E-16
    0.228393866E-16
    0.254601018E-16
    0.238315957E-16
    0.321074938E-16
    0.255756572E-16
    0.274998932E-16
    0.178748961E-16
    0.234214014E-16
    0.237804169E-16
    0.204102607E-16
    0.322253461E-16
    0.259161534E-16
    0.225709559E-16
    0.266362375E-16
    0.263948778E-16
    0.257697734E-16
    0.232712097E-16
    0.229246778E-16
    0.263284271E-16
    0.360663155E-16
    0.257567063E-16
    0.313056046E-16
    0.216476662E-16
    0.263999632E-16
    0.230541890E-16
    0.208026445E-16
    0.308844491E-16
    0.289987223E-16
    0.290746955E-16
    0.241190671E-16
    0.223403231E-16
    0.244216485E-16
    0.247792987E-16
    0.268413150E-16
    0.207130516E-16
    0.313775830E-16
    0.304190052E-16
    0.297086240E-16
    0.203871313E-16
    0.254064547E-16
    0.232674450E-16
    0.223154799E-16
    0.315983849E-16
    0.257691434E-16
    0.319947554E-16
    0.210873129E-16
    0.304111130E-16
    0.280441010E-16
    0.230272448E-16
    0.275396000E-16
    0.243287694E-16
    0.347806834E-16
    0.328246924E-16
    0.280868482E-16
    0.216660378E-16
    0.203747196E-16
    0.233647282E-16
    0.259027553E-16
    0.315635502E-16
    0.204587254E-16
    0.314880778E-16
    0.185081066E-16
    0.311208568E-16
    0.246898792E-16
    0.243677702E-16
    0.239074488E-16
    0.235795692E-16
    0.350949486E-16
    0.361175533E-16
    0.248978904E-16
    0.234696562E-16
    0.214926414E-16
    0.239802273E-16
    0.278150906E-16
    0.263311257E-16
    0.275718080E-16
    0.292325054E-16
    0.263339823E-16
    0.300223169E-16
    0.206246065E-16
    0.284733519E-16
    0.259818811E-16
    0.305201997E-16
    0.269038483E-16
    0.350317352E-16
    0.219871209E-16
    0.190766609E-16
    0.224866456E-16
    0.254388819E-16
    0.270704823E-16
    0.187784807E-16
    0.327090984E-16
    0.216214848E-16
    0.316737596E-16
    0.271362475E-16
    0.231124706E-16
    0.268512629E-16
    0.226743815E-16
    0.378460258E-16
    0.288140733E-16
    0.311845455E-16
    0.214738697E-16
    0.234098640E-16
    0.253331910E-16
    0.237124043E-16
    0.276552527E-16
    0.238043711E-16
    0.315371178E-16
    0.243781784E-16
    0.313315331E-16
    0.192493295E-16
    0.273309170E-16
    0.263627375E-16
    0.273543368E-16
    0.285027595E-16
    0.323895481E-16
    0.262321302E-16
    0.184850768E-16
    0.257937781E-16
    0.254537988E-16
    0.211757805E-16
    0.218840706E-16
    0.327216785E-16
    0.243966629E-16
    0.275630192E-16
    0.287583468E-16
    0.194451241E-16
    0.287643178E-16
    0.267134070E-16
    0.354791677E-16
    0.255845049E-16
    0.275141910E-16
    0.229601780E-16
    0.266476671E-16
    0.287867250E-16
    0.206803214E-16
    0.228799814E-16
    0.254396092E-16
    0.259729613E-16
    0.250766372E-16
    0.271856307E-16
    0.224491304E-16
    0.263681727E-16
    0.212124497E-16
    0.369336075E-16
    0.184168739E-16
    0.281623159E-16
    0.258309723E-16
    0.327069891E-16
    0.247850057E-16
    0.199966567E-16
    0.237149250E-16
    0.276333730E-16
    0.310239410E-16
    0.238368775E-16
    0.287293405E-16
    0.202646415E-16
    0.306940785E-16
    0.227075071E-16
    0.347426708E-16
    0.202463115E-16
    0.261779191E-16
    0.221075205E-16
    0.306483452E-16
    0.247569139E-16
    0.209260702E-16
    0.211974877E-16
    0.272318108E-16
    0.289086186E-16
    0.204778564E-16
    0.260593117E-16
    0.232200887E-16
    0.367422729E-16
    0.221878138E-16
    0.379355514E-16
    0.230140016E-16
    0.246446820E-16
    0.246254687E-16
    0.335465930E-16
    0.230715035E-16
    0.212627823E-16
    0.235244797E-16
    0.274247198E-16
    0.248511981E-16
    0.217461374E-16
    0.283619359E-16
    0.294655225E-16
    0.355554041E-16
    0.220624912E-16
    0.278137944E-16
    0.291452492E-16
    0.270882150E-16
    0.240875987E-16
    0.273655182E-16
    0.284763206E-16
