 #tdnd tdcion
    0.283030059E-16
    0.262741257E-16
    0.385626477E-16
    0.295217087E-16
    0.308241797E-16
    0.303251595E-16
    0.337638571E-16
    0.364017792E-16
    0.354586165E-16
    0.233846177E-16
    0.239500967E-16
    0.274470416E-16
    0.216155748E-16
    0.228634222E-16
    0.177975434E-16
    0.251900622E-16
    0.265301499E-16
    0.322562665E-16
    0.284545518E-16
    0.296303275E-16
    0.298652280E-16
    0.245578540E-16
    0.276627309E-16
    0.322985703E-16
    0.282303117E-16
    0.233806746E-16
    0.249428449E-16
    0.209272059E-16
    0.182986548E-16
    0.246490134E-16
    0.208010083E-16
    0.221003244E-16
    0.287139812E-16
    0.379338307E-16
    0.271754582E-16
    0.277461025E-16
    0.289899330E-16
    0.326131965E-16
    0.406945618E-16
    0.344424356E-16
    0.410465045E-16
    0.400790991E-16
    0.598902818E-16
    0.379290874E-16
    0.398649353E-16
    0.412388190E-16
    0.418689975E-16
    0.450269974E-16
    0.501689141E-16
    0.417921434E-16
    0.406128926E-16
    0.262276448E-16
    0.297765131E-16
    0.259102926E-16
    0.354363996E-16
    0.378487313E-16
    0.275066601E-16
    0.331638062E-16
    0.254684548E-16
    0.315067223E-16
    0.313423925E-16
    0.327530607E-16
    0.333557948E-16
    0.337742911E-16
    0.369284628E-16
    0.354331031E-16
    0.220012404E-16
    0.328089083E-16
    0.253953466E-16
    0.361050792E-16
    0.339111323E-16
    0.328166054E-16
    0.335456865E-16
    0.266338323E-16
    0.396277606E-16
    0.240987028E-16
    0.290726464E-16
    0.288499549E-16
    0.250658379E-16
    0.284273977E-16
    0.252584372E-16
    0.283329254E-16
    0.318752945E-16
    0.239308946E-16
    0.323481453E-16
    0.349680369E-16
    0.363060965E-16
    0.346015286E-16
    0.251296549E-16
    0.315150148E-16
    0.250604020E-16
    0.243891196E-16
    0.258411153E-16
    0.322973369E-16
    0.247177490E-16
    0.267315565E-16
    0.338795365E-16
    0.269138705E-16
    0.226123410E-16
    0.330424852E-16
    0.220774078E-16
    0.299183083E-16
    0.341215469E-16
    0.275576685E-16
    0.362556875E-16
    0.283400131E-16
    0.371719995E-16
    0.205241678E-16
    0.202788343E-16
    0.235206447E-16
    0.208712759E-16
    0.215080319E-16
    0.299415850E-16
    0.320967188E-16
    0.353619192E-16
    0.220805412E-16
    0.264980822E-16
    0.308018847E-16
    0.290332325E-16
    0.381160411E-16
    0.292241799E-16
    0.263374530E-16
    0.220096132E-16
    0.280987747E-16
    0.230182303E-16
    0.270837925E-16
    0.206090119E-16
    0.269147462E-16
    0.275211498E-16
    0.244260321E-16
    0.214495216E-16
    0.313518563E-16
    0.259095800E-16
    0.279658793E-16
    0.323962212E-16
    0.275410659E-16
    0.333204966E-16
    0.296779332E-16
    0.325182403E-16
    0.215537850E-16
    0.181810616E-16
    0.186532045E-16
    0.211004101E-16
    0.299834768E-16
    0.270629225E-16
    0.283692850E-16
    0.288577354E-16
    0.300733036E-16
    0.219953861E-16
    0.331318064E-16
    0.257595243E-16
    0.326746391E-16
    0.309043476E-16
    0.222540818E-16
    0.311316087E-16
    0.271853464E-16
    0.267756262E-16
    0.190707667E-16
    0.254118259E-16
    0.246589065E-16
    0.275205905E-16
    0.205390043E-16
    0.265779123E-16
    0.250313364E-16
    0.358722971E-16
    0.237007240E-16
    0.262202318E-16
    0.320024760E-16
    0.229227415E-16
    0.362769260E-16
    0.309659563E-16
    0.285720549E-16
    0.188470589E-16
    0.214610982E-16
    0.245999101E-16
    0.239684653E-16
    0.245906286E-16
    0.320594724E-16
    0.324913372E-16
    0.330063734E-16
    0.259707437E-16
    0.231405761E-16
    0.417604866E-16
    0.293498751E-16
    0.359045055E-16
    0.417409061E-16
    0.344673496E-16
    0.335925406E-16
    0.319844069E-16
    0.361831441E-16
    0.358919840E-16
    0.363544632E-16
    0.329595489E-16
    0.490834425E-16
    0.297859266E-16
    0.350821272E-16
    0.374983934E-16
    0.638437898E-16
    0.460168069E-16
    0.522752402E-16
    0.465133829E-16
    0.469369503E-16
    0.617514580E-16
    0.351506953E-16
    0.403872136E-16
    0.453967199E-16
    0.413607540E-16
    0.453776799E-16
    0.542025170E-16
    0.473621142E-16
    0.521035486E-16
    0.627957320E-16
    0.474076690E-16
    0.546241990E-16
    0.459630407E-16
    0.488909919E-16
    0.424320569E-16
    0.436809386E-16
    0.476757941E-16
    0.529021322E-16
    0.628456394E-16
    0.495125142E-16
    0.541147154E-16
    0.539678095E-16
    0.575359722E-16
    0.455807076E-16
    0.682744855E-16
    0.464175565E-16
    0.399085396E-16
    0.545065433E-16
    0.643299861E-16
    0.564202937E-16
    0.725573076E-16
    0.604832538E-16
    0.647390795E-16
    0.888458168E-16
    0.476261579E-16
    0.578903044E-16
    0.464902462E-16
    0.542449120E-16
    0.403574324E-16
    0.482664438E-16
    0.461230940E-16
    0.374388767E-16
    0.598577674E-16
    0.390886703E-16
    0.414787861E-16
    0.512983149E-16
    0.608127497E-16
    0.427239098E-16
    0.586900008E-16
    0.499876178E-16
    0.791315765E-16
    0.649664952E-16
    0.622656264E-16
    0.542880909E-16
    0.623526262E-16
    0.655070800E-16
    0.527169935E-16
    0.647845040E-16
    0.534424202E-16
    0.597991641E-16
    0.730729453E-16
    0.771137517E-16
    0.680383748E-16
    0.889960794E-16
    0.737813757E-16
    0.689754114E-16
    0.792807396E-16
    0.591346697E-16
    0.893583734E-16
    0.649042862E-16
    0.700101741E-16
    0.632724694E-16
    0.884764377E-16
    0.542400903E-16
    0.526339424E-16
    0.692397110E-16
    0.591184249E-16
    0.677081458E-16
    0.725759710E-16
    0.753780625E-16
    0.734346743E-16
    0.900661951E-16
    0.803280585E-16
    0.107574792E-15
    0.825616535E-16
    0.732872533E-16
    0.829730076E-16
    0.877927773E-16
    0.724707199E-16
    0.810475059E-16
    0.829914577E-16
    0.685874017E-16
    0.713359505E-16
    0.679860577E-16
    0.649007842E-16
    0.851137844E-16
    0.739545835E-16
    0.874454800E-16
    0.882110368E-16
    0.830411284E-16
    0.970813882E-16
    0.103698282E-15
    0.955193073E-16
    0.849453208E-16
    0.102470295E-15
    0.925817473E-16
    0.930239357E-16
    0.881746574E-16
    0.843149174E-16
    0.914131705E-16
    0.100236903E-15
    0.804693837E-16
    0.988162337E-16
    0.106029667E-15
    0.845369174E-16
    0.108751280E-15
    0.895698529E-16
    0.123849655E-15
    0.113808339E-15
    0.989836455E-16
    0.114103775E-15
    0.112598017E-15
    0.981235238E-16
    0.106840528E-15
    0.113095461E-15
    0.110192996E-15
    0.109072507E-15
    0.116426195E-15
    0.109196318E-15
    0.121148087E-15
    0.111505933E-15
    0.121422313E-15
    0.130755379E-15
    0.128208010E-15
    0.101446448E-15
    0.149075629E-15
    0.130252554E-15
    0.121752777E-15
    0.148228418E-15
    0.122862697E-15
    0.123224620E-15
    0.139756096E-15
    0.122867958E-15
    0.129306597E-15
    0.159182382E-15
    0.129408957E-15
    0.142795726E-15
    0.151566953E-15
    0.133031893E-15
    0.151983484E-15
    0.148576696E-15
    0.155385060E-15
    0.163899103E-15
    0.172344432E-15
    0.179422647E-15
    0.170236654E-15
    0.177210137E-15
    0.143747631E-15
    0.171080014E-15
    0.169866289E-15
    0.165064133E-15
    0.168231923E-15
    0.156318966E-15
    0.174235026E-15
    0.174696798E-15
    0.162499062E-15
    0.183148613E-15
    0.225355007E-15
    0.173944365E-15
    0.225833504E-15
    0.215724417E-15
    0.210298245E-15
    0.240687295E-15
    0.209902893E-15
    0.213441570E-15
    0.212318400E-15
    0.201427893E-15
    0.194516145E-15
    0.223148206E-15
    0.203266364E-15
    0.206721241E-15
    0.220969885E-15
    0.219013592E-15
    0.236311016E-15
    0.220844872E-15
    0.236021070E-15
    0.255541104E-15
    0.252795431E-15
    0.274068053E-15
    0.277335157E-15
    0.266211466E-15
    0.234264883E-15
    0.266797830E-15
    0.233765253E-15
    0.251716100E-15
    0.297624827E-15
    0.253186788E-15
    0.264313254E-15
    0.269231439E-15
    0.232436476E-15
    0.244344394E-15
    0.298820114E-15
    0.257187527E-15
    0.303658057E-15
    0.284032281E-15
    0.271703414E-15
    0.297525584E-15
    0.294930089E-15
    0.285708677E-15
    0.316013207E-15
    0.306105244E-15
    0.310049437E-15
    0.311814811E-15
    0.308357233E-15
    0.293004198E-15
    0.297215303E-15
    0.274969384E-15
    0.331404030E-15
    0.292340314E-15
    0.282679959E-15
    0.335136129E-15
    0.271134528E-15
    0.323943366E-15
    0.338664678E-15
    0.325124418E-15
    0.329896444E-15
    0.367579053E-15
    0.308087851E-15
    0.332421212E-15
    0.379054388E-15
    0.358656633E-15
    0.369670171E-15
    0.372467963E-15
    0.359807157E-15
    0.342843279E-15
    0.399122112E-15
    0.388591970E-15
    0.388716339E-15
    0.423748530E-15
    0.449600735E-15
    0.448864021E-15
    0.488590315E-15
    0.486653875E-15
    0.549604997E-15
    0.546410251E-15
    0.663279444E-15
    0.681630790E-15
    0.713555012E-15
    0.756659226E-15
    0.813573673E-15
    0.773874914E-15
    0.996340981E-15
    0.998569378E-15
    0.106140166E-14
    0.125892677E-14
    0.123662356E-14
    0.137427801E-14
    0.156152381E-14
    0.172803489E-14
    0.186667199E-14
    0.213657922E-14
    0.231450141E-14
    0.253802134E-14
    0.285349599E-14
    0.312757739E-14
    0.345624673E-14
    0.374756551E-14
    0.424914524E-14
    0.482049689E-14
    0.508262098E-14
    0.589471098E-14
    0.634140471E-14
    0.691890262E-14
    0.782174842E-14
    0.870959292E-14
    0.944961877E-14
    0.106241016E-13
    0.118488793E-13
    0.129490922E-13
    0.145952034E-13
    0.163946068E-13
    0.180295641E-13
    0.201946602E-13
    0.225370674E-13
    0.255773642E-13
    0.281509758E-13
    0.316839485E-13
    0.354964513E-13
    0.390443403E-13
    0.441060715E-13
    0.497543657E-13
    0.555436310E-13
    0.621923542E-13
    0.703598987E-13
    0.782245562E-13
    0.879438613E-13
    0.994419035E-13
    0.111485865E-12
    0.125089171E-12
    0.141299648E-12
    0.159420825E-12
    0.179699770E-12
    0.202121944E-12
    0.229632645E-12
    0.257909060E-12
    0.291942281E-12
    0.331224774E-12
    0.374338422E-12
    0.422169258E-12
    0.478786862E-12
    0.541341247E-12
    0.611459895E-12
    0.693802433E-12
    0.785905803E-12
    0.887587768E-12
    0.100675656E-11
    0.113982270E-11
    0.129143443E-11
    0.145820800E-11
    0.165331429E-11
    0.186913942E-11
    0.211434599E-11
    0.239632984E-11
    0.271443902E-11
    0.306677396E-11
    0.347037074E-11
    0.392663820E-11
    0.443760287E-11
    0.501876253E-11
    0.567898080E-11
    0.641399738E-11
    0.724804591E-11
    0.819200849E-11
    0.925093190E-11
    0.104427349E-10
    0.117876483E-10
    0.133105474E-10
    0.150084512E-10
    0.169354236E-10
    0.190993157E-10
    0.215198431E-10
    0.242375005E-10
    0.273148895E-10
    0.307581626E-10
    0.346272087E-10
    0.389832205E-10
    0.438626994E-10
    0.493208027E-10
    0.554721842E-10
    0.623429046E-10
    0.700574326E-10
    0.786827406E-10
    0.883910678E-10
    0.992221841E-10
    0.111375716E-09
    0.124972324E-09
    0.140177548E-09
    0.157131680E-09
    0.176167256E-09
    0.197417935E-09
    0.221155118E-09
    0.247657947E-09
    0.277295288E-09
    0.310301577E-09
    0.347200487E-09
    0.388346548E-09
    0.434243096E-09
    0.485408866E-09
    0.542464517E-09
    0.606032271E-09
    0.676790699E-09
    0.755624303E-09
    0.843382411E-09
    0.940994899E-09
    0.104968656E-08
    0.117067553E-08
    0.130509528E-08
    0.145449333E-08
    0.162060874E-08
    0.180512965E-08
    0.201002215E-08
    0.223759685E-08
    0.249016374E-08
    0.277049551E-08
    0.308141524E-08
    0.342641622E-08
    0.380879101E-08
    0.423272000E-08
    0.470242421E-08
    0.522282659E-08
    0.579899386E-08
    0.643724677E-08
    0.714336731E-08
    0.792475969E-08
    0.878913193E-08
    0.974550096E-08
    0.108024402E-07
    0.119708031E-07
    0.132617628E-07
    0.146880268E-07
    0.162627704E-07
    0.180016609E-07
    0.199208524E-07
    0.220384656E-07
    0.243743422E-07
    0.269506278E-07
    0.297906568E-07
    0.329210627E-07
    0.363702861E-07
    0.401696835E-07
    0.443537151E-07
    0.489606035E-07
    0.540306420E-07
    0.596084172E-07
    0.657441341E-07
    0.724925261E-07
    0.799104518E-07
    0.880640622E-07
    0.970230640E-07
    0.106863519E-06
    0.117668971E-06
    0.129531768E-06
    0.142551402E-06
    0.156835976E-06
    0.172504750E-06
    0.189687563E-06
    0.208524193E-06
    0.229168147E-06
    0.251786978E-06
    0.276560433E-06
    0.303687156E-06
    0.333386769E-06
    0.365887265E-06
    0.401445534E-06
    0.440339957E-06
    0.482867562E-06
    0.529355981E-06
    0.580160966E-06
    0.635668129E-06
    0.696292910E-06
    0.762487404E-06
    0.834747119E-06
    0.913601727E-06
    0.999626101E-06
    0.109344948E-05
    0.119574927E-05
    0.130725537E-05
    0.142876974E-05
    0.156114788E-05
    0.170530889E-05
    0.186227780E-05
    0.203312246E-05
    0.221902706E-05
    0.242125806E-05
    0.264118968E-05
    0.288029607E-05
    0.314017302E-05
    0.342254713E-05
    0.372928365E-05
    0.406236845E-05
    0.442397277E-05
    0.481642689E-05
    0.524223166E-05
    0.570408174E-05
    0.620490200E-05
    0.674778654E-05
    0.733614115E-05
    0.797355918E-05
    0.866393031E-05
    0.941144444E-05
    0.102205863E-04
    0.110961744E-04
    0.120433931E-04
    0.130677956E-04
    0.141753669E-04
    0.153724721E-04
    0.166659776E-04
    0.180632412E-04
    0.195721423E-04
    0.212010780E-04
    0.229591243E-04
    0.248559169E-04
    0.269018116E-04
    0.291078791E-04
    0.314859028E-04
    0.340485667E-04
    0.368093581E-04
    0.397826988E-04
    0.429840111E-04
    0.464297255E-04
    0.501373909E-04
    0.541256939E-04
    0.584145804E-04
    0.630253146E-04
    0.679805827E-04
    0.733044509E-04
    0.790226383E-04
    0.851624952E-04
    0.917530796E-04
    0.988253152E-04
    0.106412071E-03
    0.114548313E-03
    0.123271148E-03
    0.132619985E-03
    0.142636678E-03
    0.153365649E-03
    0.164853956E-03
    0.177151526E-03
    0.190311338E-03
    0.204389446E-03
    0.219445251E-03
    0.235541635E-03
    0.252745112E-03
    0.271126135E-03
    0.290759149E-03
    0.311722766E-03
    0.334100204E-03
    0.357979390E-03
    0.383452884E-03
    0.410618645E-03
    0.439579869E-03
    0.470445491E-03
    0.503330241E-03
    0.538355000E-03
    0.575647230E-03
    0.615341088E-03
    0.657577454E-03
    0.702505000E-03
    0.750279728E-03
    0.801065774E-03
    0.855035446E-03
    0.912369867E-03
    0.973258783E-03
    0.103790212E-02
    0.110650845E-02
    0.117929725E-02
    0.125649828E-02
    0.133835218E-02
    0.142511093E-02
    0.151703810E-02
    0.161440951E-02
    0.171751377E-02
    0.182665181E-02
    0.194213865E-02
    0.206430319E-02
    0.219348846E-02
    0.233005203E-02
    0.247436754E-02
    0.262682326E-02
    0.278782490E-02
    0.295779385E-02
    0.313716892E-02
    0.332640699E-02
    0.352598250E-02
    0.373638867E-02
    0.395813773E-02
    0.419176138E-02
    0.443781154E-02
    0.469686008E-02
    0.496949999E-02
    0.525634569E-02
    0.555803345E-02
    0.587522047E-02
    0.620858835E-02
    0.655884032E-02
    0.692670334E-02
    0.731292785E-02
    0.771828874E-02
    0.814358452E-02
    0.858963875E-02
    0.905729936E-02
    0.954743984E-02
    0.100609586E-01
    0.105987799E-01
    0.111618526E-01
    0.117511527E-01
    0.123676802E-01
    0.130124625E-01
    0.136865511E-01
    0.143910245E-01
    0.151269861E-01
    0.158955644E-01
    0.166979125E-01
    0.175352103E-01
    0.184086606E-01
    0.193194898E-01
    0.202689497E-01
    0.212583138E-01
    0.222888789E-01
    0.233619635E-01
    0.244789058E-01
    0.256410671E-01
    0.268498263E-01
    0.281065801E-01
    0.294127452E-01
    0.307697529E-01
    0.321790502E-01
    0.336420980E-01
    0.351603690E-01
    0.367353481E-01
    0.383685315E-01
    0.400614186E-01
    0.418155201E-01
    0.436323486E-01
    0.455134205E-01
    0.474602533E-01
    0.494743612E-01
    0.515572583E-01
    0.537104518E-01
    0.559354396E-01
    0.582337108E-01
    0.606067443E-01
    0.630559992E-01
    0.655829204E-01
    0.681889323E-01
    0.708754348E-01
    0.736438045E-01
    0.764953868E-01
    0.794314978E-01
    0.824534176E-01
    0.855623904E-01
    0.887596188E-01
    0.920462621E-01
    0.954234343E-01
    0.988921984E-01
    0.102453565E+00
    0.106108489E+00
    0.109857865E+00
    0.113702529E+00
    0.117643244E+00
    0.121680714E+00
    0.125815564E+00
    0.130048346E+00
    0.134379535E+00
    0.138809528E+00
    0.143338631E+00
    0.147967072E+00
    0.152694982E+00
    0.157522403E+00
    0.162449285E+00
    0.167475475E+00
    0.172600722E+00
    0.177824680E+00
    0.183146885E+00
    0.188566780E+00
    0.194083691E+00
    0.199696840E+00
    0.205405334E+00
    0.211208167E+00
    0.217104217E+00
    0.223092255E+00
    0.229170926E+00
    0.235338762E+00
    0.241594179E+00
    0.247935472E+00
    0.254360823E+00
    0.260868293E+00
    0.267455821E+00
    0.274121244E+00
    0.280862267E+00
    0.287676487E+00
    0.294561389E+00
    0.301514346E+00
    0.308532614E+00
    0.315613352E+00
    0.322753600E+00
    0.329950306E+00
    0.337200307E+00
    0.344500351E+00
    0.351847081E+00
    0.359237058E+00
    0.366666749E+00
    0.374132537E+00
    0.381630724E+00
    0.389157541E+00
    0.396709139E+00
    0.404281608E+00
    0.411870966E+00
    0.419473188E+00
    0.427084177E+00
    0.434699803E+00
    0.442315884E+00
    0.449928210E+00
    0.457532520E+00
    0.465124551E+00
    0.472700001E+00
    0.480254555E+00
    0.487783897E+00
    0.495283693E+00
    0.502749619E+00
    0.510177361E+00
    0.517562603E+00
    0.524901065E+00
    0.532188479E+00
    0.539420610E+00
    0.546593256E+00
    0.553702256E+00
    0.560743492E+00
    0.567712900E+00
    0.574606460E+00
    0.581420221E+00
    0.588150297E+00
    0.594792860E+00
    0.601344161E+00
    0.607800525E+00
    0.614158354E+00
    0.620414140E+00
    0.626564443E+00
    0.632605929E+00
    0.638535347E+00
    0.644349538E+00
    0.650045433E+00
    0.655620071E+00
    0.661070573E+00
    0.666394169E+00
    0.671588178E+00
    0.676650024E+00
    0.681577221E+00
    0.686367388E+00
    0.691018234E+00
    0.695527563E+00
    0.699893279E+00
    0.704113371E+00
    0.708185912E+00
    0.712109076E+00
    0.715881105E+00
    0.719500335E+00
    0.722965165E+00
    0.726274080E+00
    0.729425629E+00
    0.732418425E+00
    0.735251147E+00
    0.737922534E+00
    0.740431367E+00
    0.742776483E+00
    0.744956771E+00
    0.746971142E+00
    0.748818559E+00
    0.750498009E+00
    0.752008497E+00
    0.753349077E+00
    0.754518792E+00
    0.755516721E+00
    0.756341948E+00
    0.756993567E+00
    0.757470678E+00
    0.757772386E+00
    0.757897797E+00
    0.757846023E+00
    0.757616171E+00
    0.757207347E+00
    0.756618666E+00
    0.755849235E+00
    0.754898167E+00
    0.753764578E+00
    0.752447589E+00
    0.750946343E+00
    0.749259981E+00
    0.747387671E+00
    0.745328606E+00
    0.743082012E+00
    0.740647142E+00
    0.738023303E+00
    0.735209851E+00
    0.732206199E+00
    0.729011830E+00
    0.725626312E+00
    0.722049294E+00
    0.718280525E+00
    0.714319872E+00
    0.710167308E+00
    0.705822947E+00
    0.701287053E+00
    0.696560023E+00
    0.691642441E+00
    0.686535056E+00
    0.681238809E+00
    0.675754843E+00
    0.670084506E+00
    0.664229371E+00
    0.658191240E+00
    0.651972149E+00
    0.645574393E+00
    0.639000516E+00
    0.632253320E+00
    0.625335888E+00
    0.618251571E+00
    0.611003996E+00
    0.603597082E+00
    0.596035019E+00
    0.588322291E+00
    0.580463668E+00
    0.572464191E+00
    0.564329191E+00
    0.556064273E+00
    0.547675308E+00
    0.539168432E+00
    0.530550036E+00
    0.521826757E+00
    0.513005463E+00
    0.504093246E+00
    0.495097403E+00
    0.486025429E+00
    0.476884998E+00
    0.467683938E+00
    0.458430225E+00
    0.449131963E+00
    0.439797356E+00
    0.430434697E+00
    0.421052339E+00
    0.411658682E+00
    0.402262146E+00
    0.392871148E+00
    0.383494084E+00
    0.374139306E+00
    0.364815092E+00
    0.355529634E+00
    0.346291016E+00
    0.337107176E+00
    0.327985914E+00
    0.318934843E+00
    0.309961382E+00
    0.301072746E+00
    0.292275904E+00
    0.283577587E+00
    0.274984259E+00
    0.266502102E+00
    0.258137009E+00
    0.249894564E+00
    0.241780036E+00
    0.233798370E+00
    0.225954173E+00
    0.218251711E+00
    0.210694910E+00
    0.203287337E+00
    0.196032211E+00
    0.188932397E+00
    0.181990403E+00
    0.175208389E+00
    0.168588161E+00
    0.162131184E+00
    0.155838584E+00
    0.149711150E+00
    0.143749349E+00
    0.137953333E+00
    0.132322945E+00
    0.126857734E+00
    0.121556965E+00
    0.116419631E+00
    0.111444465E+00
    0.106629955E+00
    0.101974358E+00
    0.974757133E-01
    0.931318567E-01
    0.889404379E-01
    0.848989290E-01
    0.810046501E-01
    0.772547719E-01
    0.736463395E-01
    0.701762841E-01
    0.668414356E-01
    0.636385394E-01
    0.605642681E-01
    0.576152352E-01
    0.547880089E-01
    0.520791231E-01
    0.494850878E-01
    0.470024053E-01
    0.446275733E-01
    0.423571008E-01
    0.401875155E-01
    0.381153700E-01
    0.361372546E-01
    0.342497990E-01
    0.324496825E-01
    0.307336404E-01
    0.290984660E-01
    0.275410183E-01
    0.260582245E-01
    0.246470848E-01
    0.233046734E-01
    0.220281442E-01
    0.208147285E-01
    0.196617402E-01
    0.185665746E-01
    0.175267102E-01
    0.165397076E-01
    0.156032106E-01
    0.147149464E-01
    0.138727215E-01
    0.130744253E-01
    0.123180255E-01
    0.116015675E-01
    0.109231741E-01
    0.102810421E-01
    0.967344124E-02
    0.909871212E-02
    0.855526408E-02
    0.804157362E-02
    0.755618137E-02
    0.709769042E-02
    0.666476491E-02
    0.625612656E-02
    0.587055292E-02
    0.550687658E-02
    0.516398070E-02
    0.484079944E-02
    0.453631477E-02
    0.424955371E-02
    0.397958879E-02
    0.372553421E-02
    0.348654521E-02
    0.326181588E-02
    0.305057801E-02
    0.285209891E-02
    0.266568099E-02
    0.249065915E-02
    0.232640043E-02
    0.217230208E-02
    0.202779078E-02
    0.189232093E-02
    0.176537403E-02
    0.164645753E-02
    0.153510338E-02
    0.143086734E-02
    0.133332819E-02
    0.124208615E-02
    0.115676274E-02
    0.107699933E-02
    0.100245679E-02
    0.932814098E-03
    0.867767961E-03
    0.807032099E-03
    0.750336191E-03
    0.697425191E-03
    0.648058959E-03
    0.602011296E-03
    0.559069060E-03
    0.519032296E-03
    0.481712577E-03
    0.446933210E-03
    0.414528504E-03
    0.384342632E-03
    0.356229837E-03
    0.330053411E-03
    0.305685413E-03
    0.283006079E-03
    0.261903342E-03
    0.242272358E-03
    0.224015257E-03
    0.207040381E-03
    0.191262223E-03
    0.176600838E-03
    0.162981599E-03
    0.150334754E-03
    0.138595150E-03
    0.127701952E-03
    0.117598393E-03
    0.108231326E-03
    0.995512066E-04
    0.915116471E-04
    0.840693294E-04
    0.771836971E-04
    0.708169290E-04
    0.649335311E-04
    0.595003344E-04
    0.544862920E-04
    0.498623752E-04
    0.456013132E-04
    0.416776473E-04
    0.380675172E-04
    0.347484983E-04
    0.316997011E-04
    0.289014600E-04
    0.263353823E-04
    0.239842937E-04
    0.218320638E-04
    0.198636196E-04
    0.180648471E-04
    0.164225657E-04
    0.149244836E-04
    0.135590917E-04
    0.123156584E-04
    0.111842232E-04
    0.101554649E-04
    0.922074815E-05
    0.837204460E-05
    0.760191163E-05
    0.690346352E-05
    0.627032308E-05
    0.569659213E-05
    0.517686554E-05
    0.470614073E-05
    0.427983942E-05
    0.389376161E-05
    0.354406021E-05
    0.322721708E-05
    0.294004571E-05
    0.267962864E-05
    0.244333105E-05
    0.222875628E-05
    0.203375659E-05
    0.185637428E-05
    0.169486474E-05
    0.154766107E-05
    0.141334884E-05
    0.129067842E-05
    0.117852811E-05
    0.107589811E-05
    0.981905271E-06
    0.895766028E-06
    0.816787473E-06
    0.744351334E-06
    0.677912484E-06
    0.616995573E-06
    0.561174386E-06
    0.510071459E-06
    0.463357620E-06
    0.420734286E-06
    0.381939089E-06
    0.346734982E-06
    0.314908624E-06
    0.286269186E-06
    0.260642355E-06
    0.237862113E-06
    0.217782098E-06
    0.200259637E-06
    0.185162809E-06
    0.172367281E-06
    0.161751627E-06
    0.153198619E-06
    0.146597171E-06
    0.141835661E-06
    0.138808873E-06
    0.137408251E-06
    0.137533123E-06
    0.139078847E-06
    0.141945153E-06
    0.146033193E-06
    0.151245604E-06
    0.157485163E-06
    0.164658382E-06
    0.172671878E-06
    0.181435229E-06
    0.190859925E-06
    0.200860273E-06
    0.211351458E-06
    0.222252945E-06
    0.233484467E-06
    0.244972559E-06
    0.256642735E-06
    0.268425565E-06
    0.280254915E-06
    0.292066941E-06
    0.303801117E-06
    0.315401442E-06
    0.326813781E-06
    0.337988354E-06
    0.348877797E-06
    0.359439402E-06
    0.369633578E-06
    0.379422737E-06
    0.388774055E-06
    0.397657991E-06
    0.406045856E-06
    0.413915674E-06
    0.421246546E-06
    0.428018964E-06
    0.434220385E-06
    0.439837302E-06
    0.444860827E-06
    0.449283882E-06
    0.453103460E-06
    0.456315939E-06
    0.458923123E-06
    0.460926133E-06
    0.462331880E-06
    0.463144934E-06
    0.463375107E-06
    0.463032609E-06
    0.462128102E-06
    0.460675581E-06
    0.458691411E-06
    0.456187872E-06
    0.453185944E-06
    0.449701313E-06
    0.445754276E-06
    0.441363443E-06
    0.436551594E-06
    0.431337783E-06
    0.425745220E-06
    0.419794628E-06
    0.413509883E-06
    0.406912940E-06
    0.400026270E-06
    0.392874203E-06
    0.385476946E-06
    0.377858063E-06
    0.370042097E-06
    0.362047579E-06
    0.353899307E-06
    0.345617471E-06
    0.337222754E-06
    0.328735806E-06
    0.320176463E-06
    0.311564471E-06
    0.302917485E-06
    0.294254253E-06
    0.285590974E-06
    0.276945814E-06
    0.268332372E-06
    0.259768147E-06
    0.251265047E-06
    0.242836327E-06
    0.234496864E-06
    0.226255956E-06
    0.218125529E-06
    0.210116395E-06
    0.202236179E-06
    0.194494995E-06
    0.186899119E-06
    0.179457255E-06
    0.172174051E-06
    0.165056153E-06
    0.158107090E-06
    0.151332441E-06
    0.144734380E-06
    0.138316621E-06
    0.132081245E-06
    0.126028526E-06
    0.120161541E-06
    0.114479703E-06
    0.108982813E-06
    0.103671565E-06
    0.985436503E-07
    0.935989003E-07
    0.888347624E-07
    0.842499351E-07
    0.798417590E-07
    0.756075945E-07
    0.715443718E-07
    0.676490800E-07
    0.639185343E-07
    0.603487419E-07
    0.569365352E-07
    0.536770501E-07
    0.505670426E-07
    0.476022337E-07
    0.447781445E-07
    0.420910019E-07
    0.395359359E-07
    0.371089589E-07
    0.348053760E-07
    0.326209909E-07
    0.305515134E-07
    0.285924482E-07
    0.267395644E-07
    0.249884302E-07
    0.233351910E-07
    0.217754542E-07
    0.203052737E-07
    0.189205453E-07
    0.176174826E-07
    0.163923119E-07
    0.152412323E-07
    0.141608886E-07
    0.131473816E-07
    0.121977418E-07
    0.113083168E-07
    0.104762245E-07
    0.969831698E-08
    0.897169856E-08
    0.829352966E-08
    0.766099563E-08
    0.707156959E-08
    0.652284274E-08
    0.601223995E-08
    0.553757694E-08
    0.509669195E-08
    0.468751637E-08
    0.430797067E-08
    0.395646303E-08
    0.363079993E-08
    0.332964033E-08
    0.305115488E-08
    0.279392411E-08
    0.255655129E-08
    0.233758714E-08
    0.213586495E-08
    0.195008554E-08
    0.177911880E-08
    0.162202355E-08
    0.147768500E-08
    0.134519129E-08
    0.122369207E-08
    0.111236532E-08
    0.101035531E-08
    0.917092942E-09
    0.831779402E-09
    0.753845775E-09
    0.682746949E-09
    0.617852515E-09
    0.558771157E-09
    0.504917671E-09
    0.455950277E-09
    0.411422415E-09
    0.370949345E-09
    0.334229701E-09
    0.300937072E-09
    0.270740259E-09
    0.243414869E-09
    0.218683492E-09
    0.196321481E-09
    0.176120949E-09
    0.157898880E-09
    0.141443068E-09
    0.126633019E-09
    0.113274303E-09
    0.101268838E-09
    0.904604276E-10
    0.807572963E-10
    0.720479195E-10
    0.642355266E-10
    0.572275078E-10
    0.509620175E-10
    0.453404386E-10
    0.403207108E-10
    0.358269842E-10
    0.318173011E-10
    0.282402845E-10
    0.250505637E-10
    0.222105194E-10
    0.196816923E-10
    0.174289173E-10
    0.154287327E-10
    0.136464778E-10
    0.120690722E-10
    0.106662967E-10
    0.942468606E-11
    0.832364000E-11
    0.734808597E-11
    0.648493279E-11
    0.572224212E-11
    0.504787175E-11
    0.445084141E-11
    0.392632807E-11
    0.346085560E-11
    0.305002519E-11
    0.268943354E-11
    0.236810994E-11
    0.208874500E-11
    0.183969420E-11
    0.162323530E-11
    0.143126583E-11
    0.126134986E-11
    0.111340288E-11
    0.981251723E-12
    0.864981777E-12
    0.763965282E-12
    0.673827346E-12
    0.595425606E-12
    0.525686708E-12
    0.465186379E-12
    0.410527750E-12
    0.363850593E-12
    0.321375404E-12
    0.284874705E-12
    0.252013438E-12
    0.223434556E-12
    0.198204835E-12
    0.175590155E-12
    0.155999557E-12
    0.139168553E-12
    0.123198398E-12
    0.110413679E-12
    0.980561737E-13
    0.876459438E-13
    0.781156956E-13
    0.697187357E-13
    0.624749722E-13
    0.559861170E-13
    0.503400261E-13
    0.453525139E-13
    0.407742623E-13
    0.368117143E-13
    0.331662315E-13
    0.299532718E-13
    0.269994808E-13
    0.245955738E-13
    0.221898998E-13
    0.201923383E-13
    0.184365575E-13
    0.166438068E-13
    0.153775101E-13
    0.138297557E-13
    0.127857348E-13
    0.116734029E-13
    0.106542172E-13
    0.981879615E-14
    0.896578070E-14
    0.825200401E-14
    0.764065053E-14
    0.705574908E-14
    0.663649267E-14
    0.614593781E-14
    0.584167609E-14
    0.537089505E-14
    0.516297699E-14
    0.475307749E-14
    0.462210132E-14
    0.433803728E-14
    0.416736350E-14
    0.407835437E-14
    0.389519686E-14
    0.379712220E-14
    0.369323271E-14
    0.352633459E-14
    0.349404445E-14
    0.333685059E-14
    0.332934180E-14
    0.317442381E-14
    0.313128918E-14
    0.301909760E-14
    0.295371530E-14
    0.285905825E-14
    0.277962882E-14
    0.273970713E-14
    0.258401659E-14
    0.255067871E-14
    0.243822891E-14
    0.231205953E-14
    0.225855814E-14
    0.213862926E-14
    0.210184373E-14
    0.201686405E-14
    0.196309470E-14
    0.190776884E-14
    0.178057473E-14
    0.178100138E-14
    0.168600469E-14
    0.164911115E-14
    0.161283459E-14
    0.159013426E-14
    0.154327887E-14
    0.153209433E-14
    0.151747503E-14
    0.148283774E-14
    0.148694652E-14
    0.147946380E-14
    0.146165012E-14
    0.145503534E-14
    0.144841078E-14
    0.146362385E-14
    0.142426170E-14
    0.144109081E-14
    0.148471993E-14
    0.141915087E-14
    0.146597867E-14
    0.141307499E-14
    0.139691167E-14
    0.140796388E-14
    0.134398793E-14
    0.137103598E-14
    0.132982381E-14
    0.129238189E-14
    0.130107723E-14
    0.122787352E-14
    0.121910536E-14
    0.116763224E-14
    0.113820176E-14
    0.109500704E-14
    0.105006800E-14
    0.101787868E-14
    0.950139573E-15
    0.946383490E-15
    0.856361251E-15
    0.868964213E-15
    0.781658099E-15
    0.747538088E-15
    0.695763416E-15
    0.655457282E-15
    0.615316474E-15
    0.586089929E-15
    0.535236507E-15
    0.503691130E-15
    0.459650656E-15
    0.446844933E-15
    0.392535393E-15
    0.368657613E-15
    0.346388854E-15
    0.308413015E-15
    0.299504901E-15
    0.264432173E-15
    0.239461369E-15
    0.222285499E-15
    0.196099002E-15
    0.190103869E-15
    0.160505630E-15
    0.152986983E-15
    0.145957115E-15
    0.119253791E-15
    0.122991003E-15
    0.100378529E-15
    0.101726586E-15
    0.898057935E-16
    0.874659902E-16
    0.791460424E-16
    0.655150394E-16
    0.638137738E-16
    0.604433998E-16
    0.655753248E-16
    0.528580286E-16
    0.425476978E-16
    0.452839394E-16
    0.429748330E-16
    0.371722485E-16
    0.478017445E-16
    0.385692102E-16
    0.293678246E-16
    0.264588025E-16
    0.331716995E-16
    0.405302751E-16
    0.283683514E-16
    0.347274438E-16
    0.296504815E-16
    0.296069411E-16
    0.264132674E-16
    0.292425208E-16
    0.259071111E-16
    0.270306487E-16
    0.219902256E-16
    0.300293864E-16
    0.282185994E-16
    0.275362899E-16
    0.239865839E-16
    0.251571824E-16
    0.337467207E-16
    0.258934469E-16
    0.268862938E-16
    0.340036388E-16
    0.262113248E-16
    0.210979513E-16
    0.277323213E-16
    0.312639511E-16
    0.286314095E-16
    0.261142678E-16
    0.252026292E-16
    0.255655494E-16
    0.269598506E-16
    0.369735406E-16
    0.279864429E-16
    0.212176092E-16
    0.263032578E-16
    0.221333411E-16
    0.309136116E-16
    0.283238722E-16
    0.282598128E-16
    0.306448386E-16
    0.235264738E-16
    0.239241019E-16
    0.311283566E-16
    0.255712336E-16
    0.199952959E-16
    0.271541591E-16
    0.289161646E-16
    0.306531680E-16
    0.268405769E-16
    0.240492727E-16
    0.262476124E-16
    0.322553803E-16
    0.252304815E-16
    0.257891266E-16
    0.351342374E-16
    0.263930522E-16
    0.192535278E-16
    0.257593387E-16
    0.272270723E-16
    0.304465667E-16
    0.243180336E-16
    0.257599541E-16
    0.259816844E-16
    0.295643302E-16
    0.338009263E-16
    0.313929724E-16
    0.233572340E-16
    0.287480299E-16
    0.219985690E-16
    0.316963575E-16
    0.321961013E-16
    0.245803118E-16
    0.313610761E-16
    0.241458223E-16
    0.254245308E-16
    0.324952058E-16
    0.253302463E-16
    0.217654836E-16
    0.299067268E-16
    0.285301750E-16
    0.304006475E-16
    0.294531349E-16
    0.273797285E-16
    0.291904559E-16
    0.245631577E-16
    0.273771112E-16
    0.261850069E-16
    0.316833082E-16
    0.284197080E-16
    0.188696266E-16
    0.241232967E-16
    0.265465791E-16
    0.338381473E-16
    0.218918142E-16
    0.255960538E-16
    0.259772176E-16
    0.318989320E-16
    0.307381741E-16
    0.348912384E-16
    0.260893241E-16
    0.285017248E-16
    0.282756854E-16
    0.315336701E-16
    0.343240360E-16
    0.232427888E-16
    0.310850135E-16
    0.267951644E-16
    0.276076284E-16
    0.316766800E-16
    0.228737951E-16
    0.296800570E-16
    0.264902254E-16
    0.280635098E-16
    0.293916933E-16
    0.300199372E-16
    0.296621300E-16
    0.303383686E-16
    0.183204288E-16
    0.284277193E-16
    0.260108956E-16
    0.276180728E-16
    0.312576199E-16
    0.182453299E-16
    0.221537851E-16
    0.292221348E-16
    0.363297667E-16
    0.241416814E-16
    0.231602288E-16
    0.278086960E-16
    0.304942690E-16
    0.295302717E-16
    0.366655835E-16
    0.255073821E-16
    0.297983905E-16
    0.332127197E-16
    0.271718050E-16
    0.326844242E-16
    0.226309487E-16
    0.301635796E-16
    0.291615812E-16
    0.294089674E-16
    0.299249716E-16
    0.220117428E-16
    0.330504397E-16
    0.228201313E-16
    0.274740386E-16
    0.285743628E-16
    0.277696603E-16
    0.282663962E-16
    0.297590374E-16
    0.167861618E-16
    0.302213200E-16
    0.257111239E-16
    0.270903721E-16
    0.337845005E-16
    0.190493899E-16
    0.226047847E-16
    0.320970420E-16
    0.332570610E-16
    0.280536110E-16
    0.222069656E-16
    0.294944576E-16
    0.279834855E-16
    0.270193562E-16
    0.356231547E-16
    0.256026401E-16
    0.302901400E-16
    0.302134661E-16
    0.234941131E-16
    0.304805258E-16
    0.212204256E-16
    0.289987330E-16
    0.284037790E-16
    0.292813867E-16
    0.286516625E-16
    0.238542321E-16
    0.287264766E-16
    0.236239649E-16
    0.264485584E-16
    0.282476173E-16
    0.262545057E-16
    0.236155936E-16
    0.287655121E-16
    0.191575406E-16
    0.341496179E-16
    0.214316471E-16
    0.297734253E-16
    0.316179239E-16
    0.222260579E-16
    0.246740452E-16
    0.320445261E-16
    0.281799611E-16
    0.298726894E-16
    0.253985722E-16
    0.268451519E-16
    0.251396856E-16
    0.255002366E-16
    0.314692290E-16
    0.268634723E-16
    0.266888470E-16
    0.242112727E-16
    0.213088878E-16
    0.307102468E-16
    0.193133343E-16
    0.290869034E-16
    0.240507756E-16
    0.326393454E-16
    0.261630479E-16
    0.262889862E-16
    0.256219455E-16
    0.257698876E-16
    0.284777849E-16
    0.277798133E-16
    0.218191167E-16
    0.250583001E-16
    0.282363397E-16
    0.211790566E-16
    0.339382220E-16
    0.186306639E-16
    0.294615194E-16
    0.291442331E-16
    0.231791450E-16
    0.268157962E-16
    0.302855408E-16
    0.323947513E-16
    0.234118685E-16
    0.286222847E-16
    0.235745709E-16
    0.240272935E-16
    0.261046135E-16
    0.286215825E-16
    0.208614348E-16
    0.271027183E-16
    0.224083910E-16
    0.217855902E-16
    0.294906791E-16
    0.218679245E-16
    0.258664237E-16
    0.290856331E-16
    0.308601269E-16
    0.250203863E-16
    0.235287578E-16
    0.344636931E-16
    0.265865176E-16
    0.281291582E-16
    0.221320514E-16
    0.220955565E-16
    0.303373600E-16
    0.253481295E-16
    0.205632545E-16
    0.247273623E-16
    0.201849535E-16
    0.328559720E-16
    0.235117475E-16
    0.243168735E-16
    0.271444933E-16
    0.343252572E-16
    0.261423146E-16
    0.220712736E-16
    0.285110218E-16
    0.225348736E-16
    0.279436635E-16
    0.256353947E-16
    0.215099487E-16
    0.214278789E-16
    0.303204967E-16
    0.185937857E-16
    0.296227866E-16
    0.241677536E-16
    0.260475908E-16
    0.269397882E-16
    0.294883559E-16
    0.264762588E-16
    0.259900516E-16
    0.352928038E-16
    0.222119882E-16
    0.301035258E-16
    0.235764101E-16
    0.253188137E-16
    0.241579386E-16
    0.249143319E-16
    0.154261611E-16
    0.260023272E-16
    0.199121958E-16
    0.272384197E-16
    0.266513842E-16
    0.242116915E-16
    0.256189193E-16
    0.312800166E-16
    0.207847349E-16
    0.238483018E-16
    0.336941489E-16
    0.269323362E-16
    0.264204080E-16
    0.246627442E-16
    0.253814326E-16
    0.238402873E-16
    0.278974514E-16
    0.186726165E-16
    0.259204962E-16
    0.265740161E-16
    0.249102903E-16
    0.286975486E-16
    0.236667827E-16
    0.288758504E-16
    0.256608572E-16
    0.265802471E-16
    0.217577856E-16
    0.334455027E-16
    0.262534078E-16
    0.262006467E-16
    0.207209132E-16
    0.241239446E-16
    0.177190950E-16
    0.250766947E-16
    0.220949069E-16
    0.272539831E-16
    0.249637120E-16
    0.259180829E-16
    0.276333811E-16
    0.204248328E-16
    0.248887543E-16
    0.247902360E-16
    0.401503175E-16
    0.270070756E-16
    0.309769568E-16
    0.251992788E-16
    0.275050977E-16
    0.218102849E-16
    0.246917484E-16
    0.174635874E-16
    0.249823505E-16
    0.228155373E-16
    0.309187044E-16
    0.218498377E-16
    0.252191613E-16
    0.257840976E-16
    0.186073144E-16
    0.299937225E-16
    0.285707018E-16
    0.386816147E-16
    0.275967187E-16
    0.245069649E-16
    0.287839891E-16
    0.256924725E-16
    0.195176023E-16
    0.279300412E-16
    0.205453021E-16
    0.317711528E-16
    0.261999683E-16
    0.279764364E-16
    0.222695212E-16
    0.250302044E-16
    0.201216144E-16
    0.316050507E-16
    0.339950503E-16
    0.337980590E-16
    0.286311907E-16
    0.241377636E-16
    0.248687344E-16
    0.238840007E-16
    0.225862765E-16
    0.263244665E-16
    0.240938321E-16
    0.296658098E-16
    0.229548694E-16
    0.287452852E-16
    0.295964664E-16
    0.326417601E-16
    0.268429753E-16
    0.478549933E-16
    0.382276877E-16
    0.309589051E-16
    0.299782817E-16
    0.280547793E-16
    0.276855298E-16
    0.286408350E-16
    0.264955508E-16
    0.245504925E-16
    0.283543056E-16
