 #tdnd tdcion
    0.310570767E-16
    0.377511678E-16
    0.302548875E-16
    0.318884325E-16
    0.306609929E-16
    0.267383119E-16
    0.283931300E-16
    0.278311781E-16
    0.385923107E-16
    0.269756881E-16
    0.321203365E-16
    0.287954945E-16
    0.238967247E-16
    0.247191868E-16
    0.252565472E-16
    0.256400615E-16
    0.360606603E-16
    0.305305107E-16
    0.295633585E-16
    0.291040491E-16
    0.306602084E-16
    0.202691886E-16
    0.215571309E-16
    0.246148070E-16
    0.266822545E-16
    0.277861488E-16
    0.229330624E-16
    0.197930846E-16
    0.227588245E-16
    0.248471136E-16
    0.252781053E-16
    0.297258868E-16
    0.322562962E-16
    0.350445562E-16
    0.318458801E-16
    0.242961475E-16
    0.292126852E-16
    0.378555962E-16
    0.257648466E-16
    0.410882082E-16
    0.368627440E-16
    0.371666285E-16
    0.378019495E-16
    0.372810273E-16
    0.326758448E-16
    0.383927022E-16
    0.451918859E-16
    0.761111445E-16
    0.492165770E-16
    0.611677292E-16
    0.538484993E-16
    0.356254895E-16
    0.427925080E-16
    0.352462155E-16
    0.284273889E-16
    0.293186999E-16
    0.287503387E-16
    0.301683041E-16
    0.307861916E-16
    0.284685062E-16
    0.326827186E-16
    0.266065230E-16
    0.326893731E-16
    0.513567156E-16
    0.462234149E-16
    0.376615538E-16
    0.309780788E-16
    0.259753437E-16
    0.274650846E-16
    0.296232793E-16
    0.294702889E-16
    0.257531873E-16
    0.346740008E-16
    0.279586285E-16
    0.371580580E-16
    0.356428160E-16
    0.270179720E-16
    0.272406066E-16
    0.252090105E-16
    0.210038057E-16
    0.388100968E-16
    0.423416980E-16
    0.326848315E-16
    0.220926041E-16
    0.347458448E-16
    0.240264476E-16
    0.302029202E-16
    0.367761109E-16
    0.310301947E-16
    0.305153316E-16
    0.292183231E-16
    0.250904821E-16
    0.311555057E-16
    0.298498829E-16
    0.328493447E-16
    0.256615463E-16
    0.238751343E-16
    0.313628122E-16
    0.342043045E-16
    0.336686578E-16
    0.235040245E-16
    0.312250175E-16
    0.278915224E-16
    0.331065764E-16
    0.276254251E-16
    0.217426891E-16
    0.296513425E-16
    0.260720996E-16
    0.291067779E-16
    0.290980614E-16
    0.269510534E-16
    0.262399067E-16
    0.304584835E-16
    0.331564748E-16
    0.349933914E-16
    0.294385002E-16
    0.332299520E-16
    0.249534059E-16
    0.265342547E-16
    0.363312217E-16
    0.323090708E-16
    0.269681040E-16
    0.265909959E-16
    0.269716718E-16
    0.268505604E-16
    0.266551558E-16
    0.270703347E-16
    0.208465547E-16
    0.222393729E-16
    0.320914661E-16
    0.366126290E-16
    0.349204775E-16
    0.253042755E-16
    0.267995226E-16
    0.216079926E-16
    0.300583776E-16
    0.318640879E-16
    0.213756732E-16
    0.244234833E-16
    0.240702751E-16
    0.323308385E-16
    0.287385422E-16
    0.255455188E-16
    0.248513843E-16
    0.265877468E-16
    0.265846017E-16
    0.337783319E-16
    0.367032449E-16
    0.282610414E-16
    0.231618723E-16
    0.302594810E-16
    0.304101618E-16
    0.265890009E-16
    0.321987020E-16
    0.259011577E-16
    0.255292123E-16
    0.266347657E-16
    0.223168247E-16
    0.278584336E-16
    0.275294112E-16
    0.269702365E-16
    0.278032250E-16
    0.296986386E-16
    0.280245905E-16
    0.351636290E-16
    0.269076710E-16
    0.207019946E-16
    0.262828816E-16
    0.255986390E-16
    0.286949875E-16
    0.293087033E-16
    0.255447428E-16
    0.257781905E-16
    0.269506228E-16
    0.278695293E-16
    0.312691708E-16
    0.333560067E-16
    0.244332792E-16
    0.221506594E-16
    0.315818486E-16
    0.359497701E-16
    0.300905738E-16
    0.294194345E-16
    0.253667502E-16
    0.253886840E-16
    0.468857111E-16
    0.295644733E-16
    0.330189801E-16
    0.325924922E-16
    0.286915159E-16
    0.306049655E-16
    0.266220933E-16
    0.451665036E-16
    0.318106291E-16
    0.362854791E-16
    0.408502073E-16
    0.548833632E-16
    0.406090645E-16
    0.370608304E-16
    0.384306391E-16
    0.479130821E-16
    0.375072898E-16
    0.501716990E-16
    0.471214880E-16
    0.426490523E-16
    0.426631972E-16
    0.464333169E-16
    0.502158158E-16
    0.593904914E-16
    0.464373161E-16
    0.500452094E-16
    0.594180804E-16
    0.506396519E-16
    0.458835470E-16
    0.509646389E-16
    0.705145477E-16
    0.436248935E-16
    0.515478451E-16
    0.507917133E-16
    0.500621856E-16
    0.493683199E-16
    0.469942071E-16
    0.417872919E-16
    0.496763032E-16
    0.457244075E-16
    0.560493294E-16
    0.476413808E-16
    0.380975637E-16
    0.470614892E-16
    0.611478870E-16
    0.650351619E-16
    0.560988064E-16
    0.485676430E-16
    0.665189828E-16
    0.504607790E-16
    0.667959667E-16
    0.790681935E-16
    0.622179802E-16
    0.721481920E-16
    0.646633894E-16
    0.584475082E-16
    0.620222526E-16
    0.752748588E-16
    0.688233625E-16
    0.553422120E-16
    0.651331955E-16
    0.687559978E-16
    0.577078930E-16
    0.651839440E-16
    0.547066448E-16
    0.496047582E-16
    0.657031569E-16
    0.578338107E-16
    0.501748244E-16
    0.626257559E-16
    0.448420720E-16
    0.625861476E-16
    0.588295845E-16
    0.548353883E-16
    0.576579550E-16
    0.728903866E-16
    0.685807748E-16
    0.722543599E-16
    0.920770173E-16
    0.942023608E-16
    0.735912655E-16
    0.763820476E-16
    0.716603088E-16
    0.683889994E-16
    0.953771372E-16
    0.764777908E-16
    0.688599253E-16
    0.745818764E-16
    0.612095910E-16
    0.663234115E-16
    0.710425752E-16
    0.745681863E-16
    0.671479388E-16
    0.639441819E-16
    0.779947929E-16
    0.610681566E-16
    0.966578744E-16
    0.829215130E-16
    0.773534839E-16
    0.840976738E-16
    0.812823842E-16
    0.690641585E-16
    0.769946498E-16
    0.853889936E-16
    0.777207596E-16
    0.891918008E-16
    0.862859166E-16
    0.893456585E-16
    0.824050273E-16
    0.945843372E-16
    0.810217570E-16
    0.922269483E-16
    0.957796404E-16
    0.702545346E-16
    0.932007337E-16
    0.911603970E-16
    0.820988341E-16
    0.865605756E-16
    0.956541302E-16
    0.871566105E-16
    0.767870160E-16
    0.104827208E-15
    0.100958530E-15
    0.945909584E-16
    0.111286404E-15
    0.117086302E-15
    0.102354175E-15
    0.110620891E-15
    0.104027922E-15
    0.108331798E-15
    0.111397988E-15
    0.109597153E-15
    0.101760229E-15
    0.103112189E-15
    0.125596679E-15
    0.934249979E-16
    0.105804475E-15
    0.110482708E-15
    0.104104827E-15
    0.112475633E-15
    0.139439365E-15
    0.121398987E-15
    0.114446252E-15
    0.127800629E-15
    0.133642292E-15
    0.108689516E-15
    0.150703152E-15
    0.134378192E-15
    0.118053753E-15
    0.137295315E-15
    0.122304194E-15
    0.133024145E-15
    0.142324467E-15
    0.164711654E-15
    0.138549647E-15
    0.137502018E-15
    0.142719813E-15
    0.129254935E-15
    0.153375765E-15
    0.153255862E-15
    0.154032354E-15
    0.159830122E-15
    0.162034875E-15
    0.135125393E-15
    0.169523812E-15
    0.157811279E-15
    0.170828438E-15
    0.168720338E-15
    0.186041616E-15
    0.185748198E-15
    0.172245517E-15
    0.197736939E-15
    0.182162415E-15
    0.171493503E-15
    0.178713875E-15
    0.204432420E-15
    0.180014398E-15
    0.180274768E-15
    0.212111032E-15
    0.177686173E-15
    0.181681567E-15
    0.243604526E-15
    0.184460409E-15
    0.209856105E-15
    0.218892392E-15
    0.209630655E-15
    0.213319530E-15
    0.233755088E-15
    0.239528865E-15
    0.228373005E-15
    0.256122117E-15
    0.227986737E-15
    0.207612278E-15
    0.259855477E-15
    0.235670777E-15
    0.234982384E-15
    0.254870605E-15
    0.232128122E-15
    0.252202403E-15
    0.232159932E-15
    0.246510354E-15
    0.234276273E-15
    0.241984138E-15
    0.266712393E-15
    0.279355575E-15
    0.268228857E-15
    0.283067892E-15
    0.293886988E-15
    0.267850993E-15
    0.279110375E-15
    0.301109171E-15
    0.271109518E-15
    0.285907291E-15
    0.315858198E-15
    0.217878154E-15
    0.273959608E-15
    0.277859923E-15
    0.253991285E-15
    0.274830919E-15
    0.297583855E-15
    0.285067794E-15
    0.289894414E-15
    0.317942314E-15
    0.310165010E-15
    0.300934770E-15
    0.331154387E-15
    0.303635850E-15
    0.296927697E-15
    0.311517920E-15
    0.309388047E-15
    0.308961257E-15
    0.274016156E-15
    0.321231361E-15
    0.290411404E-15
    0.287820727E-15
    0.320295327E-15
    0.315394874E-15
    0.295150079E-15
    0.336410006E-15
    0.338362432E-15
    0.313816028E-15
    0.389077750E-15
    0.359855022E-15
    0.339551721E-15
    0.388152890E-15
    0.394452630E-15
    0.367877034E-15
    0.487582806E-15
    0.440291687E-15
    0.454089140E-15
    0.496429118E-15
    0.499256761E-15
    0.541252022E-15
    0.589243225E-15
    0.661785097E-15
    0.691571959E-15
    0.741715417E-15
    0.834562867E-15
    0.922934549E-15
    0.985534758E-15
    0.110640621E-14
    0.122158340E-14
    0.137371733E-14
    0.151487126E-14
    0.182383528E-14
    0.178869702E-14
    0.205256258E-14
    0.231278900E-14
    0.248700603E-14
    0.283769693E-14
    0.321564675E-14
    0.353616184E-14
    0.381000702E-14
    0.437412076E-14
    0.476784747E-14
    0.532848447E-14
    0.611987434E-14
    0.670769390E-14
    0.752305986E-14
    0.848482643E-14
    0.947511412E-14
    0.106798478E-13
    0.116646109E-13
    0.133296258E-13
    0.148446076E-13
    0.164937584E-13
    0.186242641E-13
    0.209197392E-13
    0.228510877E-13
    0.258473512E-13
    0.290250373E-13
    0.321795327E-13
    0.364475881E-13
    0.408797888E-13
    0.451809210E-13
    0.512891481E-13
    0.573168854E-13
    0.645186206E-13
    0.723081462E-13
    0.810522823E-13
    0.917682000E-13
    0.102937705E-12
    0.115991465E-12
    0.131375108E-12
    0.147559443E-12
    0.165565970E-12
    0.188233695E-12
    0.211627147E-12
    0.239052171E-12
    0.271044914E-12
    0.304729679E-12
    0.343924042E-12
    0.389418763E-12
    0.439079038E-12
    0.496955644E-12
    0.561008198E-12
    0.635535405E-12
    0.719933089E-12
    0.812789481E-12
    0.920139724E-12
    0.104107346E-11
    0.117492384E-11
    0.133099026E-11
    0.150873753E-11
    0.170452144E-11
    0.193092820E-11
    0.218483717E-11
    0.246791126E-11
    0.279578083E-11
    0.316287915E-11
    0.357625055E-11
    0.404441422E-11
    0.457060703E-11
    0.517062454E-11
    0.584105614E-11
    0.659711989E-11
    0.745509084E-11
    0.841705595E-11
    0.949940056E-11
    0.107348702E-10
    0.121122689E-10
    0.136637079E-10
    0.154162427E-10
    0.173757685E-10
    0.195850990E-10
    0.220796337E-10
    0.248742866E-10
    0.280211554E-10
    0.315548949E-10
    0.355291920E-10
    0.399927379E-10
    0.449810229E-10
    0.505924594E-10
    0.568887503E-10
    0.639372649E-10
    0.718612285E-10
    0.807411592E-10
    0.906594614E-10
    0.101778507E-09
    0.114230279E-09
    0.128148343E-09
    0.143749466E-09
    0.161191378E-09
    0.180673941E-09
    0.202454421E-09
    0.226791329E-09
    0.253994854E-09
    0.284336466E-09
    0.318211735E-09
    0.356044470E-09
    0.398236358E-09
    0.445293982E-09
    0.497810381E-09
    0.556274482E-09
    0.621420270E-09
    0.693992006E-09
    0.774820642E-09
    0.864801416E-09
    0.964972439E-09
    0.107643326E-08
    0.120036987E-08
    0.133817384E-08
    0.149139418E-08
    0.166161165E-08
    0.185066688E-08
    0.206070659E-08
    0.229391655E-08
    0.255273730E-08
    0.284005409E-08
    0.315861917E-08
    0.351195950E-08
    0.390362980E-08
    0.433783667E-08
    0.481898736E-08
    0.535184650E-08
    0.594196645E-08
    0.659531683E-08
    0.731822088E-08
    0.811828211E-08
    0.900328682E-08
    0.998172031E-08
    0.110635194E-07
    0.122591184E-07
    0.135798699E-07
    0.150389813E-07
    0.166499808E-07
    0.184281840E-07
    0.203908772E-07
    0.225559568E-07
    0.249443784E-07
    0.275778293E-07
    0.304802929E-07
    0.336796683E-07
    0.372040826E-07
    0.410854475E-07
    0.453598455E-07
    0.500642845E-07
    0.552412571E-07
    0.609370976E-07
    0.672011930E-07
    0.740886988E-07
    0.816604961E-07
    0.899792881E-07
    0.991197077E-07
    0.109157480E-06
    0.120178311E-06
    0.132275963E-06
    0.145549630E-06
    0.160111280E-06
    0.176083349E-06
    0.193592721E-06
    0.212785075E-06
    0.233815915E-06
    0.256852469E-06
    0.282081575E-06
    0.309704173E-06
    0.339935135E-06
    0.373017073E-06
    0.409202408E-06
    0.448773363E-06
    0.492037208E-06
    0.539319576E-06
    0.590983426E-06
    0.647418314E-06
    0.709042215E-06
    0.776321323E-06
    0.849748551E-06
    0.929856901E-06
    0.101723870E-05
    0.111252295E-05
    0.121639345E-05
    0.132959737E-05
    0.145293146E-05
    0.158726238E-05
    0.173353654E-05
    0.189275484E-05
    0.206603086E-05
    0.225453917E-05
    0.245955920E-05
    0.268248122E-05
    0.292479169E-05
    0.318809723E-05
    0.347414788E-05
    0.378480141E-05
    0.412207790E-05
    0.448816353E-05
    0.488539689E-05
    0.531629603E-05
    0.578359586E-05
    0.629019210E-05
    0.683925806E-05
    0.743416250E-05
    0.807855375E-05
    0.877634489E-05
    0.953172349E-05
    0.103492096E-04
    0.112336610E-04
    0.121902574E-04
    0.132245900E-04
    0.143426577E-04
    0.155508625E-04
    0.168560855E-04
    0.182657239E-04
    0.197876457E-04
    0.214303226E-04
    0.232028114E-04
    0.251147769E-04
    0.271766162E-04
    0.293993848E-04
    0.317949451E-04
    0.343759290E-04
    0.371558685E-04
    0.401492155E-04
    0.433713836E-04
    0.468387870E-04
    0.505689932E-04
    0.545807209E-04
    0.588938764E-04
    0.635296919E-04
    0.685108653E-04
    0.738614098E-04
    0.796070585E-04
    0.857750449E-04
    0.923944260E-04
    0.994960400E-04
    0.107112715E-03
    0.115279250E-03
    0.124032699E-03
    0.133412366E-03
    0.143459951E-03
    0.154219664E-03
    0.165738434E-03
    0.178065989E-03
    0.191255102E-03
    0.205361473E-03
    0.220444284E-03
    0.236566120E-03
    0.253793134E-03
    0.272195351E-03
    0.291846803E-03
    0.312825644E-03
    0.335214568E-03
    0.359100819E-03
    0.384576482E-03
    0.411738828E-03
    0.440690259E-03
    0.471538797E-03
    0.504398407E-03
    0.539388993E-03
    0.576636872E-03
    0.616275166E-03
    0.658443515E-03
    0.703289195E-03
    0.750966887E-03
    0.801639003E-03
    0.855476311E-03
    0.912658108E-03
    0.973372266E-03
    0.103781635E-02
    0.110619710E-02
    0.117873146E-02
    0.125564655E-02
    0.133718021E-02
    0.142358155E-02
    0.151511131E-02
    0.161204153E-02
    0.171465734E-02
    0.182325637E-02
    0.193814908E-02
    0.205966007E-02
    0.218812810E-02
    0.232390577E-02
    0.246736161E-02
    0.261887868E-02
    0.277885636E-02
    0.294771049E-02
    0.312587342E-02
    0.331379491E-02
    0.351194236E-02
    0.372080150E-02
    0.394087681E-02
    0.417269128E-02
    0.441678764E-02
    0.467372922E-02
    0.494409927E-02
    0.522850118E-02
    0.552756091E-02
    0.584192514E-02
    0.617226256E-02
    0.651926483E-02
    0.688364553E-02
    0.726614209E-02
    0.766751506E-02
    0.808854858E-02
    0.853005069E-02
    0.899285394E-02
    0.947781517E-02
    0.998581528E-02
    0.105177606E-01
    0.110745823E-01
    0.116572366E-01
    0.122667045E-01
    0.129039915E-01
    0.135701293E-01
    0.142661737E-01
    0.149932055E-01
    0.157523301E-01
    0.165446777E-01
    0.173714017E-01
    0.182336801E-01
    0.191327141E-01
    0.200697277E-01
    0.210459678E-01
    0.220627027E-01
    0.231212214E-01
    0.242228359E-01
    0.253688741E-01
    0.265606856E-01
    0.277996375E-01
    0.290871128E-01
    0.304245115E-01
    0.318132486E-01
    0.332547507E-01
    0.347504593E-01
    0.363018246E-01
    0.379103061E-01
    0.395773729E-01
    0.413044991E-01
    0.430931625E-01
    0.449448453E-01
    0.468610279E-01
    0.488431931E-01
    0.508928171E-01
    0.530113709E-01
    0.552003206E-01
    0.574611215E-01
    0.597952129E-01
    0.622040246E-01
    0.646889662E-01
    0.672514273E-01
    0.698927777E-01
    0.726143585E-01
    0.754174854E-01
    0.783034437E-01
    0.812734827E-01
    0.843288162E-01
    0.874706190E-01
    0.907000238E-01
    0.940181158E-01
    0.974259321E-01
    0.100924459E+00
    0.104514629E+00
    0.108197314E+00
    0.111973324E+00
    0.115843410E+00
    0.119808249E+00
    0.123868453E+00
    0.128024558E+00
    0.132277023E+00
    0.136626227E+00
    0.141072470E+00
    0.145615963E+00
    0.150256831E+00
    0.154995108E+00
    0.159830735E+00
    0.164763551E+00
    0.169793308E+00
    0.174919645E+00
    0.180142106E+00
    0.185460128E+00
    0.190873039E+00
    0.196380061E+00
    0.201980304E+00
    0.207672763E+00
    0.213456327E+00
    0.219329765E+00
    0.225291731E+00
    0.231340764E+00
    0.237475289E+00
    0.243693607E+00
    0.249993911E+00
    0.256374269E+00
    0.262832637E+00
    0.269366856E+00
    0.275974644E+00
    0.282653613E+00
    0.289401261E+00
    0.296214969E+00
    0.303092011E+00
    0.310029556E+00
    0.317024661E+00
    0.324074290E+00
    0.331175293E+00
    0.338324432E+00
    0.345518373E+00
    0.352753689E+00
    0.360026863E+00
    0.367334299E+00
    0.374672321E+00
    0.382037173E+00
    0.389425031E+00
    0.396832005E+00
    0.404254141E+00
    0.411687434E+00
    0.419127813E+00
    0.426571177E+00
    0.434013376E+00
    0.441450224E+00
    0.448877503E+00
    0.456290976E+00
    0.463686382E+00
    0.471059450E+00
    0.478405903E+00
    0.485721457E+00
    0.493001839E+00
    0.500242784E+00
    0.507440035E+00
    0.514589375E+00
    0.521686597E+00
    0.528727537E+00
    0.535708069E+00
    0.542624109E+00
    0.549471625E+00
    0.556246642E+00
    0.562945236E+00
    0.569563560E+00
    0.576097833E+00
    0.582544340E+00
    0.588899455E+00
    0.595159636E+00
    0.601321415E+00
    0.607381428E+00
    0.613336393E+00
    0.619183135E+00
    0.624918574E+00
    0.630539726E+00
    0.636043716E+00
    0.641427779E+00
    0.646689249E+00
    0.651825572E+00
    0.656834303E+00
    0.661713108E+00
    0.666459762E+00
    0.671072149E+00
    0.675548258E+00
    0.679886197E+00
    0.684084171E+00
    0.688140495E+00
    0.692053584E+00
    0.695821962E+00
    0.699444245E+00
    0.702919149E+00
    0.706245480E+00
    0.709422136E+00
    0.712448107E+00
    0.715322449E+00
    0.718044310E+00
    0.720612913E+00
    0.723027541E+00
    0.725287547E+00
    0.727392346E+00
    0.729341406E+00
    0.731134243E+00
    0.732770424E+00
    0.734249551E+00
    0.735571260E+00
    0.736735226E+00
    0.737741133E+00
    0.738588706E+00
    0.739277667E+00
    0.739807763E+00
    0.740178737E+00
    0.740390343E+00
    0.740442327E+00
    0.740334441E+00
    0.740066412E+00
    0.739637974E+00
    0.739048841E+00
    0.738298709E+00
    0.737387264E+00
    0.736314177E+00
    0.735079093E+00
    0.733681650E+00
    0.732121458E+00
    0.730398127E+00
    0.728511244E+00
    0.726460390E+00
    0.724245134E+00
    0.721865051E+00
    0.719319714E+00
    0.716608699E+00
    0.713731598E+00
    0.710688023E+00
    0.707477611E+00
    0.704100032E+00
    0.700554998E+00
    0.696842271E+00
    0.692961674E+00
    0.688913099E+00
    0.684696510E+00
    0.680311974E+00
    0.675759643E+00
    0.671039787E+00
    0.666152793E+00
    0.661099183E+00
    0.655879622E+00
    0.650494928E+00
    0.644946075E+00
    0.639234229E+00
    0.633360728E+00
    0.627327105E+00
    0.621135107E+00
    0.614786687E+00
    0.608284015E+00
    0.601629504E+00
    0.594825789E+00
    0.587875759E+00
    0.580782543E+00
    0.573549520E+00
    0.566180331E+00
    0.558678871E+00
    0.551049290E+00
    0.543295998E+00
    0.535423663E+00
    0.527437204E+00
    0.519341797E+00
    0.511142852E+00
    0.502846029E+00
    0.494457217E+00
    0.485982525E+00
    0.477428277E+00
    0.468800998E+00
    0.460107405E+00
    0.451354390E+00
    0.442549004E+00
    0.433698450E+00
    0.424810056E+00
    0.415891270E+00
    0.406949621E+00
    0.397992731E+00
    0.389028268E+00
    0.380063940E+00
    0.371107468E+00
    0.362166577E+00
    0.353248960E+00
    0.344362268E+00
    0.335514086E+00
    0.326711911E+00
    0.317963132E+00
    0.309275016E+00
    0.300654672E+00
    0.292109058E+00
    0.283644929E+00
    0.275268855E+00
    0.266987175E+00
    0.258805998E+00
    0.250731185E+00
    0.242768327E+00
    0.234922741E+00
    0.227199459E+00
    0.219603211E+00
    0.212138416E+00
    0.204809184E+00
    0.197619302E+00
    0.190572226E+00
    0.183671087E+00
    0.176918677E+00
    0.170317462E+00
    0.163869569E+00
    0.157576792E+00
    0.151440602E+00
    0.145462140E+00
    0.139642232E+00
    0.133981384E+00
    0.128479807E+00
    0.123137405E+00
    0.117953802E+00
    0.112928340E+00
    0.108060097E+00
    0.103347897E+00
    0.987903213E-01
    0.943857231E-01
    0.901322367E-01
    0.860277993E-01
    0.820701573E-01
    0.782568847E-01
    0.745853945E-01
    0.710529564E-01
    0.676567092E-01
    0.643936737E-01
    0.612607699E-01
    0.582548305E-01
    0.553726087E-01
    0.526107996E-01
    0.499660482E-01
    0.474349618E-01
    0.450141221E-01
    0.427000986E-01
    0.404894551E-01
    0.383787638E-01
    0.363646121E-01
    0.344436120E-01
    0.326124104E-01
    0.308676922E-01
    0.292061926E-01
    0.276246975E-01
    0.261200549E-01
    0.246891755E-01
    0.233290392E-01
    0.220366979E-01
    0.208092804E-01
    0.196439924E-01
    0.185381210E-01
    0.174890348E-01
    0.164941863E-01
    0.155511115E-01
    0.146574319E-01
    0.138108509E-01
    0.130091583E-01
    0.122502258E-01
    0.115320081E-01
    0.108525400E-01
    0.102099364E-01
    0.960239028E-02
    0.902816968E-02
    0.848561799E-02
    0.797315043E-02
    0.748925076E-02
    0.703247198E-02
    0.660143155E-02
    0.619481025E-02
    0.581134935E-02
    0.544984915E-02
    0.510916520E-02
    0.478820772E-02
    0.448593745E-02
    0.420136587E-02
    0.393355064E-02
    0.368159525E-02
    0.344464609E-02
    0.322189089E-02
    0.301255681E-02
    0.281590914E-02
    0.263124812E-02
    0.245790915E-02
    0.229526014E-02
    0.214270013E-02
    0.199965808E-02
    0.186559150E-02
    0.173998485E-02
    0.162234932E-02
    0.151222015E-02
    0.140915669E-02
    0.131274102E-02
    0.122257685E-02
    0.113828873E-02
    0.105952080E-02
    0.985936543E-03
    0.917217251E-03
    0.853061484E-03
    0.793184851E-03
    0.737318355E-03
    0.685208262E-03
    0.636615221E-03
    0.591313778E-03
    0.549091329E-03
    0.509748105E-03
    0.473096046E-03
    0.438958561E-03
    0.407169616E-03
    0.377573581E-03
    0.350024519E-03
    0.324385600E-03
    0.300528780E-03
    0.278334247E-03
    0.257689736E-03
    0.238490633E-03
    0.220639071E-03
    0.204043564E-03
    0.188618939E-03
    0.174285603E-03
    0.160969363E-03
    0.148601093E-03
    0.137116242E-03
    0.126454742E-03
    0.116560699E-03
    0.107381772E-03
    0.988694667E-04
    0.909783415E-04
    0.836662465E-04
    0.768937073E-04
    0.706240159E-04
    0.648228908E-04
    0.594583111E-04
    0.545003675E-04
    0.499211967E-04
    0.456946937E-04
    0.417964661E-04
    0.382037172E-04
    0.348951063E-04
    0.318506186E-04
    0.290515916E-04
    0.264804903E-04
    0.241209226E-04
    0.219574879E-04
    0.199758060E-04
    0.181623765E-04
    0.165045550E-04
    0.149905465E-04
    0.136092576E-04
    0.123503083E-04
    0.112040545E-04
    0.101614190E-04
    0.921396406E-05
    0.835381191E-05
    0.757362511E-05
    0.686657046E-05
    0.622632085E-05
    0.564695033E-05
    0.512304875E-05
    0.464954261E-05
    0.422178482E-05
    0.383547484E-05
    0.348666165E-05
    0.317172269E-05
    0.288733243E-05
    0.263045554E-05
    0.239833200E-05
    0.218843232E-05
    0.199847654E-05
    0.182640000E-05
    0.167033757E-05
    0.152860740E-05
    0.139971040E-05
    0.128229301E-05
    0.117515267E-05
    0.107722355E-05
    0.987559418E-06
    0.905320867E-06
    0.829772633E-06
    0.760267361E-06
    0.696235007E-06
    0.637180105E-06
    0.582679196E-06
    0.532347126E-06
    0.485864858E-06
    0.442948986E-06
    0.403355198E-06
    0.366871321E-06
    0.333315567E-06
    0.302522709E-06
    0.274359700E-06
    0.248694435E-06
    0.225419778E-06
    0.204435765E-06
    0.185649095E-06
    0.168977657E-06
    0.154338641E-06
    0.141657166E-06
    0.130859358E-06
    0.121871692E-06
    0.114623794E-06
    0.109045140E-06
    0.105061764E-06
    0.102602683E-06
    0.101594788E-06
    0.101964296E-06
    0.103635821E-06
    0.106536688E-06
    0.110586537E-06
    0.115711734E-06
    0.121834007E-06
    0.128876571E-06
    0.136761853E-06
    0.145413773E-06
    0.154755598E-06
    0.164711477E-06
    0.175207239E-06
    0.186170214E-06
    0.197527184E-06
    0.209209208E-06
    0.221146462E-06
    0.233274598E-06
    0.245527590E-06
    0.257845453E-06
    0.270167621E-06
    0.282436326E-06
    0.294599334E-06
    0.306604146E-06
    0.318401583E-06
    0.329946782E-06
    0.341196157E-06
    0.352109365E-06
    0.362650133E-06
    0.372783315E-06
    0.382477900E-06
    0.391705467E-06
    0.400439672E-06
    0.408658198E-06
    0.416341659E-06
    0.423471090E-06
    0.430034463E-06
    0.436015566E-06
    0.441408418E-06
    0.446204335E-06
    0.450399101E-06
    0.453989417E-06
    0.456976391E-06
    0.459359807E-06
    0.461145530E-06
    0.462337887E-06
    0.462944943E-06
    0.462976178E-06
    0.462442176E-06
    0.461353959E-06
    0.459728328E-06
    0.457577081E-06
    0.454919491E-06
    0.451770121E-06
    0.448148264E-06
    0.444073879E-06
    0.439565356E-06
    0.434644940E-06
    0.429332219E-06
    0.423649893E-06
    0.417618701E-06
    0.411262520E-06
    0.404602065E-06
    0.397661195E-06
    0.390462368E-06
    0.383026239E-06
    0.375377077E-06
    0.367536867E-06
    0.359526105E-06
    0.351368451E-06
    0.343081269E-06
    0.334689989E-06
    0.326210188E-06
    0.317664706E-06
    0.309070854E-06
    0.300447110E-06
    0.291810987E-06
    0.283179922E-06
    0.274569578E-06
    0.265995366E-06
    0.257472434E-06
    0.249014272E-06
    0.240632707E-06
    0.232343050E-06
    0.224153585E-06
    0.216077424E-06
    0.208122228E-06
    0.200298430E-06
    0.192614604E-06
    0.185076240E-06
    0.177693212E-06
    0.170468739E-06
    0.163409469E-06
    0.156519855E-06
    0.149803779E-06
    0.143264369E-06
    0.136904377E-06
    0.130726109E-06
    0.124730325E-06
    0.118918607E-06
    0.113291817E-06
    0.107848481E-06
    0.102589735E-06
    0.975126691E-07
    0.926183410E-07
    0.879027372E-07
    0.833650864E-07
    0.790031028E-07
    0.748129697E-07
    0.707928550E-07
    0.669392299E-07
    0.632483992E-07
    0.597172785E-07
    0.563415734E-07
    0.531179012E-07
    0.500417632E-07
    0.471095410E-07
    0.443166505E-07
    0.416588909E-07
    0.391320836E-07
    0.367317079E-07
    0.344538535E-07
    0.322933518E-07
    0.302468592E-07
    0.283093880E-07
    0.264767121E-07
    0.247450803E-07
    0.231097578E-07
    0.215670468E-07
    0.201128578E-07
    0.187429652E-07
    0.174540909E-07
    0.162419768E-07
    0.151031963E-07
    0.140341694E-07
    0.130313551E-07
    0.120915621E-07
    0.112114143E-07
    0.103878735E-07
    0.961782161E-08
    0.889857109E-08
    0.822707291E-08
    0.760080962E-08
    0.701719168E-08
    0.647359360E-08
    0.596796695E-08
    0.549769280E-08
    0.506083021E-08
    0.465547771E-08
    0.427927045E-08
    0.393074509E-08
    0.360795741E-08
    0.330923551E-08
    0.303311817E-08
    0.277789558E-08
    0.254240969E-08
    0.232509443E-08
    0.212486945E-08
    0.194041075E-08
    0.177070415E-08
    0.161459650E-08
    0.147122705E-08
    0.133960025E-08
    0.121879313E-08
    0.110813038E-08
    0.100677847E-08
    0.913926342E-09
    0.829135743E-09
    0.751568532E-09
    0.680812653E-09
    0.616227075E-09
    0.557367504E-09
    0.503780668E-09
    0.454968883E-09
    0.410622409E-09
    0.370299918E-09
    0.333694441E-09
    0.300482277E-09
    0.270396194E-09
    0.243116376E-09
    0.218440214E-09
    0.196133014E-09
    0.175966329E-09
    0.157750140E-09
    0.141342703E-09
    0.126521691E-09
    0.113195275E-09
    0.101175494E-09
    0.903907612E-10
    0.806796713E-10
    0.719683433E-10
    0.641562820E-10
    0.571486011E-10
    0.508705481E-10
    0.452587569E-10
    0.402298805E-10
    0.357417314E-10
    0.317307154E-10
    0.281512888E-10
    0.249645353E-10
    0.221194586E-10
    0.195948674E-10
    0.173425629E-10
    0.153425342E-10
    0.135673502E-10
    0.119911304E-10
    0.105915894E-10
    0.935315760E-11
    0.825496292E-11
    0.728235990E-11
    0.642272178E-11
    0.566202473E-11
    0.498978925E-11
    0.439991379E-11
    0.387328028E-11
    0.341374968E-11
    0.300696740E-11
    0.264530492E-11
    0.233155231E-11
    0.204941371E-11
    0.180616566E-11
    0.158977358E-11
    0.140042125E-11
    0.123364306E-11
    0.108652653E-11
    0.957180680E-12
    0.843624214E-12
    0.743327591E-12
    0.655318541E-12
    0.578813609E-12
    0.510872029E-12
    0.450511817E-12
    0.399293151E-12
    0.352550707E-12
    0.312315047E-12
    0.276969090E-12
    0.245139204E-12
    0.218214648E-12
    0.193214714E-12
    0.172375263E-12
    0.153001368E-12
    0.136619678E-12
    0.121998233E-12
    0.109248266E-12
    0.976428269E-13
    0.877425291E-13
    0.786875583E-13
    0.705714902E-13
    0.634421207E-13
    0.571776525E-13
    0.515352099E-13
    0.465921911E-13
    0.421836586E-13
    0.382529385E-13
    0.345548864E-13
    0.314329167E-13
    0.285416922E-13
    0.258305453E-13
    0.235977880E-13
    0.214100029E-13
    0.195530030E-13
    0.177773741E-13
    0.163318905E-13
    0.148654201E-13
    0.137539223E-13
    0.125422073E-13
    0.116295004E-13
    0.107095191E-13
    0.981083760E-14
    0.918423838E-14
    0.839592705E-14
    0.786011562E-14
    0.741897119E-14
    0.694571400E-14
    0.660032351E-14
    0.625498742E-14
    0.590151869E-14
    0.564104016E-14
    0.533187236E-14
    0.513815177E-14
    0.489362860E-14
    0.478595804E-14
    0.449415314E-14
    0.449134477E-14
    0.422552397E-14
    0.416479198E-14
    0.400961428E-14
    0.383190498E-14
    0.376808109E-14
    0.359971219E-14
    0.345000348E-14
    0.334452184E-14
    0.315800018E-14
    0.308361681E-14
    0.296636988E-14
    0.286855507E-14
    0.275373773E-14
    0.267675675E-14
    0.253518043E-14
    0.240496240E-14
    0.235140763E-14
    0.218253366E-14
    0.220913936E-14
    0.205039291E-14
    0.203704777E-14
    0.198401881E-14
    0.193951364E-14
    0.189045761E-14
    0.182873801E-14
    0.179323477E-14
    0.178721954E-14
    0.174646276E-14
    0.173352503E-14
    0.170954988E-14
    0.172726062E-14
    0.168952407E-14
    0.170949939E-14
    0.171771814E-14
    0.171980757E-14
    0.172163529E-14
    0.168410362E-14
    0.167863527E-14
    0.162482456E-14
    0.167836769E-14
    0.162092934E-14
    0.163233955E-14
    0.162121713E-14
    0.161735846E-14
    0.157466563E-14
    0.151499175E-14
    0.149224564E-14
    0.143905281E-14
    0.142041005E-14
    0.135102325E-14
    0.137471689E-14
    0.128737940E-14
    0.126829598E-14
    0.120517217E-14
    0.113162937E-14
    0.110083771E-14
    0.106431806E-14
    0.970205758E-15
    0.956585557E-15
    0.856548798E-15
    0.853816637E-15
    0.788517433E-15
    0.744316811E-15
    0.699333445E-15
    0.654910366E-15
    0.600540126E-15
    0.551336836E-15
    0.518122989E-15
    0.476300442E-15
    0.458118701E-15
    0.409644286E-15
    0.395400859E-15
    0.338323639E-15
    0.319233216E-15
    0.298588836E-15
    0.260451398E-15
    0.248146727E-15
    0.217765966E-15
    0.210575335E-15
    0.180227923E-15
    0.166162372E-15
    0.148455984E-15
    0.151441327E-15
    0.119274849E-15
    0.121197552E-15
    0.102375711E-15
    0.106916596E-15
    0.986244978E-16
    0.737858982E-16
    0.741117276E-16
    0.697277388E-16
    0.608774747E-16
    0.546483885E-16
    0.578723161E-16
    0.496803182E-16
    0.419882589E-16
    0.403354036E-16
    0.426186188E-16
    0.332454958E-16
    0.413997187E-16
    0.341777224E-16
    0.326772524E-16
    0.294269933E-16
    0.294418539E-16
    0.411713254E-16
    0.297955058E-16
    0.268711152E-16
    0.299674126E-16
    0.253394778E-16
    0.222699122E-16
    0.308939401E-16
    0.294388662E-16
    0.280809254E-16
    0.187126288E-16
    0.256386207E-16
    0.273465542E-16
    0.254638306E-16
    0.254314200E-16
    0.253567996E-16
    0.326066149E-16
    0.234462169E-16
    0.198264293E-16
    0.364866884E-16
    0.210953230E-16
    0.209215810E-16
    0.202793684E-16
    0.309703964E-16
    0.234783177E-16
    0.243233339E-16
    0.242450462E-16
    0.256122757E-16
    0.195509788E-16
    0.279899698E-16
    0.235567336E-16
    0.262186188E-16
    0.209005141E-16
    0.265231081E-16
    0.334467623E-16
    0.192658949E-16
    0.273783883E-16
    0.251155818E-16
    0.208145625E-16
    0.197984622E-16
    0.283916351E-16
    0.262015926E-16
    0.267578760E-16
    0.246557793E-16
    0.212062776E-16
    0.243633862E-16
    0.262717052E-16
    0.254234923E-16
    0.229389260E-16
    0.258260164E-16
    0.238320941E-16
    0.209072631E-16
    0.332186853E-16
    0.200949726E-16
    0.257677261E-16
    0.192970724E-16
    0.270024736E-16
    0.227207788E-16
    0.257968268E-16
    0.280212489E-16
    0.253777613E-16
    0.214645752E-16
    0.221726545E-16
    0.266591536E-16
    0.308192006E-16
    0.199972061E-16
    0.283145009E-16
    0.261593876E-16
    0.213845918E-16
    0.267455182E-16
    0.232993927E-16
    0.246732369E-16
    0.213296228E-16
    0.249909642E-16
    0.218923867E-16
    0.300991921E-16
    0.289710970E-16
    0.214783155E-16
    0.228078122E-16
    0.244852332E-16
    0.229186834E-16
    0.266348495E-16
    0.246500779E-16
    0.261584170E-16
    0.251139760E-16
    0.245024878E-16
    0.209691680E-16
    0.262667670E-16
    0.212217548E-16
    0.259985379E-16
    0.228204510E-16
    0.220537515E-16
    0.288016633E-16
    0.267456976E-16
    0.238066555E-16
    0.207438107E-16
    0.294254423E-16
    0.285602041E-16
    0.204328905E-16
    0.278574795E-16
    0.242500477E-16
    0.262223371E-16
    0.226199123E-16
    0.250150858E-16
    0.248195575E-16
    0.239289633E-16
    0.261009955E-16
    0.231335464E-16
    0.265582283E-16
    0.276714214E-16
    0.242921699E-16
    0.198546717E-16
    0.244710492E-16
    0.207125939E-16
    0.349874177E-16
    0.231314974E-16
    0.252483655E-16
    0.249925035E-16
    0.215614595E-16
    0.208653107E-16
    0.232953310E-16
    0.291653745E-16
    0.200687625E-16
    0.253857514E-16
    0.244002923E-16
    0.267099070E-16
    0.298479099E-16
    0.244283682E-16
    0.250747590E-16
    0.229138470E-16
    0.263222155E-16
    0.248469360E-16
    0.291894682E-16
    0.277513704E-16
    0.285078959E-16
    0.227376165E-16
    0.253239118E-16
    0.261461119E-16
    0.270142254E-16
    0.285052639E-16
    0.216182765E-16
    0.207786310E-16
    0.274880188E-16
    0.241556229E-16
    0.231171053E-16
    0.231969459E-16
    0.256652464E-16
    0.302871698E-16
    0.252267357E-16
    0.260091870E-16
    0.229203916E-16
    0.275092658E-16
    0.206755844E-16
    0.262053324E-16
    0.284574255E-16
    0.239278452E-16
    0.313867874E-16
    0.263517572E-16
    0.273449187E-16
    0.265778287E-16
    0.262278650E-16
    0.195352847E-16
    0.238424839E-16
    0.227887361E-16
    0.360060784E-16
    0.241080448E-16
    0.299151092E-16
    0.240271651E-16
    0.247369290E-16
    0.195684182E-16
    0.273695064E-16
    0.273945063E-16
    0.207260698E-16
    0.267691419E-16
    0.273050165E-16
    0.235225750E-16
    0.292298412E-16
    0.260410458E-16
    0.235333605E-16
    0.216318502E-16
    0.266195697E-16
    0.270460261E-16
    0.309708062E-16
    0.259954191E-16
    0.303899865E-16
    0.205454108E-16
    0.311955323E-16
    0.248954635E-16
    0.331460903E-16
    0.251460055E-16
    0.225752223E-16
    0.239248364E-16
    0.298092972E-16
    0.237901550E-16
    0.185182672E-16
    0.263313271E-16
    0.224731458E-16
    0.298159081E-16
    0.249530994E-16
    0.259448794E-16
    0.219985166E-16
    0.259134801E-16
    0.230741806E-16
    0.290910950E-16
    0.310169468E-16
    0.308275636E-16
    0.330979876E-16
    0.235851128E-16
    0.268121446E-16
    0.272172828E-16
    0.324615354E-16
    0.177014973E-16
    0.256515488E-16
    0.243635726E-16
    0.360124003E-16
    0.245914707E-16
    0.355253104E-16
    0.242658759E-16
    0.270055429E-16
    0.223970094E-16
    0.339016371E-16
    0.234852634E-16
    0.250901504E-16
    0.338616498E-16
    0.240611818E-16
    0.263433734E-16
    0.256924700E-16
    0.263301726E-16
    0.185987397E-16
    0.242894900E-16
    0.279139639E-16
    0.328793420E-16
    0.219671499E-16
    0.291318190E-16
    0.305500155E-16
    0.258900849E-16
    0.348116987E-16
    0.353035763E-16
    0.311184309E-16
    0.210409286E-16
    0.316611914E-16
    0.252664870E-16
    0.359507823E-16
    0.233025620E-16
    0.206905507E-16
    0.206462164E-16
    0.307110900E-16
    0.259793540E-16
    0.323344332E-16
    0.214920250E-16
    0.265503488E-16
    0.234472439E-16
    0.274424321E-16
    0.260209407E-16
    0.312160468E-16
    0.363959425E-16
    0.207163829E-16
    0.251581635E-16
    0.261138662E-16
    0.291665164E-16
    0.253026380E-16
    0.204213405E-16
    0.239467731E-16
    0.298970974E-16
    0.235772046E-16
    0.263723339E-16
    0.283528546E-16
    0.233880953E-16
    0.278882327E-16
    0.335383976E-16
    0.276835774E-16
    0.246111704E-16
    0.416197202E-16
    0.235671960E-16
    0.254189765E-16
    0.239667125E-16
    0.239371724E-16
    0.241201583E-16
    0.246653461E-16
    0.226346271E-16
    0.310720532E-16
    0.225999307E-16
    0.265488760E-16
    0.272901380E-16
    0.223345820E-16
    0.276762242E-16
    0.354156138E-16
    0.296805635E-16
    0.229592057E-16
    0.368450634E-16
    0.289683405E-16
    0.329118924E-16
    0.213839046E-16
    0.234876549E-16
    0.234272182E-16
    0.305172865E-16
    0.240986034E-16
    0.303038034E-16
    0.245811240E-16
    0.311320541E-16
    0.283562428E-16
    0.331646570E-16
    0.253422537E-16
    0.347970398E-16
    0.346443373E-16
    0.252321468E-16
    0.239430941E-16
    0.303711768E-16
    0.352187247E-16
    0.191533731E-16
    0.226403662E-16
    0.205680441E-16
    0.371498114E-16
    0.227433573E-16
    0.254613852E-16
    0.237068121E-16
    0.268426339E-16
    0.315844963E-16
    0.345336210E-16
    0.234147686E-16
    0.365571553E-16
    0.324388483E-16
    0.301145554E-16
    0.221705775E-16
    0.245587464E-16
    0.342177613E-16
    0.200576373E-16
    0.223461931E-16
    0.236978452E-16
    0.282123449E-16
    0.230215763E-16
    0.214097893E-16
    0.210255298E-16
    0.229055091E-16
    0.335886158E-16
    0.331033762E-16
    0.237596053E-16
    0.415929729E-16
    0.303109200E-16
    0.275230950E-16
    0.220251472E-16
    0.265697869E-16
    0.287723086E-16
    0.318834586E-16
    0.255077864E-16
    0.259740469E-16
    0.282290878E-16
    0.295314077E-16
    0.255798021E-16
    0.233586548E-16
    0.308906430E-16
    0.377357734E-16
    0.323580753E-16
    0.350920832E-16
    0.308910462E-16
    0.284054962E-16
    0.225619059E-16
    0.242506396E-16
    0.313322700E-16
    0.342387689E-16
    0.274416302E-16
    0.251682148E-16
    0.350186838E-16
    0.329833766E-16
    0.256399712E-16
    0.314867382E-16
    0.273358501E-16
    0.368266270E-16
    0.331692083E-16
    0.328679490E-16
    0.354802189E-16
    0.387273449E-16
    0.308271926E-16
    0.315884523E-16
    0.328759471E-16
    0.368294785E-16
    0.400207307E-16
    0.266071628E-16
    0.343654763E-16
    0.296817415E-16
    0.315694941E-16
    0.319755888E-16
    0.274603262E-16
