 #tdnd tdcion
    0.461519876E-16
    0.351225324E-16
    0.487499588E-16
    0.384786623E-16
    0.381276846E-16
    0.468617108E-16
    0.357264056E-16
    0.428657744E-16
    0.445900345E-16
    0.381264525E-16
    0.458958795E-16
    0.440982929E-16
    0.418200283E-16
    0.461739966E-16
    0.454790264E-16
    0.430814014E-16
    0.453600608E-16
    0.467208814E-16
    0.415121961E-16
    0.451830205E-16
    0.458631857E-16
    0.395464823E-16
    0.457456891E-16
    0.430075788E-16
    0.396649893E-16
    0.461620385E-16
    0.399674201E-16
    0.424512361E-16
    0.458137278E-16
    0.384245363E-16
    0.467470163E-16
    0.446432691E-16
    0.386829489E-16
    0.508012708E-16
    0.426975322E-16
    0.398471571E-16
    0.531140811E-16
    0.399849469E-16
    0.407310292E-16
    0.528108452E-16
    0.368577030E-16
    0.405478207E-16
    0.499879630E-16
    0.341762322E-16
    0.391549190E-16
    0.458849181E-16
    0.328262421E-16
    0.370298834E-16
    0.423160730E-16
    0.330810312E-16
    0.349625960E-16
    0.405509439E-16
    0.344930010E-16
    0.335323772E-16
    0.406233678E-16
    0.363656802E-16
    0.327809320E-16
    0.416126148E-16
    0.382159081E-16
    0.323777624E-16
    0.424687561E-16
    0.397247802E-16
    0.319673413E-16
    0.425512440E-16
    0.403877172E-16
    0.312742994E-16
    0.416683399E-16
    0.396392484E-16
    0.301076140E-16
    0.399898923E-16
    0.375940603E-16
    0.285774702E-16
    0.379582904E-16
    0.354135892E-16
    0.272486042E-16
    0.359362886E-16
    0.344715969E-16
    0.268302145E-16
    0.338681800E-16
    0.350740487E-16
    0.276754019E-16
    0.315770394E-16
    0.362422254E-16
    0.296234461E-16
    0.294522215E-16
    0.367977094E-16
    0.322450148E-16
    0.285239033E-16
    0.364291122E-16
    0.351787408E-16
    0.296673787E-16
    0.356281702E-16
    0.382072515E-16
    0.328572606E-16
    0.348672565E-16
    0.408888622E-16
    0.371655041E-16
    0.341676951E-16
    0.422057080E-16
    0.412210077E-16
    0.334550000E-16
    0.410692944E-16
    0.437044075E-16
    0.329547940E-16
    0.375549991E-16
    0.439880085E-16
    0.331143772E-16
    0.334628132E-16
    0.426949853E-16
    0.343635544E-16
    0.312716937E-16
    0.413052452E-16
    0.369160895E-16
    0.324379024E-16
    0.408533196E-16
    0.403622109E-16
    0.365992700E-16
    0.412493018E-16
    0.434631795E-16
    0.419778835E-16
    0.419982580E-16
    0.450667643E-16
    0.463594039E-16
    0.428085605E-16
    0.453679624E-16
    0.483588567E-16
    0.430127851E-16
    0.452739767E-16
    0.483609385E-16
    0.416637455E-16
    0.443792544E-16
    0.477031112E-16
    0.393221797E-16
    0.414066866E-16
    0.467396526E-16
    0.382477982E-16
    0.370474471E-16
    0.449921891E-16
    0.395539593E-16
    0.336303563E-16
    0.429761079E-16
    0.419934166E-16
    0.315911364E-16
    0.416117840E-16
    0.442301076E-16
    0.294959835E-16
    0.403667607E-16
    0.458928273E-16
    0.273098448E-16
    0.385164336E-16
    0.462783998E-16
    0.260996057E-16
    0.371648597E-16
    0.447294056E-16
    0.252403869E-16
    0.374983024E-16
    0.422187486E-16
    0.234179074E-16
    0.385049918E-16
    0.403619500E-16
    0.216784904E-16
    0.389764194E-16
    0.394496625E-16
    0.221101962E-16
    0.396036768E-16
    0.390747617E-16
    0.243404671E-16
    0.403729433E-16
    0.392103910E-16
    0.269227271E-16
    0.398458630E-16
    0.398978885E-16
    0.306158271E-16
    0.393521119E-16
    0.417714586E-16
    0.363180419E-16
    0.416529927E-16
    0.454860039E-16
    0.420053500E-16
    0.451802713E-16
    0.493085666E-16
    0.454776238E-16
    0.471497215E-16
    0.509449822E-16
    0.472379539E-16
    0.488204116E-16
    0.509854860E-16
    0.477099906E-16
    0.505063317E-16
    0.504423021E-16
    0.460514453E-16
    0.491015830E-16
    0.485632792E-16
    0.436851660E-16
    0.454581616E-16
    0.459667866E-16
    0.434075811E-16
    0.444814597E-16
    0.446982279E-16
    0.445843998E-16
    0.470594775E-16
    0.447457877E-16
    0.441474778E-16
    0.499401983E-16
    0.447663567E-16
    0.413997587E-16
    0.514043778E-16
    0.443122028E-16
    0.376992794E-16
    0.518400706E-16
    0.438202322E-16
    0.335425228E-16
    0.503174338E-16
    0.433058897E-16
    0.298068623E-16
    0.460644555E-16
    0.416517878E-16
    0.276562776E-16
    0.419194803E-16
    0.399922186E-16
    0.267576288E-16
    0.396128401E-16
    0.409477762E-16
    0.273916063E-16
    0.373367047E-16
    0.425490114E-16
    0.291808493E-16
    0.351954605E-16
    0.428691067E-16
    0.302101507E-16
    0.342849568E-16
    0.443507877E-16
    0.315855658E-16
    0.340245623E-16
    0.464191371E-16
    0.342719042E-16
    0.350296411E-16
    0.471170184E-16
    0.358083127E-16
    0.376016213E-16
    0.490243216E-16
    0.369332367E-16
    0.397860706E-16
    0.525405956E-16
    0.405755575E-16
    0.410900182E-16
    0.543671693E-16
    0.454989822E-16
    0.417186457E-16
    0.536233687E-16
    0.505218689E-16
    0.415329510E-16
    0.502375791E-16
    0.559847384E-16
    0.425899593E-16
    0.443918472E-16
    0.593967452E-16
    0.453634102E-16
    0.374757842E-16
    0.580348631E-16
    0.479313605E-16
    0.311036596E-16
    0.523722422E-16
    0.502560440E-16
    0.279737106E-16
    0.445417034E-16
    0.519950464E-16
    0.294004002E-16
    0.363032561E-16
    0.511151062E-16
    0.342418103E-16
    0.304841610E-16
    0.486490383E-16
    0.416535381E-16
    0.290312442E-16
    0.463239083E-16
    0.503221679E-16
    0.309186896E-16
    0.424910245E-16
    0.567387900E-16
    0.356260810E-16
    0.380963926E-16
    0.586735863E-16
    0.421542661E-16
    0.353235779E-16
    0.561024923E-16
    0.480350857E-16
    0.337265981E-16
    0.495546654E-16
    0.518953446E-16
    0.338361957E-16
    0.417436805E-16
    0.531736695E-16
    0.353567854E-16
    0.353996409E-16
    0.516670144E-16
    0.367253195E-16
    0.321906687E-16
    0.490415921E-16
    0.377079861E-16
    0.322749876E-16
    0.461815986E-16
    0.378870857E-16
    0.345863976E-16
    0.432995515E-16
    0.367659533E-16
    0.387168049E-16
    0.427430774E-16
    0.347819814E-16
    0.413617537E-16
    0.429725277E-16
    0.322884639E-16
    0.413617454E-16
    0.430120902E-16
    0.306282947E-16
    0.400409811E-16
    0.428426428E-16
    0.301007043E-16
    0.367104203E-16
    0.394174004E-16
    0.290570429E-16
    0.330103738E-16
    0.344394507E-16
    0.284503662E-16
    0.312458897E-16
    0.298306714E-16
    0.276896286E-16
    0.312439864E-16
    0.267825003E-16
    0.266774915E-16
    0.327691631E-16
    0.267580215E-16
    0.267111191E-16
    0.364474950E-16
    0.311278284E-16
    0.281224014E-16
    0.390880227E-16
    0.359839228E-16
    0.296102078E-16
    0.400888154E-16
    0.403929428E-16
    0.314538552E-16
    0.395364521E-16
    0.433020689E-16
    0.332887004E-16
    0.367905622E-16
    0.420547692E-16
    0.332878324E-16
    0.338455684E-16
    0.407005901E-16
    0.343595573E-16
    0.311621128E-16
    0.375786884E-16
    0.349995063E-16
    0.298054140E-16
    0.350437514E-16
    0.359221754E-16
    0.289159611E-16
    0.323744325E-16
    0.375609677E-16
    0.299588053E-16
    0.293355607E-16
    0.366502510E-16
    0.309672275E-16
    0.281691431E-16
    0.362649634E-16
    0.326772514E-16
    0.279334058E-16
    0.346814138E-16
    0.338223759E-16
    0.307080725E-16
    0.353929166E-16
    0.338345989E-16
    0.338375486E-16
    0.382393778E-16
    0.333205550E-16
    0.373014866E-16
    0.441210385E-16
    0.322907890E-16
    0.381264518E-16
    0.512753534E-16
    0.327178669E-16
    0.368250485E-16
    0.580842665E-16
    0.351682621E-16
    0.328778376E-16
    0.606959479E-16
    0.392050521E-16
    0.295908454E-16
    0.584689361E-16
    0.419469995E-16
    0.283100237E-16
    0.534467065E-16
    0.427109526E-16
    0.302753182E-16
    0.483025349E-16
    0.400303705E-16
    0.335053138E-16
    0.472448003E-16
    0.388073394E-16
    0.363151030E-16
    0.471365504E-16
    0.389871461E-16
    0.386181784E-16
    0.482958041E-16
    0.424865706E-16
    0.399328795E-16
    0.459316099E-16
    0.453084374E-16
    0.425618223E-16
    0.440810302E-16
    0.465425650E-16
    0.440317062E-16
    0.411944409E-16
    0.441889898E-16
    0.451843748E-16
    0.414205214E-16
    0.404081452E-16
    0.436437535E-16
    0.414712551E-16
    0.353225220E-16
    0.409073628E-16
    0.426184842E-16
    0.312596274E-16
    0.368966316E-16
    0.421287488E-16
    0.278434732E-16
    0.335716442E-16
    0.423728165E-16
    0.269394954E-16
    0.310045162E-16
    0.421492204E-16
    0.276353719E-16
    0.304050848E-16
    0.439811756E-16
    0.305390375E-16
    0.303383382E-16
    0.453095338E-16
    0.334114794E-16
    0.310577955E-16
    0.470707524E-16
    0.356691174E-16
    0.305266769E-16
    0.465475885E-16
    0.363408112E-16
    0.302346458E-16
    0.459509593E-16
    0.361251060E-16
    0.285186528E-16
    0.446440472E-16
    0.370334426E-16
    0.277797152E-16
    0.445649957E-16
    0.394669321E-16
    0.264282508E-16
    0.445098796E-16
    0.449003966E-16
    0.271396634E-16
    0.434283351E-16
    0.494949997E-16
    0.287856915E-16
    0.421231192E-16
    0.539680476E-16
    0.321171280E-16
    0.385553662E-16
    0.531655948E-16
    0.351632491E-16
    0.371739805E-16
    0.514043037E-16
    0.365721071E-16
    0.338814703E-16
    0.451606278E-16
    0.357431928E-16
    0.334675537E-16
    0.405367368E-16
    0.327269245E-16
    0.306261153E-16
    0.346295976E-16
    0.301154148E-16
    0.299606578E-16
    0.306441041E-16
    0.275785778E-16
    0.286716791E-16
    0.280602611E-16
    0.287309955E-16
    0.308473228E-16
    0.264299326E-16
    0.288178440E-16
    0.336494808E-16
    0.284253769E-16
    0.328281910E-16
    0.394009610E-16
    0.311684063E-16
    0.338752993E-16
    0.431208185E-16
    0.369811231E-16
    0.379291702E-16
    0.468160190E-16
    0.426081693E-16
    0.395530196E-16
    0.464835841E-16
    0.491681232E-16
    0.439225485E-16
    0.441190891E-16
    0.526598991E-16
    0.474188680E-16
    0.398165786E-16
    0.543039759E-16
    0.528469540E-16
    0.363110557E-16
    0.518335366E-16
    0.567769218E-16
    0.346997313E-16
    0.467432663E-16
    0.578901664E-16
    0.351121357E-16
    0.417662818E-16
    0.574378161E-16
    0.371836055E-16
    0.364907647E-16
    0.523330481E-16
    0.372044338E-16
    0.329809680E-16
    0.479612463E-16
    0.376098390E-16
    0.308885673E-16
    0.429865021E-16
    0.359088141E-16
    0.283545017E-16
    0.387358666E-16
    0.348276742E-16
    0.269697232E-16
    0.364656376E-16
    0.350380100E-16
    0.252115048E-16
    0.331420933E-16
    0.350215694E-16
    0.253734120E-16
    0.326483227E-16
    0.367358897E-16
    0.271622065E-16
    0.331616303E-16
    0.383517111E-16
    0.309677672E-16
    0.363024877E-16
    0.392550689E-16
    0.339629271E-16
    0.414244756E-16
    0.421256975E-16
    0.374793563E-16
    0.457207932E-16
    0.416739733E-16
    0.364623224E-16
    0.479148243E-16
    0.417883698E-16
    0.354687064E-16
    0.487239497E-16
    0.409277638E-16
    0.337259990E-16
    0.480541958E-16
    0.386969545E-16
    0.304801138E-16
    0.461713084E-16
    0.378137754E-16
    0.295684231E-16
    0.454736668E-16
    0.380455340E-16
    0.288088696E-16
    0.436240739E-16
    0.382965890E-16
    0.291404691E-16
    0.422579020E-16
    0.391708719E-16
    0.312488789E-16
    0.414602093E-16
    0.386904146E-16
    0.337696720E-16
    0.416496807E-16
    0.363468656E-16
    0.346693119E-16
    0.429094329E-16
    0.350679140E-16
    0.344865827E-16
    0.430323297E-16
    0.339618160E-16
    0.327338321E-16
    0.413839534E-16
    0.340617723E-16
    0.307936932E-16
    0.376264297E-16
    0.349178983E-16
    0.304480959E-16
    0.321815795E-16
    0.329220431E-16
    0.302121816E-16
    0.283854084E-16
    0.309285978E-16
    0.307183239E-16
    0.266548813E-16
    0.289226981E-16
    0.316095611E-16
    0.276599439E-16
    0.262220938E-16
    0.288352996E-16
    0.304518652E-16
    0.293489891E-16
    0.275264773E-16
    0.314382063E-16
    0.331710244E-16
    0.285816935E-16
    0.333655639E-16
    0.366044574E-16
    0.284326972E-16
    0.344971076E-16
    0.427281958E-16
    0.322636116E-16
    0.342434956E-16
    0.444834252E-16
    0.367002199E-16
    0.370816769E-16
    0.448889231E-16
    0.381369194E-16
    0.409411405E-16
    0.488078832E-16
    0.410982517E-16
    0.430425473E-16
    0.504932169E-16
    0.437387707E-16
    0.443072801E-16
    0.490877688E-16
    0.441323519E-16
    0.465013501E-16
    0.501116999E-16
    0.454766538E-16
    0.481526593E-16
    0.514050114E-16
    0.469089484E-16
    0.474725051E-16
    0.491533147E-16
    0.456226848E-16
    0.464334593E-16
    0.487172371E-16
    0.453551881E-16
    0.459722173E-16
    0.517851140E-16
    0.496726738E-16
    0.464392186E-16
    0.529722942E-16
    0.542801775E-16
    0.483650135E-16
    0.518420241E-16
    0.564461991E-16
    0.518352045E-16
    0.513326001E-16
    0.580763715E-16
    0.571186640E-16
    0.515159826E-16
    0.582363499E-16
    0.619978677E-16
    0.508578114E-16
    0.550509894E-16
    0.641808160E-16
    0.501598299E-16
    0.503367788E-16
    0.634487932E-16
    0.503713313E-16
    0.465985182E-16
    0.602121961E-16
    0.498047870E-16
    0.431127494E-16
    0.552643361E-16
    0.482778082E-16
    0.390070349E-16
    0.488414490E-16
    0.465566324E-16
    0.358726874E-16
    0.423092447E-16
    0.439286302E-16
    0.339274017E-16
    0.376698034E-16
    0.404992053E-16
    0.315395809E-16
    0.340486364E-16
    0.363422675E-16
    0.287262153E-16
    0.312622752E-16
    0.317703884E-16
    0.263555659E-16
    0.314320834E-16
    0.297121435E-16
    0.247860698E-16
    0.333491985E-16
    0.313777633E-16
    0.249844919E-16
    0.343611024E-16
    0.340104452E-16
    0.272818818E-16
    0.354668642E-16
    0.364375171E-16
    0.303856265E-16
    0.377228554E-16
    0.394303284E-16
    0.332204896E-16
    0.401644817E-16
    0.420510479E-16
    0.349341249E-16
    0.428375879E-16
    0.439437848E-16
    0.346892243E-16
    0.458020044E-16
    0.465440680E-16
    0.336370345E-16
    0.477603643E-16
    0.494340134E-16
    0.342027648E-16
    0.486988130E-16
    0.503881523E-16
    0.368290843E-16
    0.501217652E-16
    0.486857691E-16
    0.397325389E-16
    0.523333974E-16
    0.452757836E-16
    0.412288067E-16
    0.545039387E-16
    0.413504585E-16
    0.405772200E-16
    0.562242295E-16
    0.384407158E-16
    0.377818964E-16
    0.568842113E-16
    0.378580664E-16
    0.341364603E-16
    0.554877336E-16
    0.389831807E-16
    0.314961173E-16
    0.523130326E-16
    0.400956086E-16
    0.302448124E-16
    0.484316563E-16
    0.408963210E-16
    0.299592295E-16
    0.436824811E-16
    0.418789699E-16
    0.315444254E-16
    0.378120827E-16
    0.421659385E-16
    0.359702659E-16
    0.325708523E-16
    0.405946396E-16
    0.418418981E-16
    0.300473090E-16
    0.378613689E-16
    0.467072492E-16
    0.301236227E-16
    0.354913751E-16
    0.497685589E-16
    0.314710070E-16
    0.337613746E-16
    0.515714319E-16
    0.337747406E-16
    0.321885801E-16
    0.521383767E-16
    0.374275796E-16
    0.312019776E-16
    0.509250800E-16
    0.418037015E-16
    0.320915653E-16
    0.482059053E-16
    0.450230934E-16
    0.354777755E-16
    0.456470907E-16
    0.455956493E-16
    0.403505757E-16
    0.451818758E-16
    0.439744356E-16
    0.447632836E-16
    0.472061034E-16
    0.419618584E-16
    0.472795375E-16
    0.502069186E-16
    0.406777958E-16
    0.474418307E-16
    0.523169538E-16
    0.400141639E-16
    0.453990649E-16
    0.527059083E-16
    0.398339875E-16
    0.420193633E-16
    0.515660951E-16
    0.402390328E-16
    0.387703089E-16
    0.496027854E-16
    0.406996595E-16
    0.362943934E-16
    0.474412158E-16
    0.403709782E-16
    0.336833948E-16
    0.448114591E-16
    0.393354390E-16
    0.303261043E-16
    0.406771257E-16
    0.383518215E-16
    0.277825659E-16
    0.349878139E-16
    0.373715962E-16
    0.283470302E-16
    0.299542599E-16
    0.354629154E-16
    0.318756221E-16
    0.285773429E-16
    0.325146723E-16
    0.352895930E-16
    0.317186396E-16
    0.301246271E-16
    0.355834160E-16
    0.371516713E-16
    0.301856580E-16
    0.326604482E-16
    0.416676116E-16
    0.329654773E-16
    0.289895326E-16
    0.437708439E-16
    0.370590182E-16
    0.271577588E-16
    0.442709234E-16
    0.410051737E-16
    0.281965904E-16
    0.447962738E-16
    0.444805819E-16
    0.316937287E-16
    0.461911795E-16
    0.479995365E-16
    0.366194002E-16
    0.481079570E-16
    0.519320531E-16
    0.418607197E-16
    0.495569255E-16
    0.559543206E-16
    0.464575242E-16
    0.496488298E-16
    0.591857817E-16
    0.497679586E-16
    0.481046596E-16
    0.607282468E-16
    0.515105838E-16
    0.453403777E-16
    0.602398802E-16
    0.516455786E-16
    0.420535558E-16
    0.581265465E-16
    0.502749899E-16
    0.386142434E-16
    0.551438360E-16
    0.477072174E-16
    0.348600919E-16
    0.517680384E-16
    0.445781477E-16
    0.305522347E-16
    0.479619016E-16
    0.417871693E-16
    0.260416191E-16
    0.435325660E-16
    0.401527438E-16
    0.224276302E-16
    0.386582299E-16
    0.399768993E-16
    0.209638916E-16
    0.340267028E-16
    0.408359649E-16
    0.221849017E-16
    0.304590978E-16
    0.417670285E-16
    0.254976012E-16
    0.284053433E-16
    0.417433780E-16
    0.295665702E-16
    0.277805945E-16
    0.401575659E-16
    0.331231385E-16
    0.282120517E-16
    0.370623796E-16
    0.355290378E-16
    0.293577822E-16
    0.330919420E-16
    0.367735594E-16
    0.309691892E-16
    0.291428277E-16
    0.371188071E-16
    0.327006778E-16
    0.259657157E-16
    0.367786580E-16
    0.339481479E-16
    0.238611270E-16
    0.358357638E-16
    0.340022881E-16
    0.226859648E-16
    0.343826553E-16
    0.325213741E-16
    0.221831746E-16
    0.327145210E-16
    0.299336433E-16
    0.222983151E-16
    0.313173068E-16
    0.272832181E-16
    0.231058354E-16
    0.305563520E-16
    0.255259831E-16
    0.244464477E-16
    0.303488236E-16
    0.248957705E-16
    0.257859023E-16
    0.302071202E-16
    0.249147600E-16
    0.265287746E-16
    0.296281538E-16
    0.249131714E-16
    0.264191089E-16
    0.284057413E-16
    0.244695253E-16
    0.255924410E-16
    0.266109750E-16
    0.234839261E-16
    0.243444410E-16
    0.244288191E-16
    0.220963639E-16
    0.229815203E-16
    0.221248411E-16
    0.206807336E-16
    0.218639703E-16
    0.201140379E-16
    0.198323679E-16
    0.214235113E-16
    0.189153350E-16
    0.201642911E-16
    0.219871980E-16
    0.189185062E-16
    0.219539869E-16
    0.235266855E-16
    0.201308162E-16
    0.249103226E-16
    0.255869569E-16
    0.221291572E-16
    0.282842320E-16
    0.274960297E-16
    0.242763250E-16
    0.312573418E-16
    0.286881887E-16
    0.260305018E-16
    0.332872829E-16
    0.288747606E-16
    0.271094979E-16
    0.341566729E-16
    0.279942559E-16
    0.274615482E-16
    0.338122693E-16
    0.261411725E-16
    0.271928287E-16
    0.322891182E-16
    0.236457541E-16
    0.265584055E-16
    0.298359582E-16
    0.211691173E-16
    0.259326785E-16
    0.270288767E-16
    0.195253486E-16
    0.256509268E-16
    0.246060836E-16
    0.192197841E-16
    0.257927879E-16
    0.230648681E-16
    0.200829732E-16
    0.261099262E-16
    0.223795878E-16
    0.213789172E-16
    0.262112138E-16
    0.221245687E-16
    0.223330753E-16
    0.258790471E-16
    0.218800729E-16
    0.226381395E-16
    0.252400184E-16
    0.215335120E-16
    0.225390588E-16
    0.246220932E-16
    0.212344978E-16
    0.224711937E-16
    0.242151257E-16
    0.211092737E-16
    0.225937673E-16
    0.238631847E-16
    0.210552643E-16
    0.226492575E-16
    0.232139636E-16
    0.208321495E-16
    0.222581046E-16
    0.220879362E-16
    0.203341509E-16
    0.213144823E-16
    0.207010365E-16
    0.197200342E-16
    0.200801005E-16
    0.195200444E-16
    0.192375484E-16
    0.189390552E-16
    0.189004954E-16
    0.189697226E-16
    0.181483986E-16
    0.188811916E-16
    0.188270065E-16
    0.178011195E-16
    0.192550216E-16
    0.186921520E-16
    0.178451340E-16
    0.197105001E-16
    0.184686826E-16
    0.181169021E-16
    0.199773968E-16
    0.181440028E-16
    0.185083411E-16
    0.199873964E-16
    0.178956907E-16
    0.190351650E-16
    0.198648675E-16
    0.179414732E-16
    0.196611528E-16
    0.197280599E-16
    0.182985856E-16
    0.202731314E-16
    0.196353943E-16
    0.189405458E-16
    0.208627901E-16
    0.197246744E-16
    0.199184796E-16
    0.213954627E-16
    0.200526761E-16
    0.209463396E-16
    0.215810329E-16
    0.203386597E-16
    0.214889469E-16
    0.212524766E-16
    0.204043259E-16
    0.215241894E-16
    0.206980982E-16
    0.204699351E-16
    0.212872340E-16
    0.201810620E-16
    0.205185044E-16
    0.207474818E-16
    0.197948656E-16
    0.204797062E-16
    0.203549026E-16
    0.199795050E-16
    0.209727570E-16
    0.208473829E-16
    0.211159690E-16
    0.222561584E-16
    0.220477233E-16
    0.228726210E-16
    0.237901119E-16
    0.237138398E-16
    0.250316632E-16
    0.257702815E-16
    0.261389503E-16
    0.276905113E-16
    0.281993056E-16
    0.286459264E-16
    0.300232918E-16
    0.298778876E-16
    0.304369023E-16
    0.314964172E-16
    0.311174656E-16
    0.322510271E-16
    0.329792301E-16
    0.326851999E-16
    0.338508728E-16
    0.335987172E-16
    0.328930674E-16
    0.334466998E-16
    0.320699524E-16
    0.317574468E-16
    0.319641294E-16
    0.309002926E-16
    0.315011454E-16
    0.313323250E-16
    0.306989398E-16
    0.306403129E-16
    0.294604249E-16
    0.282279275E-16
    0.269975264E-16
    0.255745666E-16
    0.244077336E-16
    0.234652376E-16
    0.234402167E-16
    0.227090081E-16
    0.236730693E-16
    0.242212977E-16
    0.247174748E-16
    0.270590599E-16
    0.275895696E-16
    0.297211465E-16
    0.314723396E-16
    0.321762784E-16
    0.339593672E-16
    0.348712141E-16
    0.357535592E-16
    0.390799002E-16
    0.413641455E-16
    0.479346820E-16
    0.543219552E-16
    0.625461571E-16
    0.719096501E-16
    0.780205171E-16
    0.854134158E-16
    0.874636377E-16
    0.901373037E-16
    0.913788056E-16
    0.953957974E-16
    0.102292872E-15
    0.117541879E-15
    0.134860304E-15
    0.161090265E-15
    0.186765102E-15
    0.212075680E-15
    0.236889042E-15
    0.253485557E-15
    0.272156907E-15
    0.287289197E-15
    0.310040120E-15
    0.338905785E-15
    0.383303711E-15
    0.435428770E-15
    0.506588565E-15
    0.580715920E-15
    0.669173327E-15
    0.760054518E-15
    0.860179874E-15
    0.969862125E-15
    0.109206540E-14
    0.123406954E-14
    0.139838443E-14
    0.159247111E-14
    0.181968428E-14
    0.208825029E-14
    0.240246865E-14
    0.277480740E-14
    0.320957667E-14
    0.372485970E-14
    0.432140989E-14
    0.502488035E-14
    0.582922578E-14
    0.677398731E-14
    0.784805954E-14
    0.911263596E-14
    0.105564149E-13
    0.122650987E-13
    0.142292168E-13
    0.165568911E-13
    0.192407592E-13
    0.224102652E-13
    0.260687966E-13
    0.303672575E-13
    0.353422770E-13
    0.411598610E-13
    0.479173523E-13
    0.557826089E-13
    0.649353300E-13
    0.755434925E-13
    0.878903915E-13
    0.102178018E-12
    0.118828397E-12
    0.138148892E-12
    0.160744472E-12
    0.187103383E-12
    0.218040603E-12
    0.254265238E-12
    0.296814158E-12
    0.346639719E-12
    0.405079051E-12
    0.473433711E-12
    0.553605811E-12
    0.647526303E-12
    0.758126401E-12
    0.888362999E-12
    0.104269289E-11
    0.122545056E-11
    0.144299536E-11
    0.170137549E-11
    0.200930202E-11
    0.237528318E-11
    0.281144898E-11
    0.333046528E-11
    0.394998306E-11
    0.468956077E-11
    0.557534950E-11
    0.663713160E-11
    0.791303207E-11
    0.944686815E-11
    0.112931583E-10
    0.135152488E-10
    0.161912426E-10
    0.194134723E-10
    0.232957862E-10
    0.279746783E-10
    0.336178932E-10
    0.404273146E-10
    0.486489782E-10
    0.585782615E-10
    0.705725984E-10
    0.850604133E-10
    0.102559270E-09
    0.123690358E-09
    0.149205143E-09
    0.180006809E-09
    0.217187786E-09
    0.262059935E-09
    0.316205326E-09
    0.381519932E-09
    0.460281776E-09
    0.555217810E-09
    0.669595985E-09
    0.807328993E-09
    0.973098527E-09
    0.117251107E-08
    0.141226473E-08
    0.170037342E-08
    0.204639215E-08
    0.246173027E-08
    0.295996182E-08
    0.355725744E-08
    0.427282017E-08
    0.512947836E-08
    0.615430176E-08
    0.737941292E-08
    0.884285193E-08
    0.105896837E-07
    0.126731940E-07
    0.151563984E-07
    0.181136711E-07
    0.216328030E-07
    0.258171944E-07
    0.307886643E-07
    0.366903877E-07
    0.436907180E-07
    0.519871286E-07
    0.618113665E-07
    0.734347666E-07
    0.871751190E-07
    0.103403852E-06
    0.122555089E-06
    0.145135332E-06
    0.171735352E-06
    0.203043131E-06
    0.239859472E-06
    0.283115108E-06
    0.333891231E-06
    0.393441891E-06
    0.463220966E-06
    0.544911328E-06
    0.640460104E-06
    0.752116595E-06
    0.882478029E-06
    0.103453882E-05
    0.121174951E-05
    0.141808053E-05
    0.165809781E-05
    0.193704472E-05
    0.226093876E-05
    0.263667620E-05
    0.307215523E-05
    0.357640907E-05
    0.415976181E-05
    0.483399730E-05
    0.561255522E-05
    0.651074465E-05
    0.754598937E-05
    0.873809644E-05
    0.101095621E-04
    0.116859070E-04
    0.134960566E-04
    0.155727565E-04
    0.179530439E-04
    0.206787593E-04
    0.237971274E-04
    0.273613855E-04
    0.314314941E-04
    0.360749057E-04
    0.413674296E-04
    0.473941667E-04
    0.542505560E-04
    0.620435061E-04
    0.708926545E-04
    0.809317283E-04
    0.923100521E-04
    0.105194175E-03
    0.119769667E-03
    0.136243052E-03
    0.154843933E-03
    0.175827280E-03
    0.199475931E-03
    0.226103275E-03
    0.256056182E-03
    0.289718130E-03
    0.327512617E-03
    0.369906782E-03
    0.417415342E-03
    0.470604771E-03
    0.530097811E-03
    0.596578250E-03
    0.670796059E-03
    0.753572829E-03
    0.845807560E-03
    0.948482802E-03
    0.106267115E-02
    0.118954209E-02
    0.133036925E-02
    0.148653799E-02
    0.165955336E-02
    0.185104849E-02
    0.206279326E-02
    0.229670339E-02
    0.255484991E-02
    0.283946887E-02
    0.315297147E-02
    0.349795443E-02
    0.387721069E-02
    0.429374027E-02
    0.475076146E-02
    0.525172204E-02
    0.580031074E-02
    0.640046873E-02
    0.705640108E-02
    0.777258826E-02
    0.855379743E-02
    0.940509362E-02
    0.103318505E-01
    0.113397611E-01
    0.124348474E-01
    0.136234703E-01
    0.149123379E-01
    0.163085140E-01
    0.178194246E-01
    0.194528646E-01
    0.212170019E-01
    0.231203815E-01
    0.251719276E-01
    0.273809437E-01
    0.297571118E-01
    0.323104890E-01
    0.350515024E-01
    0.379909419E-01
    0.411399505E-01
    0.445100121E-01
    0.481129364E-01
    0.519608422E-01
    0.560661363E-01
    0.604414903E-01
    0.650998143E-01
    0.700542270E-01
    0.753180229E-01
    0.809046357E-01
    0.868275986E-01
    0.931005015E-01
    0.997369437E-01
    0.106750484E+00
    0.114154588E+00
    0.121962570E+00
    0.130187533E+00
    0.138842305E+00
    0.147939375E+00
    0.157490819E+00
    0.167508234E+00
    0.178002658E+00
    0.188984496E+00
    0.200463442E+00
    0.212448396E+00
    0.224947386E+00
    0.237967484E+00
    0.251514722E+00
    0.265594010E+00
    0.280209056E+00
    0.295362281E+00
    0.311054741E+00
    0.327286045E+00
    0.344054287E+00
    0.361355965E+00
    0.379185917E+00
    0.397537255E+00
    0.416401303E+00
    0.435767544E+00
    0.455623570E+00
    0.475955040E+00
    0.496745645E+00
    0.517977076E+00
    0.539629009E+00
    0.561679090E+00
    0.584102932E+00
    0.606874122E+00
    0.629964238E+00
    0.653342873E+00
    0.676977671E+00
    0.700834375E+00
    0.724876880E+00
    0.749067306E+00
    0.773366070E+00
    0.797731979E+00
    0.822122326E+00
    0.846492997E+00
    0.870798597E+00
    0.894992568E+00
    0.919027335E+00
    0.942854448E+00
    0.966424737E+00
    0.989688471E+00
    0.101259553E+01
    0.103509558E+01
    0.105713825E+01
    0.107867331E+01
    0.109965086E+01
    0.112002154E+01
    0.113973669E+01
    0.115874857E+01
    0.117701051E+01
    0.119447716E+01
    0.121110462E+01
    0.122685066E+01
    0.124167486E+01
    0.125553884E+01
    0.126840635E+01
    0.128024351E+01
    0.129101889E+01
    0.130070368E+01
    0.130927182E+01
    0.131670010E+01
    0.132296827E+01
    0.132805916E+01
    0.133195871E+01
    0.133465607E+01
    0.133614365E+01
    0.133641711E+01
    0.133547546E+01
    0.133332098E+01
    0.132995928E+01
    0.132539925E+01
    0.131965299E+01
    0.131273581E+01
    0.130466613E+01
    0.129546541E+01
    0.128515805E+01
    0.127377127E+01
    0.126133501E+01
    0.124788181E+01
    0.123344662E+01
    0.121806670E+01
    0.120178142E+01
    0.118463214E+01
    0.116666197E+01
    0.114791566E+01
    0.112843935E+01
    0.110828042E+01
    0.108748732E+01
    0.106610930E+01
    0.104419629E+01
    0.102179869E+01
    0.998967152E+00
    0.975752418E+00
    0.952205128E+00
    0.928375641E+00
    0.904313859E+00
    0.880069059E+00
    0.855689732E+00
    0.831223427E+00
    0.806716612E+00
    0.782214528E+00
    0.757761072E+00
    0.733398671E+00
    0.709168180E+00
    0.685108783E+00
    0.661257909E+00
    0.637651153E+00
    0.614322213E+00
    0.591302837E+00
    0.568622777E+00
    0.546309759E+00
    0.524389457E+00
    0.502885484E+00
    0.481819388E+00
    0.461210654E+00
    0.441076729E+00
    0.421433035E+00
    0.402293009E+00
    0.383668139E+00
    0.365568011E+00
    0.348000360E+00
    0.330971132E+00
    0.314484545E+00
    0.298543159E+00
    0.283147946E+00
    0.268298371E+00
    0.253992466E+00
    0.240226911E+00
    0.226997123E+00
    0.214297333E+00
    0.202120676E+00
    0.190459272E+00
    0.179304316E+00
    0.168646157E+00
    0.158474385E+00
    0.148777912E+00
    0.139545049E+00
    0.130763588E+00
    0.122420876E+00
    0.114503884E+00
    0.106999282E+00
    0.998935040E-01
    0.931728097E-01
    0.868233463E-01
    0.808312048E-01
    0.751824729E-01
    0.698632847E-01
    0.648598662E-01
    0.601585784E-01
    0.557459550E-01
    0.516087384E-01
    0.477339112E-01
    0.441087247E-01
    0.407207234E-01
    0.375577680E-01
    0.346080532E-01
    0.318601244E-01
    0.293028905E-01
    0.269256346E-01
    0.247180220E-01
    0.226701061E-01
    0.207723316E-01
    0.190155365E-01
    0.173909514E-01
    0.158901979E-01
    0.145052845E-01
    0.132286020E-01
    0.120529174E-01
    0.109713662E-01
    0.997744424E-02
    0.906499861E-02
    0.822821763E-02
    0.746162049E-02
    0.676004610E-02
    0.611864181E-02
    0.553285165E-02
    0.499840446E-02
    0.451130184E-02
    0.406780610E-02
    0.366442812E-02
    0.329791547E-02
    0.296524044E-02
    0.266358848E-02
    0.239034665E-02
    0.214309253E-02
    0.191958328E-02
    0.171774509E-02
    0.153566297E-02
    0.137157092E-02
    0.122384238E-02
    0.109098126E-02
    0.971613128E-03
    0.864477008E-03
    0.768417427E-03
    0.682376951E-03
    0.605389057E-03
    0.536571438E-03
    0.475119642E-03
    0.420301126E-03
    0.371449631E-03
    0.327959939E-03
    0.289282937E-03
    0.254921031E-03
    0.224423848E-03
    0.197384249E-03
    0.173434619E-03
    0.152243428E-03
    0.133512037E-03
    0.116971768E-03
    0.102381168E-03
    0.895235170E-04
    0.782045197E-04
    0.682501897E-04
    0.595049066E-04
    0.518296436E-04
    0.451003391E-04
    0.392064158E-04
    0.340494288E-04
    0.295418360E-04
    0.256058788E-04
    0.221725702E-04
    0.191807740E-04
    0.165763737E-04
    0.143115219E-04
    0.123439618E-04
    0.106364165E-04
    0.915603994E-05
    0.787392291E-05
    0.676464973E-05
    0.580590195E-05
    0.497810273E-05
    0.426409947E-05
    0.364888045E-05
    0.311932291E-05
    0.266396751E-05
    0.227281944E-05
    0.193717059E-05
    0.164944277E-05
    0.140304802E-05
    0.119226630E-05
    0.101213600E-05
    0.858358793E-06
    0.727214652E-06
    0.615488086E-06
    0.520402362E-06
    0.439562807E-06
    0.370906088E-06
    0.312656775E-06
    0.263288485E-06
    0.221490780E-06
    0.186139499E-06
    0.156271681E-06
    0.131063035E-06
    0.109809060E-06
    0.919080101E-07
    0.768467433E-07
    0.641879399E-07
    0.535595398E-07
    0.446451413E-07
    0.371762070E-07
    0.309248786E-07
    0.256981945E-07
    0.213327826E-07
    0.176906170E-07
    0.146550598E-07
    0.121277955E-07
    0.100259275E-07
    0.827973250E-08
    0.683054349E-08
    0.562914637E-08
    0.463421318E-08
    0.381115474E-08
    0.313099131E-08
    0.256952538E-08
    0.210652122E-08
    0.172512800E-08
    0.141128332E-08
    0.115330645E-08
    0.941472081E-09
    0.767723074E-09
    0.625363446E-09
    0.508859556E-09
    0.413618505E-09
    0.335852017E-09
    0.272421069E-09
    0.220741964E-09
    0.178677787E-09
    0.144476598E-09
    0.116693520E-09
    0.941482191E-10
    0.758707217E-10
    0.610712066E-10
    0.491010090E-10
    0.394327411E-10
    0.316332868E-10
    0.253503310E-10
    0.202946333E-10
    0.162314784E-10
    0.129687581E-10
    0.103513205E-10
    0.825296219E-11
    0.657231074E-11
    0.522734182E-11
    0.415230709E-11
    0.329409698E-11
    0.261003728E-11
    0.206563596E-11
    0.163304353E-11
    0.128981156E-11
    0.101775007E-11
    0.802341514E-12
    0.631849806E-12
    0.497038296E-12
    0.390440218E-12
    0.306315169E-12
    0.239953808E-12
    0.187756960E-12
    0.146727485E-12
    0.114601858E-12
    0.894041822E-13
    0.697040779E-13
    0.542555061E-13
    0.421848644E-13
    0.327090097E-13
    0.253387306E-13
    0.195894714E-13
    0.151541103E-13
    0.117100296E-13
    0.907661705E-14
    0.702204866E-14
    0.544082273E-14
    0.419514341E-14
    0.323611931E-14
    0.247615165E-14
    0.189502183E-14
    0.144168253E-14
    0.109896162E-14
    0.830474814E-15
    0.634017003E-15
    0.481128887E-15
    0.375515095E-15
    0.294376580E-15
    0.242685052E-15
    0.199783120E-15
    0.166923356E-15
    0.134610599E-15
    0.104710978E-15
    0.761929312E-16
    0.539652710E-16
    0.383516475E-16
    0.322286503E-16
    0.309080169E-16
    0.348427120E-16
    0.375049729E-16
    0.394201893E-16
    0.375010085E-16
    0.342647543E-16
    0.297753126E-16
    0.262528249E-16
    0.240205653E-16
    0.232216492E-16
    0.234938029E-16
    0.237776126E-16
    0.239607058E-16
    0.236186598E-16
    0.227384851E-16
    0.221017195E-16
    0.209755482E-16
    0.206140932E-16
    0.198783118E-16
    0.195273056E-16
    0.192036952E-16
    0.184783317E-16
    0.185078341E-16
    0.177206348E-16
    0.177481886E-16
    0.175982750E-16
    0.170574781E-16
    0.176378060E-16
    0.168140543E-16
    0.171629362E-16
    0.171507038E-16
    0.165402462E-16
    0.175462232E-16
    0.167718569E-16
    0.175417222E-16
    0.179401747E-16
    0.176185484E-16
    0.190700566E-16
    0.184853985E-16
    0.194695327E-16
    0.198706514E-16
    0.195464257E-16
    0.207457313E-16
    0.199370504E-16
    0.206090884E-16
    0.205250083E-16
    0.200066703E-16
    0.206406232E-16
    0.196957870E-16
    0.200922365E-16
    0.197846077E-16
    0.194347063E-16
    0.198547774E-16
    0.192783930E-16
    0.197193728E-16
    0.196189488E-16
    0.196541209E-16
    0.200579120E-16
    0.199707048E-16
    0.204190011E-16
    0.205884669E-16
    0.208861003E-16
    0.212955749E-16
    0.216087423E-16
    0.220475213E-16
    0.225132450E-16
    0.229569687E-16
    0.234641565E-16
    0.240433395E-16
    0.244317258E-16
    0.251401540E-16
    0.255303707E-16
    0.260421879E-16
    0.266658871E-16
    0.268300870E-16
    0.274888958E-16
    0.276112987E-16
    0.278393810E-16
    0.281282648E-16
    0.279027599E-16
    0.280854885E-16
    0.277398632E-16
    0.275623221E-16
    0.272703923E-16
    0.268041737E-16
    0.265880871E-16
    0.259820370E-16
    0.258777912E-16
    0.253598075E-16
    0.251685421E-16
    0.251467550E-16
    0.246244379E-16
    0.250475280E-16
    0.246507982E-16
    0.246779978E-16
    0.250381958E-16
    0.244074065E-16
    0.249068459E-16
    0.245827926E-16
    0.241513325E-16
    0.244613928E-16
    0.235842426E-16
    0.234170164E-16
    0.231679505E-16
    0.222249507E-16
    0.221487207E-16
    0.215819177E-16
    0.208743290E-16
    0.209625074E-16
    0.204222157E-16
    0.201529895E-16
    0.206163209E-16
    0.202027451E-16
    0.206524081E-16
    0.213917249E-16
    0.211616035E-16
    0.224485119E-16
    0.230525141E-16
    0.231956126E-16
    0.250538570E-16
    0.251529212E-16
    0.259090931E-16
    0.278136945E-16
    0.272932568E-16
    0.288858394E-16
    0.301828783E-16
    0.293083438E-16
    0.318022529E-16
    0.317673122E-16
    0.312995428E-16
    0.341830026E-16
    0.324151515E-16
    0.332875602E-16
    0.352735916E-16
    0.322821838E-16
    0.347622788E-16
    0.344271593E-16
    0.316213176E-16
    0.347774126E-16
    0.316877706E-16
    0.305111687E-16
    0.327012732E-16
    0.279681416E-16
    0.289162396E-16
    0.289443495E-16
    0.246239342E-16
    0.269609472E-16
    0.249180587E-16
    0.226998708E-16
    0.249970640E-16
    0.221478871E-16
    0.223193756E-16
    0.233638885E-16
    0.212514709E-16
    0.226520887E-16
    0.221615168E-16
    0.216530756E-16
    0.225840975E-16
    0.213119094E-16
    0.222217094E-16
    0.216041109E-16
    0.207622685E-16
    0.221670794E-16
    0.200920810E-16
    0.204959064E-16
    0.214216814E-16
    0.187593729E-16
    0.203958698E-16
    0.203656622E-16
    0.179387849E-16
    0.202940064E-16
    0.193480901E-16
    0.175381524E-16
    0.201657416E-16
    0.185202665E-16
    0.175171173E-16
    0.201257754E-16
    0.180385463E-16
    0.180585140E-16
    0.202384327E-16
    0.181932886E-16
    0.191598672E-16
    0.204681192E-16
    0.191175682E-16
    0.203132719E-16
    0.207883033E-16
    0.203975498E-16
    0.208562606E-16
    0.211821681E-16
    0.212014771E-16
    0.206302387E-16
    0.214947808E-16
    0.209652692E-16
    0.201182559E-16
    0.214056407E-16
    0.199721232E-16
    0.198730998E-16
    0.207459057E-16
    0.192059879E-16
    0.199377986E-16
    0.199708212E-16
    0.195069499E-16
    0.199966058E-16
    0.201343306E-16
    0.207254024E-16
    0.200549862E-16
    0.219716371E-16
    0.217046234E-16
    0.207342040E-16
    0.247942601E-16
    0.212908463E-16
    0.226995067E-16
    0.265293631E-16
    0.195707591E-16
    0.257574519E-16
    0.252634291E-16
    0.181067227E-16
    0.285642725E-16
    0.210130985E-16
    0.187247855E-16
    0.293651664E-16
    0.160463995E-16
    0.218612515E-16
    0.273060361E-16
    0.133937847E-16
    0.260504539E-16
    0.232844248E-16
    0.147932026E-16
    0.290095665E-16
    0.195709211E-16
    0.196216291E-16
    0.292384447E-16
    0.184714236E-16
    0.253327346E-16
    0.269622663E-16
    0.210563825E-16
    0.288792017E-16
    0.242195046E-16
    0.265255036E-16
    0.284443668E-16
    0.240855585E-16
    0.321841810E-16
    0.249635071E-16
    0.286881389E-16
    0.345650498E-16
    0.223868928E-16
    0.368266858E-16
    0.322111357E-16
    0.253238617E-16
    0.438780255E-16
    0.280942828E-16
    0.348198114E-16
    0.454152617E-16
    0.279963253E-16
    0.462364912E-16
    0.415058110E-16
    0.350179869E-16
    0.524379407E-16
    0.369413731E-16
    0.458509032E-16
    0.500503506E-16
    0.368068194E-16
    0.534849682E-16
    0.425633977E-16
    0.419307954E-16
    0.537089043E-16
    0.367778173E-16
    0.487913233E-16
    0.480690282E-16
    0.366805750E-16
    0.530298067E-16
    0.409193009E-16
    0.413994975E-16
    0.521265206E-16
    0.359954302E-16
    0.472144015E-16
