 #tdnd tdcion
    0.310061072E-16
    0.316156902E-16
    0.326627207E-16
    0.270678792E-16
    0.342680745E-16
    0.289325741E-16
    0.307734910E-16
    0.335639493E-16
    0.302777577E-16
    0.279530258E-16
    0.229543158E-16
    0.289129756E-16
    0.243518850E-16
    0.267456807E-16
    0.312968555E-16
    0.270966736E-16
    0.362862345E-16
    0.277819151E-16
    0.312987243E-16
    0.243014733E-16
    0.321443647E-16
    0.234229400E-16
    0.332448803E-16
    0.291957076E-16
    0.245786388E-16
    0.213332051E-16
    0.227216039E-16
    0.319866251E-16
    0.251367086E-16
    0.276882322E-16
    0.331543889E-16
    0.319634555E-16
    0.313956694E-16
    0.317040259E-16
    0.336271174E-16
    0.242549719E-16
    0.291489229E-16
    0.300134729E-16
    0.468644695E-16
    0.327712086E-16
    0.299954839E-16
    0.316933083E-16
    0.269255407E-16
    0.499897522E-16
    0.401275414E-16
    0.367532256E-16
    0.619234820E-16
    0.473678632E-16
    0.588295980E-16
    0.654422000E-16
    0.439264797E-16
    0.479324661E-16
    0.684010986E-16
    0.429023067E-16
    0.508794463E-16
    0.384145425E-16
    0.311372605E-16
    0.252037194E-16
    0.228329225E-16
    0.348472005E-16
    0.263824024E-16
    0.374244704E-16
    0.428542369E-16
    0.450237594E-16
    0.386845391E-16
    0.404314525E-16
    0.405661517E-16
    0.333960712E-16
    0.423929845E-16
    0.462788448E-16
    0.360100029E-16
    0.372308296E-16
    0.297823926E-16
    0.269801967E-16
    0.288239314E-16
    0.254956807E-16
    0.454073407E-16
    0.366199948E-16
    0.336918556E-16
    0.421075500E-16
    0.296038010E-16
    0.363855407E-16
    0.376526385E-16
    0.359828031E-16
    0.321321652E-16
    0.320825961E-16
    0.328319637E-16
    0.425691724E-16
    0.337012463E-16
    0.263278980E-16
    0.226063501E-16
    0.228429336E-16
    0.261622758E-16
    0.352203125E-16
    0.326660605E-16
    0.289494507E-16
    0.362842261E-16
    0.368372703E-16
    0.420067732E-16
    0.476356350E-16
    0.333116997E-16
    0.273127088E-16
    0.410106737E-16
    0.262540709E-16
    0.375107717E-16
    0.327120984E-16
    0.278405915E-16
    0.228857759E-16
    0.236658976E-16
    0.367885182E-16
    0.334252604E-16
    0.300203986E-16
    0.396631583E-16
    0.266387849E-16
    0.362069045E-16
    0.373826303E-16
    0.377037322E-16
    0.365937088E-16
    0.262904857E-16
    0.347498908E-16
    0.309391440E-16
    0.301010697E-16
    0.244884774E-16
    0.263808214E-16
    0.243570924E-16
    0.243514483E-16
    0.341322641E-16
    0.293444117E-16
    0.259816511E-16
    0.418338396E-16
    0.300558306E-16
    0.454393355E-16
    0.349126606E-16
    0.350318670E-16
    0.296141111E-16
    0.302064348E-16
    0.341875501E-16
    0.346958947E-16
    0.283457216E-16
    0.233648276E-16
    0.305670910E-16
    0.257488973E-16
    0.246555604E-16
    0.340372955E-16
    0.282283533E-16
    0.242098897E-16
    0.400192360E-16
    0.290638774E-16
    0.371446232E-16
    0.393167739E-16
    0.335591377E-16
    0.299281850E-16
    0.324905084E-16
    0.292866314E-16
    0.238151245E-16
    0.256948271E-16
    0.315151417E-16
    0.313773761E-16
    0.263885964E-16
    0.260735250E-16
    0.275576323E-16
    0.278940136E-16
    0.312988451E-16
    0.404513525E-16
    0.267371574E-16
    0.352265838E-16
    0.298808169E-16
    0.327963306E-16
    0.332772984E-16
    0.275245468E-16
    0.284851786E-16
    0.322835309E-16
    0.312277832E-16
    0.308838785E-16
    0.263977142E-16
    0.255101586E-16
    0.219032773E-16
    0.270223744E-16
    0.332418314E-16
    0.256299994E-16
    0.369315655E-16
    0.263375655E-16
    0.351474121E-16
    0.361248481E-16
    0.324078460E-16
    0.241645790E-16
    0.343367567E-16
    0.358394038E-16
    0.332043028E-16
    0.282497940E-16
    0.328595260E-16
    0.412049000E-16
    0.308827879E-16
    0.351148330E-16
    0.283167717E-16
    0.301128776E-16
    0.301008459E-16
    0.475055879E-16
    0.404762148E-16
    0.359588733E-16
    0.485526676E-16
    0.519669034E-16
    0.539529904E-16
    0.409733861E-16
    0.569152292E-16
    0.417079573E-16
    0.384284519E-16
    0.434204261E-16
    0.420475302E-16
    0.448245012E-16
    0.431296988E-16
    0.447216421E-16
    0.517172474E-16
    0.576011891E-16
    0.625437991E-16
    0.429965411E-16
    0.595268500E-16
    0.669737662E-16
    0.510762775E-16
    0.601062385E-16
    0.388702745E-16
    0.475033067E-16
    0.460643025E-16
    0.462051862E-16
    0.499281508E-16
    0.559066283E-16
    0.486190361E-16
    0.475048000E-16
    0.549638378E-16
    0.442197950E-16
    0.455819981E-16
    0.578873778E-16
    0.526151634E-16
    0.566802826E-16
    0.658169984E-16
    0.769021266E-16
    0.785494771E-16
    0.711379961E-16
    0.748864799E-16
    0.704397507E-16
    0.770033184E-16
    0.721576321E-16
    0.619852159E-16
    0.825896077E-16
    0.618354177E-16
    0.696094041E-16
    0.867505897E-16
    0.783176380E-16
    0.103237811E-15
    0.779492990E-16
    0.714660984E-16
    0.814072812E-16
    0.804606811E-16
    0.640536000E-16
    0.578524613E-16
    0.616982103E-16
    0.551850359E-16
    0.399403947E-16
    0.610524018E-16
    0.605638774E-16
    0.551314496E-16
    0.726747657E-16
    0.614172489E-16
    0.575819553E-16
    0.695213703E-16
    0.782863422E-16
    0.905467442E-16
    0.889944892E-16
    0.877502581E-16
    0.102653980E-15
    0.986910946E-16
    0.811767149E-16
    0.721112659E-16
    0.864421434E-16
    0.907760802E-16
    0.736612959E-16
    0.612137814E-16
    0.793646575E-16
    0.581952554E-16
    0.840586939E-16
    0.809977151E-16
    0.816006180E-16
    0.859777012E-16
    0.785157729E-16
    0.839297744E-16
    0.680482599E-16
    0.856007841E-16
    0.964363987E-16
    0.796622395E-16
    0.890981639E-16
    0.952480837E-16
    0.712027525E-16
    0.110988288E-15
    0.898703496E-16
    0.880633066E-16
    0.950152598E-16
    0.893350885E-16
    0.100856984E-15
    0.102597809E-15
    0.125323448E-15
    0.112948603E-15
    0.888746451E-16
    0.119660976E-15
    0.865831049E-16
    0.818211179E-16
    0.102887410E-15
    0.872439362E-16
    0.896169111E-16
    0.106787508E-15
    0.991475897E-16
    0.108942321E-15
    0.106975222E-15
    0.105171088E-15
    0.103616289E-15
    0.126968417E-15
    0.135369007E-15
    0.130491547E-15
    0.165742081E-15
    0.138286425E-15
    0.115479128E-15
    0.120972812E-15
    0.120784921E-15
    0.102854258E-15
    0.112010701E-15
    0.123241770E-15
    0.115857835E-15
    0.950834431E-16
    0.132690601E-15
    0.116996493E-15
    0.139139892E-15
    0.146588743E-15
    0.139634563E-15
    0.170773782E-15
    0.152527115E-15
    0.172844702E-15
    0.166230471E-15
    0.166088942E-15
    0.180806264E-15
    0.156259258E-15
    0.136140326E-15
    0.152313132E-15
    0.131455924E-15
    0.140603977E-15
    0.166878099E-15
    0.147114910E-15
    0.163936608E-15
    0.185312713E-15
    0.173889940E-15
    0.178811513E-15
    0.188408511E-15
    0.198204856E-15
    0.184158081E-15
    0.228217191E-15
    0.224303132E-15
    0.187938639E-15
    0.195500452E-15
    0.214243434E-15
    0.174743276E-15
    0.179499996E-15
    0.217989126E-15
    0.199799178E-15
    0.205435202E-15
    0.226983598E-15
    0.191259212E-15
    0.229310676E-15
    0.217828016E-15
    0.217408431E-15
    0.252691038E-15
    0.223576491E-15
    0.233563040E-15
    0.254294323E-15
    0.235934591E-15
    0.263761566E-15
    0.250667825E-15
    0.251639754E-15
    0.268686325E-15
    0.232620407E-15
    0.246303228E-15
    0.260285792E-15
    0.242984288E-15
    0.259790535E-15
    0.263469727E-15
    0.259550497E-15
    0.257349449E-15
    0.261535074E-15
    0.262229293E-15
    0.245018391E-15
    0.284210852E-15
    0.303777050E-15
    0.292055939E-15
    0.281028173E-15
    0.302328448E-15
    0.267018382E-15
    0.250058606E-15
    0.300584061E-15
    0.284109055E-15
    0.285406453E-15
    0.311117085E-15
    0.267968845E-15
    0.291330629E-15
    0.277473699E-15
    0.277662825E-15
    0.294597448E-15
    0.261543759E-15
    0.280425440E-15
    0.297126736E-15
    0.264554536E-15
    0.289739208E-15
    0.286093531E-15
    0.280139956E-15
    0.296964139E-15
    0.284787237E-15
    0.287153198E-15
    0.314127545E-15
    0.306162655E-15
    0.303686735E-15
    0.331356973E-15
    0.311590558E-15
    0.308100060E-15
    0.326625325E-15
    0.322110743E-15
    0.313479140E-15
    0.333413319E-15
    0.371135690E-15
    0.413977352E-15
    0.421411153E-15
    0.501931525E-15
    0.502310309E-15
    0.503024692E-15
    0.631453461E-15
    0.655518346E-15
    0.757030679E-15
    0.872619343E-15
    0.881501242E-15
    0.998775602E-15
    0.105509982E-14
    0.115563712E-14
    0.135803167E-14
    0.145024062E-14
    0.168211261E-14
    0.194068414E-14
    0.213660989E-14
    0.245463073E-14
    0.279079860E-14
    0.305246920E-14
    0.347863304E-14
    0.400212666E-14
    0.439017954E-14
    0.513819224E-14
    0.571423535E-14
    0.627078371E-14
    0.719697197E-14
    0.795718979E-14
    0.892800360E-14
    0.102809386E-13
    0.113542239E-13
    0.128966147E-13
    0.143535619E-13
    0.160605813E-13
    0.181294121E-13
    0.201294121E-13
    0.226938700E-13
    0.256224654E-13
    0.288298667E-13
    0.324347815E-13
    0.366315826E-13
    0.410449636E-13
    0.457582266E-13
    0.520226507E-13
    0.581957384E-13
    0.659407463E-13
    0.746076575E-13
    0.834954879E-13
    0.942378255E-13
    0.105576909E-12
    0.119158223E-12
    0.134510952E-12
    0.151193404E-12
    0.170946525E-12
    0.192783775E-12
    0.217569514E-12
    0.245338166E-12
    0.277401787E-12
    0.312050274E-12
    0.352416387E-12
    0.399382078E-12
    0.450365903E-12
    0.510256094E-12
    0.577691741E-12
    0.651032962E-12
    0.737486216E-12
    0.832088203E-12
    0.943304318E-12
    0.106662204E-11
    0.120671960E-11
    0.136616093E-11
    0.154553914E-11
    0.174796016E-11
    0.197625523E-11
    0.223574591E-11
    0.252500935E-11
    0.285716358E-11
    0.323512063E-11
    0.365339019E-11
    0.413349627E-11
    0.466846231E-11
    0.527107492E-11
    0.595898066E-11
    0.672949537E-11
    0.760702744E-11
    0.858932363E-11
    0.969600251E-11
    0.109431348E-10
    0.123506193E-10
    0.139295888E-10
    0.157126096E-10
    0.177201610E-10
    0.199672661E-10
    0.225177338E-10
    0.253783497E-10
    0.285741807E-10
    0.321905266E-10
    0.362255415E-10
    0.407638592E-10
    0.458755699E-10
    0.515881776E-10
    0.580227890E-10
    0.652128133E-10
    0.732815898E-10
    0.823225505E-10
    0.924683415E-10
    0.103792051E-09
    0.116513844E-09
    0.130726286E-09
    0.146612563E-09
    0.164450101E-09
    0.184340618E-09
    0.206536851E-09
    0.231416668E-09
    0.259134783E-09
    0.290163870E-09
    0.324804970E-09
    0.363418075E-09
    0.406538537E-09
    0.454594158E-09
    0.508153214E-09
    0.567922282E-09
    0.634512978E-09
    0.708597007E-09
    0.791257517E-09
    0.883134232E-09
    0.985435005E-09
    0.109940743E-08
    0.122597906E-08
    0.136671440E-08
    0.152331847E-08
    0.169712460E-08
    0.189045988E-08
    0.210503270E-08
    0.234324925E-08
    0.260777416E-08
    0.290124292E-08
    0.322668222E-08
    0.358787869E-08
    0.398804131E-08
    0.443152525E-08
    0.492327424E-08
    0.546746760E-08
    0.607039229E-08
    0.673806960E-08
    0.747638586E-08
    0.829357140E-08
    0.919759042E-08
    0.101969360E-07
    0.113019991E-07
    0.125227776E-07
    0.138715004E-07
    0.153614688E-07
    0.170063200E-07
    0.188217739E-07
    0.208259497E-07
    0.230358066E-07
    0.254736862E-07
    0.281618644E-07
    0.311239066E-07
    0.343888598E-07
    0.379855216E-07
    0.419454316E-07
    0.463060628E-07
    0.511054591E-07
    0.563863319E-07
    0.621958477E-07
    0.685840339E-07
    0.756077825E-07
    0.833279395E-07
    0.918095392E-07
    0.101126152E-06
    0.111358415E-06
    0.122589321E-06
    0.134918019E-06
    0.148443752E-06
    0.163279052E-06
    0.179548659E-06
    0.197383786E-06
    0.216928740E-06
    0.238344284E-06
    0.261799843E-06
    0.287484601E-06
    0.315599526E-06
    0.346368964E-06
    0.380031768E-06
    0.416851700E-06
    0.457107955E-06
    0.501114758E-06
    0.549205283E-06
    0.601742017E-06
    0.659124033E-06
    0.721773173E-06
    0.790157520E-06
    0.864780223E-06
    0.946186445E-06
    0.103496690E-05
    0.113176129E-05
    0.123726490E-05
    0.135222755E-05
    0.147745570E-05
    0.161383606E-05
    0.176230830E-05
    0.192390486E-05
    0.209972796E-05
    0.229098338E-05
    0.249895983E-05
    0.272505761E-05
    0.297077611E-05
    0.323774494E-05
    0.352771771E-05
    0.384258316E-05
    0.418438534E-05
    0.455531207E-05
    0.495771923E-05
    0.539417432E-05
    0.586739597E-05
    0.638033972E-05
    0.693618873E-05
    0.753832942E-05
    0.819044897E-05
    0.889647417E-05
    0.966063790E-05
    0.104874900E-04
    0.113819052E-04
    0.123490984E-04
    0.133947154E-04
    0.145247559E-04
    0.157456793E-04
    0.170644329E-04
    0.184883803E-04
    0.200254711E-04
    0.216842422E-04
    0.234737294E-04
    0.254036993E-04
    0.274845540E-04
    0.297273835E-04
    0.321441208E-04
    0.347474383E-04
    0.375508843E-04
    0.405689929E-04
    0.438171620E-04
    0.473118864E-04
    0.510707942E-04
    0.551125545E-04
    0.594571857E-04
    0.641259864E-04
    0.691415251E-04
    0.745280006E-04
    0.803111100E-04
    0.865180650E-04
    0.931779853E-04
    0.100321687E-03
    0.107981957E-03
    0.116193693E-03
    0.124993819E-03
    0.134421603E-03
    0.144518782E-03
    0.155329419E-03
    0.166900437E-03
    0.179281464E-03
    0.192525044E-03
    0.206686926E-03
    0.221826105E-03
    0.238004839E-03
    0.255289279E-03
    0.273749113E-03
    0.293458096E-03
    0.314494159E-03
    0.336939631E-03
    0.360881389E-03
    0.386411150E-03
    0.413625587E-03
    0.442626697E-03
    0.473522027E-03
    0.506424744E-03
    0.541454216E-03
    0.578735920E-03
    0.618402059E-03
    0.660591614E-03
    0.705450785E-03
    0.753133087E-03
    0.803799901E-03
    0.857620608E-03
    0.914773190E-03
    0.975444066E-03
    0.103982920E-02
    0.110813358E-02
    0.118057217E-02
    0.125737022E-02
    0.133876338E-02
    0.142499839E-02
    0.151633344E-02
    0.161303807E-02
    0.171539434E-02
    0.182369680E-02
    0.193825279E-02
    0.205938349E-02
    0.218742353E-02
    0.232272173E-02
    0.246564229E-02
    0.261656407E-02
    0.277588122E-02
    0.294400487E-02
    0.312136160E-02
    0.330839549E-02
    0.350556838E-02
    0.371335881E-02
    0.393226486E-02
    0.416280252E-02
    0.440550682E-02
    0.466093289E-02
    0.492965568E-02
    0.521226997E-02
    0.550939241E-02
    0.582165963E-02
    0.614973007E-02
    0.649428511E-02
    0.685602685E-02
    0.723568044E-02
    0.763399473E-02
    0.805174049E-02
    0.848971274E-02
    0.894872996E-02
    0.942963351E-02
    0.993329032E-02
    0.104605901E-01
    0.110124475E-01
    0.115898016E-01
    0.121936156E-01
    0.128248766E-01
    0.134845977E-01
    0.141738141E-01
    0.148935864E-01
    0.156449992E-01
    0.164291602E-01
    0.172472006E-01
    0.181002758E-01
    0.189895625E-01
    0.199162605E-01
    0.208815910E-01
    0.218867967E-01
    0.229331409E-01
    0.240219067E-01
    0.251543966E-01
    0.263319306E-01
    0.275558468E-01
    0.288274990E-01
    0.301482576E-01
    0.315195064E-01
    0.329426422E-01
    0.344190736E-01
    0.359502204E-01
    0.375375105E-01
    0.391823787E-01
    0.408862679E-01
    0.426506221E-01
    0.444768909E-01
    0.463665226E-01
    0.483209638E-01
    0.503416601E-01
    0.524300494E-01
    0.545875624E-01
    0.568156216E-01
    0.591156362E-01
    0.614890013E-01
    0.639370958E-01
    0.664612767E-01
    0.690628816E-01
    0.717432241E-01
    0.745035875E-01
    0.773452266E-01
    0.802693658E-01
    0.832771885E-01
    0.863698455E-01
    0.895484400E-01
    0.928140349E-01
    0.961676440E-01
    0.996102307E-01
    0.103142704E+00
    0.106765919E+00
    0.110480666E+00
    0.114287677E+00
    0.118187617E+00
    0.122181079E+00
    0.126268588E+00
    0.130450593E+00
    0.134727462E+00
    0.139099485E+00
    0.143566870E+00
    0.148129732E+00
    0.152788103E+00
    0.157541920E+00
    0.162391027E+00
    0.167335170E+00
    0.172373994E+00
    0.177507046E+00
    0.182733767E+00
    0.188053489E+00
    0.193465444E+00
    0.198968750E+00
    0.204562413E+00
    0.210245328E+00
    0.216016279E+00
    0.221873931E+00
    0.227816837E+00
    0.233843432E+00
    0.239952036E+00
    0.246140851E+00
    0.252407965E+00
    0.258751344E+00
    0.265168843E+00
    0.271658200E+00
    0.278217039E+00
    0.284842869E+00
    0.291533089E+00
    0.298284986E+00
    0.305095741E+00
    0.311962424E+00
    0.318882005E+00
    0.325851350E+00
    0.332867235E+00
    0.339926326E+00
    0.347025207E+00
    0.354160374E+00
    0.361328231E+00
    0.368525110E+00
    0.375747258E+00
    0.382990858E+00
    0.390252021E+00
    0.397526797E+00
    0.404811178E+00
    0.412101107E+00
    0.419392473E+00
    0.426681131E+00
    0.433962898E+00
    0.441233558E+00
    0.448488876E+00
    0.455724598E+00
    0.462936451E+00
    0.470120168E+00
    0.477271474E+00
    0.484386102E+00
    0.491459798E+00
    0.498488331E+00
    0.505467487E+00
    0.512393088E+00
    0.519260992E+00
    0.526067103E+00
    0.532807372E+00
    0.539477798E+00
    0.546074455E+00
    0.552593472E+00
    0.559031051E+00
    0.565383470E+00
    0.571647090E+00
    0.577818360E+00
    0.583893815E+00
    0.589870084E+00
    0.595743897E+00
    0.601512090E+00
    0.607171598E+00
    0.612719467E+00
    0.618152856E+00
    0.623469037E+00
    0.628665398E+00
    0.633739444E+00
    0.638688802E+00
    0.643511217E+00
    0.648204557E+00
    0.652766810E+00
    0.657196089E+00
    0.661490624E+00
    0.665648777E+00
    0.669669011E+00
    0.673549923E+00
    0.677290223E+00
    0.680888736E+00
    0.684344394E+00
    0.687656248E+00
    0.690823452E+00
    0.693845263E+00
    0.696721033E+00
    0.699450226E+00
    0.702032384E+00
    0.704467137E+00
    0.706754206E+00
    0.708893388E+00
    0.710884549E+00
    0.712727627E+00
    0.714422625E+00
    0.715969596E+00
    0.717368662E+00
    0.718619971E+00
    0.719723724E+00
    0.720680153E+00
    0.721489527E+00
    0.722152128E+00
    0.722668266E+00
    0.723038256E+00
    0.723262433E+00
    0.723341125E+00
    0.723274655E+00
    0.723063352E+00
    0.722707523E+00
    0.722207463E+00
    0.721563446E+00
    0.720775723E+00
    0.719844525E+00
    0.718770047E+00
    0.717552452E+00
    0.716191875E+00
    0.714688416E+00
    0.713042135E+00
    0.711253059E+00
    0.709321182E+00
    0.707246457E+00
    0.705028806E+00
    0.702668121E+00
    0.700164262E+00
    0.697517066E+00
    0.694726341E+00
    0.691791885E+00
    0.688713475E+00
    0.685490885E+00
    0.682123882E+00
    0.678612242E+00
    0.674955750E+00
    0.671154213E+00
    0.667207461E+00
    0.663115362E+00
    0.658877831E+00
    0.654494835E+00
    0.649966406E+00
    0.645292642E+00
    0.640473741E+00
    0.635509983E+00
    0.630401755E+00
    0.625149560E+00
    0.619754032E+00
    0.614215934E+00
    0.608536178E+00
    0.602715832E+00
    0.596756136E+00
    0.590658501E+00
    0.584424520E+00
    0.578055985E+00
    0.571554887E+00
    0.564923426E+00
    0.558164017E+00
    0.551279298E+00
    0.544272127E+00
    0.537145601E+00
    0.529903041E+00
    0.522548009E+00
    0.515084304E+00
    0.507515956E+00
    0.499847237E+00
    0.492082647E+00
    0.484226919E+00
    0.476285013E+00
    0.468262104E+00
    0.460163584E+00
    0.451995048E+00
    0.443762289E+00
    0.435471282E+00
    0.427128177E+00
    0.418739293E+00
    0.410311090E+00
    0.401850164E+00
    0.393363233E+00
    0.384857118E+00
    0.376338725E+00
    0.367815028E+00
    0.359293059E+00
    0.350779874E+00
    0.342282553E+00
    0.333808162E+00
    0.325363752E+00
    0.316956324E+00
    0.308592820E+00
    0.300280099E+00
    0.292024916E+00
    0.283833910E+00
    0.275713584E+00
    0.267670277E+00
    0.259710161E+00
    0.251839218E+00
    0.244063221E+00
    0.236387727E+00
    0.228818053E+00
    0.221359275E+00
    0.214016204E+00
    0.206793381E+00
    0.199695067E+00
    0.192725240E+00
    0.185887574E+00
    0.179185444E+00
    0.172621920E+00
    0.166199760E+00
    0.159921409E+00
    0.153789000E+00
    0.147804352E+00
    0.141968973E+00
    0.136284062E+00
    0.130750511E+00
    0.125368917E+00
    0.120139578E+00
    0.115062509E+00
    0.110137445E+00
    0.105363852E+00
    0.100740935E+00
    0.962676508E-01
    0.919427176E-01
    0.877646277E-01
    0.837316596E-01
    0.798418909E-01
    0.760932098E-01
    0.724833294E-01
    0.690098056E-01
    0.656700427E-01
    0.624613132E-01
    0.593807686E-01
    0.564254561E-01
    0.535923273E-01
    0.508782566E-01
    0.482800500E-01
    0.457944614E-01
    0.434182005E-01
    0.411479478E-01
    0.389803656E-01
    0.369121071E-01
    0.349398286E-01
    0.330601974E-01
    0.312699017E-01
    0.295656590E-01
    0.279442244E-01
    0.264023967E-01
    0.249370257E-01
    0.235450182E-01
    0.222233424E-01
    0.209690341E-01
    0.197791997E-01
    0.186510199E-01
    0.175817529E-01
    0.165687369E-01
    0.156093918E-01
    0.147012205E-01
    0.138418102E-01
    0.130288328E-01
    0.122600450E-01
    0.115332886E-01
    0.108464885E-01
    0.101976531E-01
    0.958487323E-02
    0.900632002E-02
    0.846024344E-02
    0.794497070E-02
    0.745890445E-02
    0.700051972E-02
    0.656836307E-02
    0.616104873E-02
    0.577725855E-02
    0.541573648E-02
    0.507528853E-02
    0.475477961E-02
    0.445313071E-02
    0.416931717E-02
    0.390236587E-02
    0.365135254E-02
    0.341540020E-02
    0.319367669E-02
    0.298539241E-02
    0.278979817E-02
    0.260618373E-02
    0.243387505E-02
    0.227223316E-02
    0.212065211E-02
    0.197855749E-02
    0.184540462E-02
    0.172067709E-02
    0.160388549E-02
    0.149456610E-02
    0.139227932E-02
    0.129660894E-02
    0.120716033E-02
    0.112356042E-02
    0.104545548E-02
    0.972510895E-03
    0.904410179E-03
    0.840854092E-03
    0.781559626E-03
    0.726259534E-03
    0.674701384E-03
    0.626647000E-03
    0.581871718E-03
    0.540163562E-03
    0.501323358E-03
    0.465163080E-03
    0.431506180E-03
    0.400186553E-03
    0.371048194E-03
    0.343944742E-03
    0.318739002E-03
    0.295302214E-03
    0.273513946E-03
    0.253261457E-03
    0.234439412E-03
    0.216949240E-03
    0.200699149E-03
    0.185603251E-03
    0.171581641E-03
    0.158559701E-03
    0.146468073E-03
    0.135242174E-03
    0.124821795E-03
    0.115151041E-03
    0.106177884E-03
    0.978539283E-04
    0.901342903E-04
    0.829770403E-04
    0.763434396E-04
    0.701972993E-04
    0.645050468E-04
    0.592353725E-04
    0.543592460E-04
    0.498495538E-04
    0.456811068E-04
    0.418303592E-04
    0.382754367E-04
    0.349958778E-04
    0.319725616E-04
    0.291877015E-04
    0.266246013E-04
    0.242676929E-04
    0.221023846E-04
    0.201150078E-04
    0.182927624E-04
    0.166237017E-04
    0.150965697E-04
    0.137008545E-04
    0.124266778E-04
    0.112648235E-04
    0.102066001E-04
    0.924393745E-05
    0.836920997E-05
    0.757535557E-05
    0.685569908E-05
    0.620406401E-05
    0.561467558E-05
    0.508213551E-05
    0.460144852E-05
    0.416795298E-05
    0.377732899E-05
    0.342560042E-05
    0.310905330E-05
    0.282429694E-05
    0.256819516E-05
    0.233787833E-05
    0.213070419E-05
    0.194427632E-05
    0.177639876E-05
    0.162509320E-05
    0.148854580E-05
    0.136514483E-05
    0.125342227E-05
    0.115206695E-05
    0.105991130E-05
    0.975911910E-06
    0.899148799E-06
    0.828808592E-06
    0.764176257E-06
    0.704624578E-06
    0.649613582E-06
    0.598671973E-06
    0.551394993E-06
    0.507434967E-06
    0.466498297E-06
    0.428331513E-06
    0.392729233E-06
    0.359508597E-06
    0.328532671E-06
    0.299669160E-06
    0.272824445E-06
    0.247912684E-06
    0.224863978E-06
    0.203623507E-06
    0.184138983E-06
    0.166368665E-06
    0.150277666E-06
    0.135827860E-06
    0.122987884E-06
    0.111724999E-06
    0.102008241E-06
    0.938013867E-07
    0.870705699E-07
    0.817763361E-07
    0.778809202E-07
    0.753384351E-07
    0.741061620E-07
    0.741341521E-07
    0.753718877E-07
    0.777654514E-07
    0.812600310E-07
    0.857957150E-07
    0.913143401E-07
    0.977540575E-07
    0.105050920E-06
    0.113141241E-06
    0.121961180E-06
    0.131444959E-06
    0.141526648E-06
    0.152141435E-06
    0.163224190E-06
    0.174710010E-06
    0.186535419E-06
    0.198639577E-06
    0.210958139E-06
    0.223433578E-06
    0.236006925E-06
    0.248622289E-06
    0.261224223E-06
    0.273761166E-06
    0.286183252E-06
    0.298440715E-06
    0.310489881E-06
    0.322287256E-06
    0.333791878E-06
    0.344964380E-06
    0.355771654E-06
    0.366178361E-06
    0.376154922E-06
    0.385674140E-06
    0.394710844E-06
    0.403240014E-06
    0.411244505E-06
    0.418705080E-06
    0.425607597E-06
    0.431937267E-06
    0.437686900E-06
    0.442845953E-06
    0.447409560E-06
    0.451374767E-06
    0.454740553E-06
    0.457505903E-06
    0.459673979E-06
    0.461251281E-06
    0.462241169E-06
    0.462653778E-06
    0.462498866E-06
    0.461786271E-06
    0.460528988E-06
    0.458741799E-06
    0.456439977E-06
    0.453638368E-06
    0.450355513E-06
    0.446609960E-06
    0.442419216E-06
    0.437804782E-06
    0.432786265E-06
    0.427385264E-06
    0.421621939E-06
    0.415519022E-06
    0.409099684E-06
    0.402382881E-06
    0.395394752E-06
    0.388154592E-06
    0.380686159E-06
    0.373010358E-06
    0.365150459E-06
    0.357127199E-06
    0.348961068E-06
    0.340674446E-06
    0.332286462E-06
    0.323816669E-06
    0.315286095E-06
    0.306710851E-06
    0.298111134E-06
    0.289502370E-06
    0.280902675E-06
    0.272327527E-06
    0.263790737E-06
    0.255309150E-06
    0.246893418E-06
    0.238559153E-06
    0.230316041E-06
    0.222177062E-06
    0.214151446E-06
    0.206248777E-06
    0.198479158E-06
    0.190848622E-06
    0.183366300E-06
    0.176038339E-06
    0.168869337E-06
    0.161866464E-06
    0.155032294E-06
    0.148371896E-06
    0.141887617E-06
    0.135582254E-06
    0.129458004E-06
    0.123515413E-06
    0.117756949E-06
    0.112180676E-06
    0.106788624E-06
    0.101578670E-06
    0.965505513E-07
    0.917028974E-07
    0.870330202E-07
    0.825402970E-07
    0.782210717E-07
    0.740727709E-07
    0.700932677E-07
    0.662782776E-07
    0.626250708E-07
    0.591298851E-07
    0.557889964E-07
    0.525982951E-07
    0.495540793E-07
    0.466524056E-07
    0.438880476E-07
    0.412583221E-07
    0.387575329E-07
    0.363823766E-07
    0.341279447E-07
    0.319900797E-07
    0.299649031E-07
    0.280473697E-07
    0.262338285E-07
    0.245199949E-07
    0.229015762E-07
    0.213745978E-07
    0.199353742E-07
    0.185795734E-07
    0.173035161E-07
    0.161038157E-07
    0.149764055E-07
    0.139178775E-07
    0.129252115E-07
    0.119944715E-07
    0.111229993E-07
    0.103072911E-07
    0.954472107E-08
    0.883219629E-08
    0.816694574E-08
    0.754646702E-08
    0.696808726E-08
    0.642945528E-08
    0.592811075E-08
    0.546212891E-08
    0.502890659E-08
    0.462684409E-08
    0.425386511E-08
    0.390804997E-08
    0.358780199E-08
    0.329144335E-08
    0.301727638E-08
    0.276403787E-08
    0.253013278E-08
    0.231444500E-08
    0.211547092E-08
    0.193228013E-08
    0.176361470E-08
    0.160851033E-08
    0.146598540E-08
    0.133506677E-08
    0.121503549E-08
    0.110485846E-08
    0.100404651E-08
    0.911682873E-09
    0.827239883E-09
    0.750065639E-09
    0.679565230E-09
    0.615239946E-09
    0.556600320E-09
    0.503171885E-09
    0.454550605E-09
    0.410270599E-09
    0.370091261E-09
    0.333545671E-09
    0.300417230E-09
    0.270360326E-09
    0.243125913E-09
    0.218486943E-09
    0.196176705E-09
    0.176035702E-09
    0.157813814E-09
    0.141409786E-09
    0.126590581E-09
    0.113243378E-09
    0.101237155E-09
    0.904282150E-10
    0.807219756E-10
    0.719971966E-10
    0.641666413E-10
    0.571610001E-10
    0.508693313E-10
    0.452489738E-10
    0.402157967E-10
    0.357182594E-10
    0.317061991E-10
    0.281250104E-10
    0.249267588E-10
    0.220797864E-10
    0.195549423E-10
    0.172950104E-10
    0.152964279E-10
    0.135192339E-10
    0.119391216E-10
    0.105422288E-10
    0.929971396E-11
    0.820290869E-11
    0.722996875E-11
    0.637093546E-11
    0.560909760E-11
    0.494014072E-11
    0.434559075E-11
    0.382640493E-11
    0.336496560E-11
    0.295732740E-11
    0.260131563E-11
    0.228700871E-11
    0.200859082E-11
    0.176712378E-11
    0.155183969E-11
    0.136438261E-11
    0.119957269E-11
    0.105536116E-11
    0.928444005E-12
    0.816302082E-12
    0.719417968E-12
    0.632581489E-12
    0.558829625E-12
    0.491606473E-12
    0.435230573E-12
    0.383579590E-12
    0.339454184E-12
    0.300563731E-12
    0.266356025E-12
    0.236717976E-12
    0.210403204E-12
    0.186754801E-12
    0.166572169E-12
    0.148248032E-12
    0.132877187E-12
    0.118488012E-12
    0.106215701E-12
    0.955168272E-13
    0.856656830E-13
    0.773717040E-13
    0.693207458E-13
    0.627326255E-13
    0.564920600E-13
    0.512166361E-13
    0.460855161E-13
    0.419226302E-13
    0.382386073E-13
    0.345181812E-13
    0.314765450E-13
    0.286443256E-13
    0.260457570E-13
    0.239792473E-13
    0.217218033E-13
    0.198861923E-13
    0.182954876E-13
    0.167309789E-13
    0.154576302E-13
    0.142014343E-13
    0.131828186E-13
    0.123319178E-13
    0.113951389E-13
    0.105446331E-13
    0.995866532E-14
    0.932459388E-14
    0.865955140E-14
    0.827732713E-14
    0.771770139E-14
    0.740511818E-14
    0.709465558E-14
    0.672014654E-14
    0.638936331E-14
    0.618888531E-14
    0.583937628E-14
    0.563906017E-14
    0.535320458E-14
    0.517318103E-14
    0.501124592E-14
    0.470444298E-14
    0.456626791E-14
    0.441370279E-14
    0.422907078E-14
    0.404309544E-14
    0.392020938E-14
    0.364988751E-14
    0.354309268E-14
    0.336333228E-14
    0.320844391E-14
    0.303943919E-14
    0.301206444E-14
    0.280391291E-14
    0.277926879E-14
    0.259844473E-14
    0.257870964E-14
    0.243797587E-14
    0.232441748E-14
    0.230444351E-14
    0.221662869E-14
    0.216636501E-14
    0.215767563E-14
    0.211622697E-14
    0.206195010E-14
    0.206444588E-14
    0.205021375E-14
    0.203650288E-14
    0.198880180E-14
    0.202621059E-14
    0.194305318E-14
    0.199184327E-14
    0.193028749E-14
    0.201169851E-14
    0.194539124E-14
    0.198535425E-14
    0.197686677E-14
    0.191639335E-14
    0.192132768E-14
    0.187017374E-14
    0.182719388E-14
    0.181846864E-14
    0.175964339E-14
    0.178849501E-14
    0.175100886E-14
    0.166428243E-14
    0.164005583E-14
    0.156402850E-14
    0.151249260E-14
    0.146575427E-14
    0.140092747E-14
    0.137778712E-14
    0.130516043E-14
    0.124146490E-14
    0.117215245E-14
    0.113956412E-14
    0.105815670E-14
    0.102667877E-14
    0.947735580E-15
    0.860793280E-15
    0.829145176E-15
    0.783775049E-15
    0.700666960E-15
    0.688711047E-15
    0.638350018E-15
    0.591351906E-15
    0.545826139E-15
    0.484497312E-15
    0.487686417E-15
    0.394863225E-15
    0.400921845E-15
    0.362664934E-15
    0.330566714E-15
    0.307320229E-15
    0.279406627E-15
    0.255909158E-15
    0.224521109E-15
    0.189443788E-15
    0.194934250E-15
    0.170212633E-15
    0.144227250E-15
    0.141357739E-15
    0.125941476E-15
    0.113257550E-15
    0.110061713E-15
    0.105143281E-15
    0.974406769E-16
    0.760954027E-16
    0.792237785E-16
    0.695878534E-16
    0.638392744E-16
    0.550708684E-16
    0.627146883E-16
    0.483069051E-16
    0.393244560E-16
    0.423641330E-16
    0.432847107E-16
    0.349573013E-16
    0.290528699E-16
    0.377264354E-16
    0.378518904E-16
    0.271394504E-16
    0.368965790E-16
    0.335666974E-16
    0.292831252E-16
    0.322978936E-16
    0.336893814E-16
    0.367072280E-16
    0.306824854E-16
    0.307648461E-16
    0.275017182E-16
    0.209815628E-16
    0.253631639E-16
    0.278249892E-16
    0.237477771E-16
    0.181881989E-16
    0.269972289E-16
    0.337641868E-16
    0.230002071E-16
    0.248738970E-16
    0.332933522E-16
    0.190136332E-16
    0.251018970E-16
    0.256378925E-16
    0.343754601E-16
    0.221779996E-16
    0.260520601E-16
    0.277695612E-16
    0.212712412E-16
    0.218981756E-16
    0.279688586E-16
    0.278475974E-16
    0.179886516E-16
    0.221544948E-16
    0.318698209E-16
    0.267424726E-16
    0.228035604E-16
    0.335532568E-16
    0.240378155E-16
    0.198413577E-16
    0.300594430E-16
    0.326690414E-16
    0.247236518E-16
    0.242758481E-16
    0.268421013E-16
    0.248849667E-16
    0.205776637E-16
    0.266813343E-16
    0.233427329E-16
    0.240603512E-16
    0.206462709E-16
    0.302617479E-16
    0.293187005E-16
    0.229475940E-16
    0.299381316E-16
    0.221550042E-16
    0.215921334E-16
    0.279908288E-16
    0.272160272E-16
    0.250724545E-16
    0.226552607E-16
    0.271290394E-16
    0.227142527E-16
    0.234156342E-16
    0.266404445E-16
    0.267451067E-16
    0.225019251E-16
    0.193963819E-16
    0.254921603E-16
    0.318520670E-16
    0.245657955E-16
    0.283428307E-16
    0.280138059E-16
    0.185262150E-16
    0.338389332E-16
    0.255761957E-16
    0.243814431E-16
    0.226632860E-16
    0.216772424E-16
    0.245850052E-16
    0.222460470E-16
    0.280726077E-16
    0.204161414E-16
    0.264809264E-16
    0.200020339E-16
    0.237048156E-16
    0.267227056E-16
    0.282938156E-16
    0.228370939E-16
    0.290970939E-16
    0.208355748E-16
    0.249081586E-16
    0.261604772E-16
    0.304497956E-16
    0.214440655E-16
    0.225658600E-16
    0.217894291E-16
    0.279201003E-16
    0.255480768E-16
    0.238784078E-16
    0.226165623E-16
    0.214917595E-16
    0.220199912E-16
    0.251174849E-16
    0.249871006E-16
    0.254108172E-16
    0.284237653E-16
    0.222976799E-16
    0.277047073E-16
    0.256577089E-16
    0.260083353E-16
    0.237763731E-16
    0.216496035E-16
    0.218784075E-16
    0.222214979E-16
    0.333100783E-16
    0.189962798E-16
    0.243321196E-16
    0.220013938E-16
    0.229638650E-16
    0.199131936E-16
    0.264813921E-16
    0.222308629E-16
    0.296506779E-16
    0.211754634E-16
    0.204372043E-16
    0.288482948E-16
    0.315046366E-16
    0.202313040E-16
    0.194436734E-16
    0.241627455E-16
    0.274857954E-16
    0.252207242E-16
    0.263696399E-16
    0.195821524E-16
    0.230965766E-16
    0.208295273E-16
    0.222126993E-16
    0.214635694E-16
    0.226308081E-16
    0.266466672E-16
    0.239374276E-16
    0.202163913E-16
    0.245425096E-16
    0.243804670E-16
    0.250796321E-16
    0.231908053E-16
    0.234102746E-16
    0.220907306E-16
    0.336720649E-16
    0.241720381E-16
    0.216795613E-16
    0.252810554E-16
    0.258189146E-16
    0.154958807E-16
    0.225446159E-16
    0.220685598E-16
    0.251940305E-16
    0.222946940E-16
    0.211690785E-16
    0.287276781E-16
    0.279610218E-16
    0.187038137E-16
    0.183428446E-16
    0.250695510E-16
    0.272312340E-16
    0.242961632E-16
    0.290786906E-16
    0.188874236E-16
    0.235049636E-16
    0.214031027E-16
    0.249554882E-16
    0.188611303E-16
    0.212167400E-16
    0.273005665E-16
    0.250964592E-16
    0.181957638E-16
    0.247074121E-16
    0.267120530E-16
    0.244973943E-16
    0.215174672E-16
    0.255355577E-16
    0.225744576E-16
    0.304822788E-16
    0.269811048E-16
    0.198289129E-16
    0.250453212E-16
    0.265966560E-16
    0.163046206E-16
    0.254290318E-16
    0.204515877E-16
    0.227358707E-16
    0.245920653E-16
    0.208708600E-16
    0.203132353E-16
    0.240617454E-16
    0.194150707E-16
    0.180123031E-16
    0.232251369E-16
    0.267613715E-16
    0.262581971E-16
    0.246606469E-16
    0.203437370E-16
    0.256743137E-16
    0.246031853E-16
    0.220186467E-16
    0.234359248E-16
    0.220112913E-16
    0.227680587E-16
    0.271448673E-16
    0.214914434E-16
    0.247835542E-16
    0.276256538E-16
    0.213097212E-16
    0.203455792E-16
    0.240258138E-16
    0.248573450E-16
    0.261369301E-16
    0.256416335E-16
    0.226068193E-16
    0.203674312E-16
    0.207499683E-16
    0.259842274E-16
    0.243809632E-16
    0.190987833E-16
    0.270057589E-16
    0.263143065E-16
    0.187184019E-16
    0.169588496E-16
    0.255309097E-16
    0.233231602E-16
    0.207827317E-16
    0.237065270E-16
    0.250918815E-16
    0.284201810E-16
    0.202776975E-16
    0.239141604E-16
    0.271634891E-16
    0.233716116E-16
    0.197635297E-16
    0.300058176E-16
    0.213070247E-16
    0.263890252E-16
    0.256591891E-16
    0.249487798E-16
    0.175291349E-16
    0.226519214E-16
    0.220033714E-16
    0.161878012E-16
    0.215460327E-16
    0.274981763E-16
    0.247871891E-16
    0.208611575E-16
    0.212453248E-16
    0.239082375E-16
    0.208817224E-16
    0.236234505E-16
    0.271725389E-16
    0.227876612E-16
    0.257533503E-16
    0.267898564E-16
    0.248521771E-16
    0.213628676E-16
    0.258447800E-16
    0.237031741E-16
    0.245959405E-16
    0.224091051E-16
    0.294321171E-16
    0.228876836E-16
    0.223896737E-16
    0.313876648E-16
    0.221450742E-16
    0.205295487E-16
    0.305794130E-16
    0.256999631E-16
    0.238659944E-16
    0.318245375E-16
    0.222643655E-16
    0.197494339E-16
    0.206060780E-16
    0.224866892E-16
    0.179735881E-16
    0.273011310E-16
    0.223898194E-16
    0.237983580E-16
    0.172440361E-16
    0.211380024E-16
    0.333196143E-16
    0.186646241E-16
    0.217595733E-16
    0.296575684E-16
    0.278230952E-16
    0.231384228E-16
    0.318266734E-16
    0.278750823E-16
    0.183155769E-16
    0.219933979E-16
    0.252436642E-16
    0.192649721E-16
    0.247939215E-16
    0.248037257E-16
    0.286434270E-16
    0.196860594E-16
    0.249278908E-16
    0.322663502E-16
    0.188553664E-16
    0.293943718E-16
    0.300326376E-16
    0.263434588E-16
    0.288280770E-16
    0.256038701E-16
    0.295938396E-16
    0.232700795E-16
    0.253629217E-16
    0.257977947E-16
    0.229587469E-16
    0.223219102E-16
    0.290266511E-16
    0.226334243E-16
    0.206685131E-16
    0.317020522E-16
    0.271114649E-16
    0.240138345E-16
    0.270069497E-16
    0.267471614E-16
    0.287473061E-16
    0.258103049E-16
    0.218798510E-16
    0.186750132E-16
    0.203672254E-16
    0.326791057E-16
    0.188782713E-16
    0.260537102E-16
    0.212943714E-16
    0.300417008E-16
    0.229998592E-16
    0.270927617E-16
    0.341767482E-16
    0.251561264E-16
    0.364560760E-16
    0.312639209E-16
    0.256818053E-16
    0.426503078E-16
    0.310833541E-16
    0.255870225E-16
    0.237319206E-16
    0.260037374E-16
    0.257064206E-16
    0.237372978E-16
    0.325264836E-16
    0.294229396E-16
    0.193302107E-16
    0.238736812E-16
    0.387585898E-16
    0.240060581E-16
    0.234820176E-16
    0.291365208E-16
    0.300325343E-16
    0.376339812E-16
    0.305021737E-16
    0.247348410E-16
    0.229765348E-16
    0.285438362E-16
    0.271177418E-16
    0.268088115E-16
    0.340531994E-16
    0.383883744E-16
    0.298204557E-16
    0.336091560E-16
    0.391044440E-16
    0.272690601E-16
    0.298781255E-16
    0.300897510E-16
    0.302041342E-16
    0.363489302E-16
    0.399612334E-16
    0.359312715E-16
    0.323960748E-16
    0.418579833E-16
    0.477084614E-16
    0.424387797E-16
    0.460613305E-16
    0.386293037E-16
    0.361577374E-16
    0.299864435E-16
    0.312704606E-16
    0.264532043E-16
    0.278671768E-16
    0.276001990E-16
    0.376342706E-16
