 #tdnd tdcion
    0.254493661E-16
    0.230972307E-16
    0.252655025E-16
    0.218007848E-16
    0.244819647E-16
    0.242840884E-16
    0.287916698E-16
    0.341844163E-16
    0.270378771E-16
    0.225121835E-16
    0.298313702E-16
    0.256933241E-16
    0.228835514E-16
    0.245933210E-16
    0.261019432E-16
    0.241090040E-16
    0.224974013E-16
    0.240270593E-16
    0.237563662E-16
    0.237860577E-16
    0.222346501E-16
    0.267641416E-16
    0.279002483E-16
    0.285592335E-16
    0.263434029E-16
    0.264911322E-16
    0.237146320E-16
    0.247588147E-16
    0.227431800E-16
    0.217554567E-16
    0.288516426E-16
    0.247540404E-16
    0.196946150E-16
    0.236541491E-16
    0.218397282E-16
    0.212947381E-16
    0.224367605E-16
    0.214261924E-16
    0.306826392E-16
    0.209800240E-16
    0.285682553E-16
    0.254057034E-16
    0.226650403E-16
    0.372700453E-16
    0.292459099E-16
    0.259384799E-16
    0.298963220E-16
    0.290790566E-16
    0.426189522E-16
    0.344821026E-16
    0.442091884E-16
    0.328588454E-16
    0.302934678E-16
    0.404864809E-16
    0.493413620E-16
    0.485021748E-16
    0.436756293E-16
    0.480996417E-16
    0.463334090E-16
    0.369179172E-16
    0.409771885E-16
    0.533621307E-16
    0.330166098E-16
    0.290266179E-16
    0.326787959E-16
    0.212660793E-16
    0.300979845E-16
    0.341151074E-16
    0.265369116E-16
    0.315566657E-16
    0.410202890E-16
    0.353755000E-16
    0.310576225E-16
    0.359736305E-16
    0.400039647E-16
    0.239862815E-16
    0.322438918E-16
    0.338139565E-16
    0.270442561E-16
    0.283556900E-16
    0.272945362E-16
    0.265709378E-16
    0.354661768E-16
    0.316641504E-16
    0.389356084E-16
    0.288101341E-16
    0.294200569E-16
    0.365825701E-16
    0.343986974E-16
    0.321869408E-16
    0.263972922E-16
    0.312498940E-16
    0.375487913E-16
    0.277924542E-16
    0.366245284E-16
    0.337722879E-16
    0.343324525E-16
    0.292991517E-16
    0.311066031E-16
    0.289462672E-16
    0.361563807E-16
    0.249732753E-16
    0.341770158E-16
    0.324444787E-16
    0.281581821E-16
    0.197139394E-16
    0.319712308E-16
    0.363833665E-16
    0.272560306E-16
    0.279942266E-16
    0.248755488E-16
    0.271190909E-16
    0.351939994E-16
    0.303465794E-16
    0.331092198E-16
    0.303640643E-16
    0.300934787E-16
    0.278871532E-16
    0.310457363E-16
    0.246365141E-16
    0.240313125E-16
    0.394417191E-16
    0.378547544E-16
    0.246698859E-16
    0.266629424E-16
    0.299388842E-16
    0.362598748E-16
    0.322365551E-16
    0.232140291E-16
    0.337850464E-16
    0.299979427E-16
    0.232504038E-16
    0.289092897E-16
    0.271977330E-16
    0.336849868E-16
    0.260217381E-16
    0.279067099E-16
    0.344769236E-16
    0.214954212E-16
    0.259858219E-16
    0.370102523E-16
    0.274425301E-16
    0.254370835E-16
    0.300216455E-16
    0.260078492E-16
    0.332701786E-16
    0.294590184E-16
    0.282114659E-16
    0.407904697E-16
    0.236808705E-16
    0.337668333E-16
    0.259474837E-16
    0.257461375E-16
    0.299619682E-16
    0.286250717E-16
    0.417923157E-16
    0.318112121E-16
    0.285256836E-16
    0.325812546E-16
    0.299647511E-16
    0.314977430E-16
    0.377040683E-16
    0.193931938E-16
    0.281270073E-16
    0.308414009E-16
    0.277103158E-16
    0.285959721E-16
    0.292666363E-16
    0.369559342E-16
    0.301267514E-16
    0.292532955E-16
    0.279097697E-16
    0.270965579E-16
    0.281021926E-16
    0.305518730E-16
    0.400610905E-16
    0.286644586E-16
    0.298196844E-16
    0.291664665E-16
    0.278468654E-16
    0.278464506E-16
    0.289529781E-16
    0.360220656E-16
    0.354747616E-16
    0.346695390E-16
    0.303457204E-16
    0.301516860E-16
    0.305380770E-16
    0.227804409E-16
    0.281586856E-16
    0.432340988E-16
    0.366273902E-16
    0.277895609E-16
    0.376426351E-16
    0.247977076E-16
    0.331473495E-16
    0.386586713E-16
    0.224266894E-16
    0.363972074E-16
    0.279346208E-16
    0.271974075E-16
    0.423654863E-16
    0.281136731E-16
    0.474409162E-16
    0.304077881E-16
    0.288290109E-16
    0.321582141E-16
    0.256226374E-16
    0.331914084E-16
    0.359424161E-16
    0.475500973E-16
    0.434226324E-16
    0.456123907E-16
    0.424931424E-16
    0.495211844E-16
    0.348665132E-16
    0.442694251E-16
    0.439657465E-16
    0.465854530E-16
    0.532143689E-16
    0.385671554E-16
    0.380537682E-16
    0.397234677E-16
    0.463712527E-16
    0.624395291E-16
    0.566100370E-16
    0.665374076E-16
    0.582936975E-16
    0.710821264E-16
    0.570497981E-16
    0.550887475E-16
    0.478485719E-16
    0.539451168E-16
    0.379894226E-16
    0.742254880E-16
    0.607609904E-16
    0.864269307E-16
    0.700518865E-16
    0.776961689E-16
    0.715111433E-16
    0.610169006E-16
    0.756692817E-16
    0.750745234E-16
    0.785441298E-16
    0.918319183E-16
    0.952042418E-16
    0.861517623E-16
    0.111622169E-15
    0.933398946E-16
    0.118279461E-15
    0.126269869E-15
    0.122960378E-15
    0.101975160E-15
    0.132893443E-15
    0.119785806E-15
    0.124161482E-15
    0.861382371E-16
    0.101352961E-15
    0.966359715E-16
    0.103426101E-15
    0.118895283E-15
    0.116914852E-15
    0.103346266E-15
    0.131489138E-15
    0.805185184E-16
    0.832984707E-16
    0.786562528E-16
    0.719463981E-16
    0.616878007E-16
    0.975897774E-16
    0.877310632E-16
    0.106680628E-15
    0.715378498E-16
    0.897139582E-16
    0.791290200E-16
    0.677822650E-16
    0.796205371E-16
    0.891689155E-16
    0.885070949E-16
    0.120273825E-15
    0.126499570E-15
    0.119356152E-15
    0.142611208E-15
    0.125096015E-15
    0.129780455E-15
    0.136874475E-15
    0.121220908E-15
    0.113314621E-15
    0.141185670E-15
    0.124908652E-15
    0.147168786E-15
    0.116193119E-15
    0.122787475E-15
    0.110700302E-15
    0.109258634E-15
    0.119181585E-15
    0.108036558E-15
    0.104822112E-15
    0.124299216E-15
    0.106598101E-15
    0.123105559E-15
    0.146960738E-15
    0.151179341E-15
    0.134888025E-15
    0.176977578E-15
    0.132650534E-15
    0.163983434E-15
    0.140026214E-15
    0.154378776E-15
    0.171198656E-15
    0.165135482E-15
    0.185570935E-15
    0.185243516E-15
    0.159441807E-15
    0.146630575E-15
    0.154104980E-15
    0.150033087E-15
    0.151794497E-15
    0.163397528E-15
    0.158806659E-15
    0.188937754E-15
    0.174091108E-15
    0.182894643E-15
    0.185672724E-15
    0.181177711E-15
    0.194784156E-15
    0.203960321E-15
    0.191090784E-15
    0.212414325E-15
    0.200408557E-15
    0.199664884E-15
    0.210117004E-15
    0.234599780E-15
    0.201769263E-15
    0.245028040E-15
    0.190019799E-15
    0.206496334E-15
    0.210655998E-15
    0.228337810E-15
    0.212652190E-15
    0.260732599E-15
    0.243853080E-15
    0.258311340E-15
    0.248601109E-15
    0.225433102E-15
    0.206223556E-15
    0.222232421E-15
    0.254951960E-15
    0.268316946E-15
    0.271904653E-15
    0.287046078E-15
    0.264264176E-15
    0.246626387E-15
    0.261156459E-15
    0.269582924E-15
    0.253250887E-15
    0.295007179E-15
    0.300412657E-15
    0.286899432E-15
    0.306845799E-15
    0.258990237E-15
    0.255383792E-15
    0.268711546E-15
    0.279621299E-15
    0.275906152E-15
    0.295901092E-15
    0.270033585E-15
    0.280970896E-15
    0.290920530E-15
    0.269678727E-15
    0.313922300E-15
    0.277877809E-15
    0.263009461E-15
    0.248322937E-15
    0.274788743E-15
    0.235398062E-15
    0.269160840E-15
    0.240271052E-15
    0.285092237E-15
    0.245692375E-15
    0.235369480E-15
    0.216130897E-15
    0.217888224E-15
    0.204307625E-15
    0.219053899E-15
    0.219839896E-15
    0.224215629E-15
    0.187112605E-15
    0.173461114E-15
    0.158709234E-15
    0.170458613E-15
    0.141323270E-15
    0.157440936E-15
    0.182720522E-15
    0.193637116E-15
    0.227027107E-15
    0.216123823E-15
    0.262972713E-15
    0.268549393E-15
    0.311656960E-15
    0.347160596E-15
    0.454560689E-15
    0.532858422E-15
    0.611910228E-15
    0.744085758E-15
    0.863717399E-15
    0.103723436E-14
    0.120465041E-14
    0.136002983E-14
    0.166086578E-14
    0.196435049E-14
    0.235019092E-14
    0.282237826E-14
    0.327292160E-14
    0.394024487E-14
    0.442791949E-14
    0.520787747E-14
    0.603676512E-14
    0.688774914E-14
    0.790866699E-14
    0.923308804E-14
    0.104292267E-13
    0.122699886E-13
    0.139134231E-13
    0.159798992E-13
    0.181291329E-13
    0.210181379E-13
    0.238426605E-13
    0.272486369E-13
    0.314325408E-13
    0.358014833E-13
    0.408801218E-13
    0.464001393E-13
    0.523797890E-13
    0.599421881E-13
    0.678276473E-13
    0.771207847E-13
    0.881220149E-13
    0.997125266E-13
    0.113202876E-12
    0.128454819E-12
    0.144615758E-12
    0.164118021E-12
    0.186221070E-12
    0.211882135E-12
    0.238938150E-12
    0.271548284E-12
    0.307230304E-12
    0.347654914E-12
    0.393677657E-12
    0.445061063E-12
    0.505036158E-12
    0.572434085E-12
    0.647493876E-12
    0.733916189E-12
    0.831126550E-12
    0.938387257E-12
    0.106562015E-11
    0.120298808E-11
    0.136331016E-11
    0.154292472E-11
    0.174927779E-11
    0.197659628E-11
    0.223629169E-11
    0.253164346E-11
    0.286213525E-11
    0.323580670E-11
    0.365779159E-11
    0.413554613E-11
    0.467975711E-11
    0.528795032E-11
    0.597693128E-11
    0.675813308E-11
    0.762842559E-11
    0.862172748E-11
    0.973689357E-11
    0.109901871E-10
    0.124127745E-10
    0.140093172E-10
    0.158097407E-10
    0.178247767E-10
    0.201113790E-10
    0.226778225E-10
    0.255646103E-10
    0.288182187E-10
    0.324700184E-10
    0.365850673E-10
    0.411979205E-10
    0.463656716E-10
    0.521912718E-10
    0.587104741E-10
    0.660323655E-10
    0.742842124E-10
    0.834827943E-10
    0.938426817E-10
    0.105424696E-09
    0.118423037E-09
    0.132950485E-09
    0.149240301E-09
    0.167485129E-09
    0.187869356E-09
    0.210687565E-09
    0.236203419E-09
    0.264722244E-09
    0.296636011E-09
    0.332205751E-09
    0.371995610E-09
    0.416418440E-09
    0.465941514E-09
    0.521304696E-09
    0.582971495E-09
    0.651718677E-09
    0.728397987E-09
    0.813773381E-09
    0.908946144E-09
    0.101486229E-08
    0.113286011E-08
    0.126412026E-08
    0.141013128E-08
    0.157262143E-08
    0.175310857E-08
    0.195393221E-08
    0.217688883E-08
    0.242457998E-08
    0.269976399E-08
    0.300507876E-08
    0.334399863E-08
    0.372010692E-08
    0.413688545E-08
    0.459933211E-08
    0.511165869E-08
    0.567958744E-08
    0.630858653E-08
    0.700509561E-08
    0.777620476E-08
    0.862940619E-08
    0.957373003E-08
    0.106177904E-07
    0.117724198E-07
    0.130488622E-07
    0.144588041E-07
    0.160169462E-07
    0.177374532E-07
    0.196367860E-07
    0.217335355E-07
    0.240465628E-07
    0.265981337E-07
    0.294118126E-07
    0.325134063E-07
    0.359320281E-07
    0.396977705E-07
    0.438454335E-07
    0.484122263E-07
    0.534395504E-07
    0.589718002E-07
    0.650565849E-07
    0.717504642E-07
    0.791079220E-07
    0.871957305E-07
    0.960822179E-07
    0.105843422E-06
    0.116562744E-06
    0.128330869E-06
    0.141245822E-06
    0.155416127E-06
    0.170957734E-06
    0.188000485E-06
    0.206681986E-06
    0.227153572E-06
    0.249581804E-06
    0.274146278E-06
    0.301043179E-06
    0.330479666E-06
    0.362694455E-06
    0.397933340E-06
    0.436470327E-06
    0.478603791E-06
    0.524652844E-06
    0.574968426E-06
    0.629928051E-06
    0.689945836E-06
    0.755464129E-06
    0.826965731E-06
    0.904978056E-06
    0.990066387E-06
    0.108284464E-05
    0.118397700E-05
    0.129418812E-05
    0.141425487E-05
    0.154501367E-05
    0.168737976E-05
    0.184234401E-05
    0.201095656E-05
    0.219438240E-05
    0.239384670E-05
    0.261070382E-05
    0.284638347E-05
    0.310245852E-05
    0.338060661E-05
    0.368262797E-05
    0.401049288E-05
    0.436629683E-05
    0.475231135E-05
    0.517096724E-05
    0.562489746E-05
    0.611692886E-05
    0.665009079E-05
    0.722764811E-05
    0.785313522E-05
    0.853029077E-05
    0.926319871E-05
    0.100561744E-04
    0.109139150E-04
    0.118414125E-04
    0.128440405E-04
    0.139275906E-04
    0.150981900E-04
    0.163624783E-04
    0.177275512E-04
    0.192009770E-04
    0.207909006E-04
    0.225059765E-04
    0.243555393E-04
    0.263494978E-04
    0.284984833E-04
    0.308138668E-04
    0.333077336E-04
    0.359930707E-04
    0.388836582E-04
    0.419942462E-04
    0.453405881E-04
    0.489393935E-04
    0.528085923E-04
    0.569671939E-04
    0.614354309E-04
    0.662349694E-04
    0.713887053E-04
    0.769211624E-04
    0.828582605E-04
    0.892276753E-04
    0.960587621E-04
    0.103382714E-03
    0.111232694E-03
    0.119643791E-03
    0.128653393E-03
    0.138301070E-03
    0.148628741E-03
    0.159680992E-03
    0.171504856E-03
    0.184150308E-03
    0.197670197E-03
    0.212120417E-03
    0.227560177E-03
    0.244052015E-03
    0.261662106E-03
    0.280460347E-03
    0.300520505E-03
    0.321920546E-03
    0.344742706E-03
    0.369073872E-03
    0.395005394E-03
    0.422633820E-03
    0.452060896E-03
    0.483393465E-03
    0.516744522E-03
    0.552232432E-03
    0.589982207E-03
    0.630124900E-03
    0.672798630E-03
    0.718148267E-03
    0.766325941E-03
    0.817491498E-03
    0.871812639E-03
    0.929465245E-03
    0.990633629E-03
    0.105551102E-02
    0.112430000E-02
    0.119721237E-02
    0.127446990E-02
    0.135630503E-02
    0.144295992E-02
    0.153468875E-02
    0.163175600E-02
    0.173443876E-02
    0.184302573E-02
    0.195781827E-02
    0.207913098E-02
    0.220729101E-02
    0.234263977E-02
    0.248553279E-02
    0.263634001E-02
    0.279544647E-02
    0.296325202E-02
    0.314017310E-02
    0.332664160E-02
    0.352310627E-02
    0.373003315E-02
    0.394790492E-02
    0.417722291E-02
    0.441850591E-02
    0.467229146E-02
    0.493913643E-02
    0.521961616E-02
    0.551432659E-02
    0.582388299E-02
    0.614892071E-02
    0.649009672E-02
    0.684808771E-02
    0.722359295E-02
    0.761733151E-02
    0.803004576E-02
    0.846249857E-02
    0.891547604E-02
    0.938978614E-02
    0.988625865E-02
    0.104057469E-01
    0.109491260E-01
    0.115172939E-01
    0.121111717E-01
    0.127317020E-01
    0.133798509E-01
    0.140566067E-01
    0.147629795E-01
    0.155000025E-01
    0.162687292E-01
    0.170702361E-01
    0.179056198E-01
    0.187759988E-01
    0.196825106E-01
    0.206263134E-01
    0.216085856E-01
    0.226305218E-01
    0.236933369E-01
    0.247982622E-01
    0.259465447E-01
    0.271394490E-01
    0.283782512E-01
    0.296642446E-01
    0.309987321E-01
    0.323830304E-01
    0.338184652E-01
    0.353063708E-01
    0.368480896E-01
    0.384449702E-01
    0.400983669E-01
    0.418096352E-01
    0.435801329E-01
    0.454112184E-01
    0.473042466E-01
    0.492605696E-01
    0.512815347E-01
    0.533684782E-01
    0.555227315E-01
    0.577456083E-01
    0.600384131E-01
    0.624024312E-01
    0.648389303E-01
    0.673491577E-01
    0.699343350E-01
    0.725956600E-01
    0.753343005E-01
    0.781513954E-01
    0.810480479E-01
    0.840253252E-01
    0.870842561E-01
    0.902258259E-01
    0.934509779E-01
    0.967606065E-01
    0.100155555E+00
    0.103636618E+00
    0.107204527E+00
    0.110859962E+00
    0.114603536E+00
    0.118435803E+00
    0.122357245E+00
    0.126368276E+00
    0.130469238E+00
    0.134660398E+00
    0.138941940E+00
    0.143313974E+00
    0.147776520E+00
    0.152329520E+00
    0.156972817E+00
    0.161706175E+00
    0.166529255E+00
    0.171441626E+00
    0.176442763E+00
    0.181532033E+00
    0.186708711E+00
    0.191971961E+00
    0.197320846E+00
    0.202754321E+00
    0.208271233E+00
    0.213870322E+00
    0.219550215E+00
    0.225309427E+00
    0.231146361E+00
    0.237059310E+00
    0.243046453E+00
    0.249105854E+00
    0.255235463E+00
    0.261433120E+00
    0.267696546E+00
    0.274023359E+00
    0.280411057E+00
    0.286857032E+00
    0.293358567E+00
    0.299912833E+00
    0.306516897E+00
    0.313167724E+00
    0.319862176E+00
    0.326597013E+00
    0.333368902E+00
    0.340174414E+00
    0.347010027E+00
    0.353872137E+00
    0.360757049E+00
    0.367660996E+00
    0.374580128E+00
    0.381510527E+00
    0.388448209E+00
    0.395389126E+00
    0.402329172E+00
    0.409264191E+00
    0.416189980E+00
    0.423102294E+00
    0.429996852E+00
    0.436869349E+00
    0.443715451E+00
    0.450530808E+00
    0.457311064E+00
    0.464051853E+00
    0.470748819E+00
    0.477397605E+00
    0.483993885E+00
    0.490533346E+00
    0.497011707E+00
    0.503424729E+00
    0.509768208E+00
    0.516038002E+00
    0.522230022E+00
    0.528340245E+00
    0.534364723E+00
    0.540299583E+00
    0.546141039E+00
    0.551885398E+00
    0.557529069E+00
    0.563068558E+00
    0.568500493E+00
    0.573821609E+00
    0.579028768E+00
    0.584118959E+00
    0.589089306E+00
    0.593937067E+00
    0.598659647E+00
    0.603254593E+00
    0.607719602E+00
    0.612052529E+00
    0.616251382E+00
    0.620314329E+00
    0.624239698E+00
    0.628025983E+00
    0.631671833E+00
    0.635176080E+00
    0.638537705E+00
    0.641755863E+00
    0.644829874E+00
    0.647759215E+00
    0.650543537E+00
    0.653182638E+00
    0.655676488E+00
    0.658025206E+00
    0.660229060E+00
    0.662288474E+00
    0.664204009E+00
    0.665976371E+00
    0.667606396E+00
    0.669095050E+00
    0.670443429E+00
    0.671652736E+00
    0.672724289E+00
    0.673659512E+00
    0.674459919E+00
    0.675127120E+00
    0.675662802E+00
    0.676068731E+00
    0.676346734E+00
    0.676498688E+00
    0.676526539E+00
    0.676432253E+00
    0.676217842E+00
    0.675885336E+00
    0.675436778E+00
    0.674874226E+00
    0.674199728E+00
    0.673415328E+00
    0.672523049E+00
    0.671524895E+00
    0.670422819E+00
    0.669218757E+00
    0.667914580E+00
    0.666512112E+00
    0.665013115E+00
    0.663419281E+00
    0.661732227E+00
    0.659953498E+00
    0.658084551E+00
    0.656126756E+00
    0.654081393E+00
    0.651949643E+00
    0.649732591E+00
    0.647431219E+00
    0.645046411E+00
    0.642578940E+00
    0.640029486E+00
    0.637398611E+00
    0.634686779E+00
    0.631894354E+00
    0.629021588E+00
    0.626068643E+00
    0.623035579E+00
    0.619922363E+00
    0.616728877E+00
    0.613454907E+00
    0.610100171E+00
    0.606664301E+00
    0.603146868E+00
    0.599547378E+00
    0.595865281E+00
    0.592099979E+00
    0.588250835E+00
    0.584317177E+00
    0.580298315E+00
    0.576193542E+00
    0.572002142E+00
    0.567723409E+00
    0.563356650E+00
    0.558901195E+00
    0.554356408E+00
    0.549721703E+00
    0.544996537E+00
    0.540180442E+00
    0.535273020E+00
    0.530273962E+00
    0.525183054E+00
    0.520000188E+00
    0.514725364E+00
    0.509358718E+00
    0.503900512E+00
    0.498351149E+00
    0.492711194E+00
    0.486981358E+00
    0.481162521E+00
    0.475255743E+00
    0.469262254E+00
    0.463183474E+00
    0.457021011E+00
    0.450776667E+00
    0.444452443E+00
    0.438050534E+00
    0.431573346E+00
    0.425023478E+00
    0.418403737E+00
    0.411717132E+00
    0.404966868E+00
    0.398156355E+00
    0.391289189E+00
    0.384369161E+00
    0.377400245E+00
    0.370386592E+00
    0.363332524E+00
    0.356242529E+00
    0.349121243E+00
    0.341973452E+00
    0.334804068E+00
    0.327618138E+00
    0.320420805E+00
    0.313217321E+00
    0.306013016E+00
    0.298813292E+00
    0.291623612E+00
    0.284449474E+00
    0.277296408E+00
    0.270169952E+00
    0.263075642E+00
    0.256018991E+00
    0.249005481E+00
    0.242040540E+00
    0.235129528E+00
    0.228277726E+00
    0.221490311E+00
    0.214772355E+00
    0.208128796E+00
    0.201564435E+00
    0.195083916E+00
    0.188691718E+00
    0.182392135E+00
    0.176189274E+00
    0.170087041E+00
    0.164089123E+00
    0.158198993E+00
    0.152419891E+00
    0.146754824E+00
    0.141206551E+00
    0.135777590E+00
    0.130470203E+00
    0.125286398E+00
    0.120227927E+00
    0.115296284E+00
    0.110492708E+00
    0.105818174E+00
    0.101273411E+00
    0.968588907E-01
    0.925748392E-01
    0.884212405E-01
    0.843978405E-01
    0.805041548E-01
    0.767394763E-01
    0.731028825E-01
    0.695932439E-01
    0.662092356E-01
    0.629493415E-01
    0.598118727E-01
    0.567949723E-01
    0.538966256E-01
    0.511146777E-01
    0.484468387E-01
    0.458906971E-01
    0.434437336E-01
    0.411033311E-01
    0.388667855E-01
    0.367313198E-01
    0.346940931E-01
    0.327522126E-01
    0.309027458E-01
    0.291427295E-01
    0.274691800E-01
    0.258791049E-01
    0.243695105E-01
    0.229374110E-01
    0.215798397E-01
    0.202938516E-01
    0.190765375E-01
    0.179250256E-01
    0.168364903E-01
    0.158081589E-01
    0.148373135E-01
    0.139213000E-01
    0.130575294E-01
    0.122434817E-01
    0.114767107E-01
    0.107548445E-01
    0.100755893E-01
    0.943673044E-02
    0.883613273E-02
    0.827174278E-02
    0.774158851E-02
    0.724377870E-02
    0.677650316E-02
    0.633803277E-02
    0.592671639E-02
    0.554098120E-02
    0.517933145E-02
    0.484034512E-02
    0.452267306E-02
    0.422503738E-02
    0.394622770E-02
    0.368510018E-02
    0.344057467E-02
    0.321163141E-02
    0.299730999E-02
    0.279670556E-02
    0.260896640E-02
    0.243329214E-02
    0.226893059E-02
    0.211517466E-02
    0.197136171E-02
    0.183686888E-02
    0.171111261E-02
    0.159354540E-02
    0.148365384E-02
    0.138095692E-02
    0.128500317E-02
    0.119536988E-02
    0.111166040E-02
    0.103350281E-02
    0.960548533E-03
    0.892470201E-03
    0.828960885E-03
    0.769732484E-03
    0.714514338E-03
    0.663052437E-03
    0.615108038E-03
    0.570456903E-03
    0.528888046E-03
    0.490203430E-03
    0.454216733E-03
    0.420752480E-03
    0.389646075E-03
    0.360742507E-03
    0.333895881E-03
    0.308969337E-03
    0.285833896E-03
    0.264368570E-03
    0.244459687E-03
    0.226000282E-03
    0.208890272E-03
    0.193035620E-03
    0.178348156E-03
    0.164745284E-03
    0.152149866E-03
    0.140489476E-03
    0.129696705E-03
    0.119708439E-03
    0.110465907E-03
    0.101914299E-03
    0.940026230E-04
    0.866834811E-04
    0.799127496E-04
    0.736495787E-04
    0.678560251E-04
    0.624969557E-04
    0.575398611E-04
    0.529546667E-04
    0.487135752E-04
    0.447909410E-04
    0.411630513E-04
    0.378080707E-04
    0.347058399E-04
    0.318377964E-04
    0.291867637E-04
    0.267369591E-04
    0.244738588E-04
    0.223839550E-04
    0.204548689E-04
    0.186751637E-04
    0.170341993E-04
    0.155222161E-04
    0.141300920E-04
    0.128494125E-04
    0.116723776E-04
    0.105916655E-04
    0.960050935E-05
    0.869259564E-05
    0.786201524E-05
    0.710321883E-05
    0.641106585E-05
    0.578067479E-05
    0.520751353E-05
    0.468729886E-05
    0.421601688E-05
    0.378987601E-05
    0.340533658E-05
    0.305905625E-05
    0.274788757E-05
    0.246888692E-05
    0.221927855E-05
    0.199647236E-05
    0.179803109E-05
    0.162167849E-05
    0.146529183E-05
    0.132689717E-05
    0.120464696E-05
    0.109684121E-05
    0.100189736E-05
    0.918370140E-06
    0.844919089E-06
    0.780316850E-06
    0.723458425E-06
    0.673324879E-06
    0.628999896E-06
    0.589664665E-06
    0.554577573E-06
    0.523088872E-06
    0.494615172E-06
    0.468650362E-06
    0.444756863E-06
    0.422551434E-06
    0.401712024E-06
    0.381965593E-06
    0.363090839E-06
    0.344900523E-06
    0.327253598E-06
    0.310037851E-06
    0.293174313E-06
    0.276608150E-06
    0.260309721E-06
    0.244265501E-06
    0.228481468E-06
    0.212977001E-06
    0.197781214E-06
    0.182932310E-06
    0.168475979E-06
    0.154462001E-06
    0.140941284E-06
    0.127970094E-06
    0.115600889E-06
    0.103886774E-06
    0.928785260E-07
    0.826238323E-07
    0.731658837E-07
    0.645453148E-07
    0.567976315E-07
    0.499507096E-07
    0.440310145E-07
    0.390584491E-07
    0.350456421E-07
    0.320030648E-07
    0.299327785E-07
    0.288345330E-07
    0.287011971E-07
    0.295205042E-07
    0.312774124E-07
    0.339520777E-07
    0.375193542E-07
    0.419519440E-07
    0.472189016E-07
    0.532854460E-07
    0.601141151E-07
    0.676668235E-07
    0.759000580E-07
    0.847707362E-07
    0.942340613E-07
    0.104242714E-06
    0.114748777E-06
    0.125704809E-06
    0.137060252E-06
    0.148766726E-06
    0.160773822E-06
    0.173032538E-06
    0.185493184E-06
    0.198107225E-06
    0.210826390E-06
    0.223603877E-06
    0.236392501E-06
    0.249146287E-06
    0.261823001E-06
    0.274378934E-06
    0.286772068E-06
    0.298963934E-06
    0.310915799E-06
    0.322590913E-06
    0.333956209E-06
    0.344978335E-06
    0.355626040E-06
    0.365871997E-06
    0.375688173E-06
    0.385051372E-06
    0.393938355E-06
    0.402328786E-06
    0.410205462E-06
    0.417551595E-06
    0.424352673E-06
    0.430598178E-06
    0.436278634E-06
    0.441385137E-06
    0.445912787E-06
    0.449858515E-06
    0.453219548E-06
    0.455996744E-06
    0.458193715E-06
    0.459811016E-06
    0.460857584E-06
    0.461338328E-06
    0.461263460E-06
    0.460643221E-06
    0.459488225E-06
    0.457812163E-06
    0.455630001E-06
    0.452955129E-06
    0.449805713E-06
    0.446198116E-06
    0.442150909E-06
    0.437682215E-06
    0.432812719E-06
    0.427562006E-06
    0.421949897E-06
    0.415999804E-06
    0.409730321E-06
    0.403163869E-06
    0.396322805E-06
    0.389227310E-06
    0.381901083E-06
    0.374363538E-06
    0.366636609E-06
    0.358742741E-06
    0.350701124E-06
    0.342533192E-06
    0.334258325E-06
    0.325896050E-06
    0.317465902E-06
    0.308985561E-06
    0.300474059E-06
    0.291946881E-06
    0.283422101E-06
    0.274915221E-06
    0.266439904E-06
    0.258012894E-06
    0.249645782E-06
    0.241352999E-06
    0.233145534E-06
    0.225034509E-06
    0.217031600E-06
    0.209146100E-06
    0.201386592E-06
    0.193761854E-06
    0.186278393E-06
    0.178944588E-06
    0.171765123E-06
    0.164746506E-06
    0.157892317E-06
    0.151206987E-06
    0.144694436E-06
    0.138356397E-06
    0.132195878E-06
    0.126214315E-06
    0.120412620E-06
    0.114791696E-06
    0.109350872E-06
    0.104090812E-06
    0.990104636E-07
    0.941082654E-07
    0.893829360E-07
    0.848320378E-07
    0.804543382E-07
    0.762467083E-07
    0.722065921E-07
    0.683309443E-07
    0.646161137E-07
    0.610594254E-07
    0.576568013E-07
    0.544046276E-07
    0.512991762E-07
    0.483362119E-07
    0.455119583E-07
    0.428219141E-07
    0.402623249E-07
    0.378289357E-07
    0.355172962E-07
    0.333232721E-07
    0.312424507E-07
    0.292710767E-07
    0.274047640E-07
    0.256391996E-07
    0.239707189E-07
    0.223946554E-07
    0.209077551E-07
    0.195057409E-07
    0.181850530E-07
    0.169418027E-07
    0.157724867E-07
    0.146735648E-07
    0.136416211E-07
    0.126733459E-07
    0.117656346E-07
    0.109151732E-07
    0.101191227E-07
    0.937444451E-08
    0.867856885E-08
    0.802879518E-08
    0.742224664E-08
    0.685691255E-08
    0.633002401E-08
    0.583957246E-08
    0.538332421E-08
    0.495922222E-08
    0.456531956E-08
    0.419969215E-08
    0.386063345E-08
    0.354643634E-08
    0.325549493E-08
    0.298631236E-08
    0.273739639E-08
    0.250745268E-08
    0.229516836E-08
    0.209934918E-08
    0.191892892E-08
    0.175261552E-08
    0.159963531E-08
    0.145895488E-08
    0.132964278E-08
    0.121094573E-08
    0.110199115E-08
    0.100215309E-08
    0.910656083E-09
    0.826919219E-09
    0.750321844E-09
    0.680320386E-09
    0.616382690E-09
    0.558027237E-09
    0.504823619E-09
    0.456362311E-09
    0.412231384E-09
    0.372114388E-09
    0.335610053E-09
    0.302457938E-09
    0.272403283E-09
    0.245129831E-09
    0.220422172E-09
    0.198035183E-09
    0.177800763E-09
    0.159509383E-09
    0.142988575E-09
    0.128075351E-09
    0.114632566E-09
    0.102513721E-09
    0.916032072E-10
    0.817875163E-10
    0.729758967E-10
    0.650513912E-10
    0.579498038E-10
    0.515715790E-10
    0.458587214E-10
    0.407514811E-10
    0.361855017E-10
    0.321031216E-10
    0.284513046E-10
    0.251999359E-10
    0.223037836E-10
    0.197248314E-10
    0.174266895E-10
    0.153861537E-10
    0.135721609E-10
    0.119640895E-10
    0.105373598E-10
    0.927817700E-11
    0.815946399E-11
    0.717285281E-11
    0.629906118E-11
    0.552877653E-11
    0.485018554E-11
    0.425129728E-11
    0.372689656E-11
    0.326124261E-11
    0.285494204E-11
    0.249796579E-11
    0.218493197E-11
    0.190991388E-11
    0.166879304E-11
    0.145793288E-11
    0.127316857E-11
    0.111200911E-11
    0.971275692E-12
    0.848152349E-12
    0.740311862E-12
    0.647154895E-12
    0.565118806E-12
    0.494715661E-12
    0.431622710E-12
    0.378166798E-12
    0.330874100E-12
    0.290070034E-12
    0.254539429E-12
    0.223246726E-12
    0.196515213E-12
    0.173080570E-12
    0.152635047E-12
    0.134810362E-12
    0.119381742E-12
    0.105864064E-12
    0.941149799E-13
    0.838061264E-13
    0.750478082E-13
    0.671493579E-13
    0.605021119E-13
    0.542945305E-13
    0.490012574E-13
    0.444455111E-13
    0.406481315E-13
    0.370431616E-13
    0.337514376E-13
    0.309664928E-13
    0.286744754E-13
    0.264069973E-13
    0.244680655E-13
    0.227381182E-13
    0.211528693E-13
    0.197856607E-13
    0.185730181E-13
    0.174860653E-13
    0.163650896E-13
    0.155028602E-13
    0.145537765E-13
    0.137977809E-13
    0.129584334E-13
    0.124642891E-13
    0.118112677E-13
    0.111496625E-13
    0.105712054E-13
    0.101046979E-13
    0.960082624E-14
    0.908399740E-14
    0.866814034E-14
    0.818330487E-14
    0.781243470E-14
    0.742614060E-14
    0.710952811E-14
    0.664876177E-14
    0.637536564E-14
    0.602858216E-14
    0.576550803E-14
    0.543861520E-14
    0.518449698E-14
    0.499547400E-14
    0.470662228E-14
    0.454639772E-14
    0.434058527E-14
    0.417439658E-14
    0.402197132E-14
    0.390546268E-14
    0.376380650E-14
    0.365588780E-14
    0.357054844E-14
    0.352292782E-14
    0.340339234E-14
    0.335634027E-14
    0.333715880E-14
    0.327640387E-14
    0.327252113E-14
    0.319347531E-14
    0.321813079E-14
    0.315757488E-14
    0.318430898E-14
    0.313655127E-14
    0.307555577E-14
    0.307874454E-14
    0.308262621E-14
    0.302202847E-14
    0.300888859E-14
    0.297228317E-14
    0.293683618E-14
    0.286665806E-14
    0.281898862E-14
    0.274632115E-14
    0.267282552E-14
    0.262727359E-14
    0.257071142E-14
    0.247466187E-14
    0.239394931E-14
    0.236733486E-14
    0.226196854E-14
    0.213063487E-14
    0.203860521E-14
    0.199925721E-14
    0.186485100E-14
    0.181524390E-14
    0.171172736E-14
    0.160693385E-14
    0.153263881E-14
    0.147243870E-14
    0.135384323E-14
    0.125050215E-14
    0.118617551E-14
    0.111012985E-14
    0.103960699E-14
    0.944885816E-15
    0.909013246E-15
    0.827054485E-15
    0.775291869E-15
    0.721780429E-15
    0.647644054E-15
    0.589579545E-15
    0.557770794E-15
    0.502563974E-15
    0.465380636E-15
    0.426220835E-15
    0.381874281E-15
    0.347105947E-15
    0.314738494E-15
    0.288657445E-15
    0.255578584E-15
    0.227157725E-15
    0.221050133E-15
    0.191778868E-15
    0.169244385E-15
    0.161371948E-15
    0.140647341E-15
    0.127480589E-15
    0.118252359E-15
    0.115799955E-15
    0.990810539E-16
    0.978936528E-16
    0.814600686E-16
    0.723005748E-16
    0.623136542E-16
    0.598567195E-16
    0.516971908E-16
    0.457452218E-16
    0.448775571E-16
    0.373381543E-16
    0.415926259E-16
    0.417602583E-16
    0.337517404E-16
    0.291127880E-16
    0.369898903E-16
    0.302765493E-16
    0.277105619E-16
    0.344010095E-16
    0.338226533E-16
    0.328854004E-16
    0.372248603E-16
    0.292697499E-16
    0.206562119E-16
    0.160756229E-16
    0.218704392E-16
    0.226717277E-16
    0.213341911E-16
    0.248377570E-16
    0.225323060E-16
    0.245778173E-16
    0.228755456E-16
    0.215374326E-16
    0.220262919E-16
    0.232072493E-16
    0.234351990E-16
    0.352766766E-16
    0.332294667E-16
    0.256708855E-16
    0.280998491E-16
    0.235468472E-16
    0.191869158E-16
    0.188880274E-16
    0.157017438E-16
    0.173241029E-16
    0.170354853E-16
    0.207597382E-16
    0.275660501E-16
    0.186095350E-16
    0.218337287E-16
    0.257995653E-16
    0.167869028E-16
    0.175504973E-16
    0.345265522E-16
    0.247566702E-16
    0.261490916E-16
    0.334182066E-16
    0.311218949E-16
    0.186781038E-16
    0.177653761E-16
    0.188292987E-16
    0.210207099E-16
    0.196356562E-16
    0.237185336E-16
    0.176813239E-16
    0.212174885E-16
    0.279239394E-16
    0.215090990E-16
    0.192605224E-16
    0.233627495E-16
    0.203700356E-16
    0.287358315E-16
    0.342905213E-16
    0.263792967E-16
    0.261258829E-16
    0.232665702E-16
    0.224152598E-16
    0.198881447E-16
    0.181396176E-16
    0.167353514E-16
    0.177561850E-16
    0.191947621E-16
    0.287919460E-16
    0.210995776E-16
    0.211805397E-16
    0.235065415E-16
    0.214856724E-16
    0.178520011E-16
    0.315331767E-16
    0.195907575E-16
    0.301690556E-16
    0.321022265E-16
    0.274622614E-16
    0.223387786E-16
    0.223540711E-16
    0.184623893E-16
    0.241222293E-16
    0.193728330E-16
    0.230236976E-16
    0.184429491E-16
    0.206196486E-16
    0.292501156E-16
    0.208427790E-16
    0.192771901E-16
    0.228195907E-16
    0.192065109E-16
    0.247161551E-16
    0.360788836E-16
    0.257161480E-16
    0.244501559E-16
    0.239912976E-16
    0.265476608E-16
    0.206753034E-16
    0.228335514E-16
    0.176319470E-16
    0.217910218E-16
    0.199585413E-16
    0.308251727E-16
    0.239020448E-16
    0.216679549E-16
    0.250138951E-16
    0.239386622E-16
    0.178617906E-16
    0.260756061E-16
    0.190591878E-16
    0.330295369E-16
    0.280779128E-16
    0.239832296E-16
    0.248166649E-16
    0.228954187E-16
    0.199046123E-16
    0.245063195E-16
    0.232529462E-16
    0.205188197E-16
    0.182416544E-16
    0.228872971E-16
    0.276310664E-16
    0.239404677E-16
    0.190136711E-16
    0.207287933E-16
    0.195577206E-16
    0.253301820E-16
    0.340559110E-16
    0.226212314E-16
    0.276949704E-16
    0.253755762E-16
    0.249719460E-16
    0.211169945E-16
    0.272790401E-16
    0.206204178E-16
    0.243768107E-16
    0.229378930E-16
    0.283072037E-16
    0.234139823E-16
    0.248905978E-16
    0.236015214E-16
    0.232309519E-16
    0.176372916E-16
    0.231294072E-16
    0.176105187E-16
    0.326092202E-16
    0.236473204E-16
    0.232592250E-16
    0.262866618E-16
    0.236816864E-16
    0.230304273E-16
    0.259676781E-16
    0.287752617E-16
    0.197634398E-16
    0.195737380E-16
    0.283630280E-16
    0.262126384E-16
    0.254099682E-16
    0.193187876E-16
    0.212816634E-16
    0.208190236E-16
    0.252109311E-16
    0.318500724E-16
    0.231423097E-16
    0.273432919E-16
    0.245929657E-16
    0.241998289E-16
    0.206627512E-16
    0.303956703E-16
    0.261132998E-16
    0.238938980E-16
    0.259823462E-16
    0.268417003E-16
    0.207613019E-16
    0.298567200E-16
    0.238670588E-16
    0.233963414E-16
    0.171130212E-16
    0.246853663E-16
    0.176111613E-16
    0.297689149E-16
    0.230152302E-16
    0.254315622E-16
    0.275511558E-16
    0.280703827E-16
    0.243244829E-16
    0.254684897E-16
    0.304052661E-16
    0.215203432E-16
    0.223347862E-16
    0.314752459E-16
    0.239132443E-16
    0.255137031E-16
    0.229693775E-16
    0.212263497E-16
    0.241760519E-16
    0.261390535E-16
    0.276075726E-16
    0.244042361E-16
    0.235463527E-16
    0.218455346E-16
    0.287206923E-16
    0.192566891E-16
    0.301409925E-16
    0.270354371E-16
    0.243414169E-16
    0.235612565E-16
    0.256641875E-16
    0.245459350E-16
    0.330015244E-16
    0.255534079E-16
    0.206442486E-16
    0.208113780E-16
    0.241498703E-16
    0.193394388E-16
    0.271930056E-16
    0.246584218E-16
    0.320611913E-16
    0.279479342E-16
    0.260802748E-16
    0.256040171E-16
    0.235153743E-16
    0.293898301E-16
    0.212066232E-16
    0.259849051E-16
    0.318974887E-16
    0.224067397E-16
    0.264130631E-16
    0.262218223E-16
    0.243406557E-16
    0.217092428E-16
    0.291995042E-16
    0.197278758E-16
    0.245208371E-16
    0.234246706E-16
    0.237787720E-16
    0.304725955E-16
    0.254831837E-16
    0.261493759E-16
    0.233200681E-16
    0.285238264E-16
    0.232850520E-16
    0.278637456E-16
    0.342217748E-16
    0.269078798E-16
    0.249281411E-16
    0.217974406E-16
    0.201726231E-16
    0.253759753E-16
    0.245664495E-16
    0.247465122E-16
    0.256517493E-16
    0.353384241E-16
    0.256968696E-16
    0.278807099E-16
    0.201950497E-16
    0.282571350E-16
    0.270321808E-16
    0.242909863E-16
    0.276583567E-16
    0.298163612E-16
    0.275749107E-16
    0.314413340E-16
    0.261576912E-16
    0.257860383E-16
    0.226308543E-16
    0.228120898E-16
    0.200962247E-16
    0.253378320E-16
    0.256619629E-16
    0.390225550E-16
    0.206939908E-16
    0.238476371E-16
    0.318142709E-16
    0.275852520E-16
    0.285943101E-16
    0.278458429E-16
    0.281618100E-16
    0.334771813E-16
    0.268607706E-16
    0.204795101E-16
    0.254738104E-16
    0.283431590E-16
    0.208596878E-16
    0.275312930E-16
    0.200585717E-16
    0.297807285E-16
    0.276064513E-16
    0.306278286E-16
    0.198198273E-16
    0.256064496E-16
    0.353220902E-16
    0.264692182E-16
    0.272303248E-16
    0.278753901E-16
    0.291552309E-16
    0.372327313E-16
    0.317230295E-16
    0.229549813E-16
    0.249146221E-16
    0.258259303E-16
    0.211395172E-16
    0.301042783E-16
    0.265505482E-16
    0.329589379E-16
    0.249753534E-16
    0.264987504E-16
    0.305496020E-16
    0.264922829E-16
    0.336461197E-16
    0.238670716E-16
    0.287091638E-16
    0.295239186E-16
    0.284713799E-16
    0.263495450E-16
    0.278721566E-16
    0.241342316E-16
    0.206893035E-16
    0.278546378E-16
    0.180375320E-16
    0.291122182E-16
    0.307321262E-16
    0.329186060E-16
    0.187860390E-16
    0.280913152E-16
    0.318590486E-16
    0.306193814E-16
    0.259594205E-16
    0.275298799E-16
    0.249269914E-16
    0.320519265E-16
    0.403473733E-16
    0.262237702E-16
    0.232146801E-16
    0.294669097E-16
    0.218858379E-16
    0.291839447E-16
    0.243256173E-16
    0.327021993E-16
    0.290845478E-16
    0.348052924E-16
    0.232067858E-16
    0.313954492E-16
    0.253717762E-16
    0.257346807E-16
    0.265039240E-16
    0.415870120E-16
    0.289030238E-16
    0.265706478E-16
    0.291659675E-16
    0.266507020E-16
    0.274451908E-16
    0.307547664E-16
    0.312976955E-16
    0.372851834E-16
    0.248616552E-16
    0.290586944E-16
    0.292810445E-16
    0.235275656E-16
    0.262214462E-16
    0.282247160E-16
    0.265444329E-16
    0.374087985E-16
    0.236605281E-16
    0.337293386E-16
    0.285277015E-16
    0.273340048E-16
    0.265244651E-16
    0.335026959E-16
    0.383119565E-16
    0.368231929E-16
    0.334296024E-16
    0.274201146E-16
    0.279909856E-16
    0.221507326E-16
    0.349094040E-16
    0.292675087E-16
    0.382136580E-16
    0.322518849E-16
    0.347588216E-16
    0.331721000E-16
    0.356686316E-16
    0.343718381E-16
    0.291888435E-16
    0.223386348E-16
    0.260124829E-16
    0.335731475E-16
    0.509711085E-16
    0.416862842E-16
    0.420436039E-16
    0.466916540E-16
    0.431096073E-16
    0.331026218E-16
    0.414051303E-16
    0.417246626E-16
    0.339390544E-16
    0.307346831E-16
    0.348082348E-16
    0.280762115E-16
    0.282805901E-16
    0.275578063E-16
    0.256375106E-16
    0.234773641E-16
    0.260617199E-16
    0.344587712E-16
    0.234373506E-16
