 #tdnd tdcion
    0.273595454E-16
    0.186897424E-16
    0.201277806E-16
    0.267547654E-16
    0.329064319E-16
    0.249975887E-16
    0.245416703E-16
    0.257297962E-16
    0.229153820E-16
    0.210232528E-16
    0.231517701E-16
    0.234657312E-16
    0.188978169E-16
    0.219759906E-16
    0.195333275E-16
    0.243613349E-16
    0.189893141E-16
    0.163208140E-16
    0.215622767E-16
    0.246533003E-16
    0.239143952E-16
    0.262045221E-16
    0.250485906E-16
    0.301711720E-16
    0.247139443E-16
    0.199934215E-16
    0.226456084E-16
    0.180105676E-16
    0.215254136E-16
    0.192738363E-16
    0.211664416E-16
    0.183724445E-16
    0.151546181E-16
    0.200086402E-16
    0.258617334E-16
    0.207656611E-16
    0.157361454E-16
    0.315586553E-16
    0.273044478E-16
    0.237132264E-16
    0.253029880E-16
    0.239723791E-16
    0.261739294E-16
    0.221889686E-16
    0.198231200E-16
    0.195227439E-16
    0.215081188E-16
    0.180869392E-16
    0.211785407E-16
    0.189551121E-16
    0.227292311E-16
    0.255753116E-16
    0.208809684E-16
    0.237328818E-16
    0.311670034E-16
    0.267811008E-16
    0.410805442E-16
    0.359994542E-16
    0.344836370E-16
    0.369154670E-16
    0.320669748E-16
    0.296903174E-16
    0.398559945E-16
    0.358700576E-16
    0.411718260E-16
    0.417084124E-16
    0.403492661E-16
    0.337372814E-16
    0.330077552E-16
    0.403882659E-16
    0.423296510E-16
    0.325909092E-16
    0.309305364E-16
    0.394980417E-16
    0.258594848E-16
    0.315623838E-16
    0.227469845E-16
    0.284174600E-16
    0.331004488E-16
    0.253144205E-16
    0.334637218E-16
    0.242322440E-16
    0.397045682E-16
    0.247102521E-16
    0.273009365E-16
    0.255529264E-16
    0.349647656E-16
    0.291144549E-16
    0.219391514E-16
    0.247244763E-16
    0.309948925E-16
    0.261893783E-16
    0.335622039E-16
    0.318438199E-16
    0.272449651E-16
    0.405215603E-16
    0.277392415E-16
    0.267392591E-16
    0.265367684E-16
    0.309135167E-16
    0.267776021E-16
    0.246175776E-16
    0.220252490E-16
    0.229016491E-16
    0.239795233E-16
    0.320124573E-16
    0.256027528E-16
    0.307480004E-16
    0.222758592E-16
    0.368350771E-16
    0.347297661E-16
    0.320942903E-16
    0.373501545E-16
    0.209131464E-16
    0.310688232E-16
    0.249725009E-16
    0.270493034E-16
    0.232758188E-16
    0.242693151E-16
    0.294990152E-16
    0.249221982E-16
    0.281100127E-16
    0.258990037E-16
    0.267683297E-16
    0.248535278E-16
    0.216391046E-16
    0.338114318E-16
    0.317511751E-16
    0.264893547E-16
    0.300917709E-16
    0.312001988E-16
    0.407060535E-16
    0.240746698E-16
    0.241188100E-16
    0.231589652E-16
    0.202824553E-16
    0.290191207E-16
    0.242864622E-16
    0.278394807E-16
    0.280417972E-16
    0.266491953E-16
    0.257279178E-16
    0.230009192E-16
    0.302930004E-16
    0.300768337E-16
    0.234080633E-16
    0.336237723E-16
    0.267602461E-16
    0.342227381E-16
    0.287124521E-16
    0.268279580E-16
    0.322275322E-16
    0.215967607E-16
    0.241436988E-16
    0.258578267E-16
    0.286036733E-16
    0.246889046E-16
    0.282003457E-16
    0.227776371E-16
    0.323735575E-16
    0.236279087E-16
    0.264001860E-16
    0.236634907E-16
    0.335329209E-16
    0.262161087E-16
    0.305631967E-16
    0.343193213E-16
    0.266413737E-16
    0.272976177E-16
    0.292262968E-16
    0.230807821E-16
    0.200894426E-16
    0.265614604E-16
    0.315331662E-16
    0.254891705E-16
    0.259886566E-16
    0.273945920E-16
    0.246691414E-16
    0.244255310E-16
    0.236607752E-16
    0.295410413E-16
    0.329339834E-16
    0.246402463E-16
    0.246383936E-16
    0.287836646E-16
    0.364238411E-16
    0.298699614E-16
    0.200414160E-16
    0.337527981E-16
    0.194823966E-16
    0.333963645E-16
    0.291063991E-16
    0.325941221E-16
    0.237658498E-16
    0.285637522E-16
    0.251326491E-16
    0.313426987E-16
    0.265065865E-16
    0.281333694E-16
    0.227723181E-16
    0.286158134E-16
    0.227425966E-16
    0.331549840E-16
    0.306658238E-16
    0.309449128E-16
    0.262266491E-16
    0.357593153E-16
    0.273323832E-16
    0.270838968E-16
    0.250298448E-16
    0.291909810E-16
    0.280539996E-16
    0.247729971E-16
    0.285601200E-16
    0.226548948E-16
    0.215034527E-16
    0.233034469E-16
    0.291175445E-16
    0.349925928E-16
    0.276198196E-16
    0.295133513E-16
    0.360437849E-16
    0.329554588E-16
    0.395935103E-16
    0.336631812E-16
    0.328435996E-16
    0.271809951E-16
    0.339781377E-16
    0.322037847E-16
    0.391031496E-16
    0.278836849E-16
    0.394653838E-16
    0.392566641E-16
    0.341307566E-16
    0.374091125E-16
    0.499706581E-16
    0.484575612E-16
    0.545111259E-16
    0.465294533E-16
    0.568839308E-16
    0.430196847E-16
    0.643229178E-16
    0.520309701E-16
    0.707582753E-16
    0.717281437E-16
    0.660835665E-16
    0.580684916E-16
    0.713856001E-16
    0.768089239E-16
    0.738749949E-16
    0.882222471E-16
    0.640880252E-16
    0.976108082E-16
    0.104967815E-15
    0.108556272E-15
    0.120091565E-15
    0.126614744E-15
    0.114730848E-15
    0.147415872E-15
    0.137528244E-15
    0.160592985E-15
    0.134327812E-15
    0.172130842E-15
    0.151597374E-15
    0.151775351E-15
    0.179369267E-15
    0.160025309E-15
    0.164962571E-15
    0.160276508E-15
    0.167692448E-15
    0.176426301E-15
    0.191782305E-15
    0.217038477E-15
    0.189945679E-15
    0.180965517E-15
    0.187022222E-15
    0.196980164E-15
    0.169606313E-15
    0.144870044E-15
    0.171096160E-15
    0.165953091E-15
    0.126874501E-15
    0.167111491E-15
    0.123912353E-15
    0.142258217E-15
    0.120185557E-15
    0.130880128E-15
    0.131909337E-15
    0.127923196E-15
    0.142876746E-15
    0.147476583E-15
    0.154728041E-15
    0.185139838E-15
    0.155377101E-15
    0.172898609E-15
    0.179931138E-15
    0.201536873E-15
    0.207211635E-15
    0.188530882E-15
    0.234790047E-15
    0.227151162E-15
    0.246977399E-15
    0.240500679E-15
    0.240563313E-15
    0.245149502E-15
    0.235150484E-15
    0.281547994E-15
    0.240105572E-15
    0.236382661E-15
    0.249009529E-15
    0.230857891E-15
    0.217928715E-15
    0.239857796E-15
    0.193137076E-15
    0.227048412E-15
    0.226145439E-15
    0.246888769E-15
    0.237397168E-15
    0.245159923E-15
    0.252021366E-15
    0.262064291E-15
    0.312266126E-15
    0.269701182E-15
    0.354731190E-15
    0.296505257E-15
    0.367803814E-15
    0.388927701E-15
    0.358532282E-15
    0.328814814E-15
    0.353278190E-15
    0.324217442E-15
    0.387059743E-15
    0.341778125E-15
    0.275390758E-15
    0.352130475E-15
    0.315450122E-15
    0.297072712E-15
    0.317781773E-15
    0.312511090E-15
    0.286113463E-15
    0.315885873E-15
    0.306903089E-15
    0.309074795E-15
    0.275183154E-15
    0.321121839E-15
    0.287181252E-15
    0.312376204E-15
    0.294138978E-15
    0.245981540E-15
    0.215628890E-15
    0.203561863E-15
    0.170886289E-15
    0.150956228E-15
    0.125445599E-15
    0.123706231E-15
    0.993260521E-16
    0.905079307E-16
    0.553480890E-16
    0.636822939E-16
    0.646910728E-16
    0.908249693E-16
    0.934709146E-16
    0.173040707E-15
    0.182506582E-15
    0.224931811E-15
    0.335679376E-15
    0.460948148E-15
    0.639521553E-15
    0.949534055E-15
    0.104014898E-14
    0.145100967E-14
    0.197999424E-14
    0.235192570E-14
    0.301548618E-14
    0.379784071E-14
    0.454232577E-14
    0.559182132E-14
    0.676087795E-14
    0.825332022E-14
    0.962321837E-14
    0.116753356E-13
    0.140354928E-13
    0.160837477E-13
    0.194166504E-13
    0.228426341E-13
    0.269582453E-13
    0.321906587E-13
    0.372226892E-13
    0.432365152E-13
    0.513335071E-13
    0.589068204E-13
    0.681132853E-13
    0.788172015E-13
    0.908804449E-13
    0.104496510E-12
    0.121828188E-12
    0.139805421E-12
    0.160653366E-12
    0.184274629E-12
    0.212443773E-12
    0.242819997E-12
    0.278984461E-12
    0.321107882E-12
    0.366331439E-12
    0.421224455E-12
    0.479458335E-12
    0.546128467E-12
    0.624623888E-12
    0.712568774E-12
    0.811222719E-12
    0.925489314E-12
    0.105448444E-11
    0.119806600E-11
    0.136842766E-11
    0.155509361E-11
    0.176724386E-11
    0.200859826E-11
    0.228495233E-11
    0.259509618E-11
    0.294675892E-11
    0.334968839E-11
    0.379871435E-11
    0.431223275E-11
    0.489321411E-11
    0.554193487E-11
    0.628892710E-11
    0.712678845E-11
    0.807419962E-11
    0.914347985E-11
    0.103626326E-10
    0.117256348E-10
    0.132825126E-10
    0.150340460E-10
    0.169884757E-10
    0.192177210E-10
    0.217227858E-10
    0.245645090E-10
    0.277450995E-10
    0.313595265E-10
    0.354004604E-10
    0.399613489E-10
    0.450962867E-10
    0.508594073E-10
    0.573769176E-10
    0.647065198E-10
    0.729445458E-10
    0.821882742E-10
    0.926044996E-10
    0.104264580E-09
    0.117388610E-09
    0.132148683E-09
    0.148631116E-09
    0.167182388E-09
    0.187987196E-09
    0.211308806E-09
    0.237405636E-09
    0.266676539E-09
    0.299458196E-09
    0.336116098E-09
    0.377218713E-09
    0.423133361E-09
    0.474535650E-09
    0.532040752E-09
    0.596200457E-09
    0.667920417E-09
    0.747998411E-09
    0.837447812E-09
    0.937136694E-09
    0.104863141E-08
    0.117262676E-08
    0.131108315E-08
    0.146539178E-08
    0.163740913E-08
    0.182877920E-08
    0.204197088E-08
    0.227928962E-08
    0.254314605E-08
    0.283677391E-08
    0.316316000E-08
    0.352596644E-08
    0.392926230E-08
    0.437688230E-08
    0.487394026E-08
    0.542571555E-08
    0.603816353E-08
    0.671727848E-08
    0.747091065E-08
    0.830584635E-08
    0.923084074E-08
    0.102559136E-07
    0.113909563E-07
    0.126472198E-07
    0.140375814E-07
    0.155764348E-07
    0.172776252E-07
    0.191586676E-07
    0.212377434E-07
    0.235344785E-07
    0.260721545E-07
    0.288733629E-07
    0.319652848E-07
    0.353775474E-07
    0.391415187E-07
    0.432918191E-07
    0.478673905E-07
    0.529099610E-07
    0.584637127E-07
    0.645817797E-07
    0.713174003E-07
    0.787307103E-07
    0.868861341E-07
    0.958593605E-07
    0.105723425E-06
    0.116566444E-06
    0.128482058E-06
    0.141570921E-06
    0.155946145E-06
    0.171727086E-06
    0.189044825E-06
    0.208046782E-06
    0.228887606E-06
    0.251737923E-06
    0.276784165E-06
    0.304229212E-06
    0.334290324E-06
    0.367210170E-06
    0.403250622E-06
    0.442691942E-06
    0.485839575E-06
    0.533034746E-06
    0.584631830E-06
    0.641025055E-06
    0.702647771E-06
    0.769959161E-06
    0.843463315E-06
    0.923706351E-06
    0.101126794E-05
    0.110679967E-05
    0.121098592E-05
    0.132457909E-05
    0.144838857E-05
    0.158329413E-05
    0.173023846E-05
    0.189024991E-05
    0.206443350E-05
    0.225399419E-05
    0.246020491E-05
    0.268448456E-05
    0.292832223E-05
    0.319334032E-05
    0.348130012E-05
    0.379408577E-05
    0.413372548E-05
    0.450242357E-05
    0.490251895E-05
    0.533656870E-05
    0.580730156E-05
    0.631765874E-05
    0.687080309E-05
    0.747013550E-05
    0.811930412E-05
    0.882224586E-05
    0.958314719E-05
    0.104065812E-04
    0.112973519E-04
    0.122607067E-04
    0.133022123E-04
    0.144278566E-04
    0.156440637E-04
    0.169577052E-04
    0.183761291E-04
    0.199072333E-04
    0.215594361E-04
    0.233417471E-04
    0.252638325E-04
    0.273359831E-04
    0.295692236E-04
    0.319753010E-04
    0.345667701E-04
    0.373570799E-04
    0.403604492E-04
    0.435922285E-04
    0.470686452E-04
    0.508070068E-04
    0.548258046E-04
    0.591446798E-04
    0.637845936E-04
    0.687677982E-04
    0.741180113E-04
    0.798604496E-04
    0.860218850E-04
    0.926307669E-04
    0.997172972E-04
    0.107313645E-03
    0.115453812E-03
    0.124173994E-03
    0.133512432E-03
    0.143509902E-03
    0.154209279E-03
    0.165656278E-03
    0.177899237E-03
    0.190989168E-03
    0.204980182E-03
    0.219929489E-03
    0.235897587E-03
    0.252948272E-03
    0.271149116E-03
    0.290571411E-03
    0.311290343E-03
    0.333385305E-03
    0.356939879E-03
    0.382042461E-03
    0.408785947E-03
    0.437268328E-03
    0.467592663E-03
    0.499867573E-03
    0.534207154E-03
    0.570731374E-03
    0.609566633E-03
    0.650845391E-03
    0.694706900E-03
    0.741297363E-03
    0.790770314E-03
    0.843286396E-03
    0.899014438E-03
    0.958131224E-03
    0.102082189E-02
    0.108728036E-02
    0.115770952E-02
    0.123232160E-02
    0.131133868E-02
    0.139499263E-02
    0.148352591E-02
    0.157719149E-02
    0.167625360E-02
    0.178098786E-02
    0.189168150E-02
    0.200863430E-02
    0.213215814E-02
    0.226257794E-02
    0.240023205E-02
    0.254547215E-02
    0.269866418E-02
    0.286018850E-02
    0.303043997E-02
    0.320982893E-02
    0.339878096E-02
    0.359773744E-02
    0.380715616E-02
    0.402751157E-02
    0.425929497E-02
    0.450301474E-02
    0.475919692E-02
    0.502838611E-02
    0.531114410E-02
    0.560805184E-02
    0.591970977E-02
    0.624673571E-02
    0.658976871E-02
    0.694946604E-02
    0.732650603E-02
    0.772158590E-02
    0.813542399E-02
    0.856875852E-02
    0.902234866E-02
    0.949697362E-02
    0.999343358E-02
    0.105125500E-01
    0.110551649E-01
    0.116221406E-01
    0.122143603E-01
    0.128327287E-01
    0.134781703E-01
    0.141516291E-01
    0.148540720E-01
    0.155864830E-01
    0.163498676E-01
    0.171452496E-01
    0.179736729E-01
    0.188361989E-01
    0.197339072E-01
    0.206678960E-01
    0.216392794E-01
    0.226491887E-01
    0.236987698E-01
    0.247891847E-01
    0.259216089E-01
    0.270972315E-01
    0.283172537E-01
    0.295828883E-01
    0.308953587E-01
    0.322558969E-01
    0.336657434E-01
    0.351261459E-01
    0.366383574E-01
    0.382036346E-01
    0.398232380E-01
    0.414984285E-01
    0.432304676E-01
    0.450206141E-01
    0.468701249E-01
    0.487802496E-01
    0.507522330E-01
    0.527873083E-01
    0.548867004E-01
    0.570516199E-01
    0.592832650E-01
    0.615828133E-01
    0.639514260E-01
    0.663902437E-01
    0.689003813E-01
    0.714829287E-01
    0.741389502E-01
    0.768694759E-01
    0.796755066E-01
    0.825580054E-01
    0.855178996E-01
    0.885560751E-01
    0.916733755E-01
    0.948705998E-01
    0.981484986E-01
    0.101507773E+00
    0.104949070E+00
    0.108472982E+00
    0.112080045E+00
    0.115770733E+00
    0.119545454E+00
    0.123404558E+00
    0.127348321E+00
    0.131376948E+00
    0.135490577E+00
    0.139689265E+00
    0.143972995E+00
    0.148341667E+00
    0.152795103E+00
    0.157333039E+00
    0.161955122E+00
    0.166660916E+00
    0.171449891E+00
    0.176321428E+00
    0.181274811E+00
    0.186309232E+00
    0.191423785E+00
    0.196617465E+00
    0.201889169E+00
    0.207237692E+00
    0.212661732E+00
    0.218159878E+00
    0.223730621E+00
    0.229372345E+00
    0.235083333E+00
    0.240861761E+00
    0.246705703E+00
    0.252613126E+00
    0.258581896E+00
    0.264609772E+00
    0.270694412E+00
    0.276833371E+00
    0.283024104E+00
    0.289263964E+00
    0.295550202E+00
    0.301879979E+00
    0.308250357E+00
    0.314658302E+00
    0.321100686E+00
    0.327574300E+00
    0.334075841E+00
    0.340601922E+00
    0.347149078E+00
    0.353713763E+00
    0.360292356E+00
    0.366881162E+00
    0.373476423E+00
    0.380074310E+00
    0.386670936E+00
    0.393262359E+00
    0.399844582E+00
    0.406413561E+00
    0.412965209E+00
    0.419495396E+00
    0.425999967E+00
    0.432474731E+00
    0.438915472E+00
    0.445317960E+00
    0.451677954E+00
    0.457991197E+00
    0.464253437E+00
    0.470460420E+00
    0.476607906E+00
    0.482691669E+00
    0.488707501E+00
    0.494651225E+00
    0.500518694E+00
    0.506305802E+00
    0.512008487E+00
    0.517622738E+00
    0.523144602E+00
    0.528570189E+00
    0.533895676E+00
    0.539117320E+00
    0.544231458E+00
    0.549234512E+00
    0.554122998E+00
    0.558893536E+00
    0.563542845E+00
    0.568067759E+00
    0.572465224E+00
    0.576732314E+00
    0.580866224E+00
    0.584864285E+00
    0.588723964E+00
    0.592442870E+00
    0.596018759E+00
    0.599449540E+00
    0.602733276E+00
    0.605868191E+00
    0.608852672E+00
    0.611685270E+00
    0.614364717E+00
    0.616889908E+00
    0.619259915E+00
    0.621473994E+00
    0.623531582E+00
    0.625432294E+00
    0.627175935E+00
    0.628762490E+00
    0.630192135E+00
    0.631465233E+00
    0.632582327E+00
    0.633544157E+00
    0.634351639E+00
    0.635005880E+00
    0.635508166E+00
    0.635859966E+00
    0.636062928E+00
    0.636118873E+00
    0.636029795E+00
    0.635797861E+00
    0.635425393E+00
    0.634914883E+00
    0.634268969E+00
    0.633490442E+00
    0.632582234E+00
    0.631547413E+00
    0.630389175E+00
    0.629110844E+00
    0.627715851E+00
    0.626207738E+00
    0.624590142E+00
    0.622866788E+00
    0.621041483E+00
    0.619118103E+00
    0.617100582E+00
    0.614992909E+00
    0.612799105E+00
    0.610523224E+00
    0.608169341E+00
    0.605741536E+00
    0.603243880E+00
    0.600680436E+00
    0.598055238E+00
    0.595372285E+00
    0.592635520E+00
    0.589848835E+00
    0.587016046E+00
    0.584140889E+00
    0.581227007E+00
    0.578277941E+00
    0.575297116E+00
    0.572287842E+00
    0.569253286E+00
    0.566196485E+00
    0.563120317E+00
    0.560027504E+00
    0.556920607E+00
    0.553802011E+00
    0.550673918E+00
    0.547538352E+00
    0.544397142E+00
    0.541251929E+00
    0.538104147E+00
    0.534955036E+00
    0.531805624E+00
    0.528656747E+00
    0.525509022E+00
    0.522362870E+00
    0.519218503E+00
    0.516075930E+00
    0.512934963E+00
    0.509795214E+00
    0.506656105E+00
    0.503516868E+00
    0.500376555E+00
    0.497234041E+00
    0.494088034E+00
    0.490937082E+00
    0.487779580E+00
    0.484613782E+00
    0.481437807E+00
    0.478249659E+00
    0.475047222E+00
    0.471828286E+00
    0.468590553E+00
    0.465331647E+00
    0.462049133E+00
    0.458740522E+00
    0.455403293E+00
    0.452034900E+00
    0.448632785E+00
    0.445194400E+00
    0.441717207E+00
    0.438198704E+00
    0.434636433E+00
    0.431027993E+00
    0.427371053E+00
    0.423663368E+00
    0.419902787E+00
    0.416087269E+00
    0.412214895E+00
    0.408283873E+00
    0.404292556E+00
    0.400239450E+00
    0.396123222E+00
    0.391942712E+00
    0.387696936E+00
    0.383385102E+00
    0.379006607E+00
    0.374561054E+00
    0.370048246E+00
    0.365468200E+00
    0.360821147E+00
    0.356107532E+00
    0.351328024E+00
    0.346483509E+00
    0.341575094E+00
    0.336604106E+00
    0.331572093E+00
    0.326480818E+00
    0.321332259E+00
    0.316128604E+00
    0.310872245E+00
    0.305565777E+00
    0.300211987E+00
    0.294813848E+00
    0.289374514E+00
    0.283897310E+00
    0.278385722E+00
    0.272843390E+00
    0.267274095E+00
    0.261681749E+00
    0.256070386E+00
    0.250444150E+00
    0.244807279E+00
    0.239164095E+00
    0.233518996E+00
    0.227876434E+00
    0.222240910E+00
    0.216616954E+00
    0.211009118E+00
    0.205421957E+00
    0.199860018E+00
    0.194327828E+00
    0.188829879E+00
    0.183370614E+00
    0.177954416E+00
    0.172585594E+00
    0.167268372E+00
    0.162006875E+00
    0.156805122E+00
    0.151667007E+00
    0.146596298E+00
    0.141596620E+00
    0.136671447E+00
    0.131824096E+00
    0.127057716E+00
    0.122375282E+00
    0.117779586E+00
    0.113273236E+00
    0.108858644E+00
    0.104538028E+00
    0.100313401E+00
    0.961865770E-01
    0.921591612E-01
    0.882325517E-01
    0.844079397E-01
    0.806863089E-01
    0.770684347E-01
    0.735548886E-01
    0.701460391E-01
    0.668420550E-01
    0.636429101E-01
    0.605483857E-01
    0.575580785E-01
    0.546714029E-01
    0.518876006E-01
    0.492057452E-01
    0.466247497E-01
    0.441433742E-01
    0.417602343E-01
    0.394738089E-01
    0.372824494E-01
    0.351843882E-01
    0.331777468E-01
    0.312605476E-01
    0.294307194E-01
    0.276861102E-01
    0.260244951E-01
    0.244435847E-01
    0.229410364E-01
    0.215144609E-01
    0.201614339E-01
    0.188795019E-01
    0.176661932E-01
    0.165190251E-01
    0.154355109E-01
    0.144131688E-01
    0.134495284E-01
    0.125421384E-01
    0.116885714E-01
    0.108864316E-01
    0.101333594E-01
    0.942703706E-02
    0.876519334E-02
    0.814560772E-02
    0.756611473E-02
    0.702460633E-02
    0.651903601E-02
    0.604742073E-02
    0.560784365E-02
    0.519845507E-02
    0.481747444E-02
    0.446319113E-02
    0.413396484E-02
    0.382822630E-02
    0.354447689E-02
    0.328128832E-02
    0.303730216E-02
    0.281122858E-02
    0.260184591E-02
    0.240799830E-02
    0.222859504E-02
    0.206260838E-02
    0.190907172E-02
    0.176707773E-02
    0.163577603E-02
    0.151437124E-02
    0.140212057E-02
    0.129833140E-02
    0.120235914E-02
    0.111360458E-02
    0.103151190E-02
    0.955566016E-03
    0.885290394E-03
    0.820244518E-03
    0.760022035E-03
    0.704248179E-03
    0.652578018E-03
    0.604694047E-03
    0.560304531E-03
    0.519141368E-03
    0.480958410E-03
    0.445529884E-03
    0.412648552E-03
    0.382124252E-03
    0.353782578E-03
    0.327463412E-03
    0.303019775E-03
    0.280316596E-03
    0.259229778E-03
    0.239644997E-03
    0.221456984E-03
    0.204568598E-03
    0.188890142E-03
    0.174338635E-03
    0.160837185E-03
    0.148314408E-03
    0.136704078E-03
    0.125944425E-03
    0.115977937E-03
    0.106750910E-03
    0.982131682E-04
    0.903177396E-04
    0.830206199E-04
    0.762805879E-04
    0.700589529E-04
    0.643193885E-04
    0.590278309E-04
    0.541522582E-04
    0.496626250E-04
    0.455307622E-04
    0.417302407E-04
    0.382362826E-04
    0.350256881E-04
    0.320767412E-04
    0.293691802E-04
    0.268840640E-04
    0.246037954E-04
    0.225119462E-04
    0.205932763E-04
    0.188336752E-04
    0.172200531E-04
    0.157403252E-04
    0.143833407E-04
    0.131388442E-04
    0.119973806E-04
    0.109503021E-04
    0.998968754E-05
    0.910827324E-05
    0.829944061E-05
    0.755714715E-05
    0.687588624E-05
    0.625066727E-05
    0.567692825E-05
    0.515052184E-05
    0.466770521E-05
    0.422504827E-05
    0.381944058E-05
    0.344804833E-05
    0.310829411E-05
    0.279782241E-05
    0.251446593E-05
    0.225626002E-05
    0.202137311E-05
    0.180812239E-05
    0.161495795E-05
    0.144042878E-05
    0.128317987E-05
    0.114195372E-05
    0.101556010E-05
    0.902891069E-06
    0.802888651E-06
    0.714555009E-06
    0.636947698E-06
    0.569167682E-06
    0.510370091E-06
    0.459742497E-06
    0.416518433E-06
    0.379973494E-06
    0.349414511E-06
    0.324192366E-06
    0.303690699E-06
    0.287332642E-06
    0.274574064E-06
    0.264909421E-06
    0.257866972E-06
    0.253009305E-06
    0.249933638E-06
    0.248272247E-06
    0.247688445E-06
    0.247879507E-06
    0.248573128E-06
    0.249527692E-06
    0.250531506E-06
    0.251400602E-06
    0.251977784E-06
    0.252132601E-06
    0.251756074E-06
    0.250764781E-06
    0.249093334E-06
    0.246697969E-06
    0.243552813E-06
    0.239646499E-06
    0.234983736E-06
    0.229581860E-06
    0.223469776E-06
    0.216687312E-06
    0.209282919E-06
    0.201310184E-06
    0.192830531E-06
    0.183911863E-06
    0.174622561E-06
    0.165035653E-06
    0.155225139E-06
    0.145267335E-06
    0.135235410E-06
    0.125204222E-06
    0.115246899E-06
    0.105433292E-06
    0.958320576E-07
    0.865097087E-07
    0.775264791E-07
    0.689415050E-07
    0.608093839E-07
    0.531805834E-07
    0.461019500E-07
    0.396145596E-07
    0.337552112E-07
    0.285591338E-07
    0.240538414E-07
    0.202642158E-07
    0.172096274E-07
    0.149069822E-07
    0.133673686E-07
    0.125981403E-07
    0.126037614E-07
    0.133841437E-07
    0.149347474E-07
    0.172505664E-07
    0.203195198E-07
    0.241281607E-07
    0.286610757E-07
    0.338977744E-07
    0.398168045E-07
    0.463941236E-07
    0.536016993E-07
    0.614122159E-07
    0.697940512E-07
    0.787146609E-07
    0.881394749E-07
    0.980340326E-07
    0.108360849E-06
    0.119081512E-06
    0.130156885E-06
    0.141549077E-06
    0.153214673E-06
    0.165116743E-06
    0.177211808E-06
    0.189458101E-06
    0.201817126E-06
    0.214246312E-06
    0.226704713E-06
    0.239154684E-06
    0.251553560E-06
    0.263865293E-06
    0.276050565E-06
    0.288073374E-06
    0.299896722E-06
    0.311487977E-06
    0.322813231E-06
    0.333840320E-06
    0.344537923E-06
    0.354881352E-06
    0.364839059E-06
    0.374389290E-06
    0.383508209E-06
    0.392170689E-06
    0.400361626E-06
    0.408061481E-06
    0.415252660E-06
    0.421924970E-06
    0.428062246E-06
    0.433657147E-06
    0.438701041E-06
    0.443187919E-06
    0.447113015E-06
    0.450474142E-06
    0.453271459E-06
    0.455505314E-06
    0.457177185E-06
    0.458295777E-06
    0.458863745E-06
    0.458889066E-06
    0.458383795E-06
    0.457353647E-06
    0.455814646E-06
    0.453779572E-06
    0.451259910E-06
    0.448274428E-06
    0.444836136E-06
    0.440963620E-06
    0.436675650E-06
    0.431989236E-06
    0.426924904E-06
    0.421500492E-06
    0.415737876E-06
    0.409656915E-06
    0.403277311E-06
    0.396621956E-06
    0.389711012E-06
    0.382563132E-06
    0.375203298E-06
    0.367648629E-06
    0.359921445E-06
    0.352042836E-06
    0.344030488E-06
    0.335906026E-06
    0.327687265E-06
    0.319393065E-06
    0.311043106E-06
    0.302653026E-06
    0.294241403E-06
    0.285823278E-06
    0.277414849E-06
    0.269031989E-06
    0.260687797E-06
    0.252396749E-06
    0.244171705E-06
    0.236023328E-06
    0.227965223E-06
    0.220007059E-06
    0.212158396E-06
    0.204429391E-06
    0.196827336E-06
    0.189360768E-06
    0.182036170E-06
    0.174859945E-06
    0.167838486E-06
    0.160975515E-06
    0.154276196E-06
    0.147743970E-06
    0.141381209E-06
    0.135191651E-06
    0.129176369E-06
    0.123337019E-06
    0.117674313E-06
    0.112188561E-06
    0.106880221E-06
    0.101748653E-06
    0.967924803E-07
    0.920107200E-07
    0.874016891E-07
    0.829637641E-07
    0.786941360E-07
    0.745908609E-07
    0.706509408E-07
    0.668712194E-07
    0.632486134E-07
    0.597800671E-07
    0.564612736E-07
    0.532892558E-07
    0.502600681E-07
    0.473696994E-07
    0.446141668E-07
    0.419893968E-07
    0.394918014E-07
    0.371166323E-07
    0.348601155E-07
    0.327178572E-07
    0.306860112E-07
    0.287606660E-07
    0.269372083E-07
    0.252121440E-07
    0.235812448E-07
    0.220405222E-07
    0.205863503E-07
    0.192149903E-07
    0.179225734E-07
    0.167055535E-07
    0.155606470E-07
    0.144842071E-07
    0.134730835E-07
    0.125237577E-07
    0.116336973E-07
    0.107992145E-07
    0.100178108E-07
    0.928659665E-08
    0.860281511E-08
    0.796412848E-08
    0.736762939E-08
    0.681120746E-08
    0.629256409E-08
    0.580927865E-08
    0.535959902E-08
    0.494127240E-08
    0.455254861E-08
    0.419140944E-08
    0.385636758E-08
    0.354559862E-08
    0.325774141E-08
    0.299103776E-08
    0.274441672E-08
    0.251630532E-08
    0.230553322E-08
    0.211105227E-08
    0.193154771E-08
    0.176614769E-08
    0.161372223E-08
    0.147340050E-08
    0.134440839E-08
    0.122574409E-08
    0.111684291E-08
    0.101684368E-08
    0.925176974E-09
    0.841127853E-09
    0.764189683E-09
    0.693759115E-09
    0.629418878E-09
    0.570575280E-09
    0.516867816E-09
    0.467871364E-09
    0.423178796E-09
    0.382519959E-09
    0.345479447E-09
    0.311786475E-09
    0.281179344E-09
    0.253361083E-09
    0.228158529E-09
    0.205273076E-09
    0.184555654E-09
    0.165791916E-09
    0.148822222E-09
    0.133484798E-09
    0.119627779E-09
    0.107119739E-09
    0.958571182E-10
    0.857029742E-10
    0.765542018E-10
    0.683286493E-10
    0.609363432E-10
    0.543048802E-10
    0.483495702E-10
    0.430013712E-10
    0.382197911E-10
    0.339355226E-10
    0.301080635E-10
    0.266853268E-10
    0.236288586E-10
    0.209034092E-10
    0.184747830E-10
    0.163146375E-10
    0.143904259E-10
    0.126779914E-10
    0.111618402E-10
    0.981611996E-11
    0.862209946E-11
    0.756249059E-11
    0.662942876E-11
    0.580614906E-11
    0.507596219E-11
    0.443413221E-11
    0.386827637E-11
    0.337311802E-11
    0.293477602E-11
    0.255185062E-11
    0.221611846E-11
    0.192162385E-11
    0.166493362E-11
    0.144039491E-11
    0.124529051E-11
    0.107389553E-11
    0.926742684E-12
    0.798154253E-12
    0.687251300E-12
    0.589867428E-12
    0.506009619E-12
    0.434982989E-12
    0.371529366E-12
    0.318683489E-12
    0.272547039E-12
    0.233180210E-12
    0.199023726E-12
    0.169665072E-12
    0.145432420E-12
    0.124112316E-12
    0.106094156E-12
    0.905806124E-13
    0.776212258E-13
    0.664509407E-13
    0.571775438E-13
    0.492085067E-13
    0.426386811E-13
    0.370748994E-13
    0.321416372E-13
    0.282986543E-13
    0.248743588E-13
    0.222084819E-13
    0.199788702E-13
    0.178771181E-13
    0.162854668E-13
    0.148813384E-13
    0.137881251E-13
    0.129045643E-13
    0.120423012E-13
    0.113700391E-13
    0.107532571E-13
    0.102956012E-13
    0.983283083E-14
    0.936280831E-14
    0.907228556E-14
    0.876142214E-14
    0.856444522E-14
    0.811499352E-14
    0.791841145E-14
    0.775046338E-14
    0.742934013E-14
    0.729689639E-14
    0.706525869E-14
    0.695190786E-14
    0.667664006E-14
    0.649590454E-14
    0.639443065E-14
    0.626490833E-14
    0.614120518E-14
    0.600755246E-14
    0.593687558E-14
    0.576082490E-14
    0.577837519E-14
    0.567930529E-14
    0.567311629E-14
    0.555538361E-14
    0.545415858E-14
    0.552176430E-14
    0.538629169E-14
    0.545106019E-14
    0.544454980E-14
    0.540327680E-14
    0.536259730E-14
    0.523199013E-14
    0.531387008E-14
    0.528656829E-14
    0.525233665E-14
    0.515665608E-14
    0.512675591E-14
    0.503599976E-14
    0.503471215E-14
    0.496688894E-14
    0.487418086E-14
    0.481105921E-14
    0.465451351E-14
    0.454969150E-14
    0.444251138E-14
    0.435076605E-14
    0.426547395E-14
    0.410329466E-14
    0.396864297E-14
    0.381242777E-14
    0.365960233E-14
    0.356342412E-14
    0.339405493E-14
    0.324659533E-14
    0.308643576E-14
    0.294577746E-14
    0.280420475E-14
    0.262129017E-14
    0.251619672E-14
    0.237054216E-14
    0.228725359E-14
    0.206587663E-14
    0.194092104E-14
    0.184955075E-14
    0.169690243E-14
    0.161164295E-14
    0.148444748E-14
    0.139155384E-14
    0.127480600E-14
    0.115273431E-14
    0.109258237E-14
    0.100468911E-14
    0.938324815E-15
    0.840148048E-15
    0.781727674E-15
    0.664157605E-15
    0.661504016E-15
    0.592559906E-15
    0.548593421E-15
    0.494141692E-15
    0.441104752E-15
    0.394479921E-15
    0.358337161E-15
    0.329509511E-15
    0.306797659E-15
    0.263845388E-15
    0.252806605E-15
    0.202103627E-15
    0.194730951E-15
    0.174518208E-15
    0.160878635E-15
    0.152121360E-15
    0.130620745E-15
    0.119269304E-15
    0.109483663E-15
    0.953604409E-16
    0.805668709E-16
    0.788914459E-16
    0.856062539E-16
    0.625383576E-16
    0.640441053E-16
    0.694666593E-16
    0.497712361E-16
    0.501447060E-16
    0.438053255E-16
    0.467121520E-16
    0.491491109E-16
    0.367793963E-16
    0.364501938E-16
    0.357741465E-16
    0.292246572E-16
    0.329870921E-16
    0.315362113E-16
    0.327599891E-16
    0.276101601E-16
    0.249668360E-16
    0.342033981E-16
    0.289143642E-16
    0.342788663E-16
    0.287274346E-16
    0.272369213E-16
    0.278118348E-16
    0.229595551E-16
    0.275447444E-16
    0.328896730E-16
    0.279147423E-16
    0.245964885E-16
    0.257020147E-16
    0.260502930E-16
    0.275218564E-16
    0.241924904E-16
    0.283980038E-16
    0.288319028E-16
    0.265449466E-16
    0.255511015E-16
    0.217164338E-16
    0.331123400E-16
    0.233737106E-16
    0.307031643E-16
    0.299537025E-16
    0.260349019E-16
    0.183511831E-16
    0.345389068E-16
    0.260913183E-16
    0.292737382E-16
    0.245338418E-16
    0.274846170E-16
    0.243767728E-16
    0.233094353E-16
    0.262120206E-16
    0.287710740E-16
    0.224153814E-16
    0.228562514E-16
    0.252847457E-16
    0.327156779E-16
    0.239111732E-16
    0.349717623E-16
    0.286757445E-16
    0.288542274E-16
    0.197611481E-16
    0.295327287E-16
    0.268987872E-16
    0.299195734E-16
    0.272664796E-16
    0.297052506E-16
    0.237347887E-16
    0.238778604E-16
    0.219514029E-16
    0.308003626E-16
    0.231501974E-16
    0.267940266E-16
    0.225313224E-16
    0.279535095E-16
    0.306800810E-16
    0.310316113E-16
    0.271521960E-16
    0.319583626E-16
    0.209596975E-16
    0.249095961E-16
    0.328960583E-16
    0.273110037E-16
    0.323431039E-16
    0.240869151E-16
    0.251287124E-16
    0.295512562E-16
    0.265768902E-16
    0.271044258E-16
    0.220809655E-16
    0.314787832E-16
    0.227506525E-16
    0.283929186E-16
    0.277117832E-16
    0.232993259E-16
    0.320750509E-16
    0.305007885E-16
    0.284900175E-16
    0.261917344E-16
    0.243944185E-16
    0.295032273E-16
    0.312549082E-16
    0.264872091E-16
    0.300650688E-16
    0.315091159E-16
    0.195372062E-16
    0.195865738E-16
    0.290744512E-16
    0.276188392E-16
    0.211520403E-16
    0.223062599E-16
    0.329537445E-16
    0.255703979E-16
    0.349318363E-16
    0.313037858E-16
    0.290656498E-16
    0.254621385E-16
    0.243072543E-16
    0.314406347E-16
    0.283357573E-16
    0.290240512E-16
    0.295019914E-16
    0.259785105E-16
    0.252259173E-16
    0.253856182E-16
    0.283768551E-16
    0.242187661E-16
    0.268788861E-16
    0.256230636E-16
    0.348504457E-16
    0.217634191E-16
    0.320212735E-16
    0.252043475E-16
    0.278899670E-16
    0.320512806E-16
    0.252845213E-16
    0.213257280E-16
    0.336411979E-16
    0.351305427E-16
    0.294610901E-16
    0.255196458E-16
    0.315022715E-16
    0.213982605E-16
    0.282163733E-16
    0.218797749E-16
    0.274117127E-16
    0.206189370E-16
    0.325220745E-16
    0.287847242E-16
    0.265024792E-16
    0.264709415E-16
    0.333873388E-16
    0.288076461E-16
    0.252079741E-16
    0.217982589E-16
    0.331974358E-16
    0.303302687E-16
    0.274209031E-16
    0.252309109E-16
    0.325860550E-16
    0.244391198E-16
    0.265239317E-16
    0.218270855E-16
    0.283302172E-16
    0.208567675E-16
    0.332757827E-16
    0.310605092E-16
    0.246739113E-16
    0.351170681E-16
    0.291285156E-16
    0.261661012E-16
    0.294617874E-16
    0.246207071E-16
    0.234112909E-16
    0.353381587E-16
    0.295428950E-16
    0.276142638E-16
    0.277014098E-16
    0.258951609E-16
    0.221845622E-16
    0.276774230E-16
    0.239305997E-16
    0.227661687E-16
    0.299259207E-16
    0.325083708E-16
    0.284827128E-16
    0.288051652E-16
    0.268117617E-16
    0.326882974E-16
    0.286111475E-16
    0.230098951E-16
    0.190804687E-16
    0.363640214E-16
    0.329612519E-16
    0.308524123E-16
    0.211488729E-16
    0.349314155E-16
    0.230665375E-16
    0.276342459E-16
    0.207402561E-16
    0.243150524E-16
    0.221433095E-16
    0.324001705E-16
    0.282522177E-16
    0.319702831E-16
    0.330820311E-16
    0.301978670E-16
    0.261251283E-16
    0.255229426E-16
    0.257437156E-16
    0.268977289E-16
    0.304211185E-16
    0.267752599E-16
    0.228139381E-16
    0.337886410E-16
    0.216797502E-16
    0.244294242E-16
    0.240400205E-16
    0.266862877E-16
    0.247744549E-16
    0.335284974E-16
    0.306088988E-16
    0.295400334E-16
    0.318562677E-16
    0.304287578E-16
    0.295347629E-16
    0.298533226E-16
    0.254871001E-16
    0.181702817E-16
    0.362807305E-16
    0.306473016E-16
    0.276130196E-16
    0.247231501E-16
    0.293631675E-16
    0.206936898E-16
    0.263741371E-16
    0.215287864E-16
    0.232674655E-16
    0.246690834E-16
    0.314281538E-16
    0.288396027E-16
    0.345922006E-16
    0.305051300E-16
    0.330861982E-16
    0.273679485E-16
    0.221918215E-16
    0.254699483E-16
    0.291917550E-16
    0.310596099E-16
    0.305253210E-16
    0.216375538E-16
    0.367579026E-16
    0.194668668E-16
    0.253356557E-16
    0.240089117E-16
    0.250167957E-16
    0.232507318E-16
    0.368146918E-16
    0.286072175E-16
    0.331142179E-16
    0.318295718E-16
    0.323783185E-16
    0.286730156E-16
    0.290729284E-16
    0.273818176E-16
    0.219114470E-16
    0.295162814E-16
    0.239306529E-16
    0.270952642E-16
    0.273563767E-16
    0.233852578E-16
    0.238594188E-16
    0.233818118E-16
    0.226190875E-16
    0.282024328E-16
    0.279333216E-16
    0.343592371E-16
    0.300883302E-16
    0.280049386E-16
    0.422208448E-16
    0.313286155E-16
    0.237088779E-16
    0.231749320E-16
    0.264847367E-16
    0.287012985E-16
    0.329029518E-16
    0.285024574E-16
    0.225216504E-16
    0.327326872E-16
    0.199280849E-16
    0.242786510E-16
    0.208393248E-16
    0.234967582E-16
    0.251377878E-16
    0.338018842E-16
    0.287479033E-16
    0.333826437E-16
    0.394713761E-16
    0.283470770E-16
    0.281322754E-16
    0.251068967E-16
    0.290901651E-16
    0.260378822E-16
    0.322149075E-16
    0.221593374E-16
    0.299917016E-16
    0.234985447E-16
    0.254941546E-16
    0.246701526E-16
    0.261744272E-16
    0.212023708E-16
    0.315512700E-16
    0.262752266E-16
    0.329778313E-16
    0.303653761E-16
    0.375942365E-16
    0.284622192E-16
    0.336022201E-16
    0.249953298E-16
    0.198110984E-16
    0.283156244E-16
    0.246856668E-16
    0.266494040E-16
    0.297327180E-16
    0.226793127E-16
    0.285199052E-16
    0.202260430E-16
    0.228326537E-16
    0.259876268E-16
    0.266629416E-16
    0.295191505E-16
    0.311706555E-16
    0.267509292E-16
    0.431900226E-16
    0.343876591E-16
    0.240854998E-16
    0.274358262E-16
    0.283287665E-16
    0.264289832E-16
    0.302079717E-16
    0.274682255E-16
    0.234960065E-16
    0.308039252E-16
    0.179691516E-16
    0.250170733E-16
    0.225564495E-16
    0.236229201E-16
    0.261403075E-16
    0.328626552E-16
    0.304084326E-16
    0.315556724E-16
    0.346524295E-16
    0.264292461E-16
    0.317740218E-16
    0.299531754E-16
    0.265376753E-16
    0.238988136E-16
    0.259394119E-16
    0.203590410E-16
    0.327425597E-16
    0.230181416E-16
    0.284362043E-16
    0.288377116E-16
    0.239184667E-16
    0.182690627E-16
    0.277848264E-16
    0.292048965E-16
    0.336482742E-16
    0.328100267E-16
    0.324567786E-16
    0.405374957E-16
    0.216474372E-16
    0.246758780E-16
    0.265559849E-16
    0.277555548E-16
    0.269887322E-16
    0.360427376E-16
    0.176966819E-16
    0.282130164E-16
    0.201691748E-16
    0.202891217E-16
    0.293577644E-16
    0.332463429E-16
    0.306419025E-16
    0.358846493E-16
    0.266067999E-16
    0.347474530E-16
    0.325360810E-16
    0.199416628E-16
    0.372548990E-16
    0.283710169E-16
    0.272398292E-16
    0.329207047E-16
    0.325645303E-16
    0.211682180E-16
    0.227452930E-16
    0.219960955E-16
    0.260218704E-16
    0.287848664E-16
    0.324094346E-16
    0.390357777E-16
    0.306046820E-16
    0.367071642E-16
    0.346997807E-16
    0.304562619E-16
    0.280791836E-16
    0.314445413E-16
    0.223944845E-16
    0.315686001E-16
    0.307216960E-16
    0.286072260E-16
    0.386119611E-16
    0.417740632E-16
    0.438547751E-16
    0.424745177E-16
    0.458681877E-16
    0.432042326E-16
    0.378791466E-16
    0.387895324E-16
    0.361063315E-16
    0.303749694E-16
    0.339590112E-16
    0.294911278E-16
    0.253750486E-16
    0.296887450E-16
    0.240268411E-16
    0.213888485E-16
    0.212079656E-16
    0.198138372E-16
    0.244188596E-16
    0.226724379E-16
    0.228367434E-16
    0.270161601E-16
    0.224575689E-16
    0.258769324E-16
    0.205117694E-16
