 #tdnd tdcion
    0.260388193E-16
    0.254907776E-16
    0.223394366E-16
    0.236559715E-16
    0.233322021E-16
    0.250332936E-16
    0.302167554E-16
    0.201105293E-16
    0.186350763E-16
    0.290440206E-16
    0.172722750E-16
    0.245045719E-16
    0.231878543E-16
    0.229491312E-16
    0.200224205E-16
    0.246605363E-16
    0.241808176E-16
    0.286067545E-16
    0.210030456E-16
    0.288137822E-16
    0.203554597E-16
    0.210071748E-16
    0.228002537E-16
    0.266941332E-16
    0.207382678E-16
    0.233462193E-16
    0.192168378E-16
    0.237392684E-16
    0.171674202E-16
    0.212451746E-16
    0.232844110E-16
    0.196242935E-16
    0.231359341E-16
    0.208857214E-16
    0.217397002E-16
    0.232301161E-16
    0.231933453E-16
    0.200619666E-16
    0.220427780E-16
    0.209836305E-16
    0.227329041E-16
    0.251802376E-16
    0.166443564E-16
    0.230583287E-16
    0.200760459E-16
    0.234391456E-16
    0.214774449E-16
    0.189285842E-16
    0.226461867E-16
    0.255819563E-16
    0.273984784E-16
    0.209880992E-16
    0.203541623E-16
    0.206164615E-16
    0.343655898E-16
    0.208877620E-16
    0.221980731E-16
    0.259265038E-16
    0.414211035E-16
    0.328451402E-16
    0.319253673E-16
    0.300422315E-16
    0.355192340E-16
    0.344301278E-16
    0.332533872E-16
    0.387456290E-16
    0.374997673E-16
    0.385955160E-16
    0.428956246E-16
    0.419985010E-16
    0.344361109E-16
    0.464211050E-16
    0.307212854E-16
    0.327214656E-16
    0.265768272E-16
    0.334768108E-16
    0.342798932E-16
    0.253785717E-16
    0.209984835E-16
    0.220262505E-16
    0.242048369E-16
    0.232193506E-16
    0.228121428E-16
    0.335120534E-16
    0.351978048E-16
    0.318236617E-16
    0.318911832E-16
    0.244339814E-16
    0.289792032E-16
    0.316032167E-16
    0.344505405E-16
    0.211396291E-16
    0.279522351E-16
    0.220407428E-16
    0.248064024E-16
    0.248024328E-16
    0.243579795E-16
    0.273621962E-16
    0.281651898E-16
    0.310717600E-16
    0.282848775E-16
    0.289736580E-16
    0.231905561E-16
    0.287622698E-16
    0.207755566E-16
    0.226546918E-16
    0.210155011E-16
    0.259530366E-16
    0.280318998E-16
    0.301132161E-16
    0.175465563E-16
    0.293892016E-16
    0.270770450E-16
    0.273880219E-16
    0.259518816E-16
    0.239718189E-16
    0.271446479E-16
    0.209975200E-16
    0.274552894E-16
    0.275055283E-16
    0.298612019E-16
    0.168364268E-16
    0.260677686E-16
    0.276963460E-16
    0.247644217E-16
    0.264212114E-16
    0.275163405E-16
    0.250482021E-16
    0.268295132E-16
    0.206901316E-16
    0.277673165E-16
    0.250935631E-16
    0.274152536E-16
    0.255379426E-16
    0.290758566E-16
    0.261339481E-16
    0.231661472E-16
    0.232934714E-16
    0.215192796E-16
    0.230013019E-16
    0.231830010E-16
    0.261693674E-16
    0.228736035E-16
    0.279895212E-16
    0.282378755E-16
    0.231196910E-16
    0.237650599E-16
    0.277219082E-16
    0.237080136E-16
    0.274841618E-16
    0.259993363E-16
    0.233559995E-16
    0.287864701E-16
    0.235689729E-16
    0.275752290E-16
    0.232464056E-16
    0.283526731E-16
    0.186956785E-16
    0.202263614E-16
    0.317304388E-16
    0.225788961E-16
    0.184928300E-16
    0.314884306E-16
    0.282599817E-16
    0.204874378E-16
    0.242074851E-16
    0.333043376E-16
    0.227555800E-16
    0.253625211E-16
    0.241117114E-16
    0.247596069E-16
    0.240371249E-16
    0.206826549E-16
    0.274437466E-16
    0.175132847E-16
    0.288396139E-16
    0.226402708E-16
    0.232228164E-16
    0.322146128E-16
    0.234781366E-16
    0.193963228E-16
    0.294718204E-16
    0.332131361E-16
    0.191629394E-16
    0.263900728E-16
    0.303294189E-16
    0.271092522E-16
    0.209647715E-16
    0.249365217E-16
    0.230432430E-16
    0.290543385E-16
    0.230087300E-16
    0.302461569E-16
    0.198261322E-16
    0.252179300E-16
    0.307130152E-16
    0.242582528E-16
    0.271244274E-16
    0.212985332E-16
    0.283093600E-16
    0.328591345E-16
    0.290273163E-16
    0.249195429E-16
    0.297959261E-16
    0.248259298E-16
    0.211670210E-16
    0.207690573E-16
    0.282744976E-16
    0.252832854E-16
    0.275915363E-16
    0.313190445E-16
    0.263972710E-16
    0.269844194E-16
    0.259896010E-16
    0.255517751E-16
    0.257276956E-16
    0.285044099E-16
    0.197866746E-16
    0.270199653E-16
    0.282990522E-16
    0.222934852E-16
    0.232746638E-16
    0.337787222E-16
    0.265241738E-16
    0.299156532E-16
    0.334641469E-16
    0.293234092E-16
    0.330109802E-16
    0.252916825E-16
    0.353009236E-16
    0.257402502E-16
    0.322710186E-16
    0.311592651E-16
    0.353612118E-16
    0.357416131E-16
    0.364867521E-16
    0.376311848E-16
    0.433118467E-16
    0.408428223E-16
    0.561628100E-16
    0.378847513E-16
    0.538298215E-16
    0.453461284E-16
    0.555488463E-16
    0.612877803E-16
    0.549057269E-16
    0.640353017E-16
    0.610263794E-16
    0.733371081E-16
    0.765514032E-16
    0.675932167E-16
    0.752288563E-16
    0.872355498E-16
    0.698833726E-16
    0.813487194E-16
    0.903923861E-16
    0.106571107E-15
    0.105939015E-15
    0.134718689E-15
    0.115975587E-15
    0.128124356E-15
    0.155317876E-15
    0.152815331E-15
    0.176160055E-15
    0.152416572E-15
    0.155495002E-15
    0.170814242E-15
    0.199786812E-15
    0.180897905E-15
    0.185497856E-15
    0.196770796E-15
    0.203043684E-15
    0.241823838E-15
    0.199103437E-15
    0.204862374E-15
    0.255148007E-15
    0.203631824E-15
    0.249390911E-15
    0.244575157E-15
    0.203419635E-15
    0.207211073E-15
    0.198371513E-15
    0.191071329E-15
    0.188688592E-15
    0.196374840E-15
    0.175881364E-15
    0.154645820E-15
    0.161632549E-15
    0.155291348E-15
    0.176207693E-15
    0.139098753E-15
    0.152549845E-15
    0.177814838E-15
    0.161569249E-15
    0.159586896E-15
    0.200500157E-15
    0.161811899E-15
    0.205667764E-15
    0.221509117E-15
    0.215660146E-15
    0.249422099E-15
    0.218996266E-15
    0.233182149E-15
    0.261308758E-15
    0.296551504E-15
    0.272691710E-15
    0.296168138E-15
    0.284943790E-15
    0.304403012E-15
    0.354226780E-15
    0.300574480E-15
    0.287070616E-15
    0.325981601E-15
    0.281517888E-15
    0.300660373E-15
    0.320156526E-15
    0.253345586E-15
    0.286196863E-15
    0.277986077E-15
    0.289991910E-15
    0.327326710E-15
    0.291335882E-15
    0.299370579E-15
    0.331580454E-15
    0.371732718E-15
    0.341663868E-15
    0.415274516E-15
    0.416221447E-15
    0.407665595E-15
    0.440082323E-15
    0.471251859E-15
    0.406899080E-15
    0.429258821E-15
    0.434262361E-15
    0.367845062E-15
    0.361997984E-15
    0.362551878E-15
    0.352888882E-15
    0.300070657E-15
    0.300027069E-15
    0.287277451E-15
    0.234843739E-15
    0.281033541E-15
    0.254029851E-15
    0.248652459E-15
    0.224652917E-15
    0.177347889E-15
    0.209132053E-15
    0.221959230E-15
    0.169399534E-15
    0.172566221E-15
    0.184893386E-15
    0.171791965E-15
    0.179868662E-15
    0.267119118E-15
    0.372141415E-15
    0.498122122E-15
    0.684581012E-15
    0.862936399E-15
    0.107544513E-14
    0.142724273E-14
    0.192612257E-14
    0.224865582E-14
    0.297730514E-14
    0.354404593E-14
    0.435375615E-14
    0.544812654E-14
    0.661547347E-14
    0.785365568E-14
    0.966154505E-14
    0.116828481E-13
    0.137045304E-13
    0.165534418E-13
    0.201001581E-13
    0.237995344E-13
    0.280521133E-13
    0.331922130E-13
    0.390255392E-13
    0.455341471E-13
    0.541439930E-13
    0.628043687E-13
    0.729815615E-13
    0.848926323E-13
    0.977115448E-13
    0.114595004E-12
    0.132920688E-12
    0.152500760E-12
    0.176677187E-12
    0.204202176E-12
    0.234634444E-12
    0.270748159E-12
    0.312292254E-12
    0.360092810E-12
    0.412031471E-12
    0.471837285E-12
    0.541066925E-12
    0.617309801E-12
    0.706566038E-12
    0.809987539E-12
    0.922796142E-12
    0.105573312E-11
    0.120167532E-11
    0.137341769E-11
    0.156991647E-11
    0.178572949E-11
    0.203276237E-11
    0.232054741E-11
    0.263855797E-11
    0.300483868E-11
    0.341760099E-11
    0.388659438E-11
    0.441624468E-11
    0.500918049E-11
    0.569419239E-11
    0.646274949E-11
    0.733190494E-11
    0.832554225E-11
    0.944244032E-11
    0.107015737E-10
    0.121322297E-10
    0.137424900E-10
    0.155878358E-10
    0.176454783E-10
    0.199608135E-10
    0.225948959E-10
    0.255653759E-10
    0.289031751E-10
    0.326941094E-10
    0.369416041E-10
    0.417541770E-10
    0.471391668E-10
    0.532336553E-10
    0.601101282E-10
    0.678256545E-10
    0.765294153E-10
    0.863316697E-10
    0.973029386E-10
    0.109671354E-09
    0.123530456E-09
    0.139161691E-09
    0.156703191E-09
    0.176334289E-09
    0.198404193E-09
    0.223219118E-09
    0.250952946E-09
    0.282103591E-09
    0.316961880E-09
    0.356043065E-09
    0.399795594E-09
    0.448727171E-09
    0.503629753E-09
    0.564927278E-09
    0.633475599E-09
    0.710159680E-09
    0.795770641E-09
    0.891379357E-09
    0.998236092E-09
    0.111744515E-08
    0.125065340E-08
    0.139896735E-08
    0.156435708E-08
    0.174889047E-08
    0.195447682E-08
    0.218336878E-08
    0.243841907E-08
    0.272216178E-08
    0.303805864E-08
    0.338914233E-08
    0.377985575E-08
    0.421412141E-08
    0.469641474E-08
    0.523230835E-08
    0.582735695E-08
    0.648756104E-08
    0.722065599E-08
    0.803360283E-08
    0.893553803E-08
    0.993512328E-08
    0.110423591E-07
    0.122692506E-07
    0.136281430E-07
    0.151318900E-07
    0.167964990E-07
    0.186378211E-07
    0.206746344E-07
    0.229256822E-07
    0.254136410E-07
    0.281629686E-07
    0.311985985E-07
    0.345504748E-07
    0.382505036E-07
    0.423322048E-07
    0.468347590E-07
    0.517997323E-07
    0.572713991E-07
    0.633017349E-07
    0.699425722E-07
    0.772558191E-07
    0.853073465E-07
    0.941673125E-07
    0.103913788E-06
    0.114632848E-06
    0.126417330E-06
    0.139368297E-06
    0.153595809E-06
    0.169225037E-06
    0.186383662E-06
    0.205217043E-06
    0.225882392E-06
    0.248549847E-06
    0.273404413E-06
    0.300653454E-06
    0.330510117E-06
    0.363220330E-06
    0.399041540E-06
    0.438256865E-06
    0.481177749E-06
    0.528137889E-06
    0.579498906E-06
    0.635657339E-06
    0.697039428E-06
    0.764113129E-06
    0.837373098E-06
    0.917380174E-06
    0.100471939E-05
    0.110003129E-05
    0.120401386E-05
    0.131741672E-05
    0.144105274E-05
    0.157581005E-05
    0.172263658E-05
    0.188255818E-05
    0.205670248E-05
    0.224625747E-05
    0.245252874E-05
    0.267691867E-05
    0.292094196E-05
    0.318623290E-05
    0.347454999E-05
    0.378780391E-05
    0.412802422E-05
    0.449743046E-05
    0.489840252E-05
    0.533347797E-05
    0.580542996E-05
    0.631720372E-05
    0.687199731E-05
    0.747323319E-05
    0.812460023E-05
    0.883002393E-05
    0.959378489E-05
    0.104204284E-04
    0.113148427E-04
    0.122822755E-04
    0.133283691E-04
    0.144591580E-04
    0.156810959E-04
    0.170011185E-04
    0.184266536E-04
    0.199656126E-04
    0.216265518E-04
    0.234184964E-04
    0.253512189E-04
    0.274350794E-04
    0.296811886E-04
    0.321014231E-04
    0.347084341E-04
    0.375157204E-04
    0.405377101E-04
    0.437898042E-04
    0.472883766E-04
    0.510508893E-04
    0.550959799E-04
    0.594435058E-04
    0.641145256E-04
    0.691314831E-04
    0.745182998E-04
    0.803003200E-04
    0.865046267E-04
    0.931598198E-04
    0.100296426E-03
    0.107946799E-03
    0.116145178E-03
    0.124928077E-03
    0.134334035E-03
    0.144404001E-03
    0.155181363E-03
    0.166712076E-03
    0.179044738E-03
    0.192230850E-03
    0.206324778E-03
    0.221384237E-03
    0.237470046E-03
    0.254646493E-03
    0.272981558E-03
    0.292546914E-03
    0.313418349E-03
    0.335675617E-03
    0.359402907E-03
    0.384689122E-03
    0.411627550E-03
    0.440316836E-03
    0.470860604E-03
    0.503367878E-03
    0.537953559E-03
    0.574738259E-03
    0.613848645E-03
    0.655418121E-03
    0.699586398E-03
    0.746500290E-03
    0.796313928E-03
    0.849188718E-03
    0.905294084E-03
    0.964807262E-03
    0.102791420E-02
    0.109480943E-02
    0.116569614E-02
    0.124078766E-02
    0.132030613E-02
    0.140448431E-02
    0.149356506E-02
    0.158780181E-02
    0.168745930E-02
    0.179281359E-02
    0.190415206E-02
    0.202177482E-02
    0.214599435E-02
    0.227713549E-02
    0.241553670E-02
    0.256154998E-02
    0.271554114E-02
    0.287789019E-02
    0.304899175E-02
    0.322925619E-02
    0.341910804E-02
    0.361898888E-02
    0.382935525E-02
    0.405068091E-02
    0.428345602E-02
    0.452818784E-02
    0.478540126E-02
    0.505563901E-02
    0.533946136E-02
    0.563744735E-02
    0.595019484E-02
    0.627832003E-02
    0.662245826E-02
    0.698326473E-02
    0.736141415E-02
    0.775760065E-02
    0.817253814E-02
    0.860696140E-02
    0.906162453E-02
    0.953730292E-02
    0.100347911E-01
    0.105549049E-01
    0.110984806E-01
    0.116663739E-01
    0.122594624E-01
    0.128786425E-01
    0.135248315E-01
    0.141989667E-01
    0.149020050E-01
    0.156349222E-01
    0.163987145E-01
    0.171943954E-01
    0.180229988E-01
    0.188855752E-01
    0.197831934E-01
    0.207169390E-01
    0.216879135E-01
    0.226972356E-01
    0.237460384E-01
    0.248354682E-01
    0.259666882E-01
    0.271408702E-01
    0.283592018E-01
    0.296228782E-01
    0.309331058E-01
    0.322911003E-01
    0.336980848E-01
    0.351552870E-01
    0.366639425E-01
    0.382252891E-01
    0.398405660E-01
    0.415110152E-01
    0.432378770E-01
    0.450223902E-01
    0.468657881E-01
    0.487692994E-01
    0.507341477E-01
    0.527615423E-01
    0.548526867E-01
    0.570087676E-01
    0.592309593E-01
    0.615204176E-01
    0.638782790E-01
    0.663056598E-01
    0.688036528E-01
    0.713733235E-01
    0.740157111E-01
    0.767318249E-01
    0.795226394E-01
    0.823890952E-01
    0.853320967E-01
    0.883525074E-01
    0.914511485E-01
    0.946287954E-01
    0.978861795E-01
    0.101223978E+00
    0.104642822E+00
    0.108143278E+00
    0.111725867E+00
    0.115391042E+00
    0.119139198E+00
    0.122970662E+00
    0.126885699E+00
    0.130884497E+00
    0.134967182E+00
    0.139133796E+00
    0.143384312E+00
    0.147718622E+00
    0.152136535E+00
    0.156637780E+00
    0.161222001E+00
    0.165888755E+00
    0.170637509E+00
    0.175467639E+00
    0.180378435E+00
    0.185369085E+00
    0.190438688E+00
    0.195586244E+00
    0.200810654E+00
    0.206110725E+00
    0.211485159E+00
    0.216932559E+00
    0.222451429E+00
    0.228040168E+00
    0.233697074E+00
    0.239420344E+00
    0.245208068E+00
    0.251058238E+00
    0.256968741E+00
    0.262937362E+00
    0.268961788E+00
    0.275039597E+00
    0.281168276E+00
    0.287345211E+00
    0.293567687E+00
    0.299832898E+00
    0.306137937E+00
    0.312479814E+00
    0.318855440E+00
    0.325261642E+00
    0.331695161E+00
    0.338152653E+00
    0.344630695E+00
    0.351125785E+00
    0.357634348E+00
    0.364152737E+00
    0.370677237E+00
    0.377204073E+00
    0.383729404E+00
    0.390249336E+00
    0.396759922E+00
    0.403257168E+00
    0.409737036E+00
    0.416195451E+00
    0.422628300E+00
    0.429031446E+00
    0.435400721E+00
    0.441731949E+00
    0.448020929E+00
    0.454263456E+00
    0.460455322E+00
    0.466592322E+00
    0.472670256E+00
    0.478684942E+00
    0.484632213E+00
    0.490507928E+00
    0.496307977E+00
    0.502028286E+00
    0.507664827E+00
    0.513213616E+00
    0.518670719E+00
    0.524032276E+00
    0.529294474E+00
    0.534453589E+00
    0.539505958E+00
    0.544448015E+00
    0.549276273E+00
    0.553987342E+00
    0.558577930E+00
    0.563044856E+00
    0.567385039E+00
    0.571595523E+00
    0.575673465E+00
    0.579616152E+00
    0.583420995E+00
    0.587085550E+00
    0.590607501E+00
    0.593984687E+00
    0.597215078E+00
    0.600296815E+00
    0.603228179E+00
    0.606007619E+00
    0.608633739E+00
    0.611105315E+00
    0.613421286E+00
    0.615580765E+00
    0.617583035E+00
    0.619427557E+00
    0.621113964E+00
    0.622642074E+00
    0.624011878E+00
    0.625223554E+00
    0.626277457E+00
    0.627174124E+00
    0.627914273E+00
    0.628498805E+00
    0.628928798E+00
    0.629205517E+00
    0.629330392E+00
    0.629305042E+00
    0.629131253E+00
    0.628810987E+00
    0.628346367E+00
    0.627739690E+00
    0.626993410E+00
    0.626110140E+00
    0.625092643E+00
    0.623943838E+00
    0.622666778E+00
    0.621264662E+00
    0.619740815E+00
    0.618098689E+00
    0.616341851E+00
    0.614473988E+00
    0.612498878E+00
    0.610420411E+00
    0.608242547E+00
    0.605969339E+00
    0.603604900E+00
    0.601153414E+00
    0.598619107E+00
    0.596006254E+00
    0.593319158E+00
    0.590562146E+00
    0.587739552E+00
    0.584855719E+00
    0.581914970E+00
    0.578921614E+00
    0.575879925E+00
    0.572794136E+00
    0.569668427E+00
    0.566506914E+00
    0.563313633E+00
    0.560092541E+00
    0.556847492E+00
    0.553582236E+00
    0.550300405E+00
    0.547005502E+00
    0.543700896E+00
    0.540389808E+00
    0.537075304E+00
    0.533760285E+00
    0.530447482E+00
    0.527139446E+00
    0.523838541E+00
    0.520546939E+00
    0.517266614E+00
    0.513999332E+00
    0.510746655E+00
    0.507509935E+00
    0.504290300E+00
    0.501088670E+00
    0.497905739E+00
    0.494741988E+00
    0.491597672E+00
    0.488472832E+00
    0.485367286E+00
    0.482280643E+00
    0.479212300E+00
    0.476161443E+00
    0.473127059E+00
    0.470107940E+00
    0.467102684E+00
    0.464109712E+00
    0.461127265E+00
    0.458153423E+00
    0.455186107E+00
    0.452223095E+00
    0.449262026E+00
    0.446300420E+00
    0.443335680E+00
    0.440365115E+00
    0.437385944E+00
    0.434395311E+00
    0.431390304E+00
    0.428367961E+00
    0.425325292E+00
    0.422259285E+00
    0.419166927E+00
    0.416045214E+00
    0.412891168E+00
    0.409701850E+00
    0.406474375E+00
    0.403205924E+00
    0.399893760E+00
    0.396535239E+00
    0.393127826E+00
    0.389669107E+00
    0.386156798E+00
    0.382588758E+00
    0.378963004E+00
    0.375277714E+00
    0.371531246E+00
    0.367722138E+00
    0.363849122E+00
    0.359911131E+00
    0.355907303E+00
    0.351836990E+00
    0.347699762E+00
    0.343495411E+00
    0.339223955E+00
    0.334885641E+00
    0.330480945E+00
    0.326010574E+00
    0.321475466E+00
    0.316876789E+00
    0.312215937E+00
    0.307494532E+00
    0.302714415E+00
    0.297877644E+00
    0.292986491E+00
    0.288043431E+00
    0.283051140E+00
    0.278012484E+00
    0.272930512E+00
    0.267808447E+00
    0.262649680E+00
    0.257457751E+00
    0.252236348E+00
    0.246989290E+00
    0.241720518E+00
    0.236434082E+00
    0.231134128E+00
    0.225824886E+00
    0.220510658E+00
    0.215195804E+00
    0.209884729E+00
    0.204581868E+00
    0.199291675E+00
    0.194018608E+00
    0.188767118E+00
    0.183541632E+00
    0.178346543E+00
    0.173186193E+00
    0.168064870E+00
    0.162986782E+00
    0.157956056E+00
    0.152976723E+00
    0.148052705E+00
    0.143187807E+00
    0.138385705E+00
    0.133649938E+00
    0.128983898E+00
    0.124390822E+00
    0.119873785E+00
    0.115435692E+00
    0.111079271E+00
    0.106807070E+00
    0.102621450E+00
    0.985245801E-01
    0.945184379E-01
    0.906048018E-01
    0.867852527E-01
    0.830611715E-01
    0.794337384E-01
    0.759039348E-01
    0.724725424E-01
    0.691401450E-01
    0.659071330E-01
    0.627737038E-01
    0.597398676E-01
    0.568054509E-01
    0.539701002E-01
    0.512332899E-01
    0.485943259E-01
    0.460523535E-01
    0.436063641E-01
    0.412552017E-01
    0.389975701E-01
    0.368320430E-01
    0.347570700E-01
    0.327709859E-01
    0.308720190E-01
    0.290583001E-01
    0.273278711E-01
    0.256786937E-01
    0.241086587E-01
    0.226155941E-01
    0.211972748E-01
    0.198514305E-01
    0.185757546E-01
    0.173679119E-01
    0.162255469E-01
    0.151462928E-01
    0.141277774E-01
    0.131676307E-01
    0.122634929E-01
    0.114130194E-01
    0.106138888E-01
    0.986380680E-02
    0.916051346E-02
    0.850178685E-02
    0.788544848E-02
    0.730936731E-02
    0.677146374E-02
    0.626971233E-02
    0.580214588E-02
    0.536685685E-02
    0.496200054E-02
    0.458579655E-02
    0.423652976E-02
    0.391255172E-02
    0.361228214E-02
    0.333420763E-02
    0.307688318E-02
    0.283893141E-02
    0.261904191E-02
    0.241597086E-02
    0.222853964E-02
    0.205563402E-02
    0.189620227E-02
    0.174925402E-02
    0.161385840E-02
    0.148914184E-02
    0.137428667E-02
    0.126852853E-02
    0.117115446E-02
    0.108150060E-02
    0.998950204E-03
    0.922930828E-03
    0.852912380E-03
    0.788405030E-03
    0.728956593E-03
    0.674150402E-03
    0.623603194E-03
    0.576962891E-03
    0.533906537E-03
    0.494138236E-03
    0.457387387E-03
    0.423406522E-03
    0.391969813E-03
    0.362871095E-03
    0.335922592E-03
    0.310953004E-03
    0.287806457E-03
    0.266340833E-03
    0.246426672E-03
    0.227946094E-03
    0.210791607E-03
    0.194864924E-03
    0.180076535E-03
    0.166344399E-03
    0.153593350E-03
    0.141754520E-03
    0.130764545E-03
    0.120565013E-03
    0.111102089E-03
    0.102325901E-03
    0.941902662E-04
    0.866521784E-04
    0.796717155E-04
    0.732114930E-04
    0.672366726E-04
    0.617145706E-04
    0.566146048E-04
    0.519079246E-04
    0.475675825E-04
    0.435681407E-04
    0.398856465E-04
    0.364975974E-04
    0.333828220E-04
    0.305213630E-04
    0.278945125E-04
    0.254846411E-04
    0.232752560E-04
    0.212508250E-04
    0.193968884E-04
    0.176998721E-04
    0.161471641E-04
    0.147269456E-04
    0.134283049E-04
    0.122410559E-04
    0.111558186E-04
    0.101639041E-04
    0.925728082E-05
    0.842858923E-05
    0.767108766E-05
    0.697855887E-05
    0.634534809E-05
    0.576630084E-05
    0.523669079E-05
    0.475225014E-05
    0.430910815E-05
    0.390373469E-05
    0.353294874E-05
    0.319386634E-05
    0.288388944E-05
    0.260064838E-05
    0.234201781E-05
    0.210606102E-05
    0.189102195E-05
    0.169530777E-05
    0.151747703E-05
    0.135618718E-05
    0.121022464E-05
    0.107847949E-05
    0.959907238E-06
    0.853547997E-06
    0.758508714E-06
    0.673944097E-06
    0.599073567E-06
    0.533150215E-06
    0.475472861E-06
    0.425370366E-06
    0.382209185E-06
    0.345384151E-06
    0.314322594E-06
    0.288472419E-06
    0.267312107E-06
    0.250342629E-06
    0.237092042E-06
    0.227114450E-06
    0.219981777E-06
    0.215295137E-06
    0.212682843E-06
    0.211790723E-06
    0.212294046E-06
    0.213891737E-06
    0.216305418E-06
    0.219282476E-06
    0.222593626E-06
    0.226031992E-06
    0.229415249E-06
    0.232582036E-06
    0.235393864E-06
    0.237730259E-06
    0.239493882E-06
    0.240603828E-06
    0.240999877E-06
    0.240634132E-06
    0.239478820E-06
    0.237516274E-06
    0.234747256E-06
    0.231179010E-06
    0.226833465E-06
    0.221740985E-06
    0.215939991E-06
    0.209477500E-06
    0.202407168E-06
    0.194784167E-06
    0.186673172E-06
    0.178137895E-06
    0.169248598E-06
    0.160071830E-06
    0.150681390E-06
    0.141145825E-06
    0.131537670E-06
    0.121924924E-06
    0.112376145E-06
    0.102955751E-06
    0.937296778E-07
    0.847583132E-07
    0.760984061E-07
    0.678064377E-07
    0.599323745E-07
    0.525243803E-07
    0.456276888E-07
    0.392808668E-07
    0.335208827E-07
    0.283801579E-07
    0.238877488E-07
    0.200677286E-07
    0.169412589E-07
    0.145254743E-07
    0.128331872E-07
    0.118743871E-07
    0.116548420E-07
    0.121765370E-07
    0.134393140E-07
    0.154393209E-07
    0.181680712E-07
    0.216164021E-07
    0.257703429E-07
    0.306141188E-07
    0.361298023E-07
    0.422955109E-07
    0.490881408E-07
    0.564820664E-07
    0.644503526E-07
    0.729624348E-07
    0.819880572E-07
    0.914937765E-07
    0.101445959E-06
    0.111808336E-06
    0.122545609E-06
    0.133618645E-06
    0.144990129E-06
    0.156621752E-06
    0.168472834E-06
    0.180504561E-06
    0.192677088E-06
    0.204949309E-06
    0.217283590E-06
    0.229638149E-06
    0.241975573E-06
    0.254256018E-06
    0.266443535E-06
    0.278499260E-06
    0.290388591E-06
    0.302075764E-06
    0.313527593E-06
    0.324711411E-06
    0.335596275E-06
    0.346152573E-06
    0.356351087E-06
    0.366166978E-06
    0.375575560E-06
    0.384552310E-06
    0.393077779E-06
    0.401130650E-06
    0.408695672E-06
    0.415756264E-06
    0.422299184E-06
    0.428312459E-06
    0.433786305E-06
    0.438713532E-06
    0.443086573E-06
    0.446903837E-06
    0.450160173E-06
    0.452857954E-06
    0.454996502E-06
    0.456579714E-06
    0.457612266E-06
    0.458099320E-06
    0.458051340E-06
    0.457475516E-06
    0.456382086E-06
    0.454783548E-06
    0.452692586E-06
    0.450124568E-06
    0.447093455E-06
    0.443616231E-06
    0.439708148E-06
    0.435389504E-06
    0.430676558E-06
    0.425590482E-06
    0.420149240E-06
    0.414372900E-06
    0.408283000E-06
    0.401897861E-06
    0.395240304E-06
    0.388329761E-06
    0.381187030E-06
    0.373835041E-06
    0.366290774E-06
    0.358576890E-06
    0.350712889E-06
    0.342719479E-06
    0.334615230E-06
    0.326419714E-06
    0.318149581E-06
    0.309824985E-06
    0.301462825E-06
    0.293079403E-06
    0.284692013E-06
    0.276314180E-06
    0.267962862E-06
    0.259651379E-06
    0.251392702E-06
    0.243201772E-06
    0.235087094E-06
    0.227063448E-06
    0.219139281E-06
    0.211324318E-06
    0.203628781E-06
    0.196060446E-06
    0.188627042E-06
    0.181335622E-06
    0.174191392E-06
    0.167200781E-06
    0.160369434E-06
    0.153700362E-06
    0.147197726E-06
    0.140864266E-06
    0.134702126E-06
    0.128714498E-06
    0.122901085E-06
    0.117264291E-06
    0.111803406E-06
    0.106518165E-06
    0.101409749E-06
    0.964751666E-07
    0.917146926E-07
    0.871260041E-07
    0.827072505E-07
    0.784564428E-07
    0.743705450E-07
    0.704468900E-07
    0.666834353E-07
    0.630760608E-07
    0.596214075E-07
    0.563163095E-07
    0.531568384E-07
    0.501395113E-07
    0.472604999E-07
    0.445153673E-07
    0.419009111E-07
    0.394118444E-07
    0.370454561E-07
    0.347969012E-07
    0.326621384E-07
    0.306372526E-07
    0.287178222E-07
    0.269003806E-07
    0.251805474E-07
    0.235542810E-07
    0.220183120E-07
    0.205682744E-07
    0.192005361E-07
    0.179114107E-07
    0.166975863E-07
    0.155552992E-07
    0.144813562E-07
    0.134723598E-07
    0.125251507E-07
    0.116366032E-07
    0.108036847E-07
    0.100237297E-07
    0.929367550E-08
    0.861098056E-08
    0.797291029E-08
    0.737721688E-08
    0.682149954E-08
    0.630315460E-08
    0.582043774E-08
    0.537094840E-08
    0.495279431E-08
    0.456408953E-08
    0.420305570E-08
    0.386799126E-08
    0.355712164E-08
    0.326906587E-08
    0.300229374E-08
    0.275535966E-08
    0.252704013E-08
    0.231599914E-08
    0.212116973E-08
    0.194136409E-08
    0.177554855E-08
    0.162276740E-08
    0.148219324E-08
    0.135273211E-08
    0.123377015E-08
    0.112447524E-08
    0.102409980E-08
    0.932092520E-09
    0.847701462E-09
    0.770426905E-09
    0.699679766E-09
    0.634937029E-09
    0.575842953E-09
    0.521813256E-09
    0.472538205E-09
    0.427594436E-09
    0.386618891E-09
    0.349358367E-09
    0.315419156E-09
    0.284575088E-09
    0.256569979E-09
    0.231126605E-09
    0.208038139E-09
    0.187140751E-09
    0.168179994E-09
    0.151065137E-09
    0.135561566E-09
    0.121548428E-09
    0.108906004E-09
    0.974885909E-10
    0.872076993E-10
    0.779565752E-10
    0.696063250E-10
    0.621203976E-10
    0.553650640E-10
    0.493206045E-10
    0.438945353E-10
    0.390248484E-10
    0.346711325E-10
    0.307702356E-10
    0.272789876E-10
    0.241697238E-10
    0.213848425E-10
    0.189121123E-10
    0.167048385E-10
    0.147326733E-10
    0.129845070E-10
    0.114333122E-10
    0.100535333E-10
    0.883583126E-11
    0.775321952E-11
    0.679659547E-11
    0.595071655E-11
    0.520143019E-11
    0.454670172E-11
    0.396559360E-11
    0.345632293E-11
    0.300782105E-11
    0.261316740E-11
    0.227004352E-11
    0.196653048E-11
    0.170398202E-11
    0.147430986E-11
    0.127154256E-11
    0.109679642E-11
    0.944868104E-12
    0.812549521E-12
    0.697362749E-12
    0.598101309E-12
    0.512406587E-12
    0.437357136E-12
    0.373383222E-12
    0.317735798E-12
    0.270830204E-12
    0.229818696E-12
    0.195285628E-12
    0.164936017E-12
    0.139971035E-12
    0.117656302E-12
    0.993250682E-13
    0.838914000E-13
    0.703568825E-13
    0.594719146E-13
    0.499861812E-13
    0.420285351E-13
    0.355262159E-13
    0.299210054E-13
    0.258138074E-13
    0.218972176E-13
    0.187723044E-13
    0.163220502E-13
    0.140926187E-13
    0.125788536E-13
    0.112661104E-13
    0.102249280E-13
    0.944110389E-14
    0.868166893E-14
    0.816897387E-14
    0.772093496E-14
    0.738015952E-14
    0.725947153E-14
    0.692532967E-14
    0.674450088E-14
    0.662180067E-14
    0.651792331E-14
    0.641286274E-14
    0.633338024E-14
    0.633860265E-14
    0.619769951E-14
    0.617881773E-14
    0.600990255E-14
    0.602968107E-14
    0.592466187E-14
    0.598493533E-14
    0.587013406E-14
    0.591839768E-14
    0.582873391E-14
    0.578960232E-14
    0.584961785E-14
    0.577766366E-14
    0.579567461E-14
    0.582496148E-14
    0.576820318E-14
    0.577763693E-14
    0.569134675E-14
    0.586242196E-14
    0.585630056E-14
    0.580273591E-14
    0.583780685E-14
    0.574710921E-14
    0.577425146E-14
    0.578777597E-14
    0.578863094E-14
    0.571553270E-14
    0.570426712E-14
    0.552918700E-14
    0.557198221E-14
    0.542342203E-14
    0.545747741E-14
    0.536817016E-14
    0.522651079E-14
    0.506101568E-14
    0.493681081E-14
    0.484306452E-14
    0.481149008E-14
    0.456604926E-14
    0.444704603E-14
    0.431442764E-14
    0.408748517E-14
    0.398231319E-14
    0.382069441E-14
    0.368085511E-14
    0.351688782E-14
    0.331642530E-14
    0.316595695E-14
    0.294304511E-14
    0.283954880E-14
    0.271456964E-14
    0.249872135E-14
    0.239201065E-14
    0.220885690E-14
    0.209535545E-14
    0.190999207E-14
    0.182926311E-14
    0.171055408E-14
    0.158208148E-14
    0.146365469E-14
    0.132541590E-14
    0.123555534E-14
    0.114478466E-14
    0.108193951E-14
    0.957649384E-15
    0.907935559E-15
    0.784934373E-15
    0.745447131E-15
    0.654316994E-15
    0.613178121E-15
    0.565497699E-15
    0.525489654E-15
    0.452098104E-15
    0.401156646E-15
    0.362882383E-15
    0.355379815E-15
    0.311725030E-15
    0.283946779E-15
    0.265836514E-15
    0.223237168E-15
    0.201124701E-15
    0.190393230E-15
    0.169971540E-15
    0.156768778E-15
    0.137221330E-15
    0.124126363E-15
    0.106915122E-15
    0.873916141E-16
    0.903299566E-16
    0.855523253E-16
    0.754380347E-16
    0.672860651E-16
    0.634258740E-16
    0.614604913E-16
    0.490333491E-16
    0.531396050E-16
    0.462487986E-16
    0.571044997E-16
    0.454146351E-16
    0.462093632E-16
    0.326550683E-16
    0.400116206E-16
    0.247579864E-16
    0.342193409E-16
    0.346823944E-16
    0.324486014E-16
    0.272439315E-16
    0.267567207E-16
    0.255313302E-16
    0.279803364E-16
    0.271016572E-16
    0.315513281E-16
    0.247224935E-16
    0.306763832E-16
    0.334400546E-16
    0.338174118E-16
    0.309007697E-16
    0.334548922E-16
    0.306106882E-16
    0.345735303E-16
    0.253323458E-16
    0.239478350E-16
    0.217645085E-16
    0.294431993E-16
    0.198973899E-16
    0.229654174E-16
    0.283079089E-16
    0.230387764E-16
    0.241348761E-16
    0.250295960E-16
    0.301133258E-16
    0.278428080E-16
    0.240687154E-16
    0.214712559E-16
    0.413982435E-16
    0.308528496E-16
    0.326860825E-16
    0.264191515E-16
    0.281188013E-16
    0.214287992E-16
    0.267798437E-16
    0.268494754E-16
    0.255156169E-16
    0.287289639E-16
    0.213874982E-16
    0.240932613E-16
    0.267660493E-16
    0.233866376E-16
    0.281563701E-16
    0.263523004E-16
    0.305162120E-16
    0.252678195E-16
    0.327321816E-16
    0.244091180E-16
    0.341662957E-16
    0.260858381E-16
    0.340679352E-16
    0.230590673E-16
    0.264635739E-16
    0.188899086E-16
    0.297545526E-16
    0.247526280E-16
    0.248188238E-16
    0.288852864E-16
    0.244164972E-16
    0.274459356E-16
    0.275272849E-16
    0.279053178E-16
    0.289948605E-16
    0.241056215E-16
    0.235167551E-16
    0.373667476E-16
    0.313726024E-16
    0.260759893E-16
    0.271466111E-16
    0.275988001E-16
    0.267929031E-16
    0.262445731E-16
    0.244199834E-16
    0.267222052E-16
    0.320143161E-16
    0.187909312E-16
    0.248516791E-16
    0.320463712E-16
    0.230461380E-16
    0.287949964E-16
    0.318572186E-16
    0.313283252E-16
    0.251109776E-16
    0.267285993E-16
    0.228951512E-16
    0.389199166E-16
    0.249848201E-16
    0.299561444E-16
    0.252657826E-16
    0.305500235E-16
    0.224694261E-16
    0.335224820E-16
    0.264301265E-16
    0.286642465E-16
    0.305264635E-16
    0.268410062E-16
    0.292344699E-16
    0.297990905E-16
    0.325265311E-16
    0.291935423E-16
    0.251891389E-16
    0.242250084E-16
    0.292829017E-16
    0.304733035E-16
    0.247335474E-16
    0.238685775E-16
    0.225258813E-16
    0.315503588E-16
    0.263634043E-16
    0.253211103E-16
    0.307526236E-16
    0.352708016E-16
    0.209563499E-16
    0.279124447E-16
    0.312611879E-16
    0.249675804E-16
    0.323917080E-16
    0.393660565E-16
    0.317870731E-16
    0.246405684E-16
    0.248511748E-16
    0.261410764E-16
    0.370822013E-16
    0.242873690E-16
    0.230714074E-16
    0.279494570E-16
    0.290949234E-16
    0.246102511E-16
    0.372658532E-16
    0.242323017E-16
    0.358707916E-16
    0.292286536E-16
    0.260951518E-16
    0.274096711E-16
    0.312879526E-16
    0.350352470E-16
    0.299313267E-16
    0.282251186E-16
    0.284162246E-16
    0.263753565E-16
    0.226623805E-16
    0.271473065E-16
    0.251361392E-16
    0.207852962E-16
    0.291265950E-16
    0.264584029E-16
    0.284799929E-16
    0.366100022E-16
    0.368941804E-16
    0.211344813E-16
    0.347989888E-16
    0.301975970E-16
    0.288191976E-16
    0.306360248E-16
    0.386483324E-16
    0.322127196E-16
    0.280270748E-16
    0.236297778E-16
    0.289874449E-16
    0.293333010E-16
    0.236313567E-16
    0.227613153E-16
    0.234370944E-16
    0.257857922E-16
    0.237837451E-16
    0.372740799E-16
    0.239344162E-16
    0.445474654E-16
    0.286095824E-16
    0.275008268E-16
    0.278559026E-16
    0.278269413E-16
    0.377178942E-16
    0.312511411E-16
    0.309202399E-16
    0.285140285E-16
    0.261326030E-16
    0.208826110E-16
    0.328136701E-16
    0.264885993E-16
    0.206726079E-16
    0.265173284E-16
    0.279083243E-16
    0.292008510E-16
    0.369307527E-16
    0.323139349E-16
    0.264590292E-16
    0.400348347E-16
    0.277400959E-16
    0.322539301E-16
    0.296352003E-16
    0.336476523E-16
    0.295684027E-16
    0.304167894E-16
    0.279148067E-16
    0.279094967E-16
    0.241400731E-16
    0.237006462E-16
    0.279035619E-16
    0.195004902E-16
    0.252273769E-16
    0.242301071E-16
    0.347250864E-16
    0.280965326E-16
    0.458110952E-16
    0.251373430E-16
    0.292001556E-16
    0.324794833E-16
    0.264260995E-16
    0.361578050E-16
    0.294865181E-16
    0.290554119E-16
    0.258461704E-16
    0.264906857E-16
    0.286419662E-16
    0.317717684E-16
    0.267239467E-16
    0.210845438E-16
    0.266944362E-16
    0.289336639E-16
    0.278849615E-16
    0.344043710E-16
    0.262566300E-16
    0.382378995E-16
    0.323312456E-16
    0.324346935E-16
    0.301453880E-16
    0.293238655E-16
    0.322279372E-16
    0.256650509E-16
    0.282700192E-16
    0.276812104E-16
    0.273251150E-16
    0.188037044E-16
    0.285585291E-16
    0.259249209E-16
    0.185860744E-16
    0.261795325E-16
    0.273941167E-16
    0.313999084E-16
    0.312365612E-16
    0.353732675E-16
    0.271096334E-16
    0.295286164E-16
    0.319244074E-16
    0.313155292E-16
    0.302348876E-16
    0.258999712E-16
    0.251299098E-16
    0.288799345E-16
    0.293092770E-16
    0.261528087E-16
    0.256232840E-16
    0.235359420E-16
    0.290582356E-16
    0.217899776E-16
    0.263216597E-16
    0.256336070E-16
    0.316786213E-16
    0.293243787E-16
    0.399725518E-16
    0.229777563E-16
    0.302628958E-16
    0.315708511E-16
    0.250835679E-16
    0.298142983E-16
    0.252751912E-16
    0.232579161E-16
    0.278792649E-16
    0.225820195E-16
    0.264433493E-16
    0.264351928E-16
    0.230940239E-16
    0.268355548E-16
    0.230603522E-16
    0.312236273E-16
    0.264812565E-16
    0.319813834E-16
    0.287796485E-16
    0.340241838E-16
    0.264631976E-16
    0.372442564E-16
    0.297013110E-16
    0.242581754E-16
    0.283014699E-16
    0.234016534E-16
    0.278224424E-16
    0.251584533E-16
    0.234328204E-16
    0.250383982E-16
    0.255260064E-16
    0.223665050E-16
    0.246256470E-16
    0.245613812E-16
    0.294014008E-16
    0.278598403E-16
    0.333609840E-16
    0.278486632E-16
    0.310124395E-16
    0.283397373E-16
    0.316473180E-16
    0.275141546E-16
    0.275876918E-16
    0.303484339E-16
    0.241093345E-16
    0.274560487E-16
    0.281740987E-16
    0.284114706E-16
    0.292307433E-16
    0.247475785E-16
    0.223956651E-16
    0.278002787E-16
    0.295208945E-16
    0.288346574E-16
    0.302240835E-16
    0.338401000E-16
    0.252075689E-16
    0.361585155E-16
    0.265755828E-16
    0.252425143E-16
    0.235196060E-16
    0.264631932E-16
    0.273512328E-16
    0.283522776E-16
    0.211206783E-16
    0.277969577E-16
    0.283692329E-16
    0.286881439E-16
    0.278108018E-16
    0.199646198E-16
    0.296061096E-16
    0.294004608E-16
    0.300985559E-16
    0.326072013E-16
    0.351920160E-16
    0.254636764E-16
    0.393891959E-16
    0.246712084E-16
    0.234080161E-16
    0.307095040E-16
    0.257206658E-16
    0.307833894E-16
    0.298121414E-16
    0.218401530E-16
    0.307974767E-16
    0.224457029E-16
    0.222754020E-16
    0.300243846E-16
    0.239279379E-16
    0.314334945E-16
    0.284786667E-16
    0.255367125E-16
    0.267841405E-16
    0.325794546E-16
    0.300507536E-16
    0.341278123E-16
    0.297607355E-16
    0.265272551E-16
    0.253423130E-16
    0.268472310E-16
    0.280126892E-16
    0.363573187E-16
    0.267495118E-16
    0.296019998E-16
    0.243959441E-16
    0.186813570E-16
    0.312404480E-16
    0.287880119E-16
    0.267429028E-16
    0.305988717E-16
    0.283001265E-16
    0.355497787E-16
    0.345074248E-16
    0.232793124E-16
    0.256599984E-16
    0.262763575E-16
    0.338585302E-16
    0.335216776E-16
    0.256778376E-16
    0.479105932E-16
    0.288554549E-16
    0.301591884E-16
    0.225307343E-16
    0.150725911E-16
    0.293385030E-16
    0.344283708E-16
    0.294369591E-16
    0.392350599E-16
    0.362074656E-16
    0.346441320E-16
    0.408261741E-16
    0.252703506E-16
    0.266221425E-16
    0.268358472E-16
    0.291845063E-16
    0.322467785E-16
    0.259560924E-16
    0.366333600E-16
    0.421373394E-16
    0.373055328E-16
    0.420071863E-16
    0.437488002E-16
    0.418037345E-16
    0.503335069E-16
    0.435121155E-16
    0.415514551E-16
    0.372109031E-16
    0.343062148E-16
    0.302433757E-16
    0.313549129E-16
    0.250976794E-16
    0.277688216E-16
    0.333568108E-16
    0.255333241E-16
    0.255066974E-16
    0.229429420E-16
    0.221490031E-16
    0.185862871E-16
    0.236196175E-16
    0.216585062E-16
    0.168163485E-16
    0.355139704E-16
    0.200250221E-16
    0.246049163E-16
    0.327385601E-16
