 #tdnd tdcion
    0.298656178E-16
    0.310548265E-16
    0.234944539E-16
    0.238051719E-16
    0.211538722E-16
    0.316935183E-16
    0.294614923E-16
    0.267304161E-16
    0.340215606E-16
    0.209234081E-16
    0.250820300E-16
    0.172935203E-16
    0.227077626E-16
    0.237269962E-16
    0.231559520E-16
    0.191737438E-16
    0.267356206E-16
    0.217803288E-16
    0.243730553E-16
    0.271696974E-16
    0.221288410E-16
    0.189955651E-16
    0.230840337E-16
    0.246638693E-16
    0.270969271E-16
    0.190849944E-16
    0.210292926E-16
    0.208243029E-16
    0.228714147E-16
    0.204517414E-16
    0.173821459E-16
    0.274516806E-16
    0.269451114E-16
    0.188696683E-16
    0.171641386E-16
    0.243139446E-16
    0.273064412E-16
    0.248060727E-16
    0.249108732E-16
    0.193012012E-16
    0.227049565E-16
    0.256800272E-16
    0.306371637E-16
    0.191349663E-16
    0.214825369E-16
    0.271207719E-16
    0.262342932E-16
    0.225070663E-16
    0.145930160E-16
    0.274660972E-16
    0.218679974E-16
    0.205473761E-16
    0.166804023E-16
    0.275395541E-16
    0.238301845E-16
    0.245405775E-16
    0.283769539E-16
    0.260519024E-16
    0.235537273E-16
    0.275593587E-16
    0.314907575E-16
    0.247295059E-16
    0.263109048E-16
    0.356844436E-16
    0.378792315E-16
    0.420637776E-16
    0.297053608E-16
    0.337713942E-16
    0.362939470E-16
    0.451500322E-16
    0.340768046E-16
    0.313105222E-16
    0.457987167E-16
    0.478280245E-16
    0.368823974E-16
    0.385171869E-16
    0.298354865E-16
    0.311550942E-16
    0.261703969E-16
    0.319236580E-16
    0.213874866E-16
    0.236651282E-16
    0.274114356E-16
    0.255140536E-16
    0.314830936E-16
    0.205731049E-16
    0.366904445E-16
    0.230002365E-16
    0.343583241E-16
    0.271972920E-16
    0.346533758E-16
    0.296569042E-16
    0.331348978E-16
    0.286165357E-16
    0.209076814E-16
    0.214435317E-16
    0.267954512E-16
    0.290918387E-16
    0.241147620E-16
    0.234008259E-16
    0.341985344E-16
    0.290225986E-16
    0.307850834E-16
    0.326943201E-16
    0.279140264E-16
    0.267011620E-16
    0.207791396E-16
    0.267844173E-16
    0.208637986E-16
    0.230356054E-16
    0.254960054E-16
    0.282120696E-16
    0.276952719E-16
    0.254887217E-16
    0.312906489E-16
    0.218367507E-16
    0.267657323E-16
    0.320599365E-16
    0.194237439E-16
    0.304783628E-16
    0.236120880E-16
    0.304450902E-16
    0.237991579E-16
    0.274328738E-16
    0.238000905E-16
    0.235602917E-16
    0.257462001E-16
    0.237019022E-16
    0.262507008E-16
    0.241001346E-16
    0.221810445E-16
    0.291545609E-16
    0.186260992E-16
    0.322171498E-16
    0.217863587E-16
    0.205037617E-16
    0.370070654E-16
    0.265203590E-16
    0.360360161E-16
    0.202496080E-16
    0.309007754E-16
    0.266379542E-16
    0.238864690E-16
    0.246888216E-16
    0.205642820E-16
    0.261145193E-16
    0.260316233E-16
    0.233015869E-16
    0.260631569E-16
    0.215758173E-16
    0.329274980E-16
    0.190694040E-16
    0.272814684E-16
    0.269047269E-16
    0.172651321E-16
    0.334802041E-16
    0.280358960E-16
    0.336475831E-16
    0.169611403E-16
    0.293469402E-16
    0.219990500E-16
    0.243699582E-16
    0.254784755E-16
    0.233267855E-16
    0.239110752E-16
    0.260597169E-16
    0.219288273E-16
    0.279973170E-16
    0.207327446E-16
    0.262225054E-16
    0.251645391E-16
    0.271293185E-16
    0.310387448E-16
    0.219274787E-16
    0.311080930E-16
    0.243935696E-16
    0.275711987E-16
    0.222020612E-16
    0.288162529E-16
    0.239912871E-16
    0.219921677E-16
    0.246844555E-16
    0.259647818E-16
    0.263676939E-16
    0.255008699E-16
    0.254325354E-16
    0.303455016E-16
    0.233393103E-16
    0.253962043E-16
    0.248452689E-16
    0.213367586E-16
    0.266177746E-16
    0.241607493E-16
    0.312760820E-16
    0.218855525E-16
    0.294580111E-16
    0.256636487E-16
    0.315947372E-16
    0.244570380E-16
    0.198601569E-16
    0.305552374E-16
    0.251800102E-16
    0.264362698E-16
    0.205709015E-16
    0.320592442E-16
    0.317902446E-16
    0.264040832E-16
    0.266360286E-16
    0.185897561E-16
    0.245375086E-16
    0.265534037E-16
    0.251505140E-16
    0.328602206E-16
    0.260322671E-16
    0.314444167E-16
    0.268318870E-16
    0.269689041E-16
    0.263154209E-16
    0.223658459E-16
    0.268929617E-16
    0.258756255E-16
    0.295971784E-16
    0.183383728E-16
    0.324393139E-16
    0.297124930E-16
    0.219361813E-16
    0.214224213E-16
    0.237876696E-16
    0.296486186E-16
    0.364766466E-16
    0.308739109E-16
    0.333451603E-16
    0.273450173E-16
    0.284788957E-16
    0.322515004E-16
    0.279631014E-16
    0.327718537E-16
    0.333056593E-16
    0.390539110E-16
    0.285495482E-16
    0.398003661E-16
    0.288374134E-16
    0.545638600E-16
    0.460870868E-16
    0.524764829E-16
    0.425578584E-16
    0.545629056E-16
    0.423755372E-16
    0.653688054E-16
    0.717726264E-16
    0.538146358E-16
    0.714025726E-16
    0.753139911E-16
    0.769861907E-16
    0.732966248E-16
    0.817356743E-16
    0.877355067E-16
    0.100012281E-15
    0.938035252E-16
    0.105503243E-15
    0.103261603E-15
    0.121270539E-15
    0.132972148E-15
    0.156524621E-15
    0.135930953E-15
    0.176845166E-15
    0.168617354E-15
    0.172513905E-15
    0.216901873E-15
    0.178283822E-15
    0.213553738E-15
    0.187982205E-15
    0.223833027E-15
    0.225413624E-15
    0.246351136E-15
    0.254763738E-15
    0.239585245E-15
    0.262427241E-15
    0.278751287E-15
    0.285756777E-15
    0.269294051E-15
    0.258811654E-15
    0.292245069E-15
    0.253193535E-15
    0.236016689E-15
    0.256195655E-15
    0.201533062E-15
    0.207873155E-15
    0.228516387E-15
    0.200472659E-15
    0.188644517E-15
    0.201068459E-15
    0.185571946E-15
    0.167765091E-15
    0.196607801E-15
    0.187519673E-15
    0.184849247E-15
    0.184201088E-15
    0.207887930E-15
    0.229330229E-15
    0.232825033E-15
    0.223236279E-15
    0.249575227E-15
    0.277698819E-15
    0.277523303E-15
    0.330399210E-15
    0.319291975E-15
    0.325351370E-15
    0.355483743E-15
    0.346967881E-15
    0.402114616E-15
    0.397003453E-15
    0.430676990E-15
    0.379678877E-15
    0.417158497E-15
    0.434670464E-15
    0.445288365E-15
    0.428217603E-15
    0.393248781E-15
    0.367958527E-15
    0.416480024E-15
    0.401302632E-15
    0.374201442E-15
    0.425109136E-15
    0.410129763E-15
    0.406559850E-15
    0.430373520E-15
    0.487968522E-15
    0.445937169E-15
    0.446262944E-15
    0.496545082E-15
    0.494020486E-15
    0.510841066E-15
    0.500935830E-15
    0.468830914E-15
    0.459221214E-15
    0.411728670E-15
    0.401934419E-15
    0.387702796E-15
    0.361133559E-15
    0.344246346E-15
    0.356687837E-15
    0.372740829E-15
    0.430583069E-15
    0.492617629E-15
    0.595759226E-15
    0.745140432E-15
    0.785695578E-15
    0.101625193E-14
    0.123055648E-14
    0.147949211E-14
    0.180507557E-14
    0.225907213E-14
    0.275721152E-14
    0.338068811E-14
    0.400539731E-14
    0.502602902E-14
    0.622908405E-14
    0.780343687E-14
    0.938001971E-14
    0.115574004E-13
    0.139989057E-13
    0.168471757E-13
    0.201128403E-13
    0.241816754E-13
    0.285874493E-13
    0.332999848E-13
    0.399943435E-13
    0.468675428E-13
    0.551968054E-13
    0.648257509E-13
    0.756832553E-13
    0.886040488E-13
    0.103247015E-12
    0.120260622E-12
    0.140535459E-12
    0.163151315E-12
    0.189497469E-12
    0.219500577E-12
    0.253971079E-12
    0.293395354E-12
    0.339159836E-12
    0.390581746E-12
    0.449708079E-12
    0.515380515E-12
    0.591923395E-12
    0.681764655E-12
    0.780956165E-12
    0.896587873E-12
    0.102613720E-11
    0.117433619E-11
    0.134493942E-11
    0.153744017E-11
    0.175814857E-11
    0.200981193E-11
    0.229166740E-11
    0.261932494E-11
    0.298482912E-11
    0.340069658E-11
    0.387295956E-11
    0.441176485E-11
    0.501711027E-11
    0.570849613E-11
    0.648624402E-11
    0.738137683E-11
    0.839108891E-11
    0.952878592E-11
    0.108218247E-10
    0.122780067E-10
    0.139352267E-10
    0.158137432E-10
    0.179313091E-10
    0.203345610E-10
    0.230373116E-10
    0.260890644E-10
    0.295535617E-10
    0.334388154E-10
    0.378325879E-10
    0.428023427E-10
    0.484025673E-10
    0.547100340E-10
    0.618235326E-10
    0.698438079E-10
    0.789069875E-10
    0.890824201E-10
    0.100519928E-09
    0.113403130E-09
    0.127865417E-09
    0.144163178E-09
    0.162461152E-09
    0.183016664E-09
    0.206127967E-09
    0.232022173E-09
    0.261140197E-09
    0.293803548E-09
    0.330366717E-09
    0.371428827E-09
    0.417449990E-09
    0.468989574E-09
    0.526697664E-09
    0.591289235E-09
    0.663607072E-09
    0.744517386E-09
    0.834856211E-09
    0.935903161E-09
    0.104882825E-08
    0.117498025E-08
    0.131591064E-08
    0.147312284E-08
    0.164855438E-08
    0.184425456E-08
    0.206227431E-08
    0.230555846E-08
    0.257642032E-08
    0.287811195E-08
    0.321418388E-08
    0.358809819E-08
    0.400406594E-08
    0.446665446E-08
    0.498094237E-08
    0.555273243E-08
    0.618785106E-08
    0.689294941E-08
    0.767607610E-08
    0.854518794E-08
    0.950938232E-08
    0.105789327E-07
    0.117642932E-07
    0.130784141E-07
    0.145338976E-07
    0.161458708E-07
    0.179308717E-07
    0.199058690E-07
    0.220914405E-07
    0.245087331E-07
    0.271808233E-07
    0.301343281E-07
    0.333970367E-07
    0.370008934E-07
    0.409803923E-07
    0.453718174E-07
    0.502173177E-07
    0.555623330E-07
    0.614553094E-07
    0.679505812E-07
    0.751076063E-07
    0.829901394E-07
    0.916713917E-07
    0.101225562E-06
    0.111740059E-06
    0.123305865E-06
    0.136023451E-06
    0.150005114E-06
    0.165368305E-06
    0.182245740E-06
    0.200781733E-06
    0.221129603E-06
    0.243462956E-06
    0.267964358E-06
    0.294834452E-06
    0.324294862E-06
    0.356585470E-06
    0.391962479E-06
    0.430713782E-06
    0.473142243E-06
    0.519585078E-06
    0.570405112E-06
    0.625993328E-06
    0.686782538E-06
    0.753233478E-06
    0.825852942E-06
    0.905186290E-06
    0.991820333E-06
    0.108640675E-05
    0.118963548E-05
    0.130225815E-05
    0.142509824E-05
    0.155902903E-05
    0.170500903E-05
    0.186407237E-05
    0.203733388E-05
    0.222599919E-05
    0.243137781E-05
    0.265486622E-05
    0.289799269E-05
    0.316238925E-05
    0.344982328E-05
    0.376220850E-05
    0.410159805E-05
    0.447021490E-05
    0.487043277E-05
    0.530482525E-05
    0.577617539E-05
    0.628742998E-05
    0.684180865E-05
    0.744275465E-05
    0.809396459E-05
    0.879941520E-05
    0.956338160E-05
    0.103904405E-04
    0.112855287E-04
    0.122539157E-04
    0.133012630E-04
    0.144336570E-04
    0.156575989E-04
    0.169800640E-04
    0.184085183E-04
    0.199509726E-04
    0.216159595E-04
    0.234126267E-04
    0.253507969E-04
    0.274409198E-04
    0.296941466E-04
    0.321224626E-04
    0.347386080E-04
    0.375562012E-04
    0.405897471E-04
    0.438547397E-04
    0.473677127E-04
    0.511462689E-04
    0.552091263E-04
    0.595762805E-04
    0.642689830E-04
    0.693098859E-04
    0.747229989E-04
    0.805339638E-04
    0.867699494E-04
    0.934598078E-04
    0.100634282E-03
    0.108325965E-03
    0.116569366E-03
    0.125401208E-03
    0.134860372E-03
    0.144988104E-03
    0.155828040E-03
    0.167426409E-03
    0.179832234E-03
    0.193097394E-03
    0.207276650E-03
    0.222427968E-03
    0.238612641E-03
    0.255895398E-03
    0.274344668E-03
    0.294032486E-03
    0.315035227E-03
    0.337433072E-03
    0.361310803E-03
    0.386757798E-03
    0.413867910E-03
    0.442740303E-03
    0.473479235E-03
    0.506194344E-03
    0.541001134E-03
    0.578020703E-03
    0.617380574E-03
    0.659214639E-03
    0.703663487E-03
    0.750874416E-03
    0.801002345E-03
    0.854209288E-03
    0.910665530E-03
    0.970548952E-03
    0.103404611E-02
    0.110135231E-02
    0.117267157E-02
    0.124821776E-02
    0.132821386E-02
    0.141289297E-02
    0.150249904E-02
    0.159728586E-02
    0.169751896E-02
    0.180347486E-02
    0.191544179E-02
    0.203372017E-02
    0.215862276E-02
    0.229047507E-02
    0.242961587E-02
    0.257639742E-02
    0.273118566E-02
    0.289436117E-02
    0.306631853E-02
    0.324746771E-02
    0.343823361E-02
    0.363905716E-02
    0.385039503E-02
    0.407271993E-02
    0.430652203E-02
    0.455230781E-02
    0.481060069E-02
    0.508194284E-02
    0.536689303E-02
    0.566602924E-02
    0.597994705E-02
    0.630926125E-02
    0.665460539E-02
    0.701663240E-02
    0.739601361E-02
    0.779344088E-02
    0.820962511E-02
    0.864529769E-02
    0.910120896E-02
    0.957813004E-02
    0.100768519E-01
    0.105981849E-01
    0.111429607E-01
    0.117120304E-01
    0.123062641E-01
    0.129265537E-01
    0.135738091E-01
    0.142489609E-01
    0.149529582E-01
    0.156867696E-01
    0.164513821E-01
    0.172478023E-01
    0.180770530E-01
    0.189401755E-01
    0.198382283E-01
    0.207722864E-01
    0.217434412E-01
    0.227527977E-01
    0.238014781E-01
    0.248906158E-01
    0.260213594E-01
    0.271948694E-01
    0.284123154E-01
    0.296748807E-01
    0.309837560E-01
    0.323401399E-01
    0.337452396E-01
    0.352002660E-01
    0.367064364E-01
    0.382649703E-01
    0.398770902E-01
    0.415440176E-01
    0.432669745E-01
    0.450471777E-01
    0.468858433E-01
    0.487841775E-01
    0.507433818E-01
    0.527646466E-01
    0.548491511E-01
    0.569980632E-01
    0.592125316E-01
    0.614936906E-01
    0.638426561E-01
    0.662605181E-01
    0.687483488E-01
    0.713071902E-01
    0.739380588E-01
    0.766419398E-01
    0.794197858E-01
    0.822725147E-01
    0.852010083E-01
    0.882061067E-01
    0.912886096E-01
    0.944492714E-01
    0.976888005E-01
    0.101007856E+00
    0.104407044E+00
    0.107886919E+00
    0.111447976E+00
    0.115090652E+00
    0.118815327E+00
    0.122622307E+00
    0.126511842E+00
    0.130484109E+00
    0.134539215E+00
    0.138677195E+00
    0.142898007E+00
    0.147201531E+00
    0.151587571E+00
    0.156055847E+00
    0.160605996E+00
    0.165237570E+00
    0.169950033E+00
    0.174742763E+00
    0.179615042E+00
    0.184566065E+00
    0.189594931E+00
    0.194700643E+00
    0.199882117E+00
    0.205138158E+00
    0.210467482E+00
    0.215868706E+00
    0.221340341E+00
    0.226880807E+00
    0.232488414E+00
    0.238161379E+00
    0.243897813E+00
    0.249695729E+00
    0.255553037E+00
    0.261467549E+00
    0.267436972E+00
    0.273458923E+00
    0.279530912E+00
    0.285650355E+00
    0.291814575E+00
    0.298020792E+00
    0.304266144E+00
    0.310547669E+00
    0.316862318E+00
    0.323206961E+00
    0.329578370E+00
    0.335973247E+00
    0.342388210E+00
    0.348819798E+00
    0.355264478E+00
    0.361718648E+00
    0.368178635E+00
    0.374640706E+00
    0.381101066E+00
    0.387555864E+00
    0.394001197E+00
    0.400433113E+00
    0.406847623E+00
    0.413240690E+00
    0.419608246E+00
    0.425946197E+00
    0.432250415E+00
    0.438516766E+00
    0.444741088E+00
    0.450919214E+00
    0.457046978E+00
    0.463120207E+00
    0.469134740E+00
    0.475086425E+00
    0.480971129E+00
    0.486784742E+00
    0.492523184E+00
    0.498182409E+00
    0.503758410E+00
    0.509247224E+00
    0.514644945E+00
    0.519947721E+00
    0.525151764E+00
    0.530253353E+00
    0.535248842E+00
    0.540134668E+00
    0.544907347E+00
    0.549563488E+00
    0.554099802E+00
    0.558513089E+00
    0.562800265E+00
    0.566958354E+00
    0.570984495E+00
    0.574875949E+00
    0.578630102E+00
    0.582244468E+00
    0.585716699E+00
    0.589044579E+00
    0.592226042E+00
    0.595259161E+00
    0.598142161E+00
    0.600873422E+00
    0.603451472E+00
    0.605875009E+00
    0.608142885E+00
    0.610254110E+00
    0.612207881E+00
    0.614003539E+00
    0.615640610E+00
    0.617118789E+00
    0.618437941E+00
    0.619598106E+00
    0.620599499E+00
    0.621442509E+00
    0.622127701E+00
    0.622655814E+00
    0.623027766E+00
    0.623244645E+00
    0.623307710E+00
    0.623218396E+00
    0.622978311E+00
    0.622589222E+00
    0.622053075E+00
    0.621371967E+00
    0.620548167E+00
    0.619584095E+00
    0.618482328E+00
    0.617245596E+00
    0.615876769E+00
    0.614378870E+00
    0.612755050E+00
    0.611008601E+00
    0.609142936E+00
    0.607161593E+00
    0.605068224E+00
    0.602866596E+00
    0.600560568E+00
    0.598154109E+00
    0.595651264E+00
    0.593056170E+00
    0.590373030E+00
    0.587606114E+00
    0.584759757E+00
    0.581838330E+00
    0.578846248E+00
    0.575787969E+00
    0.572667950E+00
    0.569490678E+00
    0.566260634E+00
    0.562982298E+00
    0.559660122E+00
    0.556298540E+00
    0.552901943E+00
    0.549474677E+00
    0.546021026E+00
    0.542545210E+00
    0.539051370E+00
    0.535543550E+00
    0.532025708E+00
    0.528501680E+00
    0.524975190E+00
    0.521449840E+00
    0.517929077E+00
    0.514416218E+00
    0.510914413E+00
    0.507426655E+00
    0.503955758E+00
    0.500504363E+00
    0.497074918E+00
    0.493669681E+00
    0.490290709E+00
    0.486939851E+00
    0.483618748E+00
    0.480328824E+00
    0.477071288E+00
    0.473847119E+00
    0.470657080E+00
    0.467501704E+00
    0.464381299E+00
    0.461295943E+00
    0.458245494E+00
    0.455229580E+00
    0.452247604E+00
    0.449298758E+00
    0.446382017E+00
    0.443496138E+00
    0.440639682E+00
    0.437811003E+00
    0.435008274E+00
    0.432229474E+00
    0.429472414E+00
    0.426734733E+00
    0.424013920E+00
    0.421307315E+00
    0.418612128E+00
    0.415925444E+00
    0.413244237E+00
    0.410565390E+00
    0.407885693E+00
    0.405201878E+00
    0.402510613E+00
    0.399808525E+00
    0.397092216E+00
    0.394358277E+00
    0.391603298E+00
    0.388823888E+00
    0.386016686E+00
    0.383178382E+00
    0.380305721E+00
    0.377395528E+00
    0.374444717E+00
    0.371450302E+00
    0.368409416E+00
    0.365319323E+00
    0.362177426E+00
    0.358981280E+00
    0.355728611E+00
    0.352417314E+00
    0.349045473E+00
    0.345611367E+00
    0.342113478E+00
    0.338550491E+00
    0.334921320E+00
    0.331225097E+00
    0.327461181E+00
    0.323629163E+00
    0.319728875E+00
    0.315760381E+00
    0.311723990E+00
    0.307620245E+00
    0.303449934E+00
    0.299214079E+00
    0.294913940E+00
    0.290551011E+00
    0.286127010E+00
    0.281643884E+00
    0.277103797E+00
    0.272509118E+00
    0.267862433E+00
    0.263166511E+00
    0.258424318E+00
    0.253638992E+00
    0.248813845E+00
    0.243952340E+00
    0.239058091E+00
    0.234134846E+00
    0.229186477E+00
    0.224216964E+00
    0.219230388E+00
    0.214230914E+00
    0.209222778E+00
    0.204210274E+00
    0.199197746E+00
    0.194189562E+00
    0.189190115E+00
    0.184203800E+00
    0.179235002E+00
    0.174288086E+00
    0.169367384E+00
    0.164477177E+00
    0.159621687E+00
    0.154805066E+00
    0.150031379E+00
    0.145304600E+00
    0.140628592E+00
    0.136007108E+00
    0.131443769E+00
    0.126942065E+00
    0.122505341E+00
    0.118136789E+00
    0.113839444E+00
    0.109616174E+00
    0.105469675E+00
    0.101402466E+00
    0.974168847E-01
    0.935150835E-01
    0.896990240E-01
    0.859704811E-01
    0.823310315E-01
    0.787820610E-01
    0.753247614E-01
    0.719601295E-01
    0.686889704E-01
    0.655118973E-01
    0.624293358E-01
    0.594415256E-01
    0.565485242E-01
    0.537502123E-01
    0.510462969E-01
    0.484363175E-01
    0.459196512E-01
    0.434955205E-01
    0.411629964E-01
    0.389210108E-01
    0.367683573E-01
    0.347037033E-01
    0.327255973E-01
    0.308324750E-01
    0.290226686E-01
    0.272944155E-01
    0.256458656E-01
    0.240750916E-01
    0.225800948E-01
    0.211588159E-01
    0.198091416E-01
    0.185289143E-01
    0.173159390E-01
    0.161679923E-01
    0.150828289E-01
    0.140581902E-01
    0.130918110E-01
    0.121814265E-01
    0.113247794E-01
    0.105196257E-01
    0.976374041E-02
    0.905492455E-02
    0.839100920E-02
    0.776986093E-02
    0.718938580E-02
    0.664753445E-02
    0.614230536E-02
    0.567174775E-02
    0.523396545E-02
    0.482711871E-02
    0.444942712E-02
    0.409917076E-02
    0.377469252E-02
    0.347439856E-02
    0.319675909E-02
    0.294030960E-02
    0.270365040E-02
    0.248544650E-02
    0.228442796E-02
    0.209938827E-02
    0.192918421E-02
    0.177273466E-02
    0.162901935E-02
    0.149707675E-02
    0.137600385E-02
    0.126495300E-02
    0.116313117E-02
    0.106979722E-02
    0.984260450E-03
    0.905878008E-03
    0.834053208E-03
    0.768232912E-03
    0.707905917E-03
    0.652599976E-03
    0.601880416E-03
    0.555347431E-03
    0.512634075E-03
    0.473404410E-03
    0.437351190E-03
    0.404193852E-03
    0.373676933E-03
    0.345567838E-03
    0.319655372E-03
    0.295747826E-03
    0.273671555E-03
    0.253269265E-03
    0.234398823E-03
    0.216931633E-03
    0.200751621E-03
    0.185753861E-03
    0.171843554E-03
    0.158935171E-03
    0.146951232E-03
    0.135821623E-03
    0.125482860E-03
    0.115877209E-03
    0.106952205E-03
    0.986600188E-04
    0.909569250E-04
    0.838027360E-04
    0.771606780E-04
    0.709967154E-04
    0.652793814E-04
    0.599794895E-04
    0.550698157E-04
    0.505250167E-04
    0.463213153E-04
    0.424364289E-04
    0.388493846E-04
    0.355404183E-04
    0.324908974E-04
    0.296832372E-04
    0.271007907E-04
    0.247278613E-04
    0.225495901E-04
    0.205519090E-04
    0.187216002E-04
    0.170461486E-04
    0.155137602E-04
    0.141133691E-04
    0.128345576E-04
    0.116675759E-04
    0.106033032E-04
    0.963320691E-05
    0.874936689E-05
    0.794439920E-05
    0.721147873E-05
    0.654429265E-05
    0.593701393E-05
    0.538427257E-05
    0.488118261E-05
    0.442323439E-05
    0.400633349E-05
    0.362675084E-05
    0.328108847E-05
    0.296627344E-05
    0.267954319E-05
    0.241838326E-05
    0.218052555E-05
    0.196394830E-05
    0.176681394E-05
    0.158748711E-05
    0.142447924E-05
    0.127646425E-05
    0.114223319E-05
    0.102071344E-05
    0.910916297E-06
    0.811956986E-06
    0.723011214E-06
    0.643343030E-06
    0.572256960E-06
    0.509121435E-06
    0.453343595E-06
    0.404369705E-06
    0.361673174E-06
    0.324771583E-06
    0.293189076E-06
    0.266483478E-06
    0.244229665E-06
    0.226022317E-06
    0.211471729E-06
    0.200208562E-06
    0.191872317E-06
    0.186125506E-06
    0.182642482E-06
    0.181114459E-06
    0.181249729E-06
    0.182769186E-06
    0.185413818E-06
    0.188939613E-06
    0.193119788E-06
    0.197744690E-06
    0.202621642E-06
    0.207574870E-06
    0.212446881E-06
    0.217095285E-06
    0.221395844E-06
    0.225240272E-06
    0.228535991E-06
    0.231205321E-06
    0.233187793E-06
    0.234431068E-06
    0.234904316E-06
    0.234583165E-06
    0.233457891E-06
    0.231528031E-06
    0.228803818E-06
    0.225305061E-06
    0.221058478E-06
    0.216099756E-06
    0.210470174E-06
    0.204215957E-06
    0.197390151E-06
    0.190047885E-06
    0.182247190E-06
    0.174050989E-06
    0.165521837E-06
    0.156724337E-06
    0.147723777E-06
    0.138585328E-06
    0.129372043E-06
    0.120150922E-06
    0.110981444E-06
    0.101926348E-06
    0.930425015E-07
    0.843879079E-07
    0.760158679E-07
    0.679779771E-07
    0.603226749E-07
    0.530951534E-07
    0.463364714E-07
    0.400873373E-07
    0.343812234E-07
    0.292510607E-07
    0.247254455E-07
    0.208294866E-07
    0.175848597E-07
    0.150100447E-07
    0.131194447E-07
    0.119250290E-07
    0.114353505E-07
    0.116548227E-07
    0.125856723E-07
    0.142264810E-07
    0.165737911E-07
    0.196193984E-07
    0.233541891E-07
    0.277654656E-07
    0.328375058E-07
    0.385531775E-07
    0.448924743E-07
    0.518322026E-07
    0.593488057E-07
    0.674156069E-07
    0.760046607E-07
    0.850861052E-07
    0.946275199E-07
    0.104597087E-06
    0.114960241E-06
    0.125681467E-06
    0.136724800E-06
    0.148052606E-06
    0.159627711E-06
    0.171411908E-06
    0.183365028E-06
    0.195450643E-06
    0.207628115E-06
    0.219858982E-06
    0.232105279E-06
    0.244328299E-06
    0.256489839E-06
    0.268554022E-06
    0.280484110E-06
    0.292245069E-06
    0.303801828E-06
    0.315120955E-06
    0.326171912E-06
    0.336923623E-06
    0.347346250E-06
    0.357413619E-06
    0.367097963E-06
    0.376377176E-06
    0.385226756E-06
    0.393626804E-06
    0.401559056E-06
    0.409004401E-06
    0.415948836E-06
    0.422379336E-06
    0.428283823E-06
    0.433652251E-06
    0.438478494E-06
    0.442756042E-06
    0.446480481E-06
    0.449650280E-06
    0.452264239E-06
    0.454325957E-06
    0.455836455E-06
    0.456800369E-06
    0.457225378E-06
    0.457116991E-06
    0.456487431E-06
    0.455344149E-06
    0.453701827E-06
    0.451571169E-06
    0.448967006E-06
    0.445904881E-06
    0.442401402E-06
    0.438471926E-06
    0.434134497E-06
    0.429408393E-06
    0.424311525E-06
    0.418862957E-06
    0.413084104E-06
    0.406992630E-06
    0.400612846E-06
    0.393960408E-06
    0.387059750E-06
    0.379929467E-06
    0.372591055E-06
    0.365064680E-06
    0.357370304E-06
    0.349528279E-06
    0.341557029E-06
    0.333477383E-06
    0.325307544E-06
    0.317066106E-06
    0.308769793E-06
    0.300436686E-06
    0.292084561E-06
    0.283727518E-06
    0.275382587E-06
    0.267063642E-06
    0.258784196E-06
    0.250559879E-06
    0.242399340E-06
    0.234319124E-06
    0.226326606E-06
    0.218435021E-06
    0.210651922E-06
    0.202988283E-06
    0.195450329E-06
    0.188047454E-06
    0.180785672E-06
    0.173671345E-06
    0.166709479E-06
    0.159905133E-06
    0.153262672E-06
    0.146786553E-06
    0.140477769E-06
    0.134341143E-06
    0.128375875E-06
    0.122585837E-06
    0.116970541E-06
    0.111530312E-06
    0.106266166E-06
    0.101176135E-06
    0.962603744E-07
    0.915169658E-07
    0.869450701E-07
    0.825415241E-07
    0.783058936E-07
    0.742339240E-07
    0.703238951E-07
    0.665723616E-07
    0.629765265E-07
    0.595330172E-07
    0.562384202E-07
    0.530883584E-07
    0.500801683E-07
    0.472086212E-07
    0.444717298E-07
    0.418636035E-07
    0.393815418E-07
    0.370208228E-07
    0.347776033E-07
    0.326476578E-07
    0.306273649E-07
    0.287120773E-07
    0.268982305E-07
    0.251818700E-07
    0.235585470E-07
    0.220250367E-07
    0.205772653E-07
    0.192115744E-07
    0.179244141E-07
    0.167120776E-07
    0.155711658E-07
    0.144983068E-07
    0.134902122E-07
    0.125439273E-07
    0.116558729E-07
    0.108235735E-07
    0.100438456E-07
    0.931404141E-08
    0.863137694E-08
    0.799349886E-08
    0.739754988E-08
    0.684167075E-08
    0.632315917E-08
    0.584000643E-08
    0.539021880E-08
    0.497166602E-08
    0.458251746E-08
    0.422098661E-08
    0.388535910E-08
    0.357398249E-08
    0.328531546E-08
    0.301796021E-08
    0.277042261E-08
    0.254147397E-08
    0.232986596E-08
    0.213446488E-08
    0.195403060E-08
    0.178766829E-08
    0.163431171E-08
    0.149310049E-08
    0.136318018E-08
    0.124366272E-08
    0.113384026E-08
    0.103300873E-08
    0.940446681E-09
    0.855621385E-09
    0.777883551E-09
    0.706757535E-09
    0.641610374E-09
    0.582102680E-09
    0.527695534E-09
    0.478059323E-09
    0.432775553E-09
    0.391514630E-09
    0.353924318E-09
    0.319677398E-09
    0.288552806E-09
    0.260268497E-09
    0.234588848E-09
    0.211280312E-09
    0.190140338E-09
    0.170976050E-09
    0.153628333E-09
    0.137934675E-09
    0.123758062E-09
    0.110944224E-09
    0.993831773E-10
    0.889270464E-10
    0.795305835E-10
    0.710437244E-10
    0.634390867E-10
    0.565791628E-10
    0.504357035E-10
    0.448979910E-10
    0.399395928E-10
    0.354960523E-10
    0.315266398E-10
    0.279618939E-10
    0.247864955E-10
    0.219430455E-10
    0.194068957E-10
    0.171490806E-10
    0.151415926E-10
    0.133530379E-10
    0.117643296E-10
    0.103501990E-10
    0.909603840E-11
    0.798703140E-11
    0.700584856E-11
    0.613996004E-11
    0.537159107E-11
    0.469617681E-11
    0.409635337E-11
    0.357198536E-11
    0.311064463E-11
    0.270581154E-11
    0.234831066E-11
    0.203902687E-11
    0.176430442E-11
    0.152539393E-11
    0.131744320E-11
    0.113553034E-11
    0.977086814E-12
    0.839230369E-12
    0.719614935E-12
    0.615547644E-12
    0.525723773E-12
    0.448552407E-12
    0.381036764E-12
    0.323655192E-12
    0.273838708E-12
    0.231005115E-12
    0.194604864E-12
    0.163038286E-12
    0.136555821E-12
    0.113977076E-12
    0.950812423E-13
    0.786542792E-13
    0.649319891E-13
    0.536022760E-13
    0.440291254E-13
    0.363277855E-13
    0.296943488E-13
    0.244813995E-13
    0.197019249E-13
    0.162811002E-13
    0.133292473E-13
    0.111708363E-13
    0.941824174E-14
    0.806296198E-14
    0.693292601E-14
    0.606902166E-14
    0.543036308E-14
    0.512418592E-14
    0.474719886E-14
    0.460430321E-14
    0.454164019E-14
    0.439794970E-14
    0.443912653E-14
    0.445187612E-14
    0.452943804E-14
    0.460434537E-14
    0.467550554E-14
    0.479125026E-14
    0.477091907E-14
    0.492860903E-14
    0.496200671E-14
    0.503435823E-14
    0.519496383E-14
    0.524094947E-14
    0.537669925E-14
    0.543062244E-14
    0.542211468E-14
    0.559069357E-14
    0.561241565E-14
    0.578220314E-14
    0.577780069E-14
    0.585640512E-14
    0.584068009E-14
    0.597092016E-14
    0.600583444E-14
    0.617097326E-14
    0.616114965E-14
    0.610024539E-14
    0.616546612E-14
    0.612938981E-14
    0.618410447E-14
    0.621967859E-14
    0.615832259E-14
    0.615688291E-14
    0.597186072E-14
    0.595786754E-14
    0.599247924E-14
    0.576864776E-14
    0.585597221E-14
    0.564477922E-14
    0.551554974E-14
    0.536436320E-14
    0.520841367E-14
    0.513672999E-14
    0.498036114E-14
    0.479192996E-14
    0.457849347E-14
    0.441691381E-14
    0.429405073E-14
    0.409768320E-14
    0.395567033E-14
    0.375252428E-14
    0.353945324E-14
    0.340528731E-14
    0.318134925E-14
    0.300350669E-14
    0.281967445E-14
    0.272046399E-14
    0.252795569E-14
    0.238886612E-14
    0.222670400E-14
    0.204348913E-14
    0.192029132E-14
    0.178380084E-14
    0.170487137E-14
    0.150859789E-14
    0.141443024E-14
    0.130609690E-14
    0.117722902E-14
    0.112348599E-14
    0.103345273E-14
    0.932765090E-15
    0.883054720E-15
    0.735363146E-15
    0.729993532E-15
    0.634732338E-15
    0.570511624E-15
    0.556277676E-15
    0.475192895E-15
    0.444174340E-15
    0.399059759E-15
    0.344940817E-15
    0.330224207E-15
    0.299982251E-15
    0.267342119E-15
    0.230273982E-15
    0.213399646E-15
    0.191969117E-15
    0.176011520E-15
    0.166152727E-15
    0.139755366E-15
    0.127808001E-15
    0.116014568E-15
    0.990413732E-16
    0.902331245E-16
    0.779382903E-16
    0.837637510E-16
    0.768824617E-16
    0.680734873E-16
    0.563189268E-16
    0.622189739E-16
    0.413030841E-16
    0.516343466E-16
    0.413192158E-16
    0.450107318E-16
    0.453327533E-16
    0.367286176E-16
    0.363240501E-16
    0.423609288E-16
    0.409766748E-16
    0.418538265E-16
    0.372905135E-16
    0.233740505E-16
    0.326972725E-16
    0.253688998E-16
    0.319376637E-16
    0.286977640E-16
    0.286803079E-16
    0.292559341E-16
    0.277814263E-16
    0.255378546E-16
    0.325694201E-16
    0.213230222E-16
    0.236527387E-16
    0.291983809E-16
    0.318446272E-16
    0.214639871E-16
    0.252273277E-16
    0.380531072E-16
    0.266910269E-16
    0.334869346E-16
    0.260826658E-16
    0.212790363E-16
    0.256520606E-16
    0.342514747E-16
    0.351673681E-16
    0.255012098E-16
    0.214127759E-16
    0.281195075E-16
    0.315294920E-16
    0.291737513E-16
    0.279904601E-16
    0.236528920E-16
    0.242399547E-16
    0.314410313E-16
    0.271225579E-16
    0.223937296E-16
    0.296509795E-16
    0.392479769E-16
    0.259417497E-16
    0.290573607E-16
    0.218727556E-16
    0.249466093E-16
    0.252984464E-16
    0.302772698E-16
    0.318997606E-16
    0.270267933E-16
    0.190583287E-16
    0.313065452E-16
    0.299792138E-16
    0.343243610E-16
    0.209841259E-16
    0.311834006E-16
    0.256932992E-16
    0.287469971E-16
    0.298105664E-16
    0.234901313E-16
    0.322206320E-16
    0.331712955E-16
    0.284560795E-16
    0.274017288E-16
    0.286937108E-16
    0.300463901E-16
    0.299774969E-16
    0.257040442E-16
    0.297310709E-16
    0.221500744E-16
    0.289540421E-16
    0.272030101E-16
    0.325716697E-16
    0.221597221E-16
    0.288174836E-16
    0.272270596E-16
    0.253559397E-16
    0.291032377E-16
    0.285291916E-16
    0.334580399E-16
    0.288019911E-16
    0.276606706E-16
    0.293759248E-16
    0.290698704E-16
    0.273747216E-16
    0.337917181E-16
    0.275447987E-16
    0.264490976E-16
    0.294043337E-16
    0.234386925E-16
    0.348923989E-16
    0.243344900E-16
    0.313105080E-16
    0.292120629E-16
    0.243669074E-16
    0.215838537E-16
    0.272466114E-16
    0.324999698E-16
    0.316966486E-16
    0.320252011E-16
    0.253286001E-16
    0.314986009E-16
    0.313990868E-16
    0.287806566E-16
    0.285424201E-16
    0.243875155E-16
    0.234989103E-16
    0.357089631E-16
    0.285521706E-16
    0.281529825E-16
    0.229647436E-16
    0.326519276E-16
    0.304886611E-16
    0.278707501E-16
    0.214776808E-16
    0.252474939E-16
    0.320807057E-16
    0.276166255E-16
    0.328411841E-16
    0.305979035E-16
    0.276162198E-16
    0.280134813E-16
    0.351623125E-16
    0.282779701E-16
    0.277007390E-16
    0.204211947E-16
    0.293127987E-16
    0.303669689E-16
    0.319166942E-16
    0.263157659E-16
    0.320485981E-16
    0.266078871E-16
    0.252016056E-16
    0.256373330E-16
    0.245300216E-16
    0.302614241E-16
    0.295768390E-16
    0.285116331E-16
    0.370652303E-16
    0.269121218E-16
    0.288008304E-16
    0.346147864E-16
    0.257065031E-16
    0.249560652E-16
    0.270577337E-16
    0.267097437E-16
    0.315047475E-16
    0.253605188E-16
    0.326950061E-16
    0.312464005E-16
    0.304666602E-16
    0.224654646E-16
    0.270134404E-16
    0.272655225E-16
    0.263877658E-16
    0.316708913E-16
    0.273750935E-16
    0.283910830E-16
    0.295482601E-16
    0.286416795E-16
    0.330640091E-16
    0.240715710E-16
    0.241033893E-16
    0.294471277E-16
    0.215319788E-16
    0.307242475E-16
    0.274073868E-16
    0.306637311E-16
    0.281911657E-16
    0.341650603E-16
    0.245260631E-16
    0.243094133E-16
    0.328600165E-16
    0.244729649E-16
    0.325765115E-16
    0.313366621E-16
    0.299496975E-16
    0.275901478E-16
    0.355785291E-16
    0.291976487E-16
    0.257729476E-16
    0.257964295E-16
    0.342679330E-16
    0.219932223E-16
    0.256731101E-16
    0.286107797E-16
    0.319369491E-16
    0.292552621E-16
    0.300306021E-16
    0.267509452E-16
    0.225528620E-16
    0.276652570E-16
    0.278201095E-16
    0.284123071E-16
    0.327873183E-16
    0.270377009E-16
    0.311180335E-16
    0.344552418E-16
    0.276970141E-16
    0.268031503E-16
    0.220032694E-16
    0.330044949E-16
    0.284304524E-16
    0.245662934E-16
    0.255177497E-16
    0.283367622E-16
    0.341767794E-16
    0.266926016E-16
    0.225427168E-16
    0.273476350E-16
    0.337100490E-16
    0.282116776E-16
    0.270401580E-16
    0.291263699E-16
    0.285350505E-16
    0.260369105E-16
    0.381119106E-16
    0.247439056E-16
    0.257953726E-16
    0.270718664E-16
    0.299694358E-16
    0.329112338E-16
    0.244799351E-16
    0.293689359E-16
    0.245388072E-16
    0.331489907E-16
    0.241611322E-16
    0.271715870E-16
    0.256687347E-16
    0.295775761E-16
    0.291823089E-16
    0.237827986E-16
    0.350894930E-16
    0.265882754E-16
    0.277630295E-16
    0.298061560E-16
    0.243285249E-16
    0.247582076E-16
    0.285284079E-16
    0.276973674E-16
    0.276772984E-16
    0.261094483E-16
    0.303459639E-16
    0.255721361E-16
    0.344478823E-16
    0.227647595E-16
    0.277663140E-16
    0.257517113E-16
    0.315887732E-16
    0.331278333E-16
    0.280711645E-16
    0.263162697E-16
    0.331346933E-16
    0.312614072E-16
    0.330113302E-16
    0.260022216E-16
    0.273798294E-16
    0.297072187E-16
    0.300069880E-16
    0.303403304E-16
    0.233019797E-16
    0.275571992E-16
    0.234184936E-16
    0.343536015E-16
    0.192809158E-16
    0.257843989E-16
    0.260753948E-16
    0.252523756E-16
    0.393527167E-16
    0.281550934E-16
    0.261682859E-16
    0.256081704E-16
    0.326905947E-16
    0.304411406E-16
    0.243432386E-16
    0.248055235E-16
    0.344949653E-16
    0.304500126E-16
    0.323870920E-16
    0.226611137E-16
    0.284681696E-16
    0.249668890E-16
    0.294597118E-16
    0.210395751E-16
    0.298953860E-16
    0.254983347E-16
    0.201017749E-16
    0.338811976E-16
    0.305377545E-16
    0.273710648E-16
    0.285733693E-16
    0.317863524E-16
    0.260820464E-16
    0.230997402E-16
    0.293016523E-16
    0.328712996E-16
    0.265585379E-16
    0.257521241E-16
    0.282085983E-16
    0.282914258E-16
    0.241916885E-16
    0.278282798E-16
    0.241181810E-16
    0.329264984E-16
    0.240100772E-16
    0.206212783E-16
    0.303528424E-16
    0.349234249E-16
    0.257467321E-16
    0.296396586E-16
    0.300641703E-16
    0.294783215E-16
    0.259901804E-16
    0.348570154E-16
    0.368619584E-16
    0.305209416E-16
    0.265184522E-16
    0.250210385E-16
    0.300240106E-16
    0.225866020E-16
    0.252220197E-16
    0.257641901E-16
    0.306799482E-16
    0.281347900E-16
    0.298116957E-16
    0.268055751E-16
    0.309250556E-16
    0.295188644E-16
    0.326158979E-16
    0.268875396E-16
    0.274033909E-16
    0.284736525E-16
    0.333997291E-16
    0.351050611E-16
    0.329079374E-16
    0.260507897E-16
    0.217820084E-16
    0.279024937E-16
    0.233528056E-16
    0.237947750E-16
    0.237672036E-16
    0.263641692E-16
    0.263399315E-16
    0.288466065E-16
    0.296123589E-16
    0.227396762E-16
    0.282387740E-16
    0.301930810E-16
    0.232143123E-16
    0.277080060E-16
    0.311390399E-16
    0.304980545E-16
    0.337833844E-16
    0.285238934E-16
    0.293316229E-16
    0.281946045E-16
    0.241119081E-16
    0.298314701E-16
    0.275866153E-16
    0.224761949E-16
    0.284371336E-16
    0.342454414E-16
    0.261725425E-16
    0.415296873E-16
    0.316399332E-16
    0.304749913E-16
    0.253584887E-16
    0.254092555E-16
    0.310261637E-16
    0.312823931E-16
    0.325939326E-16
    0.438126782E-16
    0.335133947E-16
    0.233664136E-16
    0.216874505E-16
    0.222105689E-16
    0.282358283E-16
    0.282754953E-16
    0.332968392E-16
    0.348397475E-16
    0.315529109E-16
    0.305353355E-16
    0.265131237E-16
    0.312747644E-16
    0.283159507E-16
    0.269778046E-16
    0.349186107E-16
    0.373830945E-16
    0.335839584E-16
    0.382919367E-16
    0.256176045E-16
    0.260056808E-16
    0.164362741E-16
    0.191257717E-16
    0.285979502E-16
    0.353395210E-16
    0.380895521E-16
    0.259801678E-16
    0.380733583E-16
    0.355141416E-16
    0.357984345E-16
    0.251395214E-16
    0.229019975E-16
    0.232888560E-16
    0.318785998E-16
    0.418923119E-16
    0.381786314E-16
    0.495939121E-16
    0.467774628E-16
    0.537048501E-16
    0.384012998E-16
    0.465173414E-16
    0.445229897E-16
    0.370866112E-16
    0.332935530E-16
    0.354568163E-16
    0.419690536E-16
    0.361803583E-16
    0.296675597E-16
    0.339310376E-16
    0.234128435E-16
    0.237335104E-16
    0.274675194E-16
    0.365791738E-16
    0.210118492E-16
    0.230239206E-16
    0.297600670E-16
    0.174931483E-16
    0.201785835E-16
    0.185963864E-16
    0.265100942E-16
    0.195656887E-16
    0.275061345E-16
    0.231061011E-16
    0.279465616E-16
