 #tdnd tdcion
    0.401126914E-16
    0.419027104E-16
    0.414024868E-16
    0.386527547E-16
    0.422455008E-16
    0.373709658E-16
    0.405585659E-16
    0.391254629E-16
    0.374870072E-16
    0.424431179E-16
    0.342650974E-16
    0.449337516E-16
    0.322001341E-16
    0.453112656E-16
    0.322108151E-16
    0.436688509E-16
    0.336957125E-16
    0.405299206E-16
    0.355711997E-16
    0.366167140E-16
    0.380577092E-16
    0.323597485E-16
    0.410215460E-16
    0.285254944E-16
    0.430029217E-16
    0.258260081E-16
    0.413956240E-16
    0.272630624E-16
    0.354757678E-16
    0.323117559E-16
    0.296923629E-16
    0.367294330E-16
    0.269502371E-16
    0.399084190E-16
    0.253808876E-16
    0.419450547E-16
    0.259208393E-16
    0.393246292E-16
    0.303691551E-16
    0.340590768E-16
    0.354751072E-16
    0.296448369E-16
    0.408227211E-16
    0.251141832E-16
    0.454445995E-16
    0.243727009E-16
    0.427207065E-16
    0.308438139E-16
    0.335290201E-16
    0.392205043E-16
    0.247114935E-16
    0.449126602E-16
    0.220457043E-16
    0.428792135E-16
    0.290222484E-16
    0.338931709E-16
    0.382776098E-16
    0.265955879E-16
    0.410893975E-16
    0.256418747E-16
    0.373989434E-16
    0.302328403E-16
    0.317698419E-16
    0.350258943E-16
    0.302062740E-16
    0.348261509E-16
    0.323434394E-16
    0.331048512E-16
    0.333355866E-16
    0.328576175E-16
    0.322044114E-16
    0.345984049E-16
    0.306470354E-16
    0.355950259E-16
    0.322112586E-16
    0.330926842E-16
    0.360957203E-16
    0.297672065E-16
    0.375380059E-16
    0.307385337E-16
    0.340139684E-16
    0.353963013E-16
    0.293690305E-16
    0.386331631E-16
    0.289604482E-16
    0.356678780E-16
    0.339542178E-16
    0.298511939E-16
    0.376561253E-16
    0.284310942E-16
    0.351699976E-16
    0.323419249E-16
    0.304918434E-16
    0.339937382E-16
    0.299966420E-16
    0.314846408E-16
    0.316729304E-16
    0.279669984E-16
    0.328676236E-16
    0.285389620E-16
    0.285604619E-16
    0.340081369E-16
    0.239479939E-16
    0.349949616E-16
    0.258247270E-16
    0.316641738E-16
    0.315976147E-16
    0.268437200E-16
    0.392308208E-16
    0.241742379E-16
    0.404292581E-16
    0.303620473E-16
    0.343968027E-16
    0.395149215E-16
    0.287397816E-16
    0.463664236E-16
    0.286201659E-16
    0.437150029E-16
    0.388843173E-16
    0.333287794E-16
    0.483410006E-16
    0.296101192E-16
    0.479057594E-16
    0.353786646E-16
    0.389414291E-16
    0.455250924E-16
    0.299056517E-16
    0.479452262E-16
    0.317773880E-16
    0.404181696E-16
    0.387525068E-16
    0.323596464E-16
    0.420899571E-16
    0.294927750E-16
    0.390759541E-16
    0.321144507E-16
    0.334259853E-16
    0.359289272E-16
    0.304807168E-16
    0.367675720E-16
    0.311141842E-16
    0.347161125E-16
    0.327840598E-16
    0.320544070E-16
    0.355327350E-16
    0.317032339E-16
    0.368909956E-16
    0.348343939E-16
    0.353212053E-16
    0.374229013E-16
    0.333604135E-16
    0.367938180E-16
    0.337456113E-16
    0.356422739E-16
    0.358795349E-16
    0.344741387E-16
    0.368498615E-16
    0.336831180E-16
    0.338813689E-16
    0.319989031E-16
    0.335013989E-16
    0.301143559E-16
    0.324972835E-16
    0.314052022E-16
    0.297335352E-16
    0.325811988E-16
    0.259336229E-16
    0.336166261E-16
    0.266964052E-16
    0.286047365E-16
    0.317087503E-16
    0.236435166E-16
    0.343063951E-16
    0.248488323E-16
    0.309408987E-16
    0.327088141E-16
    0.245471098E-16
    0.361418375E-16
    0.247754774E-16
    0.326691019E-16
    0.333088616E-16
    0.272225531E-16
    0.395017986E-16
    0.279080491E-16
    0.353505192E-16
    0.336545011E-16
    0.299019723E-16
    0.385593091E-16
    0.294808000E-16
    0.367692159E-16
    0.330090713E-16
    0.317911612E-16
    0.340775650E-16
    0.298587481E-16
    0.343731361E-16
    0.286361398E-16
    0.323228795E-16
    0.285064941E-16
    0.285862769E-16
    0.295849701E-16
    0.238978665E-16
    0.322411480E-16
    0.227830074E-16
    0.279015293E-16
    0.267638259E-16
    0.207864898E-16
    0.312157334E-16
    0.183989403E-16
    0.296474287E-16
    0.252693103E-16
    0.216410352E-16
    0.323282514E-16
    0.176275047E-16
    0.338500631E-16
    0.234978384E-16
    0.276033322E-16
    0.349095274E-16
    0.212616197E-16
    0.404999917E-16
    0.236883671E-16
    0.365906701E-16
    0.364182419E-16
    0.272588102E-16
    0.461869603E-16
    0.261648032E-16
    0.436823583E-16
    0.366949289E-16
    0.326693437E-16
    0.479068788E-16
    0.278615030E-16
    0.460249093E-16
    0.351454181E-16
    0.349613472E-16
    0.456902426E-16
    0.272746920E-16
    0.453970338E-16
    0.306422297E-16
    0.359267775E-16
    0.399265610E-16
    0.260219097E-16
    0.438428509E-16
    0.249454693E-16
    0.391604473E-16
    0.318601500E-16
    0.288013626E-16
    0.418204433E-16
    0.218168708E-16
    0.440542045E-16
    0.253531468E-16
    0.361647773E-16
    0.394195933E-16
    0.239078900E-16
    0.481676980E-16
    0.234216501E-16
    0.426848707E-16
    0.367930167E-16
    0.288464836E-16
    0.490912772E-16
    0.248014211E-16
    0.451852917E-16
    0.340794546E-16
    0.327440469E-16
    0.451210813E-16
    0.265640513E-16
    0.438483735E-16
    0.313775937E-16
    0.346911086E-16
    0.384267301E-16
    0.284751558E-16
    0.397528609E-16
    0.299841082E-16
    0.351962994E-16
    0.337796686E-16
    0.310246542E-16
    0.353799640E-16
    0.316290104E-16
    0.343373880E-16
    0.334054987E-16
    0.336926675E-16
    0.329148290E-16
    0.352603129E-16
    0.320816373E-16
    0.354143361E-16
    0.354164787E-16
    0.316257987E-16
    0.384353723E-16
    0.295285948E-16
    0.368744391E-16
    0.349596507E-16
    0.301677341E-16
    0.398608776E-16
    0.278729022E-16
    0.365580377E-16
    0.330163488E-16
    0.292879850E-16
    0.384457361E-16
    0.279596897E-16
    0.344591709E-16
    0.322010467E-16
    0.295919924E-16
    0.342959281E-16
    0.311313597E-16
    0.305086785E-16
    0.344770188E-16
    0.302664002E-16
    0.306982485E-16
    0.369814767E-16
    0.260120372E-16
    0.398284588E-16
    0.307087062E-16
    0.314136116E-16
    0.423137615E-16
    0.247706532E-16
    0.455461718E-16
    0.314942658E-16
    0.361159567E-16
    0.443370001E-16
    0.287533390E-16
    0.474749383E-16
    0.337810367E-16
    0.398755544E-16
    0.434761699E-16
    0.339466612E-16
    0.446248265E-16
    0.371558701E-16
    0.385222702E-16
    0.426711879E-16
    0.348993718E-16
    0.410074942E-16
    0.392609475E-16
    0.338125804E-16
    0.439372898E-16
    0.314071903E-16
    0.406686980E-16
    0.384099497E-16
    0.306190834E-16
    0.458902001E-16
    0.268810784E-16
    0.429535041E-16
    0.348270748E-16
    0.308452113E-16
    0.454945825E-16
    0.239143562E-16
    0.444883864E-16
    0.303366263E-16
    0.332458332E-16
    0.418711940E-16
    0.243790599E-16
    0.434774831E-16
    0.281909591E-16
    0.362532507E-16
    0.375193034E-16
    0.292712027E-16
    0.407180692E-16
    0.312146025E-16
    0.382433011E-16
    0.366278571E-16
    0.361515935E-16
    0.390075927E-16
    0.386185533E-16
    0.382470729E-16
    0.417252150E-16
    0.400436912E-16
    0.417596648E-16
    0.452318317E-16
    0.380857758E-16
    0.499937833E-16
    0.388961864E-16
    0.489603701E-16
    0.460877095E-16
    0.404387655E-16
    0.547026345E-16
    0.359790000E-16
    0.549863334E-16
    0.419110380E-16
    0.439228574E-16
    0.521294304E-16
    0.348242655E-16
    0.539663725E-16
    0.369618210E-16
    0.442555303E-16
    0.445717771E-16
    0.345457231E-16
    0.468398865E-16
    0.324681404E-16
    0.411652576E-16
    0.359075259E-16
    0.331116752E-16
    0.394481398E-16
    0.271108201E-16
    0.388748136E-16
    0.280830144E-16
    0.316173447E-16
    0.350476174E-16
    0.221998983E-16
    0.393755062E-16
    0.225026678E-16
    0.320210551E-16
    0.327381254E-16
    0.209127264E-16
    0.402972015E-16
    0.207819197E-16
    0.337616080E-16
    0.310850992E-16
    0.241320687E-16
    0.387643556E-16
    0.236406186E-16
    0.346128491E-16
    0.303115543E-16
    0.298800522E-16
    0.347556205E-16
    0.300976517E-16
    0.334678535E-16
    0.315154249E-16
    0.349107540E-16
    0.310372539E-16
    0.366901248E-16
    0.313369894E-16
    0.338857508E-16
    0.366053072E-16
    0.293170316E-16
    0.392552368E-16
    0.293159176E-16
    0.344705498E-16
    0.347807601E-16
    0.279581275E-16
    0.372396001E-16
    0.269363726E-16
    0.324075554E-16
    0.312138516E-16
    0.256853233E-16
    0.337529189E-16
    0.240216087E-16
    0.303522119E-16
    0.275883501E-16
    0.244925262E-16
    0.309848106E-16
    0.224092240E-16
    0.301688770E-16
    0.249992055E-16
    0.262105613E-16
    0.287019799E-16
    0.237236500E-16
    0.305164021E-16
    0.243055504E-16
    0.290482936E-16
    0.268384489E-16
    0.265861003E-16
    0.298572795E-16
    0.252435072E-16
    0.303008325E-16
    0.261025935E-16
    0.286536004E-16
    0.286560407E-16
    0.267457935E-16
    0.301947871E-16
    0.264288545E-16
    0.304487777E-16
    0.274452022E-16
    0.292318564E-16
    0.300580004E-16
    0.275885560E-16
    0.335124410E-16
    0.258807009E-16
    0.336572504E-16
    0.293332315E-16
    0.298727687E-16
    0.364925205E-16
    0.241595280E-16
    0.384114531E-16
    0.271116413E-16
    0.325957822E-16
    0.370469825E-16
    0.228724004E-16
    0.409541326E-16
    0.240247526E-16
    0.346603955E-16
    0.352379262E-16
    0.224156730E-16
    0.413917470E-16
    0.212917707E-16
    0.369384366E-16
    0.322897723E-16
    0.239709970E-16
    0.412113333E-16
    0.200748580E-16
    0.408335809E-16
    0.286322950E-16
    0.289495592E-16
    0.399545887E-16
    0.216676941E-16
    0.445443183E-16
    0.248598038E-16
    0.361701591E-16
    0.360983476E-16
    0.262039398E-16
    0.442632632E-16
    0.227925957E-16
    0.416765230E-16
    0.308168034E-16
    0.315458928E-16
    0.397007076E-16
    0.240674482E-16
    0.427757416E-16
    0.277854157E-16
    0.350424827E-16
    0.352555032E-16
    0.277790379E-16
    0.409267801E-16
    0.284036015E-16
    0.362137733E-16
    0.345318238E-16
    0.309060219E-16
    0.394520590E-16
    0.300816741E-16
    0.367685047E-16
    0.360881342E-16
    0.318274220E-16
    0.395477181E-16
    0.302684882E-16
    0.381982108E-16
    0.363441661E-16
    0.318982135E-16
    0.403673790E-16
    0.294711855E-16
    0.403663047E-16
    0.351047848E-16
    0.327391469E-16
    0.419798619E-16
    0.292786302E-16
    0.423932466E-16
    0.355333910E-16
    0.337779233E-16
    0.454396939E-16
    0.297766584E-16
    0.438688187E-16
    0.390582714E-16
    0.336794142E-16
    0.502440938E-16
    0.304655264E-16
    0.450975016E-16
    0.433784875E-16
    0.331056825E-16
    0.540186425E-16
    0.320746023E-16
    0.465512461E-16
    0.459804105E-16
    0.340828308E-16
    0.547252680E-16
    0.350796775E-16
    0.475404367E-16
    0.465449748E-16
    0.362661264E-16
    0.521556261E-16
    0.372419087E-16
    0.461151916E-16
    0.449127247E-16
    0.365668518E-16
    0.472820892E-16
    0.357506074E-16
    0.417331306E-16
    0.402007995E-16
    0.338501883E-16
    0.411243638E-16
    0.313802049E-16
    0.366854625E-16
    0.333783137E-16
    0.309925786E-16
    0.350716958E-16
    0.273691012E-16
    0.334618218E-16
    0.274862677E-16
    0.306542748E-16
    0.307394860E-16
    0.256651362E-16
    0.323458511E-16
    0.245805447E-16
    0.316350978E-16
    0.286859173E-16
    0.264479353E-16
    0.326556141E-16
    0.244831009E-16
    0.322737688E-16
    0.283894839E-16
    0.289991048E-16
    0.338201048E-16
    0.264216359E-16
    0.340709420E-16
    0.288419305E-16
    0.326237751E-16
    0.345500234E-16
    0.301917327E-16
    0.373493530E-16
    0.299204100E-16
    0.374149979E-16
    0.339339153E-16
    0.353794046E-16
    0.390304322E-16
    0.331587896E-16
    0.416129688E-16
    0.333912155E-16
    0.402559755E-16
    0.379819621E-16
    0.373005458E-16
    0.412266048E-16
    0.346509695E-16
    0.408258350E-16
    0.358706067E-16
    0.371718530E-16
    0.360388711E-16
    0.354853843E-16
    0.336788760E-16
    0.340348007E-16
    0.308061721E-16
    0.300482867E-16
    0.323282291E-16
    0.232634956E-16
    0.326175839E-16
    0.216698404E-16
    0.268859888E-16
    0.262103809E-16
    0.185385231E-16
    0.302083071E-16
    0.161249655E-16
    0.277714367E-16
    0.203161065E-16
    0.219629067E-16
    0.262114530E-16
    0.181750874E-16
    0.300729636E-16
    0.174680560E-16
    0.293609532E-16
    0.225278706E-16
    0.242605346E-16
    0.309912817E-16
    0.191045534E-16
    0.356819242E-16
    0.218875607E-16
    0.290632307E-16
    0.320594420E-16
    0.224919986E-16
    0.376597597E-16
    0.251605931E-16
    0.317578558E-16
    0.354572496E-16
    0.249966777E-16
    0.376243038E-16
    0.304865651E-16
    0.319003705E-16
    0.392976824E-16
    0.279267624E-16
    0.395357979E-16
    0.344169511E-16
    0.321277608E-16
    0.421636760E-16
    0.308893001E-16
    0.417103262E-16
    0.363583972E-16
    0.359092046E-16
    0.430114187E-16
    0.339308002E-16
    0.439245850E-16
    0.381338729E-16
    0.404529574E-16
    0.430607860E-16
    0.378363674E-16
    0.444699247E-16
    0.403083071E-16
    0.424100284E-16
    0.436342512E-16
    0.407167555E-16
    0.421861891E-16
    0.426352210E-16
    0.383992553E-16
    0.424822196E-16
    0.405568181E-16
    0.365277608E-16
    0.443593183E-16
    0.319114577E-16
    0.408936139E-16
    0.374163447E-16
    0.292172403E-16
    0.450916742E-16
    0.262164383E-16
    0.391526588E-16
    0.363120062E-16
    0.259715161E-16
    0.449872226E-16
    0.236709697E-16
    0.375621096E-16
    0.371248171E-16
    0.241239499E-16
    0.452303030E-16
    0.250410225E-16
    0.361926377E-16
    0.382761294E-16
    0.234378374E-16
    0.454042401E-16
    0.248238290E-16
    0.370987592E-16
    0.384700372E-16
    0.252713535E-16
    0.455700011E-16
    0.254041476E-16
    0.404272953E-16
    0.342188977E-16
    0.319032455E-16
    0.434833491E-16
    0.276837949E-16
    0.446327005E-16
    0.309541645E-16
    0.398977463E-16
    0.367950035E-16
    0.327731196E-16
    0.448278558E-16
    0.279556704E-16
    0.454356022E-16
    0.328441409E-16
    0.371673344E-16
    0.413191249E-16
    0.284194337E-16
    0.451247377E-16
    0.290717318E-16
    0.378101984E-16
    0.383939582E-16
    0.292235038E-16
    0.414996402E-16
    0.299624745E-16
    0.355298266E-16
    0.350592162E-16
    0.304845794E-16
    0.354791605E-16
    0.322502410E-16
    0.317091568E-16
    0.344047752E-16
    0.324682860E-16
    0.297507336E-16
    0.373850771E-16
    0.268189815E-16
    0.349292079E-16
    0.332212314E-16
    0.268476863E-16
    0.400470578E-16
    0.240609229E-16
    0.377407222E-16
    0.311636883E-16
    0.283469174E-16
    0.390391184E-16
    0.249482276E-16
    0.383069953E-16
    0.290351313E-16
    0.334032446E-16
    0.340826428E-16
    0.286696069E-16
    0.369487106E-16
    0.273873278E-16
    0.358211230E-16
    0.296205868E-16
    0.322736247E-16
    0.330597393E-16
    0.274120193E-16
    0.351672925E-16
    0.257378328E-16
    0.320398229E-16
    0.289869508E-16
    0.274576746E-16
    0.312888673E-16
    0.254621420E-16
    0.308968399E-16
    0.252738188E-16
    0.284760084E-16
    0.265044715E-16
    0.260255891E-16
    0.280153153E-16
    0.240479487E-16
    0.303537683E-16
    0.227698552E-16
    0.301030218E-16
    0.260381318E-16
    0.256108572E-16
    0.322097390E-16
    0.222811776E-16
    0.350862290E-16
    0.266535470E-16
    0.303227168E-16
    0.365797548E-16
    0.260571232E-16
    0.399164768E-16
    0.313093149E-16
    0.348610512E-16
    0.417471328E-16
    0.301057821E-16
    0.461242554E-16
    0.358077039E-16
    0.374756282E-16
    0.474810848E-16
    0.296943654E-16
    0.476189694E-16
    0.351230370E-16
    0.364522720E-16
    0.457304620E-16
    0.274104751E-16
    0.476448427E-16
    0.316039317E-16
    0.351608439E-16
    0.430124913E-16
    0.245274519E-16
    0.423772755E-16
    0.291033718E-16
    0.308942313E-16
    0.380690186E-16
    0.248184776E-16
    0.382999252E-16
    0.306122046E-16
    0.303958480E-16
    0.389021140E-16
    0.271313574E-16
    0.366917817E-16
    0.342914647E-16
    0.284670317E-16
    0.403254738E-16
    0.289742834E-16
    0.363709511E-16
    0.387208421E-16
    0.302362801E-16
    0.445579226E-16
    0.323670700E-16
    0.402069814E-16
    0.411663777E-16
    0.326961804E-16
    0.471696540E-16
    0.322446077E-16
    0.442159694E-16
    0.403347386E-16
    0.363166362E-16
    0.485793448E-16
    0.320110086E-16
    0.488036520E-16
    0.363857473E-16
    0.393716259E-16
    0.461947837E-16
    0.295835398E-16
    0.486147407E-16
    0.314260781E-16
    0.384119982E-16
    0.406881693E-16
    0.277205257E-16
    0.430212137E-16
    0.279192220E-16
    0.344404836E-16
    0.352635925E-16
    0.251778408E-16
    0.367238240E-16
    0.261474015E-16
    0.283192446E-16
    0.325346371E-16
    0.219293456E-16
    0.316212520E-16
    0.255423302E-16
    0.236527131E-16
    0.315665364E-16
    0.199270113E-16
    0.295691254E-16
    0.260588957E-16
    0.216107473E-16
    0.328127359E-16
    0.206761733E-16
    0.296114105E-16
    0.291774872E-16
    0.230467856E-16
    0.347986839E-16
    0.245116693E-16
    0.321036498E-16
    0.324688791E-16
    0.280774071E-16
    0.378029474E-16
    0.303454835E-16
    0.362599633E-16
    0.365229054E-16
    0.344765252E-16
    0.382032556E-16
    0.367885797E-16
    0.376761720E-16
    0.373415979E-16
    0.401104861E-16
    0.367384030E-16
    0.406561197E-16
    0.394935713E-16
    0.386191958E-16
    0.414592068E-16
    0.384993543E-16
    0.410095791E-16
    0.387137668E-16
    0.414892026E-16
    0.385251610E-16
    0.419173350E-16
    0.405966002E-16
    0.406132735E-16
    0.449533405E-16
    0.384457147E-16
    0.488959377E-16
    0.391486010E-16
    0.469150651E-16
    0.470965985E-16
    0.389589229E-16
    0.554404428E-16
    0.375707244E-16
    0.514525725E-16
    0.485564727E-16
    0.400905283E-16
    0.570198555E-16
    0.385629710E-16
    0.509426060E-16
    0.474643398E-16
    0.403186089E-16
    0.516537609E-16
    0.385505812E-16
    0.455280820E-16
    0.435513159E-16
    0.377381216E-16
    0.452690744E-16
    0.371647730E-16
    0.394935591E-16
    0.421089694E-16
    0.338109370E-16
    0.419983517E-16
    0.365730080E-16
    0.351550099E-16
    0.416249691E-16
    0.317880162E-16
    0.401224903E-16
    0.351208017E-16
    0.345147360E-16
    0.392898508E-16
    0.313864182E-16
    0.389214467E-16
    0.339459874E-16
    0.345282378E-16
    0.375776787E-16
    0.331978655E-16
    0.360605799E-16
    0.359807816E-16
    0.336289594E-16
    0.354760512E-16
    0.355964502E-16
    0.315471442E-16
    0.370710348E-16
    0.314086525E-16
    0.330352021E-16
    0.357133887E-16
    0.278254832E-16
    0.371896123E-16
    0.284788874E-16
    0.316208375E-16
    0.344398864E-16
    0.244302076E-16
    0.371954140E-16
    0.251111271E-16
    0.310497718E-16
    0.337621086E-16
    0.237160537E-16
    0.385408551E-16
    0.264667634E-16
    0.341671577E-16
    0.357026337E-16
    0.300177869E-16
    0.400830189E-16
    0.328336747E-16
    0.386661017E-16
    0.377336833E-16
    0.380578454E-16
    0.395522075E-16
    0.396128347E-16
    0.403128278E-16
    0.397738071E-16
    0.422675288E-16
    0.386926588E-16
    0.428769286E-16
    0.390871279E-16
    0.409629013E-16
    0.399278486E-16
    0.389367199E-16
    0.396746876E-16
    0.368070440E-16
    0.401847779E-16
    0.334114342E-16
    0.407031260E-16
    0.327160137E-16
    0.362849040E-16
    0.379735887E-16
    0.284466957E-16
    0.424695446E-16
    0.266521783E-16
    0.379021047E-16
    0.341070257E-16
    0.275828745E-16
    0.420233718E-16
    0.230497278E-16
    0.400962402E-16
    0.302357575E-16
    0.295194400E-16
    0.405653837E-16
    0.238237789E-16
    0.406148385E-16
    0.304219679E-16
    0.325797818E-16
    0.387047438E-16
    0.302390033E-16
    0.389106271E-16
    0.348917904E-16
    0.375192198E-16
    0.367646188E-16
    0.406181077E-16
    0.364223160E-16
    0.410983600E-16
    0.420201391E-16
    0.354423586E-16
    0.490847244E-16
    0.348224227E-16
    0.458936207E-16
    0.448896382E-16
    0.369423557E-16
    0.524774431E-16
    0.374883432E-16
    0.474416966E-16
    0.473044533E-16
    0.395154149E-16
    0.519100902E-16
    0.409384521E-16
    0.465366495E-16
    0.477388807E-16
    0.415840954E-16
    0.484129635E-16
    0.446323185E-16
    0.426989692E-16
    0.487984587E-16
    0.410994964E-16
    0.450855953E-16
    0.463783273E-16
    0.383720115E-16
    0.482539426E-16
    0.393274267E-16
    0.412535744E-16
    0.456707600E-16
    0.351539094E-16
    0.452561858E-16
    0.394555074E-16
    0.367988483E-16
    0.469602396E-16
    0.335241485E-16
    0.449489415E-16
    0.414591002E-16
    0.368169939E-16
    0.483313374E-16
    0.369273801E-16
    0.431403142E-16
    0.466318794E-16
    0.343832227E-16
    0.511978153E-16
    0.375843042E-16
    0.425666495E-16
    0.514654602E-16
    0.327911123E-16
    0.584943195E-16
    0.373539262E-16
    0.493725371E-16
    0.520191372E-16
    0.365025780E-16
    0.571369434E-16
    0.367741679E-16
    0.451283625E-16
    0.478023781E-16
    0.318358526E-16
    0.530451569E-16
    0.337127440E-16
    0.474100095E-16
    0.454079737E-16
    0.426097753E-16
    0.506127297E-16
    0.464905693E-16
    0.461103836E-16
    0.513496036E-16
    0.426086992E-16
    0.483998837E-16
    0.455887260E-16
    0.424395642E-16
    0.493566079E-16
    0.429522843E-16
    0.499268543E-16
    0.497899963E-16
    0.512670533E-16
    0.556236100E-16
    0.578168500E-16
    0.566552348E-16
    0.677502325E-16
    0.560613077E-16
    0.752750979E-16
    0.587674388E-16
    0.775737838E-16
    0.661609461E-16
    0.780039056E-16
    0.765900651E-16
    0.830496340E-16
    0.890423255E-16
    0.968783890E-16
    0.105072252E-15
    0.118302760E-15
    0.127456190E-15
    0.142543282E-15
    0.157582773E-15
    0.166189762E-15
    0.194489398E-15
    0.191060897E-15
    0.236358417E-15
    0.223667181E-15
    0.282913127E-15
    0.270749744E-15
    0.336733254E-15
    0.335130664E-15
    0.402991553E-15
    0.416204868E-15
    0.489010067E-15
    0.515166133E-15
    0.603701905E-15
    0.640858289E-15
    0.754667869E-15
    0.808909561E-15
    0.945015881E-15
    0.103082210E-14
    0.117448332E-14
    0.130537288E-14
    0.144614201E-14
    0.162858680E-14
    0.177751559E-14
    0.201905082E-14
    0.220980589E-14
    0.253297196E-14
    0.280464062E-14
    0.324612767E-14
    0.362293709E-14
    0.421353621E-14
    0.469951206E-14
    0.544902285E-14
    0.604544137E-14
    0.695981898E-14
    0.769856347E-14
    0.882313023E-14
    0.979492559E-14
    0.112419385E-13
    0.125922364E-13
    0.145173397E-13
    0.164026081E-13
    0.189455422E-13
    0.214866794E-13
    0.247433284E-13
    0.280382886E-13
    0.321201055E-13
    0.363407803E-13
    0.414945571E-13
    0.470025040E-13
    0.536899383E-13
    0.610589765E-13
    0.699204745E-13
    0.798443866E-13
    0.915990154E-13
    0.104819135E-12
    0.120263924E-12
    0.137687999E-12
    0.157906928E-12
    0.180920511E-12
    0.207621927E-12
    0.238386861E-12
    0.274162720E-12
    0.315743058E-12
    0.364167804E-12
    0.420627724E-12
    0.486426892E-12
    0.563264285E-12
    0.652948812E-12
    0.758086208E-12
    0.881220936E-12
    0.102643201E-11
    0.119729517E-11
    0.139983909E-11
    0.163919176E-11
    0.192376523E-11
    0.226106378E-11
    0.266275339E-11
    0.313992548E-11
    0.370926600E-11
    0.438734433E-11
    0.519856979E-11
    0.616791686E-11
    0.733106772E-11
    0.872547863E-11
    0.104028180E-10
    0.124184324E-10
    0.148466386E-10
    0.177684593E-10
    0.212906006E-10
    0.255318510E-10
    0.306459395E-10
    0.368077140E-10
    0.442401280E-10
    0.532003615E-10
    0.640131368E-10
    0.770552793E-10
    0.927987962E-10
    0.111793742E-09
    0.134722506E-09
    0.162384946E-09
    0.195763723E-09
    0.236016771E-09
    0.284557176E-09
    0.343054917E-09
    0.413540083E-09
    0.498415865E-09
    0.600593658E-09
    0.723525777E-09
    0.871378572E-09
    0.104909792E-08
    0.126263159E-08
    0.151903915E-08
    0.182678418E-08
    0.219590496E-08
    0.263839870E-08
    0.316848705E-08
    0.380311477E-08
    0.456235715E-08
    0.547007493E-08
    0.655450738E-08
    0.784915641E-08
    0.939361650E-08
    0.112347710E-07
    0.134279542E-07
    0.160385368E-07
    0.191435692E-07
    0.228338608E-07
    0.272162790E-07
    0.324165049E-07
    0.385821795E-07
    0.458866016E-07
    0.545329726E-07
    0.647593580E-07
    0.768443980E-07
    0.911138953E-07
    0.107948513E-06
    0.127792430E-06
    0.151163685E-06
    0.178665532E-06
    0.211000178E-06
    0.248983771E-06
    0.293564414E-06
    0.345841935E-06
    0.407091483E-06
    0.478789293E-06
    0.562643666E-06
    0.660628306E-06
    0.775022670E-06
    0.908455228E-06
    0.106395543E-05
    0.124500970E-05
    0.145562831E-05
    0.170041709E-05
    0.198466336E-05
    0.231442748E-05
    0.269665233E-05
    0.313928025E-05
    0.365139135E-05
    0.424335214E-05
    0.492699030E-05
    0.571578136E-05
    0.662506932E-05
    0.767230031E-05
    0.887729819E-05
    0.102625576E-04
    0.118535853E-04
    0.136792656E-04
    0.157722829E-04
    0.181695724E-04
    0.209128429E-04
    0.240491294E-04
    0.276314344E-04
    0.317194062E-04
    0.363801175E-04
    0.416888948E-04
    0.477302612E-04
    0.545989398E-04
    0.624009950E-04
    0.712550368E-04
    0.812935925E-04
    0.926645514E-04
    0.105532796E-03
    0.120081929E-03
    0.136516206E-03
    0.155062578E-03
    0.175972979E-03
    0.199526720E-03
    0.226033179E-03
    0.255834604E-03
    0.289309236E-03
    0.326874580E-03
    0.368991018E-03
    0.416165582E-03
    0.468956118E-03
    0.527975607E-03
    0.593896927E-03
    0.667457781E-03
    0.749466083E-03
    0.840805546E-03
    0.942441743E-03
    0.105542837E-02
    0.118091402E-02
    0.132014918E-02
    0.147449367E-02
    0.164542444E-02
    0.183454370E-02
    0.204358742E-02
    0.227443425E-02
    0.252911460E-02
    0.280982037E-02
    0.311891460E-02
    0.345894180E-02
    0.383263821E-02
    0.424294263E-02
    0.469300715E-02
    0.518620831E-02
    0.572615817E-02
    0.631671567E-02
    0.696199775E-02
    0.766639079E-02
    0.843456152E-02
    0.927146812E-02
    0.101823708E-01
    0.111728422E-01
    0.122487774E-01
    0.134164030E-01
    0.146822859E-01
    0.160533418E-01
    0.175368413E-01
    0.191404170E-01
    0.208720679E-01
    0.227401632E-01
    0.247534448E-01
    0.269210279E-01
    0.292524005E-01
    0.317574204E-01
    0.344463105E-01
    0.373296524E-01
    0.404183773E-01
    0.437237545E-01
    0.472573775E-01
    0.510311478E-01
    0.550572551E-01
    0.593481552E-01
    0.639165452E-01
    0.687753343E-01
    0.739376129E-01
    0.794166176E-01
    0.852256930E-01
    0.913782501E-01
    0.978877216E-01
    0.104767513E+00
    0.112030953E+00
    0.119691236E+00
    0.127761364E+00
    0.136254087E+00
    0.145181839E+00
    0.154556668E+00
    0.164390168E+00
    0.174693407E+00
    0.185476850E+00
    0.196750286E+00
    0.208522745E+00
    0.220802425E+00
    0.233596603E+00
    0.246911562E+00
    0.260752502E+00
    0.275123467E+00
    0.290027257E+00
    0.305465353E+00
    0.321437838E+00
    0.337943325E+00
    0.354978879E+00
    0.372539951E+00
    0.390620313E+00
    0.409211996E+00
    0.428305237E+00
    0.447888422E+00
    0.467948050E+00
    0.488468688E+00
    0.509432946E+00
    0.530821452E+00
    0.552612836E+00
    0.574783726E+00
    0.597308747E+00
    0.620160539E+00
    0.643309771E+00
    0.666725179E+00
    0.690373604E+00
    0.714220042E+00
    0.738227711E+00
    0.762358118E+00
    0.786571146E+00
    0.810825142E+00
    0.835077026E+00
    0.859282396E+00
    0.883395659E+00
    0.907370153E+00
    0.931158296E+00
    0.954711725E+00
    0.977981461E+00
    0.100091806E+01
    0.102347180E+01
    0.104559284E+01
    0.106723139E+01
    0.108833793E+01
    0.110886335E+01
    0.112875917E+01
    0.114797772E+01
    0.116647233E+01
    0.118419750E+01
    0.120110911E+01
    0.121716459E+01
    0.123232308E+01
    0.124654565E+01
    0.125979542E+01
    0.127203774E+01
    0.128324031E+01
    0.129337339E+01
    0.130240987E+01
    0.131032539E+01
    0.131709849E+01
    0.132271068E+01
    0.132714652E+01
    0.133039372E+01
    0.133244315E+01
    0.133328893E+01
    0.133292842E+01
    0.133136226E+01
    0.132859435E+01
    0.132463186E+01
    0.131948515E+01
    0.131316779E+01
    0.130569645E+01
    0.129709085E+01
    0.128737365E+01
    0.127657039E+01
    0.126470934E+01
    0.125182141E+01
    0.123793997E+01
    0.122310076E+01
    0.120734170E+01
    0.119070275E+01
    0.117322570E+01
    0.115495407E+01
    0.113593285E+01
    0.111620836E+01
    0.109582808E+01
    0.107484039E+01
    0.105329447E+01
    0.103124002E+01
    0.100872714E+01
    0.985806121E+00
    0.962527243E+00
    0.938940612E+00
    0.915095983E+00
    0.891042586E+00
    0.866828965E+00
    0.842502820E+00
    0.818110861E+00
    0.793698667E+00
    0.769310552E+00
    0.744989448E+00
    0.720776791E+00
    0.696712417E+00
    0.672834474E+00
    0.649179340E+00
    0.625781549E+00
    0.602673739E+00
    0.579886591E+00
    0.557448803E+00
    0.535387052E+00
    0.513725980E+00
    0.492488182E+00
    0.471694210E+00
    0.451362583E+00
    0.431509802E+00
    0.412150378E+00
    0.393296869E+00
    0.374959919E+00
    0.357148304E+00
    0.339868993E+00
    0.323127202E+00
    0.306926461E+00
    0.291268683E+00
    0.276154237E+00
    0.261582024E+00
    0.247549558E+00
    0.234053044E+00
    0.221087461E+00
    0.208646648E+00
    0.196723387E+00
    0.185309486E+00
    0.174395864E+00
    0.163972636E+00
    0.154029189E+00
    0.144554270E+00
    0.135536058E+00
    0.126962245E+00
    0.118820105E+00
    0.111096570E+00
    0.103778294E+00
    0.968517186E-01
    0.903031380E-01
    0.841187536E-01
    0.782847306E-01
    0.727872489E-01
    0.676125514E-01
    0.627469877E-01
    0.581770553E-01
    0.538894366E-01
    0.498710324E-01
    0.461089926E-01
    0.425907433E-01
    0.393040099E-01
    0.362368386E-01
    0.333776138E-01
    0.307150728E-01
    0.282383183E-01
    0.259368280E-01
    0.238004612E-01
    0.218194648E-01
    0.199844752E-01
    0.182865197E-01
    0.167170155E-01
    0.152677670E-01
    0.139309619E-01
    0.126991660E-01
    0.115653164E-01
    0.105227140E-01
    0.956501463E-02
    0.868622026E-02
    0.788066842E-02
    0.714302196E-02
    0.646825768E-02
    0.585165518E-02
    0.528878490E-02
    0.477549646E-02
    0.430790648E-02
    0.388238676E-02
    0.349555212E-02
    0.314424870E-02
    0.282554206E-02
    0.253670580E-02
    0.227521014E-02
    0.203871101E-02
    0.182503922E-02
    0.163219019E-02
    0.145831379E-02
    0.130170479E-02
    0.116079342E-02
    0.103413664E-02
    0.920409469E-03
    0.818396983E-03
    0.726986512E-03
    0.645160393E-03
    0.571988957E-03
    0.506624054E-03
    0.448292799E-03
    0.396291831E-03
    0.349981790E-03
    0.308782262E-03
    0.272166938E-03
    0.239659199E-03
    0.210827911E-03
    0.185283587E-03
    0.162674760E-03
    0.142684682E-03
    0.125028208E-03
    0.109448976E-03
    0.957167502E-04
    0.836250322E-04
    0.729888054E-04
    0.636425196E-04
    0.554381982E-04
    0.482437467E-04
    0.419413678E-04
    0.364261546E-04
    0.316047741E-04
    0.273943002E-04
    0.237211267E-04
    0.205200080E-04
    0.177331653E-04
    0.153095010E-04
    0.132038700E-04
    0.113764400E-04
    0.979209984E-05
    0.841994175E-05
    0.723278406E-05
    0.620675434E-05
    0.532090601E-05
    0.455688500E-05
    0.389862372E-05
    0.333207539E-05
    0.284497108E-05
    0.242660959E-05
    0.206766542E-05
    0.176002315E-05
    0.149662678E-05
    0.127134997E-05
    0.107887822E-05
    0.914607710E-06
    0.774553856E-06
    0.655272777E-06
    0.553790575E-06
    0.467542741E-06
    0.394319809E-06
    0.332220769E-06
    0.279611522E-06
    0.235089277E-06
    0.197450953E-06
    0.165666087E-06
    0.138852956E-06
    0.116258042E-06
    0.972380748E-07
    0.812445625E-07
    0.678103529E-07
    0.565380056E-07
    0.470898072E-07
    0.391790883E-07
    0.325628235E-07
    0.270351649E-07
    0.224220190E-07
    0.185762520E-07
    0.153737151E-07
    0.127097090E-07
    0.104961094E-07
    0.865875903E-08
    0.713538704E-08
    0.587370414E-08
    0.482991551E-08
    0.396732264E-08
    0.325526346E-08
    0.266809948E-08
    0.218446694E-08
    0.178653783E-08
    0.145949544E-08
    0.119100119E-08
    0.970828535E-09
    0.790476636E-09
    0.642918797E-09
    0.522323731E-09
    0.423884018E-09
    0.343616258E-09
    0.278245935E-09
    0.225063221E-09
    0.181847997E-09
    0.146766598E-09
    0.118322485E-09
    0.952809683E-10
    0.766392897E-10
    0.615713191E-10
    0.494087493E-10
    0.396003820E-10
    0.317028666E-10
    0.253498451E-10
    0.202478817E-10
    0.161536467E-10
    0.128741159E-10
    0.102484183E-10
    0.815021538E-11
    0.647363634E-11
    0.513698912E-11
    0.407088935E-11
    0.322285944E-11
    0.254762200E-11
    0.201188670E-11
    0.158601791E-11
    0.124906929E-11
    0.981753741E-12
    0.771072637E-12
    0.604334017E-12
    0.473550550E-12
    0.370367858E-12
    0.289896327E-12
    0.226487695E-12
    0.177218568E-12
    0.138311713E-12
    0.108112454E-12
    0.840988700E-13
    0.654574786E-13
    0.505693899E-13
    0.390936629E-13
    0.299610856E-13
    0.230370322E-13
    0.175966989E-13
    0.135612238E-13
    0.104138151E-13
    0.809674882E-14
    0.626519720E-14
    0.489811663E-14
    0.378353246E-14
    0.293163808E-14
    0.222750258E-14
    0.169276041E-14
    0.126359360E-14
    0.947081583E-15
    0.707290876E-15
    0.535557622E-15
    0.412459672E-15
    0.320612137E-15
    0.255552295E-15
    0.200122479E-15
    0.162119370E-15
    0.123133909E-15
    0.101163319E-15
    0.730285306E-16
    0.635995785E-16
    0.447387000E-16
    0.433209608E-16
    0.319820709E-16
    0.327559107E-16
    0.272820881E-16
    0.263517562E-16
    0.253000697E-16
    0.223201284E-16
    0.239066960E-16
    0.209039747E-16
    0.228605506E-16
    0.221585712E-16
    0.219023346E-16
    0.247369026E-16
    0.211107538E-16
    0.267577930E-16
    0.210676031E-16
    0.271161680E-16
    0.226440431E-16
    0.257856289E-16
    0.257784616E-16
    0.240598054E-16
    0.286041844E-16
    0.234572210E-16
    0.294024067E-16
    0.246076212E-16
    0.279278530E-16
    0.265601441E-16
    0.260985744E-16
    0.275696114E-16
    0.256308506E-16
    0.272685222E-16
    0.261212557E-16
    0.274048738E-16
    0.258082017E-16
    0.291787611E-16
    0.248236226E-16
    0.312106466E-16
    0.255320741E-16
    0.306538224E-16
    0.300294958E-16
    0.271940373E-16
    0.361349176E-16
    0.248576686E-16
    0.388281263E-16
    0.278891361E-16
    0.356762712E-16
    0.355085949E-16
    0.301182610E-16
    0.421642977E-16
    0.280100497E-16
    0.428018896E-16
    0.319962271E-16
    0.379095005E-16
    0.385528547E-16
    0.326321256E-16
    0.424870198E-16
    0.312589676E-16
    0.410989829E-16
    0.343846813E-16
    0.365535556E-16
    0.379944954E-16
    0.334971971E-16
    0.385194488E-16
    0.340893745E-16
    0.359082310E-16
    0.364086293E-16
    0.337723993E-16
    0.366452015E-16
    0.349440198E-16
    0.338869698E-16
    0.379986341E-16
    0.316561991E-16
    0.385063148E-16
    0.333696615E-16
    0.352468147E-16
    0.377972794E-16
    0.313671419E-16
    0.406407882E-16
    0.311136985E-16
    0.391553111E-16
    0.348911374E-16
    0.351641944E-16
    0.395220212E-16
    0.322656507E-16
    0.416958115E-16
    0.328262219E-16
    0.402258159E-16
    0.365551378E-16
    0.366099551E-16
    0.408191115E-16
    0.339625744E-16
    0.424234724E-16
    0.348562494E-16
    0.400506608E-16
    0.388496278E-16
    0.360238987E-16
    0.424269430E-16
    0.345487420E-16
    0.418099625E-16
    0.379993328E-16
    0.373055438E-16
    0.434686333E-16
    0.336972461E-16
    0.453371899E-16
    0.363193757E-16
    0.402199371E-16
    0.445659760E-16
    0.331951200E-16
    0.500973443E-16
    0.330759517E-16
    0.461690184E-16
    0.421574094E-16
    0.360203422E-16
    0.518194535E-16
    0.311752449E-16
    0.512605786E-16
    0.376079553E-16
    0.414366224E-16
    0.476756964E-16
    0.336913518E-16
    0.502572841E-16
    0.351972233E-16
    0.443135947E-16
    0.411479717E-16
    0.382827896E-16
    0.432214259E-16
    0.375903945E-16
    0.407828444E-16
    0.387396442E-16
    0.396802217E-16
    0.367768163E-16
    0.416961542E-16
    0.341044103E-16
    0.415506330E-16
    0.362138212E-16
    0.363817745E-16
    0.419885725E-16
    0.307168813E-16
    0.449432937E-16
    0.310432904E-16
    0.409125945E-16
    0.371804604E-16
    0.341015792E-16
    0.430986652E-16
    0.301334778E-16
    0.442604900E-16
    0.315851796E-16
    0.406784171E-16
    0.360852686E-16
    0.351341957E-16
    0.410467018E-16
    0.306385381E-16
    0.425482504E-16
    0.307359559E-16
    0.387489770E-16
    0.353740341E-16
    0.319070597E-16
    0.398625777E-16
    0.287763314E-16
    0.381579463E-16
    0.324791400E-16
    0.313955540E-16
    0.384044969E-16
    0.268499360E-16
    0.389400841E-16
    0.300578340E-16
    0.328780994E-16
    0.377468222E-16
    0.271117738E-16
    0.414672391E-16
    0.290865841E-16
    0.374242801E-16
    0.377225303E-16
    0.311380015E-16
    0.444763308E-16
    0.316497856E-16
    0.427541533E-16
    0.401912030E-16
    0.368306907E-16
    0.483042333E-16
    0.361333336E-16
    0.480617955E-16
    0.436483293E-16
    0.423527950E-16
    0.513073859E-16
    0.404224988E-16
    0.514693047E-16
    0.459689726E-16
    0.448541050E-16
    0.535535676E-16
    0.398330466E-16
    0.547613048E-16
    0.422617610E-16
    0.476672953E-16
    0.501752885E-16
    0.382070192E-16
    0.552462136E-16
    0.352649503E-16
    0.511037586E-16
    0.410435654E-16
    0.410245790E-16
    0.477034335E-16
    0.350835559E-16
    0.470812498E-16
    0.364791039E-16
    0.419393029E-16
    0.389849851E-16
    0.390180232E-16
    0.386610427E-16
    0.387980405E-16
    0.385813483E-16
    0.369921352E-16
    0.415453163E-16
    0.343316436E-16
    0.430489870E-16
    0.355354059E-16
    0.400256891E-16
    0.396812013E-16
    0.354595814E-16
    0.420813084E-16
    0.339267703E-16
    0.398303698E-16
    0.360074980E-16
    0.358687103E-16
    0.376432443E-16
    0.353328784E-16
    0.355014367E-16
    0.390811807E-16
    0.321504052E-16
    0.418041621E-16
    0.328122065E-16
    0.394748269E-16
    0.376697248E-16
    0.350950614E-16
    0.413407821E-16
    0.333108195E-16
    0.419685687E-16
    0.337782035E-16
    0.411138737E-16
    0.350082578E-16
    0.401513086E-16
    0.362665455E-16
    0.390047576E-16
    0.374130378E-16
    0.382829533E-16
    0.375973404E-16
    0.383282357E-16
    0.368389843E-16
    0.389769245E-16
    0.359176298E-16
    0.389999809E-16
    0.360190154E-16
    0.376862794E-16
    0.376628471E-16
    0.348208730E-16
    0.399889187E-16
    0.323475082E-16
    0.407204784E-16
    0.318851581E-16
    0.388877616E-16
    0.335392269E-16
    0.357372257E-16
    0.352338473E-16
    0.337003508E-16
    0.362313324E-16
    0.328885728E-16
    0.376640232E-16
    0.326156382E-16
    0.396122666E-16
    0.336838108E-16
    0.397841648E-16
    0.373008496E-16
    0.380324505E-16
    0.410015227E-16
    0.369864231E-16
    0.436828056E-16
    0.372794572E-16
    0.444570117E-16
    0.389288976E-16
    0.446950114E-16
