 #tdnd tdcion
    0.350275233E-16
    0.280694973E-16
    0.289606898E-16
    0.279151290E-16
    0.229248100E-16
    0.256967054E-16
    0.274309405E-16
    0.218356963E-16
    0.313949926E-16
    0.225200196E-16
    0.218925006E-16
    0.265439403E-16
    0.288246450E-16
    0.251733255E-16
    0.281316842E-16
    0.303260464E-16
    0.348830019E-16
    0.344388284E-16
    0.257254927E-16
    0.300425298E-16
    0.250144322E-16
    0.285498011E-16
    0.313953846E-16
    0.286064014E-16
    0.239176271E-16
    0.241341092E-16
    0.261385004E-16
    0.351939843E-16
    0.272392887E-16
    0.249590320E-16
    0.249175738E-16
    0.265335687E-16
    0.287090010E-16
    0.231191345E-16
    0.286030199E-16
    0.239201863E-16
    0.278991538E-16
    0.221495537E-16
    0.259573511E-16
    0.291894346E-16
    0.225338658E-16
    0.257257810E-16
    0.243025831E-16
    0.180405956E-16
    0.275534907E-16
    0.274074110E-16
    0.244885876E-16
    0.266281709E-16
    0.215838225E-16
    0.220550368E-16
    0.249428370E-16
    0.257241341E-16
    0.215384467E-16
    0.206501386E-16
    0.279770719E-16
    0.262516002E-16
    0.252314497E-16
    0.294000730E-16
    0.242330462E-16
    0.232692099E-16
    0.275899529E-16
    0.286690938E-16
    0.280780864E-16
    0.247394588E-16
    0.295634016E-16
    0.334023099E-16
    0.355210182E-16
    0.282839726E-16
    0.289773288E-16
    0.322845964E-16
    0.295432459E-16
    0.283185496E-16
    0.341154869E-16
    0.389963358E-16
    0.385309567E-16
    0.480809951E-16
    0.382638667E-16
    0.321687755E-16
    0.367893403E-16
    0.377470018E-16
    0.410086022E-16
    0.444883595E-16
    0.366881122E-16
    0.431963015E-16
    0.401554712E-16
    0.374942790E-16
    0.369025004E-16
    0.283417462E-16
    0.292036899E-16
    0.300828340E-16
    0.281014773E-16
    0.324931108E-16
    0.254577932E-16
    0.295865539E-16
    0.363481192E-16
    0.352930342E-16
    0.270115204E-16
    0.315780173E-16
    0.291729688E-16
    0.341310239E-16
    0.288841167E-16
    0.332087771E-16
    0.309086129E-16
    0.307996644E-16
    0.371986128E-16
    0.296840121E-16
    0.255159442E-16
    0.260917220E-16
    0.276661784E-16
    0.288328505E-16
    0.225151958E-16
    0.381093300E-16
    0.282650460E-16
    0.387087375E-16
    0.365428577E-16
    0.288274166E-16
    0.299395495E-16
    0.297302193E-16
    0.286055376E-16
    0.324752956E-16
    0.279077730E-16
    0.267795216E-16
    0.295177232E-16
    0.270911522E-16
    0.320268295E-16
    0.333447934E-16
    0.249965727E-16
    0.308372262E-16
    0.301071288E-16
    0.265102824E-16
    0.231615241E-16
    0.364301064E-16
    0.275315039E-16
    0.293877011E-16
    0.318742071E-16
    0.317225952E-16
    0.250631494E-16
    0.262783550E-16
    0.297127301E-16
    0.294890682E-16
    0.362570237E-16
    0.268358665E-16
    0.259782654E-16
    0.237045265E-16
    0.330337700E-16
    0.276522894E-16
    0.311991063E-16
    0.343322326E-16
    0.304574599E-16
    0.276725704E-16
    0.260245467E-16
    0.377637129E-16
    0.332205635E-16
    0.307846720E-16
    0.292518409E-16
    0.356381411E-16
    0.267868173E-16
    0.307241502E-16
    0.288832221E-16
    0.263743822E-16
    0.283488648E-16
    0.281398803E-16
    0.318756932E-16
    0.252489268E-16
    0.197503460E-16
    0.265698715E-16
    0.315755787E-16
    0.335422534E-16
    0.230459026E-16
    0.288160850E-16
    0.313606764E-16
    0.381100038E-16
    0.370186778E-16
    0.268578789E-16
    0.257787271E-16
    0.267997737E-16
    0.243548857E-16
    0.309165127E-16
    0.292604430E-16
    0.285230277E-16
    0.197294986E-16
    0.323960945E-16
    0.251971142E-16
    0.299881446E-16
    0.209871616E-16
    0.334963606E-16
    0.277800328E-16
    0.282064095E-16
    0.243138713E-16
    0.348623729E-16
    0.304246137E-16
    0.335148154E-16
    0.292834952E-16
    0.329384374E-16
    0.292927364E-16
    0.227644058E-16
    0.237549509E-16
    0.251341373E-16
    0.305936651E-16
    0.306312251E-16
    0.248720112E-16
    0.309990716E-16
    0.291406019E-16
    0.275752493E-16
    0.307681610E-16
    0.414074254E-16
    0.240397129E-16
    0.302728232E-16
    0.270449773E-16
    0.274456763E-16
    0.386964231E-16
    0.277715812E-16
    0.334777254E-16
    0.308069656E-16
    0.315446767E-16
    0.284839756E-16
    0.333560230E-16
    0.253016552E-16
    0.243377713E-16
    0.382759905E-16
    0.244573666E-16
    0.326066578E-16
    0.243083909E-16
    0.271621854E-16
    0.344960973E-16
    0.315558067E-16
    0.228611671E-16
    0.238014374E-16
    0.316769826E-16
    0.369656819E-16
    0.337169075E-16
    0.330143314E-16
    0.350371169E-16
    0.223686456E-16
    0.267982746E-16
    0.277067235E-16
    0.336576842E-16
    0.329611827E-16
    0.356656126E-16
    0.258383237E-16
    0.383353751E-16
    0.246211328E-16
    0.274014105E-16
    0.257266570E-16
    0.389596788E-16
    0.294394611E-16
    0.328486269E-16
    0.254935271E-16
    0.459874017E-16
    0.412963236E-16
    0.406189085E-16
    0.311232137E-16
    0.544864771E-16
    0.384883915E-16
    0.432836338E-16
    0.427655672E-16
    0.297931713E-16
    0.492000361E-16
    0.478803693E-16
    0.454648194E-16
    0.559800653E-16
    0.484239337E-16
    0.675611753E-16
    0.882123612E-16
    0.826863446E-16
    0.829814879E-16
    0.917174614E-16
    0.103470907E-15
    0.120123710E-15
    0.106504267E-15
    0.126355425E-15
    0.121241326E-15
    0.133173829E-15
    0.122030807E-15
    0.141453510E-15
    0.159683159E-15
    0.167258326E-15
    0.181224371E-15
    0.245363310E-15
    0.207608226E-15
    0.254329298E-15
    0.318188812E-15
    0.294992997E-15
    0.358141408E-15
    0.392363178E-15
    0.400656703E-15
    0.475912557E-15
    0.568373926E-15
    0.534523445E-15
    0.669825857E-15
    0.795040039E-15
    0.800302367E-15
    0.893244677E-15
    0.100785683E-14
    0.112131402E-14
    0.130079540E-14
    0.131232260E-14
    0.136895733E-14
    0.150350814E-14
    0.159151698E-14
    0.156988654E-14
    0.166252449E-14
    0.184372976E-14
    0.190240109E-14
    0.207356431E-14
    0.219834191E-14
    0.224308379E-14
    0.256990163E-14
    0.271656080E-14
    0.294451635E-14
    0.326647045E-14
    0.383623653E-14
    0.418848097E-14
    0.478971278E-14
    0.560685002E-14
    0.643431694E-14
    0.695061476E-14
    0.842796478E-14
    0.922567362E-14
    0.106803500E-13
    0.120460026E-13
    0.136648811E-13
    0.159146851E-13
    0.184354802E-13
    0.211542160E-13
    0.246207516E-13
    0.285765837E-13
    0.341393884E-13
    0.396320629E-13
    0.462270910E-13
    0.557199947E-13
    0.659681714E-13
    0.776424149E-13
    0.926023835E-13
    0.110128274E-12
    0.129341711E-12
    0.153291867E-12
    0.181292799E-12
    0.210867709E-12
    0.249567546E-12
    0.289932214E-12
    0.339506490E-12
    0.398094912E-12
    0.463861303E-12
    0.540369292E-12
    0.630736032E-12
    0.733720434E-12
    0.857259741E-12
    0.991362052E-12
    0.115399135E-11
    0.134317107E-11
    0.155415591E-11
    0.180127144E-11
    0.208655588E-11
    0.241140053E-11
    0.278592896E-11
    0.321930471E-11
    0.370351045E-11
    0.426579484E-11
    0.491301841E-11
    0.563620612E-11
    0.648318874E-11
    0.744420002E-11
    0.853067171E-11
    0.979073584E-11
    0.112165869E-10
    0.128501248E-10
    0.147122701E-10
    0.168185381E-10
    0.192480898E-10
    0.219928778E-10
    0.251126156E-10
    0.286707815E-10
    0.327031629E-10
    0.372865179E-10
    0.425013389E-10
    0.483961622E-10
    0.550697621E-10
    0.626854439E-10
    0.712705246E-10
    0.809949657E-10
    0.920549029E-10
    0.104511256E-09
    0.118619610E-09
    0.134629789E-09
    0.152635128E-09
    0.173076888E-09
    0.196088918E-09
    0.222112494E-09
    0.251482168E-09
    0.284571288E-09
    0.321881538E-09
    0.363930395E-09
    0.411240923E-09
    0.464596375E-09
    0.524560175E-09
    0.591973794E-09
    0.667846376E-09
    0.753206832E-09
    0.848927505E-09
    0.956611384E-09
    0.107744832E-08
    0.121289609E-08
    0.136505705E-08
    0.153549329E-08
    0.172644082E-08
    0.194052921E-08
    0.218001317E-08
    0.244823460E-08
    0.274820266E-08
    0.308367887E-08
    0.345863252E-08
    0.387755559E-08
    0.434548412E-08
    0.486804203E-08
    0.545086487E-08
    0.610120763E-08
    0.682665811E-08
    0.763510184E-08
    0.853559814E-08
    0.953911077E-08
    0.106555992E-07
    0.118982859E-07
    0.132810401E-07
    0.148175241E-07
    0.165259938E-07
    0.184238008E-07
    0.205313722E-07
    0.228712740E-07
    0.254677137E-07
    0.283477914E-07
    0.315415242E-07
    0.350810494E-07
    0.390034060E-07
    0.433469184E-07
    0.481551904E-07
    0.534768629E-07
    0.593643711E-07
    0.658729830E-07
    0.730686702E-07
    0.810191692E-07
    0.897993945E-07
    0.994956734E-07
    0.110196048E-06
    0.122000323E-06
    0.135020790E-06
    0.149372516E-06
    0.165189886E-06
    0.182613180E-06
    0.201799111E-06
    0.222918355E-06
    0.246156954E-06
    0.271717470E-06
    0.299823782E-06
    0.330713458E-06
    0.364652199E-06
    0.401929763E-06
    0.442854303E-06
    0.487766600E-06
    0.537044022E-06
    0.591080907E-06
    0.650322365E-06
    0.715248181E-06
    0.786365629E-06
    0.864250487E-06
    0.949508612E-06
    0.104280475E-05
    0.114486255E-05
    0.125645782E-05
    0.137844269E-05
    0.151173834E-05
    0.165733312E-05
    0.181631277E-05
    0.198984394E-05
    0.217918163E-05
    0.238570362E-05
    0.261088978E-05
    0.285631973E-05
    0.312374239E-05
    0.341501048E-05
    0.373213177E-05
    0.407729896E-05
    0.445283921E-05
    0.486127689E-05
    0.530535887E-05
    0.578799741E-05
    0.631237760E-05
    0.688188717E-05
    0.750019743E-05
    0.817126608E-05
    0.889932227E-05
    0.968891927E-05
    0.105449828E-04
    0.114727536E-04
    0.124778763E-04
    0.135664598E-04
    0.147449748E-04
    0.160204077E-04
    0.174002701E-04
    0.188925342E-04
    0.205058261E-04
    0.222493538E-04
    0.241329193E-04
    0.261670934E-04
    0.283631359E-04
    0.307330858E-04
    0.332898230E-04
    0.360470699E-04
    0.390195410E-04
    0.422229040E-04
    0.456738247E-04
    0.493901697E-04
    0.533909593E-04
    0.576963692E-04
    0.623280070E-04
    0.673088861E-04
    0.726633335E-04
    0.784174512E-04
    0.845987937E-04
    0.912367921E-04
    0.983626690E-04
    0.106009570E-03
    0.114212648E-03
    0.123009289E-03
    0.132439099E-03
    0.142544087E-03
    0.153368720E-03
    0.164960171E-03
    0.177368391E-03
    0.190646164E-03
    0.204849412E-03
    0.220037325E-03
    0.236272375E-03
    0.253620468E-03
    0.272151547E-03
    0.291939124E-03
    0.313060909E-03
    0.335598807E-03
    0.359639239E-03
    0.385273314E-03
    0.412596861E-03
    0.441710952E-03
    0.472721725E-03
    0.505741075E-03
    0.540886638E-03
    0.578281831E-03
    0.618056545E-03
    0.660347038E-03
    0.705296387E-03
    0.753054674E-03
    0.803779364E-03
    0.857635426E-03
    0.914795638E-03
    0.975440925E-03
    0.103976098E-02
    0.110795390E-02
    0.118022693E-02
    0.125679658E-02
    0.133788963E-02
    0.142374197E-02
    0.151460060E-02
    0.161072296E-02
    0.171237696E-02
    0.181984288E-02
    0.193341187E-02
    0.205338726E-02
    0.218008500E-02
    0.231383339E-02
    0.245497402E-02
    0.260386184E-02
    0.276086522E-02
    0.292636694E-02
    0.310076394E-02
    0.328446791E-02
    0.347790589E-02
    0.368152012E-02
    0.389576776E-02
    0.412112342E-02
    0.435807671E-02
    0.460713411E-02
    0.486881995E-02
    0.514367415E-02
    0.543225456E-02
    0.573513765E-02
    0.605291604E-02
    0.638620174E-02
    0.673562427E-02
    0.710183192E-02
    0.748549138E-02
    0.788728837E-02
    0.830792669E-02
    0.874813024E-02
    0.920864076E-02
    0.969021904E-02
    0.101936464E-01
    0.107197210E-01
    0.112692613E-01
    0.118431043E-01
    0.124421053E-01
    0.130671393E-01
    0.137190993E-01
    0.143988951E-01
    0.151074561E-01
    0.158457288E-01
    0.166146766E-01
    0.174152799E-01
    0.182485360E-01
    0.191154568E-01
    0.200170713E-01
    0.209544227E-01
    0.219285679E-01
    0.229405787E-01
    0.239915372E-01
    0.250825396E-01
    0.262146942E-01
    0.273891168E-01
    0.286069351E-01
    0.298692827E-01
    0.311773041E-01
    0.325321464E-01
    0.339349647E-01
    0.353869160E-01
    0.368891606E-01
    0.384428615E-01
    0.400491799E-01
    0.417092766E-01
    0.434243090E-01
    0.451954294E-01
    0.470237861E-01
    0.489105180E-01
    0.508567551E-01
    0.528636167E-01
    0.549322080E-01
    0.570636216E-01
    0.592589324E-01
    0.615191976E-01
    0.638454506E-01
    0.662387084E-01
    0.686999585E-01
    0.712301631E-01
    0.738302597E-01
    0.765011489E-01
    0.792437014E-01
    0.820587556E-01
    0.849471072E-01
    0.879095174E-01
    0.909467027E-01
    0.940593372E-01
    0.972480479E-01
    0.100513416E+00
    0.103855969E+00
    0.107276184E+00
    0.110774483E+00
    0.114351227E+00
    0.118006725E+00
    0.121741216E+00
    0.125554884E+00
    0.129447841E+00
    0.133420133E+00
    0.137471738E+00
    0.141602563E+00
    0.145812436E+00
    0.150101115E+00
    0.154468278E+00
    0.158913526E+00
    0.163436379E+00
    0.168036274E+00
    0.172712563E+00
    0.177464517E+00
    0.182291318E+00
    0.187192059E+00
    0.192165751E+00
    0.197211304E+00
    0.202327548E+00
    0.207513219E+00
    0.212766958E+00
    0.218087315E+00
    0.223472744E+00
    0.228921614E+00
    0.234432190E+00
    0.240002655E+00
    0.245631086E+00
    0.251315476E+00
    0.257053724E+00
    0.262843631E+00
    0.268682914E+00
    0.274569192E+00
    0.280499999E+00
    0.286472779E+00
    0.292484889E+00
    0.298533599E+00
    0.304616095E+00
    0.310729478E+00
    0.316870774E+00
    0.323036925E+00
    0.329224798E+00
    0.335431180E+00
    0.341652800E+00
    0.347886304E+00
    0.354128275E+00
    0.360375241E+00
    0.366623659E+00
    0.372869929E+00
    0.379110405E+00
    0.385341382E+00
    0.391559114E+00
    0.397759811E+00
    0.403939639E+00
    0.410094732E+00
    0.416221194E+00
    0.422315097E+00
    0.428372497E+00
    0.434389423E+00
    0.440361892E+00
    0.446285919E+00
    0.452157505E+00
    0.457972658E+00
    0.463727380E+00
    0.469417689E+00
    0.475039616E+00
    0.480589219E+00
    0.486062562E+00
    0.491455754E+00
    0.496764930E+00
    0.501986266E+00
    0.507115981E+00
    0.512150348E+00
    0.517085680E+00
    0.521918368E+00
    0.526644855E+00
    0.531261655E+00
    0.535765361E+00
    0.540152634E+00
    0.544420231E+00
    0.548564990E+00
    0.552583846E+00
    0.556473827E+00
    0.560232068E+00
    0.563855810E+00
    0.567342402E+00
    0.570689316E+00
    0.573894137E+00
    0.576954573E+00
    0.579868465E+00
    0.582633779E+00
    0.585248619E+00
    0.587711229E+00
    0.590019992E+00
    0.592173434E+00
    0.594170232E+00
    0.596009211E+00
    0.597689350E+00
    0.599209778E+00
    0.600569788E+00
    0.601768827E+00
    0.602806504E+00
    0.603682591E+00
    0.604397025E+00
    0.604949898E+00
    0.605341471E+00
    0.605572179E+00
    0.605642611E+00
    0.605553526E+00
    0.605305848E+00
    0.604900666E+00
    0.604339227E+00
    0.603622954E+00
    0.602753412E+00
    0.601732338E+00
    0.600561628E+00
    0.599243326E+00
    0.597779638E+00
    0.596172910E+00
    0.594425641E+00
    0.592540475E+00
    0.590520195E+00
    0.588367724E+00
    0.586086114E+00
    0.583678548E+00
    0.581148334E+00
    0.578498903E+00
    0.575733797E+00
    0.572856669E+00
    0.569871280E+00
    0.566781489E+00
    0.563591249E+00
    0.560304602E+00
    0.556925672E+00
    0.553458663E+00
    0.549907846E+00
    0.546277556E+00
    0.542572192E+00
    0.538796193E+00
    0.534954055E+00
    0.531050303E+00
    0.527089500E+00
    0.523076226E+00
    0.519015091E+00
    0.514910704E+00
    0.510767680E+00
    0.506590633E+00
    0.502384172E+00
    0.498152880E+00
    0.493901323E+00
    0.489634033E+00
    0.485355501E+00
    0.481070185E+00
    0.476782480E+00
    0.472496724E+00
    0.468217198E+00
    0.463948104E+00
    0.459693572E+00
    0.455457645E+00
    0.451244274E+00
    0.447057313E+00
    0.442900515E+00
    0.438777522E+00
    0.434691865E+00
    0.430646949E+00
    0.426646052E+00
    0.422692329E+00
    0.418788787E+00
    0.414938295E+00
    0.411143575E+00
    0.407407196E+00
    0.403731569E+00
    0.400118947E+00
    0.396571409E+00
    0.393090874E+00
    0.389679084E+00
    0.386337598E+00
    0.383067807E+00
    0.379870904E+00
    0.376747906E+00
    0.373699637E+00
    0.370726731E+00
    0.367829628E+00
    0.365008577E+00
    0.362263628E+00
    0.359594637E+00
    0.357001260E+00
    0.354482961E+00
    0.352039003E+00
    0.349668457E+00
    0.347370201E+00
    0.345142914E+00
    0.342985089E+00
    0.340895033E+00
    0.338870863E+00
    0.336910519E+00
    0.335011761E+00
    0.333172182E+00
    0.331389203E+00
    0.329660085E+00
    0.327981933E+00
    0.326351703E+00
    0.324766209E+00
    0.323222135E+00
    0.321716037E+00
    0.320244351E+00
    0.318803410E+00
    0.317389447E+00
    0.315998606E+00
    0.314626954E+00
    0.313270492E+00
    0.311925163E+00
    0.310586871E+00
    0.309251482E+00
    0.307914846E+00
    0.306572803E+00
    0.305221199E+00
    0.303855899E+00
    0.302472795E+00
    0.301067825E+00
    0.299636983E+00
    0.298176331E+00
    0.296682013E+00
    0.295150267E+00
    0.293577440E+00
    0.291959994E+00
    0.290294528E+00
    0.288577775E+00
    0.286806631E+00
    0.284978148E+00
    0.283089560E+00
    0.281138280E+00
    0.279121917E+00
    0.277038283E+00
    0.274885396E+00
    0.272661496E+00
    0.270365042E+00
    0.267994727E+00
    0.265549472E+00
    0.263028442E+00
    0.260431040E+00
    0.257756914E+00
    0.255005954E+00
    0.252178301E+00
    0.249274338E+00
    0.246294692E+00
    0.243240235E+00
    0.240112075E+00
    0.236911559E+00
    0.233640261E+00
    0.230299985E+00
    0.226892749E+00
    0.223420790E+00
    0.219886543E+00
    0.216292642E+00
    0.212641909E+00
    0.208937342E+00
    0.205182105E+00
    0.201379519E+00
    0.197533050E+00
    0.193646296E+00
    0.189722976E+00
    0.185766918E+00
    0.181782044E+00
    0.177772359E+00
    0.173741939E+00
    0.169694914E+00
    0.165635456E+00
    0.161567770E+00
    0.157496072E+00
    0.153424586E+00
    0.149357524E+00
    0.145299075E+00
    0.141253393E+00
    0.137224584E+00
    0.133216698E+00
    0.129233709E+00
    0.125279515E+00
    0.121357916E+00
    0.117472617E+00
    0.113627206E+00
    0.109825151E+00
    0.106069795E+00
    0.102364338E+00
    0.987118447E-01
    0.951152233E-01
    0.915772293E-01
    0.881004574E-01
    0.846873357E-01
    0.813401262E-01
    0.780609171E-01
    0.748516220E-01
    0.717139809E-01
    0.686495548E-01
    0.656597293E-01
    0.627457111E-01
    0.599085329E-01
    0.571490501E-01
    0.544679483E-01
    0.518657418E-01
    0.493427776E-01
    0.468992402E-01
    0.445351546E-01
    0.422503911E-01
    0.400446709E-01
    0.379175692E-01
    0.358685246E-01
    0.338968412E-01
    0.320016976E-01
    0.301821526E-01
    0.284371497E-01
    0.267655286E-01
    0.251660277E-01
    0.236372942E-01
    0.221778892E-01
    0.207862971E-01
    0.194609308E-01
    0.182001403E-01
    0.170022196E-01
    0.158654133E-01
    0.147879241E-01
    0.137679200E-01
    0.128035402E-01
    0.118929024E-01
    0.110341086E-01
    0.102252516E-01
    0.946442106E-02
    0.874970888E-02
    0.807921475E-02
    0.745105106E-02
    0.686334802E-02
    0.631425840E-02
    0.580196095E-02
    0.532466554E-02
    0.488061577E-02
    0.446809296E-02
    0.408541870E-02
    0.373095802E-02
    0.340312138E-02
    0.310036677E-02
    0.282120213E-02
    0.256418590E-02
    0.232792913E-02
    0.211109571E-02
    0.191240362E-02
    0.173062489E-02
    0.156458621E-02
    0.141316855E-02
    0.127530710E-02
    0.114999080E-02
    0.103626152E-02
    0.933213561E-03
    0.839992310E-03
    0.755793473E-03
    0.679861427E-03
    0.611488315E-03
    0.550012140E-03
    0.494815540E-03
    0.445323804E-03
    0.401003654E-03
    0.361361079E-03
    0.325939714E-03
    0.294319154E-03
    0.266112915E-03
    0.240966841E-03
    0.218557129E-03
    0.198588676E-03
    0.180793189E-03
    0.164927554E-03
    0.150772086E-03
    0.138128905E-03
    0.126820365E-03
    0.116687424E-03
    0.107588297E-03
    0.993969419E-04
    0.920017309E-04
    0.853042030E-04
    0.792177711E-04
    0.736666863E-04
    0.685848605E-04
    0.639149356E-04
    0.596072692E-04
    0.556191575E-04
    0.519139778E-04
    0.484604527E-04
    0.452319846E-04
    0.422060622E-04
    0.393636318E-04
    0.366886948E-04
    0.341677907E-04
    0.317895749E-04
    0.295445565E-04
    0.274246712E-04
    0.254231108E-04
    0.235339886E-04
    0.217522147E-04
    0.200732782E-04
    0.184931362E-04
    0.170080434E-04
    0.156145091E-04
    0.143091892E-04
    0.130888088E-04
    0.119501669E-04
    0.108900547E-04
    0.990524797E-05
    0.899252596E-05
    0.814861547E-05
    0.737022792E-05
    0.665406383E-05
    0.599678617E-05
    0.539509516E-05
    0.484569303E-05
    0.434531361E-05
    0.389074448E-05
    0.347884132E-05
    0.310652331E-05
    0.277082655E-05
    0.246887315E-05
    0.219791272E-05
    0.195531546E-05
    0.173858558E-05
    0.154536825E-05
    0.137344310E-05
    0.122074302E-05
    0.108534086E-05
    0.965457090E-06
    0.859447951E-06
    0.765817371E-06
    0.683186410E-06
    0.610325793E-06
    0.546112489E-06
    0.489546200E-06
    0.439729431E-06
    0.395872495E-06
    0.357271051E-06
    0.323308308E-06
    0.293446932E-06
    0.267216570E-06
    0.244211486E-06
    0.224077031E-06
    0.206514598E-06
    0.191259723E-06
    0.178089305E-06
    0.166811082E-06
    0.157257039E-06
    0.149281063E-06
    0.142757555E-06
    0.137570779E-06
    0.133619159E-06
    0.130811161E-06
    0.129057057E-06
    0.128276011E-06
    0.128387803E-06
    0.129316261E-06
    0.130984271E-06
    0.133317417E-06
    0.136240528E-06
    0.139678640E-06
    0.143557141E-06
    0.147800466E-06
    0.152336548E-06
    0.157089415E-06
    0.161989374E-06
    0.166964405E-06
    0.171946198E-06
    0.176867826E-06
    0.181667427E-06
    0.186282351E-06
    0.190659045E-06
    0.194743391E-06
    0.198486864E-06
    0.201845533E-06
    0.204780388E-06
    0.207257258E-06
    0.209246319E-06
    0.210723843E-06
    0.211669397E-06
    0.212069706E-06
    0.211913624E-06
    0.211197328E-06
    0.209920777E-06
    0.208087220E-06
    0.205707369E-06
    0.202791597E-06
    0.199356817E-06
    0.195423562E-06
    0.191014803E-06
    0.186156532E-06
    0.180879493E-06
    0.175213003E-06
    0.169191992E-06
    0.162851434E-06
    0.156229598E-06
    0.149365051E-06
    0.142297691E-06
    0.135068424E-06
    0.127718466E-06
    0.120290594E-06
    0.112825458E-06
    0.105367272E-06
    0.979562354E-07
    0.906352262E-07
    0.834446093E-07
    0.764241010E-07
    0.696133603E-07
    0.630511853E-07
    0.567732370E-07
    0.508162723E-07
    0.452133979E-07
    0.399968421E-07
    0.351973228E-07
    0.308435996E-07
    0.269623290E-07
    0.235777388E-07
    0.207125359E-07
    0.183866717E-07
    0.166180697E-07
    0.154218038E-07
    0.148114996E-07
    0.147974665E-07
    0.153872262E-07
    0.165875674E-07
    0.184007857E-07
    0.208275351E-07
    0.238662240E-07
    0.275124033E-07
    0.317585181E-07
    0.365968812E-07
    0.420142717E-07
    0.479979553E-07
    0.545312602E-07
    0.615963469E-07
    0.691719580E-07
    0.772371628E-07
    0.857676214E-07
    0.947373364E-07
    0.104118223E-06
    0.113882351E-06
    0.123999458E-06
    0.134436796E-06
    0.145162978E-06
    0.156144669E-06
    0.167347067E-06
    0.178734589E-06
    0.190273211E-06
    0.201925155E-06
    0.213656557E-06
    0.225430202E-06
    0.237210481E-06
    0.248961746E-06
    0.260648311E-06
    0.272235210E-06
    0.283689203E-06
    0.294977001E-06
    0.306065894E-06
    0.316923533E-06
    0.327519848E-06
    0.337827083E-06
    0.347815922E-06
    0.357460609E-06
    0.366737244E-06
    0.375622218E-06
    0.384092885E-06
    0.392129712E-06
    0.399714726E-06
    0.406830697E-06
    0.413464573E-06
    0.419601569E-06
    0.425232098E-06
    0.430345617E-06
    0.434934544E-06
    0.438994646E-06
    0.442521353E-06
    0.445512317E-06
    0.447966892E-06
    0.449885574E-06
    0.451272820E-06
    0.452132501E-06
    0.452469642E-06
    0.452292469E-06
    0.451609722E-06
    0.450430910E-06
    0.448766529E-06
    0.446630415E-06
    0.444034738E-06
    0.440995246E-06
    0.437526604E-06
    0.433644993E-06
    0.429367558E-06
    0.424710831E-06
    0.419693996E-06
    0.414336522E-06
    0.408655183E-06
    0.402670991E-06
    0.396402602E-06
    0.389870215E-06
    0.383094499E-06
    0.376094282E-06
    0.368889419E-06
    0.361500434E-06
    0.353946292E-06
    0.346246135E-06
    0.338418981E-06
    0.330484200E-06
    0.322459256E-06
    0.314363050E-06
    0.306211762E-06
    0.298022762E-06
    0.289812105E-06
    0.281594859E-06
    0.273388006E-06
    0.265204213E-06
    0.257057247E-06
    0.248961364E-06
    0.240927714E-06
    0.232968946E-06
    0.225095661E-06
    0.217317663E-06
    0.209645088E-06
    0.202086956E-06
    0.194651072E-06
    0.187344860E-06
    0.180175496E-06
    0.173148837E-06
    0.166270613E-06
    0.159545798E-06
    0.152977737E-06
    0.146571125E-06
    0.140328273E-06
    0.134252092E-06
    0.128345138E-06
    0.122607284E-06
    0.117040909E-06
    0.111646058E-06
    0.106422401E-06
    0.101370103E-06
    0.964881017E-07
    0.917752836E-07
    0.872306915E-07
    0.828519239E-07
    0.786371665E-07
    0.745838682E-07
    0.706898323E-07
    0.669518297E-07
    0.633674793E-07
    0.599327667E-07
    0.566447317E-07
    0.535002177E-07
    0.504948974E-07
    0.476258401E-07
    0.448887163E-07
    0.422796093E-07
    0.397951895E-07
    0.374309383E-07
    0.351830757E-07
    0.330477958E-07
    0.310210110E-07
    0.290989019E-07
    0.272773864E-07
    0.255525379E-07
    0.239205997E-07
    0.223778027E-07
    0.209205047E-07
    0.195450021E-07
    0.182478215E-07
    0.170250235E-07
    0.158738951E-07
    0.147906145E-07
    0.137720403E-07
    0.128152049E-07
    0.119168447E-07
    0.110741313E-07
    0.102842872E-07
    0.954432021E-08
    0.885177820E-08
    0.820415376E-08
    0.759889906E-08
    0.703365969E-08
    0.650608338E-08
    0.601420774E-08
    0.555582121E-08
    0.512910493E-08
    0.473202812E-08
    0.436288734E-08
    0.401980162E-08
    0.370130983E-08
    0.340588000E-08
    0.313189305E-08
    0.287809203E-08
    0.264315942E-08
    0.242580409E-08
    0.222486714E-08
    0.203925712E-08
    0.186785278E-08
    0.170978529E-08
    0.156407771E-08
    0.142982169E-08
    0.130618475E-08
    0.119248084E-08
    0.108796027E-08
    0.991928047E-09
    0.903801547E-09
    0.822922797E-09
    0.748781233E-09
    0.680848787E-09
    0.618703458E-09
    0.561820074E-09
    0.509825853E-09
    0.462319738E-09
    0.418983518E-09
    0.379407135E-09
    0.343350597E-09
    0.310493988E-09
    0.280583804E-09
    0.253396765E-09
    0.228675972E-09
    0.206208563E-09
    0.185822250E-09
    0.167348316E-09
    0.150586982E-09
    0.135412854E-09
    0.121677895E-09
    0.109244916E-09
    0.980155146E-10
    0.878859720E-10
    0.787306792E-10
    0.704833867E-10
    0.630458000E-10
    0.563580040E-10
    0.503404458E-10
    0.449206216E-10
    0.400607655E-10
    0.356936367E-10
    0.317772278E-10
    0.282679118E-10
    0.251208050E-10
    0.223043470E-10
    0.197898999E-10
    0.175403164E-10
    0.155296284E-10
    0.137398410E-10
    0.121431207E-10
    0.107190149E-10
    0.945824783E-11
    0.833068900E-11
    0.732854493E-11
    0.644230449E-11
    0.565315443E-11
    0.495847802E-11
    0.433982340E-11
    0.379367781E-11
    0.331316523E-11
    0.288869637E-11
    0.251444892E-11
    0.218610700E-11
    0.189664732E-11
    0.164327750E-11
    0.142049858E-11
    0.122556111E-11
    0.105520349E-11
    0.907453830E-12
    0.777916157E-12
    0.665804470E-12
    0.569047153E-12
    0.483351066E-12
    0.411512955E-12
    0.348490745E-12
    0.294679917E-12
    0.248237679E-12
    0.208136610E-12
    0.173882733E-12
    0.145284458E-12
    0.120256518E-12
    0.994521718E-13
    0.817834196E-13
    0.668541664E-13
    0.542924849E-13
    0.438171814E-13
    0.352169805E-13
    0.279656299E-13
    0.220813700E-13
    0.170544345E-13
    0.131239855E-13
    0.980218090E-14
    0.721312161E-14
    0.523162199E-14
    0.360138406E-14
    0.239648543E-14
    0.150295679E-14
    0.861184030E-15
    0.479675743E-15
    0.255181229E-15
    0.175806623E-15
    0.222521169E-15
    0.365986484E-15
    0.590097242E-15
    0.892232721E-15
    0.121278304E-14
    0.158697203E-14
    0.201764929E-14
    0.240272763E-14
    0.286072679E-14
    0.326382801E-14
    0.366680613E-14
    0.408804762E-14
    0.455230777E-14
    0.492883006E-14
    0.532505448E-14
    0.561636010E-14
    0.598309377E-14
    0.625288207E-14
    0.658002292E-14
    0.673779616E-14
    0.696190687E-14
    0.711426048E-14
    0.725080150E-14
    0.733204050E-14
    0.742680525E-14
    0.750727524E-14
    0.752206237E-14
    0.742327589E-14
    0.745665207E-14
    0.732753061E-14
    0.721654127E-14
    0.722234813E-14
    0.696869402E-14
    0.681776056E-14
    0.662430889E-14
    0.641762841E-14
    0.629090242E-14
    0.611173431E-14
    0.577695224E-14
    0.559511501E-14
    0.533408713E-14
    0.514215423E-14
    0.491666700E-14
    0.467251322E-14
    0.439964500E-14
    0.414140131E-14
    0.392900107E-14
    0.368390259E-14
    0.352851353E-14
    0.324937603E-14
    0.306412203E-14
    0.285364338E-14
    0.265478911E-14
    0.249540118E-14
    0.230581514E-14
    0.213404350E-14
    0.198864908E-14
    0.179045181E-14
    0.166523993E-14
    0.152500757E-14
    0.140065548E-14
    0.132399927E-14
    0.118781023E-14
    0.109447446E-14
    0.974220868E-15
    0.896092183E-15
    0.826256668E-15
    0.739550317E-15
    0.678794643E-15
    0.602694041E-15
    0.522218695E-15
    0.504794736E-15
    0.446801061E-15
    0.411345727E-15
    0.365330553E-15
    0.316260792E-15
    0.285294842E-15
    0.287184648E-15
    0.238566226E-15
    0.203170902E-15
    0.179856600E-15
    0.164722532E-15
    0.156497924E-15
    0.145792286E-15
    0.128956345E-15
    0.110672530E-15
    0.100174891E-15
    0.909472095E-16
    0.821007411E-16
    0.784396340E-16
    0.664159250E-16
    0.640960469E-16
    0.487571935E-16
    0.506167999E-16
    0.548239246E-16
    0.500600365E-16
    0.462583057E-16
    0.351652380E-16
    0.402869032E-16
    0.368859682E-16
    0.318475963E-16
    0.326515857E-16
    0.386518836E-16
    0.321979727E-16
    0.282294499E-16
    0.239810255E-16
    0.295572660E-16
    0.322557888E-16
    0.282638280E-16
    0.239037070E-16
    0.197317137E-16
    0.276619044E-16
    0.273131636E-16
    0.223907022E-16
    0.228555746E-16
    0.230635355E-16
    0.306011894E-16
    0.287435415E-16
    0.196606470E-16
    0.242928441E-16
    0.209940504E-16
    0.227893169E-16
    0.291965162E-16
    0.284262943E-16
    0.332237314E-16
    0.194288317E-16
    0.205477814E-16
    0.208272538E-16
    0.297715677E-16
    0.214624738E-16
    0.233686652E-16
    0.199943623E-16
    0.255466428E-16
    0.242394683E-16
    0.241245824E-16
    0.229610036E-16
    0.242315334E-16
    0.301428751E-16
    0.223419488E-16
    0.214002234E-16
    0.224957771E-16
    0.252955862E-16
    0.207999470E-16
    0.301669645E-16
    0.229182923E-16
    0.242974689E-16
    0.262467236E-16
    0.261569868E-16
    0.172898533E-16
    0.190577367E-16
    0.265061305E-16
    0.262227545E-16
    0.185283890E-16
    0.239255574E-16
    0.224121201E-16
    0.329862120E-16
    0.241232708E-16
    0.249922056E-16
    0.243925687E-16
    0.209394619E-16
    0.235088620E-16
    0.263214863E-16
    0.273472410E-16
    0.346005185E-16
    0.191501525E-16
    0.211554163E-16
    0.196418197E-16
    0.319547347E-16
    0.229081120E-16
    0.185710396E-16
    0.166282700E-16
    0.300309989E-16
    0.239378789E-16
    0.206612727E-16
    0.225389656E-16
    0.219896402E-16
    0.372389866E-16
    0.230511502E-16
    0.194400464E-16
    0.221247341E-16
    0.245742739E-16
    0.218766176E-16
    0.339783755E-16
    0.250994192E-16
    0.253242138E-16
    0.266358663E-16
    0.201985030E-16
    0.172132111E-16
    0.256087970E-16
    0.230214954E-16
    0.221551412E-16
    0.208150693E-16
    0.282717347E-16
    0.223558223E-16
    0.290814088E-16
    0.199446884E-16
    0.295384792E-16
    0.278406580E-16
    0.183958891E-16
    0.251472535E-16
    0.244886737E-16
    0.239112378E-16
    0.325999490E-16
    0.266022119E-16
    0.247881763E-16
    0.188572601E-16
    0.334003441E-16
    0.244612874E-16
    0.177006928E-16
    0.172682841E-16
    0.258531638E-16
    0.247949445E-16
    0.187968621E-16
    0.211991021E-16
    0.218973670E-16
    0.379859847E-16
    0.200191070E-16
    0.255125541E-16
    0.214061057E-16
    0.207579496E-16
    0.262854439E-16
    0.280391600E-16
    0.278245833E-16
    0.280377487E-16
    0.257700035E-16
    0.185892797E-16
    0.237583996E-16
    0.261260427E-16
    0.253651080E-16
    0.210276647E-16
    0.233675646E-16
    0.293590608E-16
    0.218346460E-16
    0.198999283E-16
    0.199361729E-16
    0.303988437E-16
    0.300975177E-16
    0.210365963E-16
    0.238193108E-16
    0.199323128E-16
    0.241809039E-16
    0.289142501E-16
    0.273450895E-16
    0.309264753E-16
    0.201228399E-16
    0.287849280E-16
    0.237048885E-16
    0.177602388E-16
    0.251911575E-16
    0.242945834E-16
    0.235339713E-16
    0.233012573E-16
    0.227301727E-16
    0.252462452E-16
    0.306780569E-16
    0.209655959E-16
    0.300097034E-16
    0.234587405E-16
    0.185729582E-16
    0.299148267E-16
    0.231740410E-16
    0.274143905E-16
    0.338982434E-16
    0.261887220E-16
    0.191451446E-16
    0.306442223E-16
    0.217037335E-16
    0.246008718E-16
    0.193172694E-16
    0.267784189E-16
    0.248003665E-16
    0.225752539E-16
    0.200015672E-16
    0.208467952E-16
    0.319341906E-16
    0.239235439E-16
    0.272960370E-16
    0.230187100E-16
    0.188051124E-16
    0.246772723E-16
    0.331349787E-16
    0.232456734E-16
    0.315538329E-16
    0.273460108E-16
    0.227947146E-16
    0.249576355E-16
    0.213352057E-16
    0.295500579E-16
    0.274976400E-16
    0.220579882E-16
    0.294542193E-16
    0.228017724E-16
    0.263130901E-16
    0.214206876E-16
    0.252397965E-16
    0.307280839E-16
    0.212288343E-16
    0.226358350E-16
    0.258643110E-16
    0.229270607E-16
    0.290026171E-16
    0.328863066E-16
    0.237196006E-16
    0.214941166E-16
    0.328206665E-16
    0.229657271E-16
    0.200877065E-16
    0.185359400E-16
    0.303788127E-16
    0.268184849E-16
    0.246339662E-16
    0.248430737E-16
    0.242121682E-16
    0.313296988E-16
    0.212416666E-16
    0.291723504E-16
    0.249246105E-16
    0.217768993E-16
    0.276357073E-16
    0.265538277E-16
    0.274440466E-16
    0.286717950E-16
    0.290711922E-16
    0.212781788E-16
    0.289345732E-16
    0.218428690E-16
    0.317381306E-16
    0.227932434E-16
    0.267351827E-16
    0.252229215E-16
    0.223586646E-16
    0.240613438E-16
    0.195295123E-16
    0.309281137E-16
    0.266148811E-16
    0.262053576E-16
    0.244510484E-16
    0.227472495E-16
    0.234113311E-16
    0.370918503E-16
    0.223352707E-16
    0.251994031E-16
    0.324028406E-16
    0.305826142E-16
    0.284739605E-16
    0.199806617E-16
    0.247057469E-16
    0.307561774E-16
    0.232229874E-16
    0.298193470E-16
    0.211665290E-16
    0.292939834E-16
    0.222694214E-16
    0.256197105E-16
    0.317631910E-16
    0.219168823E-16
    0.234094431E-16
    0.266161513E-16
    0.249417007E-16
    0.319691736E-16
    0.292807582E-16
    0.245926343E-16
    0.272419458E-16
    0.341418945E-16
    0.277578171E-16
    0.237606269E-16
    0.213608847E-16
    0.331628299E-16
    0.259710013E-16
    0.270893765E-16
    0.217764978E-16
    0.281678382E-16
    0.277354958E-16
    0.280093227E-16
    0.271380114E-16
    0.231117749E-16
    0.239786737E-16
    0.271976546E-16
    0.280471082E-16
    0.295988217E-16
    0.338856155E-16
    0.302093349E-16
    0.255943784E-16
    0.311959612E-16
    0.203066942E-16
    0.340242857E-16
    0.233486930E-16
    0.280736379E-16
    0.229402270E-16
    0.288998059E-16
    0.275759611E-16
    0.247896547E-16
    0.331739277E-16
    0.265424154E-16
    0.255883234E-16
    0.289421150E-16
    0.267002000E-16
    0.280821314E-16
    0.325063163E-16
    0.278599159E-16
    0.262450018E-16
    0.345434892E-16
    0.286671462E-16
    0.269819083E-16
    0.190669544E-16
    0.331067501E-16
    0.287372702E-16
    0.271100257E-16
    0.234884603E-16
    0.267369531E-16
    0.271733391E-16
    0.235675699E-16
    0.262536316E-16
    0.282925153E-16
    0.282479810E-16
    0.282276515E-16
    0.309742007E-16
    0.272899579E-16
    0.360911932E-16
    0.271179849E-16
    0.264055499E-16
    0.332662882E-16
    0.256606220E-16
    0.335371074E-16
    0.238403122E-16
    0.270280856E-16
    0.257303621E-16
    0.291470731E-16
    0.273286957E-16
    0.243197283E-16
    0.291164924E-16
    0.248755347E-16
    0.242185889E-16
    0.321474412E-16
    0.254895538E-16
    0.266226042E-16
    0.314260758E-16
    0.303557810E-16
    0.342930336E-16
    0.325674773E-16
    0.275164523E-16
    0.300083668E-16
    0.217844096E-16
    0.352919683E-16
    0.289646747E-16
    0.257312476E-16
    0.240627211E-16
    0.332081361E-16
    0.264674359E-16
    0.256481505E-16
    0.372069002E-16
    0.275093424E-16
    0.256742104E-16
    0.306819011E-16
    0.250137275E-16
    0.246867115E-16
    0.311474364E-16
    0.332990631E-16
    0.295719447E-16
    0.364301465E-16
    0.229551557E-16
    0.258460853E-16
    0.239699789E-16
    0.364881795E-16
    0.279248051E-16
    0.310296716E-16
    0.280853517E-16
    0.284933717E-16
    0.244854626E-16
    0.231744152E-16
    0.398247813E-16
    0.233211561E-16
    0.326888938E-16
    0.353176431E-16
    0.239121514E-16
    0.323366303E-16
    0.253181956E-16
    0.330343552E-16
    0.280177534E-16
    0.261446939E-16
    0.317068526E-16
    0.322344212E-16
    0.261552288E-16
    0.316487592E-16
    0.255914935E-16
    0.355409584E-16
    0.288662104E-16
    0.305104212E-16
    0.281584079E-16
    0.278803936E-16
    0.382673835E-16
    0.311634182E-16
    0.308201040E-16
    0.244905905E-16
    0.275194295E-16
    0.391106457E-16
    0.398251613E-16
    0.256860167E-16
    0.359974429E-16
    0.327749369E-16
    0.310796448E-16
    0.311442825E-16
    0.212951056E-16
    0.298342355E-16
    0.353868643E-16
    0.303482843E-16
    0.275497232E-16
    0.307645748E-16
    0.298212977E-16
    0.367068256E-16
    0.378439248E-16
    0.322936328E-16
    0.248696791E-16
    0.311105790E-16
    0.356560418E-16
    0.417030309E-16
    0.369741964E-16
    0.335944819E-16
    0.354553587E-16
    0.423228335E-16
    0.471541888E-16
    0.400166504E-16
    0.382184036E-16
    0.460092519E-16
    0.352296064E-16
    0.304412124E-16
    0.462003796E-16
    0.376139305E-16
    0.299306940E-16
    0.350783894E-16
    0.251283807E-16
    0.295541353E-16
    0.324529204E-16
    0.303866097E-16
    0.297753474E-16
    0.246403243E-16
    0.234873111E-16
    0.329329104E-16
    0.293023997E-16
    0.255598224E-16
    0.264970137E-16
    0.313002354E-16
    0.292785309E-16
    0.322725778E-16
    0.186929630E-16
    0.237115597E-16
    0.246724433E-16
    0.291273459E-16
    0.259028563E-16
    0.304941846E-16
    0.291841088E-16
    0.440261462E-16
    0.325067852E-16
