 #tdnd tdcion
    0.228110982E-16
    0.373029534E-16
    0.249793229E-16
    0.256869502E-16
    0.229494988E-16
    0.260102148E-16
    0.330137150E-16
    0.251215939E-16
    0.339004562E-16
    0.275170179E-16
    0.270660788E-16
    0.227547608E-16
    0.218390533E-16
    0.241495898E-16
    0.227480200E-16
    0.283995959E-16
    0.334486736E-16
    0.239214514E-16
    0.210744126E-16
    0.317435911E-16
    0.217780846E-16
    0.343274027E-16
    0.279508477E-16
    0.298579488E-16
    0.316706618E-16
    0.260093588E-16
    0.328444169E-16
    0.252638117E-16
    0.248726599E-16
    0.239383895E-16
    0.281323646E-16
    0.221629681E-16
    0.207309424E-16
    0.257550717E-16
    0.204471958E-16
    0.284124274E-16
    0.288207630E-16
    0.265948624E-16
    0.214565948E-16
    0.297945409E-16
    0.249817349E-16
    0.322712079E-16
    0.216689064E-16
    0.262684502E-16
    0.307498760E-16
    0.223822577E-16
    0.304709762E-16
    0.209794806E-16
    0.245532140E-16
    0.275704085E-16
    0.210044071E-16
    0.259916377E-16
    0.192839785E-16
    0.292915893E-16
    0.211376191E-16
    0.272781747E-16
    0.237283219E-16
    0.260073928E-16
    0.233363465E-16
    0.269272028E-16
    0.411938035E-16
    0.195402030E-16
    0.259400922E-16
    0.248996827E-16
    0.322014814E-16
    0.346442472E-16
    0.280044110E-16
    0.250575314E-16
    0.204520115E-16
    0.296063788E-16
    0.252908884E-16
    0.204546764E-16
    0.329912716E-16
    0.229669834E-16
    0.326902346E-16
    0.260703364E-16
    0.354572090E-16
    0.248878973E-16
    0.230002887E-16
    0.345263887E-16
    0.296748817E-16
    0.389778066E-16
    0.307186530E-16
    0.367784645E-16
    0.320195841E-16
    0.368595094E-16
    0.429280372E-16
    0.353525112E-16
    0.377524865E-16
    0.368632861E-16
    0.417089853E-16
    0.353211112E-16
    0.314115730E-16
    0.507133390E-16
    0.324558738E-16
    0.337600730E-16
    0.338990433E-16
    0.325165769E-16
    0.299305020E-16
    0.291278363E-16
    0.341140933E-16
    0.275652124E-16
    0.328424079E-16
    0.327217000E-16
    0.303725817E-16
    0.375753039E-16
    0.320436283E-16
    0.276236010E-16
    0.213935724E-16
    0.383685730E-16
    0.479116826E-16
    0.274152615E-16
    0.354682757E-16
    0.252738852E-16
    0.343976119E-16
    0.235217412E-16
    0.260060110E-16
    0.300796989E-16
    0.316533320E-16
    0.297326917E-16
    0.294998547E-16
    0.402797325E-16
    0.300018125E-16
    0.352072036E-16
    0.305536611E-16
    0.295634673E-16
    0.331005884E-16
    0.254857725E-16
    0.316870402E-16
    0.391232806E-16
    0.266544349E-16
    0.299142763E-16
    0.215214870E-16
    0.348048909E-16
    0.256069312E-16
    0.316007792E-16
    0.275505174E-16
    0.305175309E-16
    0.343316294E-16
    0.308607095E-16
    0.365933214E-16
    0.202832224E-16
    0.314161215E-16
    0.324350956E-16
    0.378071075E-16
    0.286416513E-16
    0.293984582E-16
    0.319004885E-16
    0.255283204E-16
    0.225144019E-16
    0.355311337E-16
    0.350477744E-16
    0.301591705E-16
    0.337643451E-16
    0.286947436E-16
    0.288171133E-16
    0.327556936E-16
    0.287850555E-16
    0.262898806E-16
    0.282559160E-16
    0.248004387E-16
    0.347607477E-16
    0.295928442E-16
    0.314229207E-16
    0.369011956E-16
    0.290309623E-16
    0.276857965E-16
    0.322605152E-16
    0.275645459E-16
    0.288828791E-16
    0.295381185E-16
    0.260623238E-16
    0.295160440E-16
    0.286099326E-16
    0.374391335E-16
    0.312424053E-16
    0.377621063E-16
    0.246992566E-16
    0.339524557E-16
    0.311699976E-16
    0.252169720E-16
    0.291262386E-16
    0.275409753E-16
    0.343368809E-16
    0.369747049E-16
    0.305755188E-16
    0.329550380E-16
    0.266068455E-16
    0.259592418E-16
    0.269122571E-16
    0.244108951E-16
    0.341419365E-16
    0.245082155E-16
    0.365642433E-16
    0.268493584E-16
    0.365644524E-16
    0.262186793E-16
    0.300515218E-16
    0.294519283E-16
    0.292420902E-16
    0.228621949E-16
    0.251102742E-16
    0.351080948E-16
    0.314219246E-16
    0.351650576E-16
    0.296876632E-16
    0.195151619E-16
    0.280173983E-16
    0.250217389E-16
    0.268715906E-16
    0.304662623E-16
    0.358137963E-16
    0.335058864E-16
    0.243463769E-16
    0.335187423E-16
    0.383854844E-16
    0.371174487E-16
    0.329459958E-16
    0.234213187E-16
    0.310187235E-16
    0.250734079E-16
    0.307602919E-16
    0.267241863E-16
    0.349699161E-16
    0.327925581E-16
    0.377311632E-16
    0.290675247E-16
    0.251223337E-16
    0.307567278E-16
    0.249547849E-16
    0.257077779E-16
    0.224818144E-16
    0.412276095E-16
    0.308127402E-16
    0.317639650E-16
    0.325678444E-16
    0.396973447E-16
    0.280688404E-16
    0.337798779E-16
    0.279383393E-16
    0.277860366E-16
    0.320247134E-16
    0.277844535E-16
    0.353490086E-16
    0.374316543E-16
    0.370963476E-16
    0.367701611E-16
    0.261519924E-16
    0.314354690E-16
    0.375561244E-16
    0.397374484E-16
    0.546871622E-16
    0.360909641E-16
    0.461865760E-16
    0.521537899E-16
    0.617767399E-16
    0.613237535E-16
    0.656518307E-16
    0.891370210E-16
    0.968766717E-16
    0.131212222E-15
    0.120445842E-15
    0.140306418E-15
    0.168241695E-15
    0.219388610E-15
    0.227663412E-15
    0.246895375E-15
    0.241329003E-15
    0.304203699E-15
    0.358647580E-15
    0.451119557E-15
    0.521301469E-15
    0.640176075E-15
    0.826727139E-15
    0.101750134E-14
    0.128380239E-14
    0.154855915E-14
    0.199903564E-14
    0.263839832E-14
    0.337540160E-14
    0.427098732E-14
    0.542110066E-14
    0.688634404E-14
    0.861649501E-14
    0.109565745E-13
    0.132043247E-13
    0.162604535E-13
    0.200223608E-13
    0.237749446E-13
    0.289510321E-13
    0.343588218E-13
    0.414786406E-13
    0.489595475E-13
    0.591153106E-13
    0.688938116E-13
    0.806342129E-13
    0.941039981E-13
    0.110319606E-12
    0.128951478E-12
    0.149523570E-12
    0.173917198E-12
    0.201869999E-12
    0.235918062E-12
    0.274320634E-12
    0.319656941E-12
    0.371152643E-12
    0.433205203E-12
    0.508000794E-12
    0.592429475E-12
    0.692204525E-12
    0.810866998E-12
    0.952399717E-12
    0.112000472E-11
    0.131683380E-11
    0.154729033E-11
    0.181488580E-11
    0.213090150E-11
    0.250335140E-11
    0.293521683E-11
    0.343399097E-11
    0.401816224E-11
    0.469531815E-11
    0.548249927E-11
    0.639566312E-11
    0.744722641E-11
    0.866164767E-11
    0.100709170E-10
    0.117012269E-10
    0.135751952E-10
    0.157344284E-10
    0.182225776E-10
    0.211033204E-10
    0.244229153E-10
    0.282456603E-10
    0.326235152E-10
    0.376762940E-10
    0.434692086E-10
    0.501304424E-10
    0.577636546E-10
    0.664793685E-10
    0.764911172E-10
    0.879213868E-10
    0.100999042E-09
    0.115920928E-09
    0.132962374E-09
    0.152367522E-09
    0.174524702E-09
    0.199767789E-09
    0.228459038E-09
    0.261156222E-09
    0.298287493E-09
    0.340574100E-09
    0.388592603E-09
    0.443177935E-09
    0.504997556E-09
    0.575238410E-09
    0.654858336E-09
    0.745069406E-09
    0.847209286E-09
    0.962771637E-09
    0.109355726E-08
    0.124143676E-08
    0.140842228E-08
    0.159705603E-08
    0.180987240E-08
    0.205001472E-08
    0.232060311E-08
    0.262575203E-08
    0.296905990E-08
    0.335581301E-08
    0.379081604E-08
    0.428003097E-08
    0.483008746E-08
    0.544790442E-08
    0.614159441E-08
    0.691994643E-08
    0.779360887E-08
    0.877250637E-08
    0.986981227E-08
    0.110983382E-07
    0.124742403E-07
    0.140134922E-07
    0.157348945E-07
    0.176587911E-07
    0.198084135E-07
    0.222087278E-07
    0.248876519E-07
    0.278763527E-07
    0.312088398E-07
    0.349228789E-07
    0.390611412E-07
    0.436682071E-07
    0.487967428E-07
    0.545014419E-07
    0.608446610E-07
    0.678936286E-07
    0.757255886E-07
    0.844209463E-07
    0.940710004E-07
    0.104775936E-06
    0.116645831E-06
    0.129802186E-06
    0.144375313E-06
    0.160512356E-06
    0.178372540E-06
    0.198131307E-06
    0.219980293E-06
    0.244129474E-06
    0.270811335E-06
    0.300274760E-06
    0.332800719E-06
    0.368685810E-06
    0.408264113E-06
    0.451894026E-06
    0.499969204E-06
    0.552918393E-06
    0.611214442E-06
    0.675367679E-06
    0.745931556E-06
    0.823519535E-06
    0.908790536E-06
    0.100247162E-05
    0.110533886E-05
    0.121825130E-05
    0.134213540E-05
    0.147800294E-05
    0.162694608E-05
    0.179015687E-05
    0.196892810E-05
    0.216465980E-05
    0.237886992E-05
    0.261320961E-05
    0.286945520E-05
    0.314955118E-05
    0.345557466E-05
    0.378979845E-05
    0.415466627E-05
    0.455283916E-05
    0.498714987E-05
    0.546070788E-05
    0.597683823E-05
    0.653914683E-05
    0.715150795E-05
    0.781810143E-05
    0.854344652E-05
    0.933239485E-05
    0.101901730E-04
    0.111224111E-04
    0.121351645E-04
    0.132349470E-04
    0.144287326E-04
    0.157240668E-04
    0.171289895E-04
    0.186521909E-04
    0.203029336E-04
    0.220912036E-04
    0.240276667E-04
    0.261238030E-04
    0.283918189E-04
    0.308448424E-04
    0.334969342E-04
    0.363630713E-04
    0.394593241E-04
    0.428027954E-04
    0.464118261E-04
    0.503059392E-04
    0.545059794E-04
    0.590341827E-04
    0.639142749E-04
    0.691715025E-04
    0.748327487E-04
    0.809266676E-04
    0.874837523E-04
    0.945363773E-04
    0.102119019E-03
    0.110268260E-03
    0.119023021E-03
    0.128424568E-03
    0.138516717E-03
    0.149345821E-03
    0.160961284E-03
    0.173415178E-03
    0.186762818E-03
    0.201062732E-03
    0.216376791E-03
    0.232770537E-03
    0.250313109E-03
    0.269077714E-03
    0.289141640E-03
    0.310586418E-03
    0.333498064E-03
    0.357967331E-03
    0.384090003E-03
    0.411966726E-03
    0.441703731E-03
    0.473412697E-03
    0.507211317E-03
    0.543223073E-03
    0.581578080E-03
    0.622412662E-03
    0.665870414E-03
    0.712101728E-03
    0.761264396E-03
    0.813524112E-03
    0.869054245E-03
    0.928036527E-03
    0.990661249E-03
    0.105712743E-02
    0.112764360E-02
    0.120242729E-02
    0.128170603E-02
    0.136571741E-02
    0.145470970E-02
    0.154894148E-02
    0.164868265E-02
    0.175421453E-02
    0.186583035E-02
    0.198383502E-02
    0.210854618E-02
    0.224029410E-02
    0.237942226E-02
    0.252628734E-02
    0.268125983E-02
    0.284472436E-02
    0.301708018E-02
    0.319874039E-02
    0.339013433E-02
    0.359170552E-02
    0.380391422E-02
    0.402723560E-02
    0.426216157E-02
    0.450920027E-02
    0.476887707E-02
    0.504173352E-02
    0.532832880E-02
    0.562923952E-02
    0.594506010E-02
    0.627640230E-02
    0.662389611E-02
    0.698818964E-02
    0.736994963E-02
    0.776985996E-02
    0.818862428E-02
    0.862696398E-02
    0.908561957E-02
    0.956534911E-02
    0.100669299E-01
    0.105911578E-01
    0.111388462E-01
    0.117108274E-01
    0.123079514E-01
    0.129310864E-01
    0.135811181E-01
    0.142589490E-01
    0.149654995E-01
    0.157017064E-01
    0.164685227E-01
    0.172669174E-01
    0.180978751E-01
    0.189623949E-01
    0.198614912E-01
    0.207961906E-01
    0.217675335E-01
    0.227765741E-01
    0.238243755E-01
    0.249120140E-01
    0.260405739E-01
    0.272111504E-01
    0.284248455E-01
    0.296827683E-01
    0.309860350E-01
    0.323357659E-01
    0.337330854E-01
    0.351791193E-01
    0.366749965E-01
    0.382218450E-01
    0.398207908E-01
    0.414729572E-01
    0.431794650E-01
    0.449414266E-01
    0.467599487E-01
    0.486361284E-01
    0.505710515E-01
    0.525657939E-01
    0.546214139E-01
    0.567389563E-01
    0.589194482E-01
    0.611638958E-01
    0.634732858E-01
    0.658485789E-01
    0.682907125E-01
    0.708005976E-01
    0.733791122E-01
    0.760271062E-01
    0.787453942E-01
    0.815347583E-01
    0.843959381E-01
    0.873296372E-01
    0.903365172E-01
    0.934171956E-01
    0.965722426E-01
    0.998021815E-01
    0.103107486E+00
    0.106488576E+00
    0.109945817E+00
    0.113479521E+00
    0.117089939E+00
    0.120777262E+00
    0.124541618E+00
    0.128383074E+00
    0.132301626E+00
    0.136297207E+00
    0.140369676E+00
    0.144518824E+00
    0.148744365E+00
    0.153045943E+00
    0.157423121E+00
    0.161875386E+00
    0.166402147E+00
    0.171002731E+00
    0.175676384E+00
    0.180422267E+00
    0.185239460E+00
    0.190126957E+00
    0.195083663E+00
    0.200108403E+00
    0.205199907E+00
    0.210356825E+00
    0.215577712E+00
    0.220861038E+00
    0.226205186E+00
    0.231608444E+00
    0.237069017E+00
    0.242585021E+00
    0.248154480E+00
    0.253775335E+00
    0.259445433E+00
    0.265162545E+00
    0.270924348E+00
    0.276728434E+00
    0.282572316E+00
    0.288453426E+00
    0.294369108E+00
    0.300316636E+00
    0.306293195E+00
    0.312295909E+00
    0.318321815E+00
    0.324367884E+00
    0.330431020E+00
    0.336508055E+00
    0.342595762E+00
    0.348690849E+00
    0.354789961E+00
    0.360889699E+00
    0.366986599E+00
    0.373077155E+00
    0.379157806E+00
    0.385224961E+00
    0.391274977E+00
    0.397304179E+00
    0.403308862E+00
    0.409285294E+00
    0.415229712E+00
    0.421138338E+00
    0.427007371E+00
    0.432833009E+00
    0.438611429E+00
    0.444338813E+00
    0.450011338E+00
    0.455625193E+00
    0.461176566E+00
    0.466661669E+00
    0.472076724E+00
    0.477417980E+00
    0.482681712E+00
    0.487864227E+00
    0.492961867E+00
    0.497971016E+00
    0.502888103E+00
    0.507709605E+00
    0.512432056E+00
    0.517052045E+00
    0.521566227E+00
    0.525971322E+00
    0.530264120E+00
    0.534441494E+00
    0.538500382E+00
    0.542437823E+00
    0.546250927E+00
    0.549936908E+00
    0.553493066E+00
    0.556916803E+00
    0.560205625E+00
    0.563357142E+00
    0.566369066E+00
    0.569239232E+00
    0.571965581E+00
    0.574546178E+00
    0.576979195E+00
    0.579262942E+00
    0.581395848E+00
    0.583376463E+00
    0.585203472E+00
    0.586875695E+00
    0.588392073E+00
    0.589751695E+00
    0.590953769E+00
    0.591997656E+00
    0.592882847E+00
    0.593608969E+00
    0.594175793E+00
    0.594583232E+00
    0.594831329E+00
    0.594920283E+00
    0.594850414E+00
    0.594622201E+00
    0.594236251E+00
    0.593693317E+00
    0.592994286E+00
    0.592140186E+00
    0.591132186E+00
    0.589971583E+00
    0.588659816E+00
    0.587198454E+00
    0.585589199E+00
    0.583833886E+00
    0.581934475E+00
    0.579893057E+00
    0.577711843E+00
    0.575393175E+00
    0.572939504E+00
    0.570353413E+00
    0.567637589E+00
    0.564794836E+00
    0.561828073E+00
    0.558740323E+00
    0.555534709E+00
    0.552214464E+00
    0.548782914E+00
    0.545243487E+00
    0.541599691E+00
    0.537855132E+00
    0.534013500E+00
    0.530078565E+00
    0.526054170E+00
    0.521944242E+00
    0.517752766E+00
    0.513483805E+00
    0.509141469E+00
    0.504729937E+00
    0.500253437E+00
    0.495716243E+00
    0.491122678E+00
    0.486477101E+00
    0.481783903E+00
    0.477047516E+00
    0.472272378E+00
    0.467462966E+00
    0.462623757E+00
    0.457759250E+00
    0.452873937E+00
    0.447972314E+00
    0.443058877E+00
    0.438138099E+00
    0.433214441E+00
    0.428292343E+00
    0.423376211E+00
    0.418470422E+00
    0.413579311E+00
    0.408707165E+00
    0.403858227E+00
    0.399036674E+00
    0.394246623E+00
    0.389492128E+00
    0.384777160E+00
    0.380105616E+00
    0.375481304E+00
    0.370907945E+00
    0.366389158E+00
    0.361928464E+00
    0.357529274E+00
    0.353194890E+00
    0.348928492E+00
    0.344733138E+00
    0.340611762E+00
    0.336567163E+00
    0.332602002E+00
    0.328718805E+00
    0.324919944E+00
    0.321207656E+00
    0.317584008E+00
    0.314050923E+00
    0.310610164E+00
    0.307263327E+00
    0.304011847E+00
    0.300856993E+00
    0.297799858E+00
    0.294841374E+00
    0.291982290E+00
    0.289223190E+00
    0.286564473E+00
    0.284006376E+00
    0.281548948E+00
    0.279192062E+00
    0.276935428E+00
    0.274778567E+00
    0.272720832E+00
    0.270761401E+00
    0.268899280E+00
    0.267133308E+00
    0.265462153E+00
    0.263884316E+00
    0.262398141E+00
    0.261001810E+00
    0.259693343E+00
    0.258470615E+00
    0.257331345E+00
    0.256273113E+00
    0.255293352E+00
    0.254389365E+00
    0.253558317E+00
    0.252797255E+00
    0.252103097E+00
    0.251472649E+00
    0.250902610E+00
    0.250389571E+00
    0.249930028E+00
    0.249520386E+00
    0.249156965E+00
    0.248836009E+00
    0.248553688E+00
    0.248306114E+00
    0.248089334E+00
    0.247899357E+00
    0.247732143E+00
    0.247583621E+00
    0.247449696E+00
    0.247326253E+00
    0.247209168E+00
    0.247094316E+00
    0.246977580E+00
    0.246854855E+00
    0.246722060E+00
    0.246575149E+00
    0.246410114E+00
    0.246222992E+00
    0.246009886E+00
    0.245766957E+00
    0.245490442E+00
    0.245176660E+00
    0.244822019E+00
    0.244423028E+00
    0.243976303E+00
    0.243478570E+00
    0.242926681E+00
    0.242317615E+00
    0.241648490E+00
    0.240916565E+00
    0.240119253E+00
    0.239254121E+00
    0.238318903E+00
    0.237311499E+00
    0.236229984E+00
    0.235072615E+00
    0.233837832E+00
    0.232524265E+00
    0.231130737E+00
    0.229656264E+00
    0.228100067E+00
    0.226461563E+00
    0.224740376E+00
    0.222936333E+00
    0.221049466E+00
    0.219080015E+00
    0.217028424E+00
    0.214895339E+00
    0.212681613E+00
    0.210388296E+00
    0.208016640E+00
    0.205568086E+00
    0.203044270E+00
    0.200447012E+00
    0.197778313E+00
    0.195040352E+00
    0.192235471E+00
    0.189366181E+00
    0.186435146E+00
    0.183445175E+00
    0.180399219E+00
    0.177300358E+00
    0.174151796E+00
    0.170956847E+00
    0.167718927E+00
    0.164441549E+00
    0.161128305E+00
    0.157782857E+00
    0.154408932E+00
    0.151010307E+00
    0.147590798E+00
    0.144154249E+00
    0.140704523E+00
    0.137245489E+00
    0.133781010E+00
    0.130314940E+00
    0.126851101E+00
    0.123393285E+00
    0.119945236E+00
    0.116510639E+00
    0.113093120E+00
    0.109696225E+00
    0.106323420E+00
    0.102978080E+00
    0.996634767E-01
    0.963827786E-01
    0.931390372E-01
    0.899351842E-01
    0.867740249E-01
    0.836582322E-01
    0.805903415E-01
    0.775727478E-01
    0.746076994E-01
    0.716972974E-01
    0.688434909E-01
    0.660480765E-01
    0.633126959E-01
    0.606388359E-01
    0.580278264E-01
    0.554808425E-01
    0.529989039E-01
    0.505828767E-01
    0.482334746E-01
    0.459512624E-01
    0.437366565E-01
    0.415899304E-01
    0.395112162E-01
    0.375005096E-01
    0.355576737E-01
    0.336824445E-01
    0.318744331E-01
    0.301331350E-01
    0.284579311E-01
    0.268480967E-01
    0.253028053E-01
    0.238211351E-01
    0.224020752E-01
    0.210445317E-01
    0.197473332E-01
    0.185092384E-01
    0.173289403E-01
    0.162050754E-01
    0.151362264E-01
    0.141209314E-01
    0.131576878E-01
    0.122449592E-01
    0.113811812E-01
    0.105647667E-01
    0.979411159E-02
    0.906760032E-02
    0.838361005E-02
    0.774051687E-02
    0.713669948E-02
    0.657054399E-02
    0.604044832E-02
    0.554482581E-02
    0.508210930E-02
    0.465075426E-02
    0.424924220E-02
    0.387608375E-02
    0.352982073E-02
    0.320902964E-02
    0.291232290E-02
    0.263835115E-02
    0.238580522E-02
    0.215341689E-02
    0.193996072E-02
    0.174425476E-02
    0.156516137E-02
    0.140158785E-02
    0.125248664E-02
    0.111685557E-02
    0.993737918E-03
    0.882221941E-03
    0.781440947E-03
    0.690572332E-03
    0.608837418E-03
    0.535500227E-03
    0.469866996E-03
    0.411284874E-03
    0.359141055E-03
    0.312861492E-03
    0.271909761E-03
    0.235785668E-03
    0.204024079E-03
    0.176193243E-03
    0.151893682E-03
    0.130756499E-03
    0.112442122E-03
    0.966387148E-04
    0.830607586E-04
    0.714475720E-04
    0.615619776E-04
    0.531887145E-04
    0.461331936E-04
    0.402200608E-04
    0.352919193E-04
    0.312079861E-04
    0.278429634E-04
    0.250856809E-04
    0.228381070E-04
    0.210141629E-04
    0.195386885E-04
    0.183464854E-04
    0.173813655E-04
    0.165952138E-04
    0.159472597E-04
    0.154032266E-04
    0.149346079E-04
    0.145180408E-04
    0.141346473E-04
    0.137694721E-04
    0.134109767E-04
    0.130505152E-04
    0.126819601E-04
    0.123012475E-04
    0.119060747E-04
    0.114955481E-04
    0.110699402E-04
    0.106303877E-04
    0.101787481E-04
    0.971733658E-05
    0.924881769E-05
    0.877604582E-05
    0.830194913E-05
    0.782944355E-05
    0.736135667E-05
    0.690035010E-05
    0.644889453E-05
    0.600921054E-05
    0.558327672E-05
    0.517278166E-05
    0.477915909E-05
    0.440353012E-05
    0.404678545E-05
    0.370953197E-05
    0.339214002E-05
    0.309475753E-05
    0.281732690E-05
    0.255959292E-05
    0.232116378E-05
    0.210148246E-05
    0.189988670E-05
    0.171561236E-05
    0.154781935E-05
    0.139560501E-05
    0.125803475E-05
    0.113413563E-05
    0.102293633E-05
    0.923462205E-06
    0.834758091E-06
    0.755884581E-06
    0.685944346E-06
    0.624070966E-06
    0.569448127E-06
    0.521306223E-06
    0.478925211E-06
    0.441642478E-06
    0.408848026E-06
    0.379981840E-06
    0.354544930E-06
    0.332082413E-06
    0.312194166E-06
    0.294524612E-06
    0.278765021E-06
    0.264645595E-06
    0.251936472E-06
    0.240441627E-06
    0.229996800E-06
    0.220465871E-06
    0.211739307E-06
    0.203726319E-06
    0.196355417E-06
    0.189573395E-06
    0.183338098E-06
    0.177617830E-06
    0.172389174E-06
    0.167637394E-06
    0.163350882E-06
    0.159519845E-06
    0.156139247E-06
    0.153201175E-06
    0.150700330E-06
    0.148628831E-06
    0.146977320E-06
    0.145734568E-06
    0.144885620E-06
    0.144414658E-06
    0.144302415E-06
    0.144525987E-06
    0.145061729E-06
    0.145882649E-06
    0.146957568E-06
    0.148257115E-06
    0.149748059E-06
    0.151396438E-06
    0.153165417E-06
    0.155021909E-06
    0.156929337E-06
    0.158850936E-06
    0.160752455E-06
    0.162597955E-06
    0.164354094E-06
    0.165989725E-06
    0.167472369E-06
    0.168774874E-06
    0.169868388E-06
    0.170728640E-06
    0.171333704E-06
    0.171662995E-06
    0.171698064E-06
    0.171426672E-06
    0.170833757E-06
    0.169911799E-06
    0.168653283E-06
    0.167054820E-06
    0.165113928E-06
    0.162833638E-06
    0.160218640E-06
    0.157274286E-06
    0.154011004E-06
    0.150440332E-06
    0.146575694E-06
    0.142435412E-06
    0.138036260E-06
    0.133400473E-06
    0.128549355E-06
    0.123507376E-06
    0.118300681E-06
    0.112956686E-06
    0.107502560E-06
    0.101969605E-06
    0.963871215E-07
    0.907866258E-07
    0.852005902E-07
    0.796607826E-07
    0.742001846E-07
    0.688507999E-07
    0.636463895E-07
    0.586181853E-07
    0.537980952E-07
    0.492179114E-07
    0.449075517E-07
    0.408970743E-07
    0.372149135E-07
    0.338880692E-07
    0.309426628E-07
    0.284023923E-07
    0.262908543E-07
    0.246287642E-07
    0.234348986E-07
    0.227272653E-07
    0.225204851E-07
    0.228271407E-07
    0.236585664E-07
    0.250238282E-07
    0.269288610E-07
    0.293768555E-07
    0.323704722E-07
    0.359092651E-07
    0.399891504E-07
    0.446054329E-07
    0.497504487E-07
    0.554136069E-07
    0.615840169E-07
    0.682464251E-07
    0.753848848E-07
    0.829809480E-07
    0.910141703E-07
    0.994634998E-07
    0.108303711E-06
    0.117510996E-06
    0.127057720E-06
    0.136915634E-06
    0.147055433E-06
    0.157447219E-06
    0.168060838E-06
    0.178860816E-06
    0.189817161E-06
    0.200896437E-06
    0.212064947E-06
    0.223287551E-06
    0.234533096E-06
    0.245764654E-06
    0.256952274E-06
    0.268060650E-06
    0.279057445E-06
    0.289911020E-06
    0.300589474E-06
    0.311063288E-06
    0.321303065E-06
    0.331279298E-06
    0.340967037E-06
    0.350337846E-06
    0.359369177E-06
    0.368036095E-06
    0.376320608E-06
    0.384198046E-06
    0.391652170E-06
    0.398666840E-06
    0.405226772E-06
    0.411316230E-06
    0.416926641E-06
    0.422044754E-06
    0.426665035E-06
    0.430780082E-06
    0.434383890E-06
    0.437474330E-06
    0.440049960E-06
    0.442109821E-06
    0.443657822E-06
    0.444694096E-06
    0.445226003E-06
    0.445257374E-06
    0.444797575E-06
    0.443852969E-06
    0.442436612E-06
    0.440557392E-06
    0.438227107E-06
    0.435460859E-06
    0.432272092E-06
    0.428674528E-06
    0.424685559E-06
    0.420320970E-06
    0.415597358E-06
    0.410534268E-06
    0.405146247E-06
    0.399454088E-06
    0.393476012E-06
    0.387230506E-06
    0.380737428E-06
    0.374015167E-06
    0.367082798E-06
    0.359959815E-06
    0.352664793E-06
    0.345216421E-06
    0.337633235E-06
    0.329934603E-06
    0.322136068E-06
    0.314257383E-06
    0.306314625E-06
    0.298323770E-06
    0.290301445E-06
    0.282263690E-06
    0.274224036E-06
    0.266199169E-06
    0.258200090E-06
    0.250241572E-06
    0.242336161E-06
    0.234495318E-06
    0.226729903E-06
    0.219050794E-06
    0.211467289E-06
    0.203989013E-06
    0.196624008E-06
    0.189380358E-06
    0.182264274E-06
    0.175283819E-06
    0.168443129E-06
    0.161748641E-06
    0.155204468E-06
    0.148814178E-06
    0.142581591E-06
    0.136510106E-06
    0.130600643E-06
    0.124856480E-06
    0.119277705E-06
    0.113865284E-06
    0.108620811E-06
    0.103543158E-06
    0.986322995E-07
    0.938868423E-07
    0.893064181E-07
    0.848891258E-07
    0.806333368E-07
    0.765370750E-07
    0.725976149E-07
    0.688130113E-07
    0.651801764E-07
    0.616960912E-07
    0.583579738E-07
    0.551618047E-07
    0.521047192E-07
    0.491836594E-07
    0.463941336E-07
    0.437330339E-07
    0.411965813E-07
    0.387803170E-07
    0.364815829E-07
    0.342957223E-07
    0.322191897E-07
    0.302476575E-07
    0.283778450E-07
    0.266059321E-07
    0.249277827E-07
    0.233400631E-07
    0.218387285E-07
    0.204204590E-07
    0.190817527E-07
    0.178189581E-07
    0.166289168E-07
    0.155079237E-07
    0.144529285E-07
    0.134611806E-07
    0.125291354E-07
    0.116538800E-07
    0.108329246E-07
    0.100629673E-07
    0.934181375E-08
    0.866679746E-08
    0.803524119E-08
    0.744486761E-08
    0.689325601E-08
    0.637872256E-08
    0.589854791E-08
    0.545115853E-08
    0.503436578E-08
    0.464646753E-08
    0.428571925E-08
    0.395045121E-08
    0.363906958E-08
    0.335008651E-08
    0.308197000E-08
    0.283367513E-08
    0.260368568E-08
    0.239075076E-08
    0.219391052E-08
    0.201198112E-08
    0.184392901E-08
    0.168895509E-08
    0.154594966E-08
    0.141419578E-08
    0.129273569E-08
    0.118111685E-08
    0.107837101E-08
    0.983961768E-09
    0.897263429E-09
    0.817672457E-09
    0.744692302E-09
    0.677808166E-09
    0.616536874E-09
    0.560456531E-09
    0.509124945E-09
    0.462245773E-09
    0.419422585E-09
    0.380292124E-09
    0.344606360E-09
    0.312091146E-09
    0.282436759E-09
    0.255462499E-09
    0.230905492E-09
    0.208579491E-09
    0.188268381E-09
    0.169850642E-09
    0.153143178E-09
    0.137957837E-09
    0.124224209E-09
    0.111758886E-09
    0.100491724E-09
    0.902910886E-10
    0.810797252E-10
    0.727481554E-10
    0.652325277E-10
    0.584485356E-10
    0.523402873E-10
    0.468253992E-10
    0.418694293E-10
    0.374101700E-10
    0.334038604E-10
    0.298002958E-10
    0.265661855E-10
    0.236657356E-10
    0.210631801E-10
    0.187319141E-10
    0.166547400E-10
    0.147849976E-10
    0.131244510E-10
    0.116347567E-10
    0.103103422E-10
    0.912641583E-11
    0.807481020E-11
    0.713644031E-11
    0.630321889E-11
    0.556246815E-11
    0.490429679E-11
    0.431922768E-11
    0.380342567E-11
    0.334477788E-11
    0.293984625E-11
    0.258206385E-11
    0.226373483E-11
    0.198489553E-11
    0.173806401E-11
    0.151961798E-11
    0.132860456E-11
    0.115926927E-11
    0.101116279E-11
    0.880760907E-12
    0.766303291E-12
    0.666208737E-12
    0.577578989E-12
    0.500818668E-12
    0.432782636E-12
    0.374144616E-12
    0.322147587E-12
    0.277221760E-12
    0.238464285E-12
    0.204697646E-12
    0.174648908E-12
    0.149603839E-12
    0.126844335E-12
    0.107746117E-12
    0.914949160E-13
    0.771653379E-13
    0.651562928E-13
    0.548949521E-13
    0.461967588E-13
    0.388406097E-13
    0.325378250E-13
    0.275058675E-13
    0.230299532E-13
    0.196266137E-13
    0.166960319E-13
    0.144829590E-13
    0.126786764E-13
    0.113001550E-13
    0.102936154E-13
    0.966684840E-14
    0.905525702E-14
    0.880859440E-14
    0.860513339E-14
    0.856097316E-14
    0.868668265E-14
    0.884080148E-14
    0.897094254E-14
    0.930495552E-14
    0.938937209E-14
    0.974575848E-14
    0.995315374E-14
    0.101714005E-13
    0.103208189E-13
    0.104894216E-13
    0.105976171E-13
    0.106499050E-13
    0.107859219E-13
    0.107142492E-13
    0.107069332E-13
    0.106726162E-13
    0.105069903E-13
    0.102842883E-13
    0.101877610E-13
    0.987198260E-14
    0.977937204E-14
    0.954373943E-14
    0.923036594E-14
    0.897578748E-14
    0.864578046E-14
    0.828887452E-14
    0.791543457E-14
    0.757768607E-14
    0.724734666E-14
    0.685319029E-14
    0.659979203E-14
    0.622691390E-14
    0.590809853E-14
    0.560840171E-14
    0.525202203E-14
    0.492743648E-14
    0.459810938E-14
    0.427703166E-14
    0.405470037E-14
    0.370631532E-14
    0.345726310E-14
    0.323517442E-14
    0.298325117E-14
    0.278427497E-14
    0.255681877E-14
    0.239489037E-14
    0.209162919E-14
    0.200804626E-14
    0.183440927E-14
    0.166961228E-14
    0.151438967E-14
    0.139636203E-14
    0.122131736E-14
    0.111990946E-14
    0.104459269E-14
    0.930915063E-15
    0.853374639E-15
    0.789024642E-15
    0.705779432E-15
    0.621690278E-15
    0.564277487E-15
    0.499259923E-15
    0.449441219E-15
    0.409927678E-15
    0.362185598E-15
    0.330300676E-15
    0.290243351E-15
    0.265165057E-15
    0.239991809E-15
    0.216879823E-15
    0.204352822E-15
    0.163858003E-15
    0.156065231E-15
    0.127663951E-15
    0.122427245E-15
    0.111560594E-15
    0.975782072E-16
    0.865140762E-16
    0.874968316E-16
    0.694856976E-16
    0.723757415E-16
    0.622664477E-16
    0.559783783E-16
    0.563333765E-16
    0.497505366E-16
    0.424188829E-16
    0.451198735E-16
    0.531645166E-16
    0.314511235E-16
    0.373959363E-16
    0.318639774E-16
    0.349355913E-16
    0.379501286E-16
    0.287472684E-16
    0.245620649E-16
    0.279069784E-16
    0.269201385E-16
    0.275387721E-16
    0.336920899E-16
    0.316614229E-16
    0.249415999E-16
    0.251566557E-16
    0.259161985E-16
    0.299522427E-16
    0.236266336E-16
    0.268497755E-16
    0.274607506E-16
    0.267994144E-16
    0.264024225E-16
    0.292821739E-16
    0.248220050E-16
    0.327320718E-16
    0.265733738E-16
    0.189154437E-16
    0.271652912E-16
    0.219424022E-16
    0.214074335E-16
    0.254818044E-16
    0.226980225E-16
    0.279986185E-16
    0.226505048E-16
    0.250043102E-16
    0.251862664E-16
    0.292750456E-16
    0.248882492E-16
    0.221314883E-16
    0.214287396E-16
    0.268068731E-16
    0.332152730E-16
    0.293247025E-16
    0.249607103E-16
    0.283845482E-16
    0.241056916E-16
    0.252866060E-16
    0.206979640E-16
    0.204245571E-16
    0.223036109E-16
    0.220928363E-16
    0.245505178E-16
    0.311889375E-16
    0.316015754E-16
    0.289525598E-16
    0.194175994E-16
    0.256448861E-16
    0.294900388E-16
    0.219671934E-16
    0.267265996E-16
    0.246737594E-16
    0.242532603E-16
    0.269822874E-16
    0.374268165E-16
    0.245043731E-16
    0.240363403E-16
    0.305508041E-16
    0.202836020E-16
    0.226210752E-16
    0.224340248E-16
    0.225287852E-16
    0.245079880E-16
    0.242902315E-16
    0.206274165E-16
    0.281535241E-16
    0.253610741E-16
    0.249233101E-16
    0.298169004E-16
    0.230088166E-16
    0.271497963E-16
    0.230074710E-16
    0.252704271E-16
    0.267790025E-16
    0.303628885E-16
    0.307951496E-16
    0.312467116E-16
    0.319832577E-16
    0.218929189E-16
    0.192376899E-16
    0.247796703E-16
    0.276088695E-16
    0.188115988E-16
    0.219260666E-16
    0.243816147E-16
    0.352958174E-16
    0.305990976E-16
    0.208953201E-16
    0.262529880E-16
    0.247994385E-16
    0.207335643E-16
    0.253125714E-16
    0.246452621E-16
    0.263271819E-16
    0.264267076E-16
    0.332783588E-16
    0.258001939E-16
    0.226544928E-16
    0.273002379E-16
    0.249970413E-16
    0.187874976E-16
    0.240186872E-16
    0.237450527E-16
    0.264114451E-16
    0.250942614E-16
    0.247709127E-16
    0.268720057E-16
    0.267437765E-16
    0.324495213E-16
    0.256683492E-16
    0.242165144E-16
    0.244550970E-16
    0.209988356E-16
    0.298647995E-16
    0.223753015E-16
    0.326655129E-16
    0.276044208E-16
    0.337975894E-16
    0.281217026E-16
    0.219456294E-16
    0.195044444E-16
    0.242719420E-16
    0.274944813E-16
    0.198418082E-16
    0.186035580E-16
    0.221338509E-16
    0.290570791E-16
    0.265033180E-16
    0.321116271E-16
    0.282744790E-16
    0.226044506E-16
    0.221684331E-16
    0.234914104E-16
    0.278187206E-16
    0.272484870E-16
    0.305054512E-16
    0.262443981E-16
    0.337521680E-16
    0.232758276E-16
    0.254829580E-16
    0.282681514E-16
    0.203407016E-16
    0.228374914E-16
    0.272382687E-16
    0.260401200E-16
    0.237988143E-16
    0.262197735E-16
    0.210635987E-16
    0.288023877E-16
    0.307690353E-16
    0.243118121E-16
    0.246670973E-16
    0.231004569E-16
    0.196298484E-16
    0.277619297E-16
    0.253417520E-16
    0.325335419E-16
    0.279410227E-16
    0.311708117E-16
    0.287307118E-16
    0.225438198E-16
    0.210030990E-16
    0.250429189E-16
    0.303928716E-16
    0.254365232E-16
    0.188898037E-16
    0.241053076E-16
    0.299525106E-16
    0.296935776E-16
    0.367813821E-16
    0.286453839E-16
    0.240993379E-16
    0.244495946E-16
    0.212475211E-16
    0.258682572E-16
    0.261909994E-16
    0.316821071E-16
    0.232926979E-16
    0.332901425E-16
    0.270109531E-16
    0.233660329E-16
    0.224499296E-16
    0.224940221E-16
    0.244039054E-16
    0.256428155E-16
    0.229622049E-16
    0.269475602E-16
    0.298385989E-16
    0.193020620E-16
    0.249915468E-16
    0.333149905E-16
    0.307254178E-16
    0.255876285E-16
    0.241996032E-16
    0.233547833E-16
    0.240674073E-16
    0.328897600E-16
    0.275848107E-16
    0.309911093E-16
    0.254927907E-16
    0.289264808E-16
    0.255664005E-16
    0.235524010E-16
    0.249396167E-16
    0.285039725E-16
    0.283159429E-16
    0.179411384E-16
    0.230258933E-16
    0.331353565E-16
    0.267944965E-16
    0.336585389E-16
    0.241992864E-16
    0.281998047E-16
    0.234232461E-16
    0.217327725E-16
    0.272998954E-16
    0.290938158E-16
    0.285632621E-16
    0.247080162E-16
    0.287910711E-16
    0.322283739E-16
    0.223012337E-16
    0.204295248E-16
    0.218744450E-16
    0.272816474E-16
    0.280357093E-16
    0.217154812E-16
    0.301059877E-16
    0.285349665E-16
    0.206759555E-16
    0.271677309E-16
    0.359806003E-16
    0.261809623E-16
    0.219590789E-16
    0.267153934E-16
    0.209824431E-16
    0.254430696E-16
    0.312279885E-16
    0.230230129E-16
    0.277103690E-16
    0.259779583E-16
    0.285826726E-16
    0.240595203E-16
    0.249674951E-16
    0.281164655E-16
    0.240321556E-16
    0.237343667E-16
    0.228392385E-16
    0.249759680E-16
    0.303633812E-16
    0.237572511E-16
    0.317813149E-16
    0.282518882E-16
    0.294556902E-16
    0.223566282E-16
    0.250170106E-16
    0.271272559E-16
    0.261316299E-16
    0.298850211E-16
    0.268562709E-16
    0.219983553E-16
    0.257740177E-16
    0.265765770E-16
    0.261533852E-16
    0.231883094E-16
    0.225337804E-16
    0.314982870E-16
    0.211402079E-16
    0.292772692E-16
    0.281763049E-16
    0.255840050E-16
    0.269515720E-16
    0.307572981E-16
    0.232496013E-16
    0.268161057E-16
    0.248412794E-16
    0.280339502E-16
    0.245179135E-16
    0.239755812E-16
    0.226169637E-16
    0.315670721E-16
    0.258756923E-16
    0.307050788E-16
    0.189730553E-16
    0.279958780E-16
    0.258857955E-16
    0.274635818E-16
    0.224159374E-16
    0.229939871E-16
    0.254407415E-16
    0.313871205E-16
    0.256037629E-16
    0.304381468E-16
    0.294956749E-16
    0.223677235E-16
    0.249001764E-16
    0.264128462E-16
    0.234770585E-16
    0.286796829E-16
    0.282304309E-16
    0.222738910E-16
    0.238811329E-16
    0.309783405E-16
    0.267610040E-16
    0.221767076E-16
    0.263573360E-16
    0.276192295E-16
    0.249533803E-16
    0.216842946E-16
    0.302974837E-16
    0.248128496E-16
    0.251270205E-16
    0.236467111E-16
    0.385381363E-16
    0.262275219E-16
    0.200111208E-16
    0.298854286E-16
    0.249148323E-16
    0.233914301E-16
    0.271753338E-16
    0.244075147E-16
    0.272838358E-16
    0.236996925E-16
    0.304774202E-16
    0.302723132E-16
    0.287115216E-16
    0.278492883E-16
    0.241923265E-16
    0.258022519E-16
    0.210368020E-16
    0.268006188E-16
    0.314744748E-16
    0.296571326E-16
    0.195250553E-16
    0.295789666E-16
    0.234960912E-16
    0.234657964E-16
    0.283327650E-16
    0.239414788E-16
    0.260381981E-16
    0.314249977E-16
    0.218875458E-16
    0.275571979E-16
    0.194007694E-16
    0.320304269E-16
    0.307271848E-16
    0.252911885E-16
    0.259341893E-16
    0.234810603E-16
    0.273109628E-16
    0.261263013E-16
    0.261853143E-16
    0.265945389E-16
    0.331255946E-16
    0.232241587E-16
    0.230923702E-16
    0.303406725E-16
    0.247978257E-16
    0.226226024E-16
    0.244129203E-16
    0.241995826E-16
    0.319641164E-16
    0.251489570E-16
    0.298241083E-16
    0.232237778E-16
    0.354879272E-16
    0.293626464E-16
    0.247063888E-16
    0.229289702E-16
    0.205115505E-16
    0.263287571E-16
    0.328911233E-16
    0.317278388E-16
    0.228834416E-16
    0.282406356E-16
    0.253247566E-16
    0.252900669E-16
    0.303010925E-16
    0.226794340E-16
    0.262308326E-16
    0.249290247E-16
    0.260133350E-16
    0.361010705E-16
    0.264502890E-16
    0.332984490E-16
    0.326088923E-16
    0.270071308E-16
    0.218020892E-16
    0.230106638E-16
    0.242189221E-16
    0.293493952E-16
    0.240116475E-16
    0.274316470E-16
    0.396075908E-16
    0.214470994E-16
    0.220236390E-16
    0.354577358E-16
    0.219275305E-16
    0.242347400E-16
    0.278095508E-16
    0.322634416E-16
    0.341751334E-16
    0.301084629E-16
    0.293905577E-16
    0.308565701E-16
    0.290141097E-16
    0.260348663E-16
    0.233375083E-16
    0.234110865E-16
    0.280416663E-16
    0.243839215E-16
    0.345338459E-16
    0.453426833E-16
    0.305723626E-16
    0.267851886E-16
    0.294188721E-16
    0.260819491E-16
    0.298973106E-16
    0.310919086E-16
    0.287474422E-16
    0.233337502E-16
    0.324043161E-16
    0.388392839E-16
    0.444130543E-16
    0.383953667E-16
    0.496913650E-16
    0.360810430E-16
    0.345994464E-16
    0.379905504E-16
    0.386892470E-16
    0.398788816E-16
    0.273251130E-16
    0.445765608E-16
    0.285802237E-16
    0.245003437E-16
    0.352149900E-16
    0.300516098E-16
    0.317566727E-16
    0.172772108E-16
    0.251908061E-16
    0.249031164E-16
    0.288036486E-16
    0.272921313E-16
    0.300501262E-16
    0.245241323E-16
    0.257636555E-16
    0.233461544E-16
    0.233865615E-16
    0.253180206E-16
    0.300270442E-16
    0.314172761E-16
    0.224028052E-16
    0.298478760E-16
    0.289854566E-16
    0.274270659E-16
    0.280247469E-16
    0.270722780E-16
    0.263199558E-16
    0.295006198E-16
    0.441479809E-16
    0.326075905E-16
    0.342950001E-16
    0.322581504E-16
    0.285049118E-16
