 #tdnd tdcion
    0.266570205E-16
    0.238098119E-16
    0.238348128E-16
    0.294621146E-16
    0.283616841E-16
    0.295017743E-16
    0.291856476E-16
    0.246412772E-16
    0.229163634E-16
    0.345507658E-16
    0.319534375E-16
    0.341519541E-16
    0.241490460E-16
    0.251869867E-16
    0.216357381E-16
    0.265788543E-16
    0.250701507E-16
    0.311395983E-16
    0.307580099E-16
    0.257011210E-16
    0.233819233E-16
    0.235378453E-16
    0.318563977E-16
    0.287339723E-16
    0.332548023E-16
    0.256231504E-16
    0.227574453E-16
    0.230447361E-16
    0.189419854E-16
    0.326747427E-16
    0.241744804E-16
    0.297915674E-16
    0.274456006E-16
    0.214365353E-16
    0.233565654E-16
    0.267390504E-16
    0.237813535E-16
    0.286630947E-16
    0.253414236E-16
    0.223618164E-16
    0.219158709E-16
    0.242891546E-16
    0.296554419E-16
    0.246738804E-16
    0.318120920E-16
    0.221001411E-16
    0.196317177E-16
    0.286474039E-16
    0.255321382E-16
    0.307443843E-16
    0.264552939E-16
    0.281145655E-16
    0.244432982E-16
    0.211154342E-16
    0.286661005E-16
    0.283026228E-16
    0.290260506E-16
    0.179596596E-16
    0.257799582E-16
    0.202748598E-16
    0.339510998E-16
    0.345452135E-16
    0.234009954E-16
    0.196372987E-16
    0.231540433E-16
    0.246049222E-16
    0.250288037E-16
    0.265365215E-16
    0.263966033E-16
    0.203173466E-16
    0.253603309E-16
    0.305838166E-16
    0.283462137E-16
    0.222428531E-16
    0.237888513E-16
    0.287566870E-16
    0.322814948E-16
    0.268859673E-16
    0.274095786E-16
    0.249741472E-16
    0.322358212E-16
    0.337057067E-16
    0.283440993E-16
    0.220786825E-16
    0.238039299E-16
    0.385542065E-16
    0.384386916E-16
    0.326324735E-16
    0.399359394E-16
    0.372019810E-16
    0.373299579E-16
    0.377365130E-16
    0.359926129E-16
    0.433301288E-16
    0.405588495E-16
    0.365204902E-16
    0.367419573E-16
    0.428788737E-16
    0.278393108E-16
    0.385564370E-16
    0.315010470E-16
    0.359784060E-16
    0.331426651E-16
    0.226296619E-16
    0.199092619E-16
    0.223826263E-16
    0.256877227E-16
    0.305439091E-16
    0.324070102E-16
    0.394491359E-16
    0.273356633E-16
    0.360227771E-16
    0.397858450E-16
    0.328294326E-16
    0.232779373E-16
    0.265147135E-16
    0.296119816E-16
    0.319167559E-16
    0.393749941E-16
    0.251474890E-16
    0.324067931E-16
    0.385870623E-16
    0.296353761E-16
    0.227194471E-16
    0.277366261E-16
    0.326377692E-16
    0.326518241E-16
    0.285694140E-16
    0.376808574E-16
    0.287166866E-16
    0.270615165E-16
    0.318783409E-16
    0.313553674E-16
    0.289588064E-16
    0.349569005E-16
    0.276500958E-16
    0.279479606E-16
    0.318983391E-16
    0.192818411E-16
    0.330483226E-16
    0.281706412E-16
    0.364940092E-16
    0.274032059E-16
    0.281899441E-16
    0.239109022E-16
    0.295768580E-16
    0.225396469E-16
    0.284257056E-16
    0.260912202E-16
    0.306419007E-16
    0.292463937E-16
    0.300095559E-16
    0.272692969E-16
    0.285442105E-16
    0.437393690E-16
    0.243923601E-16
    0.267551769E-16
    0.244084532E-16
    0.313683427E-16
    0.225068462E-16
    0.308627335E-16
    0.235565878E-16
    0.338513588E-16
    0.330639349E-16
    0.299681714E-16
    0.222631260E-16
    0.232601334E-16
    0.333386570E-16
    0.332037521E-16
    0.205625676E-16
    0.304607701E-16
    0.331818139E-16
    0.310151901E-16
    0.255189386E-16
    0.273387018E-16
    0.328542030E-16
    0.279758445E-16
    0.262826221E-16
    0.233328523E-16
    0.333715213E-16
    0.299836154E-16
    0.353834475E-16
    0.233045006E-16
    0.276412280E-16
    0.241765016E-16
    0.302393188E-16
    0.241001756E-16
    0.257868227E-16
    0.251379987E-16
    0.264282910E-16
    0.316444997E-16
    0.339694902E-16
    0.279479278E-16
    0.346590841E-16
    0.261108674E-16
    0.205380440E-16
    0.253677872E-16
    0.306747941E-16
    0.265269930E-16
    0.267163557E-16
    0.287915485E-16
    0.265916139E-16
    0.362998382E-16
    0.236702990E-16
    0.249106853E-16
    0.281775730E-16
    0.247273773E-16
    0.202659354E-16
    0.237764127E-16
    0.268572081E-16
    0.231197341E-16
    0.352216135E-16
    0.380449596E-16
    0.305505487E-16
    0.274152068E-16
    0.294097034E-16
    0.199853834E-16
    0.344940757E-16
    0.273046555E-16
    0.233510684E-16
    0.294889928E-16
    0.259480151E-16
    0.256509609E-16
    0.335858102E-16
    0.234003302E-16
    0.295919572E-16
    0.243760470E-16
    0.247506865E-16
    0.347526930E-16
    0.248036740E-16
    0.295156940E-16
    0.305134423E-16
    0.318118583E-16
    0.333908368E-16
    0.333220544E-16
    0.257843900E-16
    0.237541025E-16
    0.359408240E-16
    0.447728199E-16
    0.326163244E-16
    0.358511242E-16
    0.321034808E-16
    0.434128750E-16
    0.442696031E-16
    0.327164812E-16
    0.436154196E-16
    0.462470773E-16
    0.552182639E-16
    0.512768778E-16
    0.591919144E-16
    0.683219157E-16
    0.859263172E-16
    0.931788325E-16
    0.112804673E-15
    0.993127802E-16
    0.129984617E-15
    0.164179862E-15
    0.188616007E-15
    0.242609257E-15
    0.282179088E-15
    0.350664227E-15
    0.452172255E-15
    0.537061609E-15
    0.579460682E-15
    0.783347309E-15
    0.913930074E-15
    0.114336656E-14
    0.134587026E-14
    0.161679425E-14
    0.188820474E-14
    0.234626573E-14
    0.308219864E-14
    0.352621104E-14
    0.433785415E-14
    0.526087620E-14
    0.658811792E-14
    0.808417339E-14
    0.987011226E-14
    0.122416001E-13
    0.149275822E-13
    0.187579025E-13
    0.230290562E-13
    0.283366369E-13
    0.344195570E-13
    0.417258194E-13
    0.517300509E-13
    0.622188250E-13
    0.752993313E-13
    0.902500284E-13
    0.108081580E-12
    0.129236114E-12
    0.154001183E-12
    0.182567241E-12
    0.215928764E-12
    0.254742139E-12
    0.301333383E-12
    0.354788906E-12
    0.414500838E-12
    0.487125507E-12
    0.570336620E-12
    0.668034389E-12
    0.782828619E-12
    0.915522822E-12
    0.107152521E-11
    0.125568928E-11
    0.146877142E-11
    0.172182543E-11
    0.201630752E-11
    0.236311128E-11
    0.276887211E-11
    0.324424676E-11
    0.380361353E-11
    0.444855877E-11
    0.521926729E-11
    0.611246468E-11
    0.715535411E-11
    0.837244343E-11
    0.977877074E-11
    0.114194094E-10
    0.133255288E-10
    0.155330531E-10
    0.180887491E-10
    0.210406575E-10
    0.244562178E-10
    0.283928634E-10
    0.329430914E-10
    0.381469253E-10
    0.441769585E-10
    0.510945260E-10
    0.590581476E-10
    0.681925572E-10
    0.786937479E-10
    0.907313976E-10
    0.104541317E-09
    0.120437983E-09
    0.138573406E-09
    0.159377604E-09
    0.183118730E-09
    0.210308039E-09
    0.241344093E-09
    0.276785224E-09
    0.317224111E-09
    0.363261749E-09
    0.415758012E-09
    0.475482246E-09
    0.543426697E-09
    0.620628113E-09
    0.708263477E-09
    0.807909619E-09
    0.920872288E-09
    0.104904072E-08
    0.119423852E-08
    0.135879092E-08
    0.154508154E-08
    0.175600902E-08
    0.199460343E-08
    0.226411837E-08
    0.256867449E-08
    0.291244539E-08
    0.330062158E-08
    0.373813306E-08
    0.423158813E-08
    0.478722512E-08
    0.541284210E-08
    0.611699873E-08
    0.690872112E-08
    0.779874298E-08
    0.879838945E-08
    0.992090748E-08
    0.111808570E-07
    0.125937403E-07
    0.141778082E-07
    0.159525151E-07
    0.179404107E-07
    0.201654655E-07
    0.226550783E-07
    0.254384454E-07
    0.285492292E-07
    0.320237834E-07
    0.359035983E-07
    0.402327305E-07
    0.450611047E-07
    0.504438536E-07
    0.564405352E-07
    0.631192610E-07
    0.705532143E-07
    0.788231538E-07
    0.880196760E-07
    0.982404047E-07
    0.109595373E-06
    0.122203497E-06
    0.136195625E-06
    0.151717916E-06
    0.168928044E-06
    0.188002714E-06
    0.209131200E-06
    0.232525262E-06
    0.258413622E-06
    0.287051086E-06
    0.318712737E-06
    0.353705337E-06
    0.392355201E-06
    0.435031021E-06
    0.482124694E-06
    0.534072650E-06
    0.591350860E-06
    0.654474318E-06
    0.724009118E-06
    0.800573163E-06
    0.884837056E-06
    0.977537491E-06
    0.107946792E-05
    0.119150167E-05
    0.131458329E-05
    0.144974440E-05
    0.159810318E-05
    0.176087374E-05
    0.193937971E-05
    0.213505559E-05
    0.234945981E-05
    0.258428522E-05
    0.284136071E-05
    0.312266995E-05
    0.343037116E-05
    0.376678334E-05
    0.413444133E-05
    0.453606954E-05
    0.497461190E-05
    0.545326531E-05
    0.597547086E-05
    0.654494931E-05
    0.716571720E-05
    0.784209259E-05
    0.857876355E-05
    0.938074860E-05
    0.102534808E-04
    0.112027836E-04
    0.122349552E-04
    0.133567469E-04
    0.145754397E-04
    0.158988359E-04
    0.173353481E-04
    0.188939629E-04
    0.205843728E-04
    0.224169515E-04
    0.244028146E-04
    0.265539296E-04
    0.288830315E-04
    0.314038159E-04
    0.341309339E-04
    0.370800392E-04
    0.402678932E-04
    0.437123676E-04
    0.474326094E-04
    0.514490426E-04
    0.557834440E-04
    0.604590665E-04
    0.655006913E-04
    0.709347620E-04
    0.767893859E-04
    0.830945501E-04
    0.898821283E-04
    0.971860476E-04
    0.105042324E-03
    0.113489344E-03
    0.122567760E-03
    0.132320818E-03
    0.142794412E-03
    0.154037088E-03
    0.166100505E-03
    0.179039276E-03
    0.192911271E-03
    0.207777775E-03
    0.223703551E-03
    0.240757324E-03
    0.259011455E-03
    0.278542591E-03
    0.299431551E-03
    0.321763840E-03
    0.345629399E-03
    0.371123285E-03
    0.398345589E-03
    0.427401822E-03
    0.458403014E-03
    0.491466020E-03
    0.526713959E-03
    0.564275944E-03
    0.604288025E-03
    0.646892830E-03
    0.692240170E-03
    0.740487438E-03
    0.791799384E-03
    0.846349039E-03
    0.904317372E-03
    0.965894273E-03
    0.103127831E-02
    0.110067707E-02
    0.117430789E-02
    0.125239777E-02
    0.133518397E-02
    0.142291381E-02
    0.151584601E-02
    0.161424987E-02
    0.171840646E-02
    0.182860835E-02
    0.194516050E-02
    0.206838023E-02
    0.219859733E-02
    0.233615522E-02
    0.248141038E-02
    0.263473321E-02
    0.279650820E-02
    0.296713404E-02
    0.314702470E-02
    0.333660843E-02
    0.353632976E-02
    0.374664795E-02
    0.396803887E-02
    0.420099423E-02
    0.444602261E-02
    0.470364869E-02
    0.497441480E-02
    0.525888035E-02
    0.555762170E-02
    0.587123357E-02
    0.620032772E-02
    0.654553465E-02
    0.690750243E-02
    0.728689722E-02
    0.768440448E-02
    0.810072720E-02
    0.853658695E-02
    0.899272379E-02
    0.946989685E-02
    0.996888290E-02
    0.104904775E-01
    0.110354943E-01
    0.116047657E-01
    0.121991413E-01
    0.128194889E-01
    0.134666936E-01
    0.141416580E-01
    0.148453022E-01
    0.155785616E-01
    0.163423889E-01
    0.171377526E-01
    0.179656357E-01
    0.188270368E-01
    0.197229685E-01
    0.206544562E-01
    0.216225405E-01
    0.226282711E-01
    0.236727107E-01
    0.247569334E-01
    0.258820221E-01
    0.270490686E-01
    0.282591720E-01
    0.295134402E-01
    0.308129858E-01
    0.321589250E-01
    0.335523792E-01
    0.349944712E-01
    0.364863258E-01
    0.380290661E-01
    0.396238141E-01
    0.412716897E-01
    0.429738077E-01
    0.447312752E-01
    0.465451944E-01
    0.484166565E-01
    0.503467417E-01
    0.523365193E-01
    0.543870415E-01
    0.564993472E-01
    0.586744562E-01
    0.609133676E-01
    0.632170607E-01
    0.655864889E-01
    0.680225837E-01
    0.705262448E-01
    0.730983450E-01
    0.757397249E-01
    0.784511920E-01
    0.812335169E-01
    0.840874334E-01
    0.870136362E-01
    0.900127771E-01
    0.930854642E-01
    0.962322588E-01
    0.994536766E-01
    0.102750181E+00
    0.106122181E+00
    0.109570039E+00
    0.113094052E+00
    0.116694465E+00
    0.120371459E+00
    0.124125155E+00
    0.127955610E+00
    0.131862813E+00
    0.135846687E+00
    0.139907086E+00
    0.144043791E+00
    0.148256512E+00
    0.152544881E+00
    0.156908459E+00
    0.161346729E+00
    0.165859090E+00
    0.170444865E+00
    0.175103298E+00
    0.179833545E+00
    0.184634683E+00
    0.189505703E+00
    0.194445508E+00
    0.199452924E+00
    0.204526682E+00
    0.209665426E+00
    0.214867718E+00
    0.220132030E+00
    0.225456746E+00
    0.230840160E+00
    0.236280482E+00
    0.241775834E+00
    0.247324246E+00
    0.252923667E+00
    0.258571956E+00
    0.264266891E+00
    0.270006161E+00
    0.275787370E+00
    0.281608047E+00
    0.287465637E+00
    0.293357498E+00
    0.299280921E+00
    0.305233113E+00
    0.311211210E+00
    0.317212273E+00
    0.323233295E+00
    0.329271197E+00
    0.335322840E+00
    0.341385015E+00
    0.347454458E+00
    0.353527839E+00
    0.359601784E+00
    0.365672857E+00
    0.371737578E+00
    0.377792419E+00
    0.383833813E+00
    0.389858147E+00
    0.395861779E+00
    0.401841033E+00
    0.407792206E+00
    0.413711566E+00
    0.419595365E+00
    0.425439839E+00
    0.431241210E+00
    0.436995688E+00
    0.442699487E+00
    0.448348815E+00
    0.453939888E+00
    0.459468925E+00
    0.464932165E+00
    0.470325863E+00
    0.475646292E+00
    0.480889753E+00
    0.486052582E+00
    0.491131145E+00
    0.496121852E+00
    0.501021149E+00
    0.505825540E+00
    0.510531581E+00
    0.515135875E+00
    0.519635097E+00
    0.524025986E+00
    0.528305347E+00
    0.532470061E+00
    0.536517088E+00
    0.540443466E+00
    0.544246327E+00
    0.547922885E+00
    0.551470448E+00
    0.554886424E+00
    0.558168322E+00
    0.561313751E+00
    0.564320426E+00
    0.567186179E+00
    0.569908950E+00
    0.572486792E+00
    0.574917882E+00
    0.577200514E+00
    0.579333110E+00
    0.581314212E+00
    0.583142490E+00
    0.584816748E+00
    0.586335919E+00
    0.587699064E+00
    0.588905381E+00
    0.589954207E+00
    0.590845008E+00
    0.591577393E+00
    0.592151103E+00
    0.592566022E+00
    0.592822170E+00
    0.592919703E+00
    0.592858920E+00
    0.592640253E+00
    0.592264275E+00
    0.591731694E+00
    0.591043355E+00
    0.590200239E+00
    0.589203462E+00
    0.588054264E+00
    0.586754033E+00
    0.585304273E+00
    0.583706620E+00
    0.581962840E+00
    0.580074821E+00
    0.578044571E+00
    0.575874226E+00
    0.573566028E+00
    0.571122343E+00
    0.568545649E+00
    0.565838535E+00
    0.563003687E+00
    0.560043913E+00
    0.556962111E+00
    0.553761278E+00
    0.550444509E+00
    0.547014997E+00
    0.543476011E+00
    0.539830922E+00
    0.536083165E+00
    0.532236270E+00
    0.528293838E+00
    0.524259537E+00
    0.520137106E+00
    0.515930357E+00
    0.511643152E+00
    0.507279415E+00
    0.502843125E+00
    0.498338312E+00
    0.493769047E+00
    0.489139449E+00
    0.484453672E+00
    0.479715907E+00
    0.474930373E+00
    0.470101318E+00
    0.465233008E+00
    0.460329734E+00
    0.455395795E+00
    0.450435503E+00
    0.445453174E+00
    0.440453130E+00
    0.435439683E+00
    0.430417143E+00
    0.425389805E+00
    0.420361949E+00
    0.415337834E+00
    0.410321695E+00
    0.405317733E+00
    0.400330121E+00
    0.395362985E+00
    0.390420410E+00
    0.385506434E+00
    0.380625041E+00
    0.375780154E+00
    0.370975630E+00
    0.366215267E+00
    0.361502783E+00
    0.356841815E+00
    0.352235927E+00
    0.347688585E+00
    0.343203172E+00
    0.338782966E+00
    0.334431144E+00
    0.330150780E+00
    0.325944839E+00
    0.321816159E+00
    0.317767469E+00
    0.313801370E+00
    0.309920331E+00
    0.306126691E+00
    0.302422654E+00
    0.298810278E+00
    0.295291482E+00
    0.291868037E+00
    0.288541558E+00
    0.285313512E+00
    0.282185209E+00
    0.279157795E+00
    0.276232258E+00
    0.273409421E+00
    0.270689944E+00
    0.268074315E+00
    0.265562858E+00
    0.263155727E+00
    0.260852904E+00
    0.258654203E+00
    0.256559264E+00
    0.254567560E+00
    0.252678393E+00
    0.250890895E+00
    0.249204030E+00
    0.247616600E+00
    0.246127236E+00
    0.244734410E+00
    0.243436434E+00
    0.242231462E+00
    0.241117492E+00
    0.240092374E+00
    0.239153811E+00
    0.238299358E+00
    0.237526434E+00
    0.236832326E+00
    0.236214181E+00
    0.235669036E+00
    0.235193793E+00
    0.234785250E+00
    0.234440093E+00
    0.234154905E+00
    0.233926172E+00
    0.233750293E+00
    0.233623580E+00
    0.233542270E+00
    0.233502530E+00
    0.233500463E+00
    0.233532117E+00
    0.233593491E+00
    0.233680544E+00
    0.233789202E+00
    0.233915363E+00
    0.234054909E+00
    0.234203711E+00
    0.234357636E+00
    0.234512559E+00
    0.234664365E+00
    0.234808965E+00
    0.234942296E+00
    0.235060332E+00
    0.235159092E+00
    0.235234649E+00
    0.235283138E+00
    0.235300758E+00
    0.235283791E+00
    0.235228596E+00
    0.235131628E+00
    0.234989440E+00
    0.234798689E+00
    0.234556146E+00
    0.234258704E+00
    0.233903381E+00
    0.233487326E+00
    0.233007832E+00
    0.232462335E+00
    0.231848422E+00
    0.231163839E+00
    0.230406491E+00
    0.229574454E+00
    0.228665971E+00
    0.227679463E+00
    0.226613531E+00
    0.225466960E+00
    0.224238717E+00
    0.222927961E+00
    0.221534041E+00
    0.220056500E+00
    0.218495070E+00
    0.216849684E+00
    0.215120465E+00
    0.213307734E+00
    0.211412004E+00
    0.209433982E+00
    0.207374564E+00
    0.205234839E+00
    0.203016077E+00
    0.200719734E+00
    0.198347445E+00
    0.195901020E+00
    0.193382436E+00
    0.190793838E+00
    0.188137527E+00
    0.185415959E+00
    0.182631734E+00
    0.179787594E+00
    0.176886407E+00
    0.173931170E+00
    0.170924990E+00
    0.167871083E+00
    0.164772763E+00
    0.161633431E+00
    0.158456569E+00
    0.155245724E+00
    0.152004506E+00
    0.148736575E+00
    0.145445626E+00
    0.142135388E+00
    0.138809606E+00
    0.135472036E+00
    0.132126432E+00
    0.128776535E+00
    0.125426067E+00
    0.122078720E+00
    0.118738142E+00
    0.115407934E+00
    0.112091638E+00
    0.108792727E+00
    0.105514601E+00
    0.102260571E+00
    0.990338612E-01
    0.958375935E-01
    0.926747851E-01
    0.895483409E-01
    0.864610472E-01
    0.834155668E-01
    0.804144340E-01
    0.774600499E-01
    0.745546790E-01
    0.717004450E-01
    0.688993291E-01
    0.661531666E-01
    0.634636459E-01
    0.608323077E-01
    0.582605429E-01
    0.557495932E-01
    0.533005521E-01
    0.509143641E-01
    0.485918282E-01
    0.463335974E-01
    0.441401826E-01
    0.420119546E-01
    0.399491465E-01
    0.379518586E-01
    0.360200609E-01
    0.341535972E-01
    0.323521911E-01
    0.306154487E-01
    0.289428645E-01
    0.273338265E-01
    0.257876217E-01
    0.243034408E-01
    0.228803850E-01
    0.215174710E-01
    0.202136372E-01
    0.189677492E-01
    0.177786064E-01
    0.166449473E-01
    0.155654555E-01
    0.145387664E-01
    0.135634713E-01
    0.126381255E-01
    0.117612517E-01
    0.109313466E-01
    0.101468866E-01
    0.940633188E-02
    0.870813212E-02
    0.805073164E-02
    0.743257304E-02
    0.685210281E-02
    0.630777460E-02
    0.579805378E-02
    0.532142061E-02
    0.487637453E-02
    0.446143678E-02
    0.407515369E-02
    0.371609927E-02
    0.338287842E-02
    0.307412801E-02
    0.278852019E-02
    0.252476328E-02
    0.228160391E-02
    0.205782820E-02
    0.185226273E-02
    0.166377584E-02
    0.149127788E-02
    0.133372210E-02
    0.119010482E-02
    0.105946554E-02
    0.940887097E-03
    0.833495214E-03
    0.736458384E-03
    0.648987298E-03
    0.570334213E-03
    0.499792347E-03
    0.436694936E-03
    0.380414264E-03
    0.330360846E-03
    0.285982113E-03
    0.246761342E-03
    0.212216469E-03
    0.181898726E-03
    0.155391494E-03
    0.132308725E-03
    0.112293841E-03
    0.950181549E-04
    0.801796076E-04
    0.675013574E-04
    0.567304090E-04
    0.476362569E-04
    0.400095253E-04
    0.336606655E-04
    0.284187130E-04
    0.241299604E-04
    0.206567948E-04
    0.178764844E-04
    0.156800907E-04
    0.139713217E-04
    0.126655357E-04
    0.116886979E-04
    0.109765132E-04
    0.104734355E-04
    0.101318923E-04
    0.991145509E-05
    0.977810762E-05
    0.970353570E-05
    0.966451212E-05
    0.964223517E-05
    0.962183951E-05
    0.959185536E-05
    0.954373690E-05
    0.947145249E-05
    0.937109958E-05
    0.924053597E-05
    0.907909571E-05
    0.888730070E-05
    0.866659899E-05
    0.841917795E-05
    0.814775061E-05
    0.785540077E-05
    0.754544361E-05
    0.722130983E-05
    0.688642926E-05
    0.654417541E-05
    0.619777887E-05
    0.585028440E-05
    0.550451586E-05
    0.516303719E-05
    0.482814105E-05
    0.450184215E-05
    0.418587015E-05
    0.388167933E-05
    0.359043537E-05
    0.331306426E-05
    0.305022858E-05
    0.280237843E-05
    0.256974901E-05
    0.235238544E-05
    0.215017098E-05
    0.196284160E-05
    0.179000582E-05
    0.163117236E-05
    0.148575354E-05
    0.135310652E-05
    0.123252993E-05
    0.112328515E-05
    0.102461886E-05
    0.935760559E-06
    0.855946875E-06
    0.784427059E-06
    0.720462850E-06
    0.663355243E-06
    0.612422485E-06
    0.567028091E-06
    0.526579855E-06
    0.490515778E-06
    0.458327498E-06
    0.429545164E-06
    0.403744534E-06
    0.380543483E-06
    0.359601552E-06
    0.340618745E-06
    0.323331851E-06
    0.307511081E-06
    0.292966099E-06
    0.279526360E-06
    0.267056364E-06
    0.255440975E-06
    0.244586144E-06
    0.234420978E-06
    0.224886474E-06
    0.215938596E-06
    0.207547608E-06
    0.199684696E-06
    0.192340974E-06
    0.185503458E-06
    0.179165091E-06
    0.173323592E-06
    0.167976810E-06
    0.163123104E-06
    0.158759498E-06
    0.154882498E-06
    0.151487701E-06
    0.148565498E-06
    0.146107182E-06
    0.144099624E-06
    0.142525084E-06
    0.141366930E-06
    0.140601351E-06
    0.140205870E-06
    0.140153364E-06
    0.140414556E-06
    0.140959415E-06
    0.141753619E-06
    0.142763237E-06
    0.143956843E-06
    0.145294358E-06
    0.146742437E-06
    0.148263528E-06
    0.149823465E-06
    0.151385853E-06
    0.152916296E-06
    0.154381647E-06
    0.155751379E-06
    0.156992236E-06
    0.158078737E-06
    0.158981444E-06
    0.159678124E-06
    0.160144699E-06
    0.160363137E-06
    0.160314272E-06
    0.159985120E-06
    0.159362767E-06
    0.158437814E-06
    0.157201638E-06
    0.155653066E-06
    0.153789053E-06
    0.151610699E-06
    0.149122575E-06
    0.146329795E-06
    0.143242823E-06
    0.139871536E-06
    0.136229604E-06
    0.132334149E-06
    0.128201839E-06
    0.123852444E-06
    0.119308534E-06
    0.114592514E-06
    0.109730423E-06
    0.104747763E-06
    0.996730867E-07
    0.945340763E-07
    0.893619342E-07
    0.841856621E-07
    0.790367331E-07
    0.739458023E-07
    0.689468914E-07
    0.640692033E-07
    0.593459085E-07
    0.548073876E-07
    0.504852559E-07
    0.464092918E-07
    0.426088121E-07
    0.391125142E-07
    0.359480739E-07
    0.331406222E-07
    0.307161638E-07
    0.286965051E-07
    0.271042193E-07
    0.259585654E-07
    0.252771300E-07
    0.250766627E-07
    0.253702673E-07
    0.261693845E-07
    0.274846136E-07
    0.293216508E-07
    0.316868670E-07
    0.345830481E-07
    0.380090930E-07
    0.419638991E-07
    0.464437622E-07
    0.514414742E-07
    0.569478958E-07
    0.629524527E-07
    0.694419135E-07
    0.764009424E-07
    0.838128636E-07
    0.916574322E-07
    0.999142244E-07
    0.108561385E-06
    0.117572991E-06
    0.126924494E-06
    0.136589022E-06
    0.146535170E-06
    0.156737285E-06
    0.167162937E-06
    0.177781132E-06
    0.188560114E-06
    0.199467818E-06
    0.210469146E-06
    0.221533673E-06
    0.232626874E-06
    0.243715607E-06
    0.254765922E-06
    0.265747441E-06
    0.276625710E-06
    0.287371351E-06
    0.297950585E-06
    0.308334153E-06
    0.318493983E-06
    0.328401271E-06
    0.338027415E-06
    0.347350200E-06
    0.356340037E-06
    0.364976414E-06
    0.373239306E-06
    0.381106093E-06
    0.388558806E-06
    0.395580661E-06
    0.402155781E-06
    0.408270211E-06
    0.413913105E-06
    0.419073132E-06
    0.423740866E-06
    0.427910884E-06
    0.431577324E-06
    0.434737444E-06
    0.437388121E-06
    0.439527877E-06
    0.441160016E-06
    0.442287640E-06
    0.442912620E-06
    0.443042573E-06
    0.442684344E-06
    0.441842889E-06
    0.440533190E-06
    0.438762882E-06
    0.436543625E-06
    0.433887630E-06
    0.430810327E-06
    0.427325144E-06
    0.423447957E-06
    0.419194891E-06
    0.414581851E-06
    0.409626252E-06
    0.404346973E-06
    0.398761058E-06
    0.392887805E-06
    0.386743570E-06
    0.380348724E-06
    0.373723187E-06
    0.366884732E-06
    0.359851031E-06
    0.352643593E-06
    0.345277945E-06
    0.337774313E-06
    0.330152373E-06
    0.322427380E-06
    0.314616756E-06
    0.306738147E-06
    0.298808949E-06
    0.290844295E-06
    0.282859857E-06
    0.274870796E-06
    0.266890527E-06
    0.258934600E-06
    0.251014643E-06
    0.243144628E-06
    0.235334641E-06
    0.227596620E-06
    0.219941799E-06
    0.212380344E-06
    0.204919740E-06
    0.197569597E-06
    0.190338036E-06
    0.183230978E-06
    0.176256970E-06
    0.169421031E-06
    0.162727496E-06
    0.156181588E-06
    0.149788177E-06
    0.143550794E-06
    0.137471270E-06
    0.131553084E-06
    0.125797377E-06
    0.120206375E-06
    0.114780838E-06
    0.109520990E-06
    0.104427258E-06
    0.994983676E-07
    0.947348880E-07
    0.901353913E-07
    0.856985111E-07
    0.814218406E-07
    0.773046857E-07
    0.733438973E-07
    0.695374943E-07
    0.658829082E-07
    0.623768380E-07
    0.590159180E-07
    0.557978051E-07
    0.527190585E-07
    0.497759940E-07
    0.469645607E-07
    0.442820428E-07
    0.417238020E-07
    0.392872775E-07
    0.369673772E-07
    0.347615142E-07
    0.326646962E-07
    0.306739891E-07
    0.287852925E-07
    0.269949029E-07
    0.252987327E-07
    0.236934310E-07
    0.221752991E-07
    0.207406730E-07
    0.193860318E-07
    0.181079141E-07
    0.169027292E-07
    0.157674254E-07
    0.146987938E-07
    0.136937683E-07
    0.127488269E-07
    0.118614816E-07
    0.110286878E-07
    0.102477452E-07
    0.951591180E-08
    0.883050369E-08
    0.818930042E-08
    0.758949291E-08
    0.702936196E-08
    0.650620946E-08
    0.601816300E-08
    0.556308227E-08
    0.513922917E-08
    0.474455465E-08
    0.437748281E-08
    0.403612527E-08
    0.371907856E-08
    0.342470149E-08
    0.315169816E-08
    0.289859081E-08
    0.266415021E-08
    0.244699416E-08
    0.224627477E-08
    0.206063931E-08
    0.188925082E-08
    0.173091138E-08
    0.158497117E-08
    0.145033382E-08
    0.132635209E-08
    0.121224108E-08
    0.110720075E-08
    0.101065544E-08
    0.921988893E-09
    0.840554329E-09
    0.765853568E-09
    0.697341668E-09
    0.634542792E-09
    0.577071301E-09
    0.524483928E-09
    0.476386828E-09
    0.432447781E-09
    0.392290968E-09
    0.355651690E-09
    0.322250044E-09
    0.291792713E-09
    0.264033413E-09
    0.238767556E-09
    0.215799444E-09
    0.194888859E-09
    0.175921175E-09
    0.158682644E-09
    0.143028146E-09
    0.128861907E-09
    0.116017772E-09
    0.104377030E-09
    0.938521906E-10
    0.843158319E-10
    0.757066672E-10
    0.679377784E-10
    0.609168541E-10
    0.545880425E-10
    0.488817148E-10
    0.437431720E-10
    0.391183518E-10
    0.349655885E-10
    0.312221914E-10
    0.278615867E-10
    0.248516480E-10
    0.221477141E-10
    0.197241584E-10
    0.175584459E-10
    0.156136304E-10
    0.138762467E-10
    0.123297899E-10
    0.109394133E-10
    0.970335173E-11
    0.859922604E-11
    0.761491932E-11
    0.674241200E-11
    0.596461534E-11
    0.527117076E-11
    0.465631591E-11
    0.410920424E-11
    0.362461881E-11
    0.319335490E-11
    0.281436892E-11
    0.247297889E-11
    0.217619517E-11
    0.191041200E-11
    0.167713967E-11
    0.146984263E-11
    0.128897260E-11
    0.112695749E-11
    0.986626402E-12
    0.861382279E-12
    0.750682702E-12
    0.654204129E-12
    0.568666901E-12
    0.494164150E-12
    0.429226238E-12
    0.371464116E-12
    0.321703362E-12
    0.277437573E-12
    0.239816667E-12
    0.205754820E-12
    0.177327983E-12
    0.152036605E-12
    0.130061524E-12
    0.111731096E-12
    0.952145963E-13
    0.815727665E-13
    0.695409344E-13
    0.596401551E-13
    0.507465973E-13
    0.437646079E-13
    0.373239642E-13
    0.324343968E-13
    0.281916600E-13
    0.247503412E-13
    0.220078471E-13
    0.197551149E-13
    0.178665443E-13
    0.164939833E-13
    0.153139089E-13
    0.146142639E-13
    0.138803570E-13
    0.136467139E-13
    0.131207030E-13
    0.130890523E-13
    0.129307600E-13
    0.129592787E-13
    0.129374457E-13
    0.130099730E-13
    0.128999507E-13
    0.129920439E-13
    0.130116581E-13
    0.128434315E-13
    0.129645380E-13
    0.128327044E-13
    0.127878811E-13
    0.126986547E-13
    0.124440838E-13
    0.122555591E-13
    0.119710207E-13
    0.117707903E-13
    0.114542197E-13
    0.111695961E-13
    0.109347822E-13
    0.103936448E-13
    0.102525415E-13
    0.968896036E-14
    0.944317436E-14
    0.892580719E-14
    0.863166249E-14
    0.810256103E-14
    0.778660387E-14
    0.733169960E-14
    0.706128325E-14
    0.664110333E-14
    0.622150991E-14
    0.584230403E-14
    0.548181222E-14
    0.512941272E-14
    0.479858591E-14
    0.446048472E-14
    0.417906297E-14
    0.381891953E-14
    0.367910242E-14
    0.334621050E-14
    0.306920099E-14
    0.283885814E-14
    0.257644633E-14
    0.239905820E-14
    0.218414966E-14
    0.203266518E-14
    0.181887166E-14
    0.164529985E-14
    0.158014735E-14
    0.139566707E-14
    0.127561128E-14
    0.114406034E-14
    0.104101169E-14
    0.949792218E-15
    0.857327924E-15
    0.758141088E-15
    0.692765225E-15
    0.603498615E-15
    0.575383711E-15
    0.499793959E-15
    0.465544277E-15
    0.392524745E-15
    0.374627914E-15
    0.320741567E-15
    0.306393016E-15
    0.260338589E-15
    0.233241266E-15
    0.191661648E-15
    0.185617358E-15
    0.165921593E-15
    0.146281635E-15
    0.150115751E-15
    0.121972265E-15
    0.115139046E-15
    0.109587294E-15
    0.895154288E-16
    0.796468968E-16
    0.712211266E-16
    0.657158027E-16
    0.545921583E-16
    0.681554407E-16
    0.533567991E-16
    0.434939255E-16
    0.589147651E-16
    0.370907861E-16
    0.384008731E-16
    0.322214543E-16
    0.369658890E-16
    0.355049111E-16
    0.329682297E-16
    0.295464910E-16
    0.357988625E-16
    0.278546335E-16
    0.271955926E-16
    0.277190173E-16
    0.271161619E-16
    0.342566185E-16
    0.306147567E-16
    0.326231647E-16
    0.272659863E-16
    0.294255593E-16
    0.217467017E-16
    0.271352811E-16
    0.219509731E-16
    0.278785077E-16
    0.259762993E-16
    0.197356520E-16
    0.244890881E-16
    0.222808367E-16
    0.230967045E-16
    0.261758229E-16
    0.287587618E-16
    0.266678281E-16
    0.261051044E-16
    0.246796338E-16
    0.220510434E-16
    0.258281068E-16
    0.240507196E-16
    0.259107280E-16
    0.240327504E-16
    0.310671185E-16
    0.304747940E-16
    0.243462155E-16
    0.245449186E-16
    0.274148921E-16
    0.245192778E-16
    0.243020535E-16
    0.191968894E-16
    0.232691078E-16
    0.207757296E-16
    0.224819401E-16
    0.251080257E-16
    0.253320347E-16
    0.259847670E-16
    0.273669638E-16
    0.225491250E-16
    0.239530105E-16
    0.335221853E-16
    0.266432143E-16
    0.235982093E-16
    0.266223591E-16
    0.260027251E-16
    0.229903169E-16
    0.300072525E-16
    0.187760739E-16
    0.257642326E-16
    0.310560044E-16
    0.255987910E-16
    0.202076980E-16
    0.178580579E-16
    0.231083969E-16
    0.286080230E-16
    0.233113970E-16
    0.227501269E-16
    0.252383864E-16
    0.303723220E-16
    0.221005323E-16
    0.252826331E-16
    0.266456331E-16
    0.272030864E-16
    0.314586779E-16
    0.329553596E-16
    0.252982840E-16
    0.231547588E-16
    0.262482257E-16
    0.224739857E-16
    0.246429746E-16
    0.268682981E-16
    0.209767317E-16
    0.238427262E-16
    0.214232734E-16
    0.218598165E-16
    0.225843513E-16
    0.238201682E-16
    0.262244966E-16
    0.270371465E-16
    0.242633083E-16
    0.246409505E-16
    0.291654181E-16
    0.251369518E-16
    0.251138685E-16
    0.276224696E-16
    0.301801812E-16
    0.284754448E-16
    0.269850514E-16
    0.203348983E-16
    0.254766969E-16
    0.257961255E-16
    0.279223737E-16
    0.234987168E-16
    0.193694470E-16
    0.218913093E-16
    0.243796351E-16
    0.224530061E-16
    0.250161711E-16
    0.240929466E-16
    0.287675585E-16
    0.239907322E-16
    0.268267970E-16
    0.241798712E-16
    0.279685082E-16
    0.330363383E-16
    0.234700213E-16
    0.273086797E-16
    0.286393909E-16
    0.262443032E-16
    0.224578302E-16
    0.241852154E-16
    0.270260204E-16
    0.251530784E-16
    0.243643569E-16
    0.250927863E-16
    0.219715992E-16
    0.224516204E-16
    0.243152135E-16
    0.280066630E-16
    0.268610733E-16
    0.249685417E-16
    0.290089767E-16
    0.291870805E-16
    0.220854001E-16
    0.279167289E-16
    0.252429734E-16
    0.324694957E-16
    0.277008178E-16
    0.243584810E-16
    0.222101046E-16
    0.250500882E-16
    0.225502887E-16
    0.274220326E-16
    0.264710893E-16
    0.213344343E-16
    0.216540131E-16
    0.253489802E-16
    0.244981255E-16
    0.237792682E-16
    0.219569586E-16
    0.271567768E-16
    0.259330312E-16
    0.348617514E-16
    0.254818789E-16
    0.286666295E-16
    0.287870732E-16
    0.271550114E-16
    0.337194730E-16
    0.332220254E-16
    0.252278540E-16
    0.217743417E-16
    0.273052521E-16
    0.244914153E-16
    0.229303701E-16
    0.244437939E-16
    0.289980714E-16
    0.214482301E-16
    0.218493202E-16
    0.213873633E-16
    0.265252343E-16
    0.262329595E-16
    0.231045266E-16
    0.266278544E-16
    0.290116790E-16
    0.228250016E-16
    0.306141450E-16
    0.253793595E-16
    0.248757994E-16
    0.295812304E-16
    0.325762646E-16
    0.280003294E-16
    0.258681938E-16
    0.212595996E-16
    0.289903297E-16
    0.279419206E-16
    0.255762335E-16
    0.261944417E-16
    0.239047151E-16
    0.294512406E-16
    0.203392300E-16
    0.265979928E-16
    0.267924602E-16
    0.255556374E-16
    0.363121875E-16
    0.242952027E-16
    0.247849800E-16
    0.296714434E-16
    0.239764801E-16
    0.311974351E-16
    0.272637922E-16
    0.245670094E-16
    0.266726879E-16
    0.267330195E-16
    0.225107146E-16
    0.240136228E-16
    0.235700901E-16
    0.275517826E-16
    0.247914624E-16
    0.298453853E-16
    0.198408191E-16
    0.286068075E-16
    0.235431082E-16
    0.244050490E-16
    0.244552669E-16
    0.384613537E-16
    0.302056886E-16
    0.284303638E-16
    0.291086798E-16
    0.249135622E-16
    0.296699330E-16
    0.402704262E-16
    0.262559232E-16
    0.267409742E-16
    0.258835769E-16
    0.250354773E-16
    0.233978653E-16
    0.283711266E-16
    0.280425953E-16
    0.213468849E-16
    0.254922211E-16
    0.224738093E-16
    0.294017471E-16
    0.249413952E-16
    0.207561708E-16
    0.275186615E-16
    0.285444461E-16
    0.252359967E-16
    0.336444369E-16
    0.216218050E-16
    0.277297574E-16
    0.303113133E-16
    0.344071254E-16
    0.321966806E-16
    0.302070931E-16
    0.232202031E-16
    0.295646905E-16
    0.270444035E-16
    0.248200467E-16
    0.289687019E-16
    0.261860207E-16
    0.295627762E-16
    0.216982936E-16
    0.272792539E-16
    0.268569840E-16
    0.247383222E-16
    0.337545548E-16
    0.244449537E-16
    0.224921647E-16
    0.307334593E-16
    0.216610636E-16
    0.298509383E-16
    0.292674630E-16
    0.261519416E-16
    0.316106002E-16
    0.310013954E-16
    0.277957024E-16
    0.267023962E-16
    0.213544023E-16
    0.284951621E-16
    0.297249597E-16
    0.306268665E-16
    0.219764329E-16
    0.325508014E-16
    0.227175340E-16
    0.228654998E-16
    0.240143149E-16
    0.422495096E-16
    0.306299028E-16
    0.231297513E-16
    0.275999254E-16
    0.228066548E-16
    0.252532087E-16
    0.388913754E-16
    0.261908907E-16
    0.279307837E-16
    0.275546989E-16
    0.291116204E-16
    0.251962062E-16
    0.273775485E-16
    0.275854714E-16
    0.267408478E-16
    0.307458997E-16
    0.223571083E-16
    0.364933863E-16
    0.240279110E-16
    0.233663175E-16
    0.222794050E-16
    0.406410184E-16
    0.262272014E-16
    0.264170738E-16
    0.249396934E-16
    0.256957259E-16
    0.312759716E-16
    0.374982814E-16
    0.295900127E-16
    0.338085932E-16
    0.259291565E-16
    0.258110272E-16
    0.282932503E-16
    0.256125362E-16
    0.323102761E-16
    0.229079753E-16
    0.271143496E-16
    0.223712292E-16
    0.339593077E-16
    0.271642810E-16
    0.243892947E-16
    0.283776933E-16
    0.283645549E-16
    0.211278024E-16
    0.296068388E-16
    0.235740396E-16
    0.304935207E-16
    0.252099755E-16
    0.310192528E-16
    0.312050925E-16
    0.368758440E-16
    0.243411895E-16
    0.309801906E-16
    0.241396281E-16
    0.260668666E-16
    0.380087356E-16
    0.219723801E-16
    0.337437305E-16
    0.227271325E-16
    0.282255561E-16
    0.263074684E-16
    0.361062956E-16
    0.276289783E-16
    0.274239490E-16
    0.227139087E-16
    0.269093042E-16
    0.203914947E-16
    0.354859245E-16
    0.252558287E-16
    0.260282142E-16
    0.264146263E-16
    0.380977213E-16
    0.275847141E-16
    0.286317661E-16
    0.232260696E-16
    0.306862741E-16
    0.322375343E-16
    0.220134306E-16
    0.343762539E-16
    0.237216322E-16
    0.216966818E-16
    0.214098371E-16
    0.370744154E-16
    0.264474488E-16
    0.276910997E-16
    0.250635047E-16
    0.268293441E-16
    0.213223778E-16
    0.352928399E-16
    0.235406673E-16
    0.298031375E-16
    0.246706965E-16
    0.371274776E-16
    0.247077379E-16
    0.264610091E-16
    0.297556452E-16
    0.317270318E-16
    0.291329651E-16
    0.271966179E-16
    0.409625792E-16
    0.262475612E-16
    0.241945106E-16
    0.234559724E-16
    0.400955943E-16
    0.297218519E-16
    0.254848379E-16
    0.261808084E-16
    0.216081507E-16
    0.260451662E-16
    0.360140123E-16
    0.355359292E-16
    0.288341961E-16
    0.258533361E-16
    0.330681225E-16
    0.321710845E-16
    0.359855402E-16
    0.314298283E-16
    0.232082059E-16
    0.316872841E-16
    0.327610053E-16
    0.353625918E-16
    0.222019431E-16
    0.258128700E-16
    0.271969445E-16
    0.361313129E-16
    0.302384518E-16
    0.210578877E-16
    0.312475130E-16
    0.261514178E-16
    0.253596577E-16
    0.337472038E-16
    0.340605631E-16
    0.252626321E-16
    0.362190064E-16
    0.335645592E-16
    0.269019317E-16
    0.291900715E-16
    0.329812963E-16
    0.270755612E-16
    0.312196839E-16
    0.333560719E-16
    0.255872582E-16
    0.305958013E-16
    0.318401542E-16
    0.388992424E-16
    0.294771878E-16
    0.314193593E-16
    0.325026811E-16
    0.226987955E-16
    0.278080213E-16
    0.277643245E-16
    0.272464197E-16
    0.313921355E-16
    0.322666357E-16
    0.361479346E-16
    0.270422561E-16
    0.473219648E-16
    0.534310924E-16
    0.438479459E-16
    0.438570211E-16
    0.303417089E-16
    0.403626314E-16
    0.375577100E-16
    0.431113435E-16
    0.399505691E-16
    0.303484714E-16
    0.351155267E-16
    0.297518487E-16
    0.343104198E-16
    0.294779306E-16
    0.312451058E-16
    0.301046635E-16
    0.296708464E-16
    0.283569577E-16
    0.286062837E-16
    0.220480279E-16
    0.277846356E-16
    0.313243933E-16
    0.341728538E-16
    0.265176910E-16
    0.208596288E-16
    0.216769993E-16
    0.314772254E-16
    0.251539059E-16
    0.304124240E-16
    0.269449503E-16
    0.285610069E-16
    0.303164237E-16
    0.223476737E-16
    0.265227247E-16
    0.222240204E-16
    0.326495208E-16
    0.346152758E-16
    0.383394221E-16
    0.320557592E-16
    0.306231897E-16
    0.319241555E-16
    0.453305237E-16
    0.279338483E-16
