 #tdnd tdcion
    0.363144392E-16
    0.348411536E-16
    0.352821035E-16
    0.335938109E-16
    0.352986764E-16
    0.326112768E-16
    0.348379569E-16
    0.312645830E-16
    0.337801602E-16
    0.299606591E-16
    0.332231246E-16
    0.286697183E-16
    0.330414048E-16
    0.278179038E-16
    0.331685688E-16
    0.276904208E-16
    0.332506595E-16
    0.280700779E-16
    0.328139305E-16
    0.286265670E-16
    0.328847827E-16
    0.293430298E-16
    0.336386348E-16
    0.305231648E-16
    0.348115709E-16
    0.317432195E-16
    0.350577666E-16
    0.326291729E-16
    0.349376002E-16
    0.333821786E-16
    0.352756859E-16
    0.342626829E-16
    0.360291885E-16
    0.341833240E-16
    0.347958454E-16
    0.340690538E-16
    0.328762460E-16
    0.341213331E-16
    0.323415288E-16
    0.332208793E-16
    0.314732849E-16
    0.317972886E-16
    0.285162092E-16
    0.314930283E-16
    0.268340638E-16
    0.302350458E-16
    0.268453413E-16
    0.281161495E-16
    0.252000532E-16
    0.273224274E-16
    0.231981409E-16
    0.266959596E-16
    0.233484219E-16
    0.246581049E-16
    0.230897093E-16
    0.236766309E-16
    0.214284752E-16
    0.238194118E-16
    0.209295461E-16
    0.230084779E-16
    0.211586196E-16
    0.223331122E-16
    0.205412252E-16
    0.231706396E-16
    0.203013663E-16
    0.238364152E-16
    0.213472397E-16
    0.239639351E-16
    0.224650919E-16
    0.247866640E-16
    0.236847999E-16
    0.258161090E-16
    0.261452104E-16
    0.258789389E-16
    0.290025537E-16
    0.257672711E-16
    0.315241110E-16
    0.254764388E-16
    0.344170528E-16
    0.247714698E-16
    0.372685270E-16
    0.241692918E-16
    0.386914539E-16
    0.238597120E-16
    0.393463205E-16
    0.237972052E-16
    0.392272479E-16
    0.248281419E-16
    0.377958359E-16
    0.261041819E-16
    0.360972070E-16
    0.269399767E-16
    0.345593159E-16
    0.282143430E-16
    0.331827280E-16
    0.290536753E-16
    0.329361081E-16
    0.285086665E-16
    0.332282187E-16
    0.285235934E-16
    0.332698579E-16
    0.286390674E-16
    0.339329167E-16
    0.283993735E-16
    0.337475922E-16
    0.294845375E-16
    0.322521458E-16
    0.311981245E-16
    0.310341334E-16
    0.324827819E-16
    0.292734960E-16
    0.346564620E-16
    0.269667917E-16
    0.357893737E-16
    0.259354333E-16
    0.362714597E-16
    0.253481233E-16
    0.367233205E-16
    0.250598779E-16
    0.359356861E-16
    0.256476384E-16
    0.351400339E-16
    0.262499812E-16
    0.349937013E-16
    0.274079439E-16
    0.341034132E-16
    0.280682840E-16
    0.338764704E-16
    0.290125206E-16
    0.333456993E-16
    0.311604945E-16
    0.321696510E-16
    0.327297708E-16
    0.307660243E-16
    0.352499434E-16
    0.277573679E-16
    0.384072746E-16
    0.256565921E-16
    0.401847597E-16
    0.233720148E-16
    0.418772110E-16
    0.209980484E-16
    0.415623044E-16
    0.213054717E-16
    0.401684804E-16
    0.216240651E-16
    0.379145105E-16
    0.224802247E-16
    0.339376832E-16
    0.244676589E-16
    0.316103488E-16
    0.258639924E-16
    0.284558803E-16
    0.267926063E-16
    0.254119702E-16
    0.273809474E-16
    0.244259435E-16
    0.287331216E-16
    0.217649153E-16
    0.285952474E-16
    0.202331348E-16
    0.285932758E-16
    0.192440565E-16
    0.300542680E-16
    0.185044341E-16
    0.280916824E-16
    0.188229764E-16
    0.276082020E-16
    0.198422683E-16
    0.268821330E-16
    0.229460597E-16
    0.242399233E-16
    0.246596555E-16
    0.237585265E-16
    0.272186929E-16
    0.231665941E-16
    0.302650085E-16
    0.238156465E-16
    0.295556792E-16
    0.253381696E-16
    0.302278825E-16
    0.277759709E-16
    0.291480297E-16
    0.315080809E-16
    0.264502187E-16
    0.332120130E-16
    0.252296053E-16
    0.366203788E-16
    0.235000305E-16
    0.379944617E-16
    0.227661291E-16
    0.375415014E-16
    0.229277419E-16
    0.384781527E-16
    0.243768330E-16
    0.363752389E-16
    0.256572500E-16
    0.351930567E-16
    0.275735719E-16
    0.343253356E-16
    0.302522975E-16
    0.316946131E-16
    0.312200509E-16
    0.307390945E-16
    0.341847859E-16
    0.284388243E-16
    0.356432812E-16
    0.262218521E-16
    0.366296782E-16
    0.246931773E-16
    0.382595965E-16
    0.235200234E-16
    0.369685162E-16
    0.233824236E-16
    0.357170312E-16
    0.248985774E-16
    0.334724295E-16
    0.273268711E-16
    0.296506923E-16
    0.299499906E-16
    0.273142536E-16
    0.334433706E-16
    0.250465130E-16
    0.352389542E-16
    0.239798516E-16
    0.366023037E-16
    0.249811491E-16
    0.365944747E-16
    0.266642049E-16
    0.354268410E-16
    0.292509632E-16
    0.335317752E-16
    0.324177739E-16
    0.318642578E-16
    0.345298089E-16
    0.299356591E-16
    0.360874799E-16
    0.292696813E-16
    0.361623541E-16
    0.293200850E-16
    0.350468519E-16
    0.297388096E-16
    0.332199718E-16
    0.308519398E-16
    0.312672202E-16
    0.311148466E-16
    0.298420020E-16
    0.309709434E-16
    0.291588299E-16
    0.299238785E-16
    0.295593210E-16
    0.282995501E-16
    0.302029260E-16
    0.266031375E-16
    0.311960567E-16
    0.251780343E-16
    0.316716719E-16
    0.243823185E-16
    0.315438217E-16
    0.241984346E-16
    0.308442678E-16
    0.245517586E-16
    0.296378038E-16
    0.250098840E-16
    0.283076637E-16
    0.252546844E-16
    0.273413540E-16
    0.252588719E-16
    0.265638988E-16
    0.246264049E-16
    0.265034229E-16
    0.240676060E-16
    0.265194729E-16
    0.234214760E-16
    0.269134461E-16
    0.230603531E-16
    0.270817627E-16
    0.234047597E-16
    0.274661141E-16
    0.237188190E-16
    0.274464134E-16
    0.248188445E-16
    0.277042040E-16
    0.255232423E-16
    0.277579798E-16
    0.264520489E-16
    0.278743069E-16
    0.267464203E-16
    0.282522162E-16
    0.268893977E-16
    0.282395332E-16
    0.263776021E-16
    0.284200281E-16
    0.259933144E-16
    0.279196996E-16
    0.254832977E-16
    0.268967907E-16
    0.253854606E-16
    0.254242186E-16
    0.258923337E-16
    0.231808712E-16
    0.264417491E-16
    0.211927422E-16
    0.277612315E-16
    0.191279465E-16
    0.284935885E-16
    0.180562445E-16
    0.295162736E-16
    0.177562011E-16
    0.296683968E-16
    0.186957342E-16
    0.296360930E-16
    0.205519955E-16
    0.290523001E-16
    0.229979097E-16
    0.283087033E-16
    0.257423615E-16
    0.277398126E-16
    0.280258889E-16
    0.270903137E-16
    0.300411111E-16
    0.269567799E-16
    0.312460760E-16
    0.263970614E-16
    0.322172569E-16
    0.261578027E-16
    0.325868550E-16
    0.253307014E-16
    0.328455000E-16
    0.249968502E-16
    0.324124537E-16
    0.244455878E-16
    0.317733016E-16
    0.249401583E-16
    0.305289918E-16
    0.253077623E-16
    0.292594644E-16
    0.266068653E-16
    0.281953239E-16
    0.274458887E-16
    0.275344034E-16
    0.285238817E-16
    0.274900427E-16
    0.291598684E-16
    0.280193065E-16
    0.297994601E-16
    0.284896938E-16
    0.300026029E-16
    0.295713173E-16
    0.305417117E-16
    0.300706311E-16
    0.298131202E-16
    0.311069535E-16
    0.298456152E-16
    0.320305232E-16
    0.278408458E-16
    0.327171329E-16
    0.269692124E-16
    0.340066178E-16
    0.246826607E-16
    0.338164578E-16
    0.236461034E-16
    0.343864031E-16
    0.228239391E-16
    0.329251369E-16
    0.228709324E-16
    0.318945586E-16
    0.242074711E-16
    0.297144701E-16
    0.254709900E-16
    0.278386030E-16
    0.274715898E-16
    0.267129383E-16
    0.283540931E-16
    0.259984544E-16
    0.287214732E-16
    0.271022239E-16
    0.282467116E-16
    0.278743073E-16
    0.272323907E-16
    0.294480299E-16
    0.271603372E-16
    0.295385939E-16
    0.272114051E-16
    0.291558245E-16
    0.290447091E-16
    0.279701433E-16
    0.303522527E-16
    0.266512244E-16
    0.322141106E-16
    0.267528246E-16
    0.325137779E-16
    0.270209102E-16
    0.322885137E-16
    0.295771222E-16
    0.314212663E-16
    0.308133218E-16
    0.303108097E-16
    0.333059005E-16
    0.306852842E-16
    0.329892451E-16
    0.307501992E-16
    0.332103876E-16
    0.331926236E-16
    0.312804584E-16
    0.340462785E-16
    0.302662645E-16
    0.367602230E-16
    0.290006947E-16
    0.369142409E-16
    0.288279153E-16
    0.384132394E-16
    0.295643225E-16
    0.377261107E-16
    0.307776558E-16
    0.381986537E-16
    0.329842347E-16
    0.373955886E-16
    0.350223281E-16
    0.373360056E-16
    0.377574478E-16
    0.365671843E-16
    0.400882682E-16
    0.360462304E-16
    0.425579244E-16
    0.353220968E-16
    0.443378929E-16
    0.349569966E-16
    0.453133780E-16
    0.350695248E-16
    0.453094019E-16
    0.359097552E-16
    0.440452386E-16
    0.371734542E-16
    0.423968750E-16
    0.387972147E-16
    0.403200095E-16
    0.397351969E-16
    0.389847447E-16
    0.404049166E-16
    0.382668238E-16
    0.397545806E-16
    0.382372476E-16
    0.391503733E-16
    0.387401441E-16
    0.380462143E-16
    0.385856658E-16
    0.377491228E-16
    0.382788148E-16
    0.380968952E-16
    0.364862557E-16
    0.391258999E-16
    0.344178084E-16
    0.409137323E-16
    0.316190548E-16
    0.423088330E-16
    0.291172409E-16
    0.435049489E-16
    0.274950109E-16
    0.433557595E-16
    0.267340419E-16
    0.419749670E-16
    0.277653742E-16
    0.394713344E-16
    0.294752186E-16
    0.356741396E-16
    0.323036257E-16
    0.321375551E-16
    0.350254125E-16
    0.282305937E-16
    0.372970263E-16
    0.259066451E-16
    0.389008239E-16
    0.243998820E-16
    0.388557248E-16
    0.248211597E-16
    0.379809762E-16
    0.270340572E-16
    0.353061431E-16
    0.305047912E-16
    0.319943183E-16
    0.357501843E-16
    0.282836807E-16
    0.405044625E-16
    0.249477369E-16
    0.454438755E-16
    0.236561154E-16
    0.478801430E-16
    0.237817357E-16
    0.489378645E-16
    0.270077165E-16
    0.471928578E-16
    0.309258270E-16
    0.445650247E-16
    0.362863484E-16
    0.406948106E-16
    0.402884355E-16
    0.377105484E-16
    0.433288059E-16
    0.346259098E-16
    0.439448515E-16
    0.334591280E-16
    0.427663568E-16
    0.316672582E-16
    0.397802174E-16
    0.318544247E-16
    0.358334649E-16
    0.302651953E-16
    0.312351940E-16
    0.304270836E-16
    0.272553273E-16
    0.283306214E-16
    0.234452720E-16
    0.274936390E-16
    0.216716905E-16
    0.251399544E-16
    0.203269380E-16
    0.233150016E-16
    0.212130805E-16
    0.217777377E-16
    0.223583892E-16
    0.201275504E-16
    0.245114593E-16
    0.203177486E-16
    0.269102869E-16
    0.199296757E-16
    0.289248872E-16
    0.213305148E-16
    0.313646026E-16
    0.220056301E-16
    0.329707647E-16
    0.233631076E-16
    0.344771314E-16
    0.243466053E-16
    0.355074069E-16
    0.254872636E-16
    0.351004227E-16
    0.266766682E-16
    0.347712933E-16
    0.283177634E-16
    0.322291565E-16
    0.299521574E-16
    0.303625918E-16
    0.318903282E-16
    0.269160608E-16
    0.334953967E-16
    0.250143296E-16
    0.342851460E-16
    0.226951103E-16
    0.345590709E-16
    0.228419427E-16
    0.331180566E-16
    0.231463528E-16
    0.312756991E-16
    0.256949766E-16
    0.282923235E-16
    0.283157126E-16
    0.256753689E-16
    0.311814920E-16
    0.232955065E-16
    0.338047173E-16
    0.225713336E-16
    0.346325341E-16
    0.226556305E-16
    0.348019970E-16
    0.248564395E-16
    0.331405928E-16
    0.274980937E-16
    0.305918219E-16
    0.309185069E-16
    0.277323249E-16
    0.340229713E-16
    0.246856570E-16
    0.359841543E-16
    0.227400729E-16
    0.365126261E-16
    0.215834799E-16
    0.356808979E-16
    0.219212439E-16
    0.330422513E-16
    0.226170350E-16
    0.305941408E-16
    0.240693218E-16
    0.275582086E-16
    0.251776000E-16
    0.256420484E-16
    0.259488413E-16
    0.239874498E-16
    0.274143799E-16
    0.230955542E-16
    0.281138975E-16
    0.220353101E-16
    0.300560366E-16
    0.216532935E-16
    0.313368514E-16
    0.217941596E-16
    0.319356586E-16
    0.225541973E-16
    0.318925761E-16
    0.254421202E-16
    0.301206089E-16
    0.279235145E-16
    0.279762731E-16
    0.314686143E-16
    0.258364625E-16
    0.342558229E-16
    0.242629667E-16
    0.348992021E-16
    0.236989808E-16
    0.361099075E-16
    0.244180118E-16
    0.343627834E-16
    0.251055728E-16
    0.338159012E-16
    0.262447909E-16
    0.326871519E-16
    0.274068601E-16
    0.315131042E-16
    0.270818738E-16
    0.316689180E-16
    0.284227572E-16
    0.306738963E-16
    0.277983433E-16
    0.305089104E-16
    0.289602520E-16
    0.291923961E-16
    0.303064871E-16
    0.277032295E-16
    0.313516737E-16
    0.253827476E-16
    0.343650018E-16
    0.233848047E-16
    0.353126673E-16
    0.215084686E-16
    0.368236326E-16
    0.210012406E-16
    0.364141184E-16
    0.221038551E-16
    0.344067889E-16
    0.241201450E-16
    0.319412165E-16
    0.277026377E-16
    0.285730895E-16
    0.305579429E-16
    0.261953441E-16
    0.331311189E-16
    0.249649056E-16
    0.343643089E-16
    0.249831514E-16
    0.344996042E-16
    0.261391769E-16
    0.343078419E-16
    0.274136182E-16
    0.341685855E-16
    0.284661006E-16
    0.346874698E-16
    0.286940533E-16
    0.358115473E-16
    0.284245036E-16
    0.372034224E-16
    0.282857795E-16
    0.381537453E-16
    0.280813715E-16
    0.381803971E-16
    0.296016830E-16
    0.372561261E-16
    0.311048298E-16
    0.352084268E-16
    0.334345804E-16
    0.328345964E-16
    0.360442712E-16
    0.310697327E-16
    0.368907550E-16
    0.289586694E-16
    0.379849213E-16
    0.288110402E-16
    0.374651872E-16
    0.285282939E-16
    0.361309090E-16
    0.284076379E-16
    0.349956122E-16
    0.295721230E-16
    0.333580181E-16
    0.293870697E-16
    0.313184725E-16
    0.301422058E-16
    0.299501160E-16
    0.311472901E-16
    0.276444487E-16
    0.316975639E-16
    0.254436237E-16
    0.326227595E-16
    0.239687364E-16
    0.334127585E-16
    0.218893487E-16
    0.329408741E-16
    0.215938823E-16
    0.326019534E-16
    0.211086141E-16
    0.318260354E-16
    0.209490502E-16
    0.303870966E-16
    0.216741648E-16
    0.306538672E-16
    0.212438574E-16
    0.297782760E-16
    0.217987030E-16
    0.295435761E-16
    0.225090402E-16
    0.298754097E-16
    0.235823853E-16
    0.280244839E-16
    0.250429716E-16
    0.277652652E-16
    0.266555913E-16
    0.268878663E-16
    0.279004946E-16
    0.259276289E-16
    0.278377426E-16
    0.262927475E-16
    0.283075200E-16
    0.260465672E-16
    0.276443853E-16
    0.258733856E-16
    0.271641948E-16
    0.252527470E-16
    0.275424189E-16
    0.243162666E-16
    0.269867257E-16
    0.231979747E-16
    0.271999902E-16
    0.222793779E-16
    0.271106755E-16
    0.218950233E-16
    0.262902055E-16
    0.213816984E-16
    0.264563734E-16
    0.215694705E-16
    0.263584236E-16
    0.218576229E-16
    0.263023073E-16
    0.218016729E-16
    0.267811716E-16
    0.230886721E-16
    0.267904704E-16
    0.244898381E-16
    0.264265318E-16
    0.259428070E-16
    0.257195761E-16
    0.283346999E-16
    0.253328143E-16
    0.299136029E-16
    0.250753131E-16
    0.307219927E-16
    0.249769119E-16
    0.308942810E-16
    0.260468041E-16
    0.303828934E-16
    0.267616705E-16
    0.293374834E-16
    0.275646196E-16
    0.277488602E-16
    0.287588088E-16
    0.266012398E-16
    0.295581665E-16
    0.246719542E-16
    0.307987283E-16
    0.228323169E-16
    0.317965263E-16
    0.218551931E-16
    0.320798387E-16
    0.212022528E-16
    0.313653732E-16
    0.222036182E-16
    0.293884118E-16
    0.244783350E-16
    0.262420153E-16
    0.267565140E-16
    0.231373372E-16
    0.286531540E-16
    0.210940727E-16
    0.296266066E-16
    0.200454887E-16
    0.285808498E-16
    0.204799490E-16
    0.263927527E-16
    0.219282522E-16
    0.249885687E-16
    0.232451449E-16
    0.235525230E-16
    0.242571167E-16
    0.228803308E-16
    0.246680888E-16
    0.243154808E-16
    0.254094123E-16
    0.258180724E-16
    0.262675361E-16
    0.272506010E-16
    0.271173145E-16
    0.289466886E-16
    0.290183734E-16
    0.310160028E-16
    0.307475259E-16
    0.327561850E-16
    0.319764553E-16
    0.341970410E-16
    0.327710998E-16
    0.367278985E-16
    0.334599727E-16
    0.384010434E-16
    0.340411193E-16
    0.392778408E-16
    0.340171982E-16
    0.405888751E-16
    0.345800978E-16
    0.409298189E-16
    0.350588017E-16
    0.407456002E-16
    0.349002161E-16
    0.410742186E-16
    0.350583292E-16
    0.411661694E-16
    0.352429056E-16
    0.404065648E-16
    0.352524087E-16
    0.398703886E-16
    0.353928816E-16
    0.396344544E-16
    0.359481155E-16
    0.387524735E-16
    0.363518673E-16
    0.384230884E-16
    0.356047339E-16
    0.387031224E-16
    0.353181134E-16
    0.382523872E-16
    0.359241230E-16
    0.377076432E-16
    0.359786144E-16
    0.363223384E-16
    0.367755998E-16
    0.334225123E-16
    0.388058489E-16
    0.306226021E-16
    0.399076790E-16
    0.286384025E-16
    0.399390438E-16
    0.266411075E-16
    0.393315887E-16
    0.257434200E-16
    0.372185592E-16
    0.265372679E-16
    0.348354213E-16
    0.272400230E-16
    0.329348793E-16
    0.275837360E-16
    0.313252613E-16
    0.279334458E-16
    0.309792259E-16
    0.278267404E-16
    0.319774239E-16
    0.276086468E-16
    0.332017816E-16
    0.276515867E-16
    0.342096778E-16
    0.282469080E-16
    0.348534871E-16
    0.305051322E-16
    0.345234866E-16
    0.338984670E-16
    0.331200368E-16
    0.373059866E-16
    0.308672690E-16
    0.411605708E-16
    0.286461573E-16
    0.445004982E-16
    0.277537573E-16
    0.459174426E-16
    0.274311556E-16
    0.460460851E-16
    0.270916164E-16
    0.450630634E-16
    0.277182991E-16
    0.430487992E-16
    0.284989192E-16
    0.413347137E-16
    0.279766102E-16
    0.400867403E-16
    0.267548216E-16
    0.380171347E-16
    0.257713835E-16
    0.358866754E-16
    0.245233587E-16
    0.346345556E-16
    0.235265339E-16
    0.323164432E-16
    0.237345924E-16
    0.289066415E-16
    0.242917568E-16
    0.261846834E-16
    0.248280810E-16
    0.240134684E-16
    0.258781184E-16
    0.220888512E-16
    0.268305090E-16
    0.214527579E-16
    0.263427724E-16
    0.226241667E-16
    0.249713527E-16
    0.244701276E-16
    0.237554710E-16
    0.266217650E-16
    0.223644965E-16
    0.287206899E-16
    0.212547900E-16
    0.296075537E-16
    0.216723860E-16
    0.288893678E-16
    0.237270046E-16
    0.268862266E-16
    0.259948949E-16
    0.245091344E-16
    0.280399640E-16
    0.222425648E-16
    0.300941385E-16
    0.208309944E-16
    0.308426388E-16
    0.211184782E-16
    0.301089411E-16
    0.223753037E-16
    0.287255463E-16
    0.238863252E-16
    0.271187626E-16
    0.259386929E-16
    0.255282265E-16
    0.286366481E-16
    0.240320546E-16
    0.307772594E-16
    0.230732740E-16
    0.320694106E-16
    0.228517660E-16
    0.331621292E-16
    0.237517019E-16
    0.334068911E-16
    0.266114902E-16
    0.321284699E-16
    0.312948740E-16
    0.296114007E-16
    0.369052949E-16
    0.265423008E-16
    0.431644329E-16
    0.237976588E-16
    0.493752198E-16
    0.223103068E-16
    0.536426405E-16
    0.229915345E-16
    0.548480160E-16
    0.262294554E-16
    0.531506841E-16
    0.319671518E-16
    0.488250408E-16
    0.400810060E-16
    0.423868499E-16
    0.491889188E-16
    0.351377851E-16
    0.567129822E-16
    0.292860948E-16
    0.611297868E-16
    0.263821377E-16
    0.623816269E-16
    0.267969351E-16
    0.601163035E-16
    0.306927317E-16
    0.546142280E-16
    0.364202923E-16
    0.473871533E-16
    0.419890574E-16
    0.401839615E-16
    0.462221920E-16
    0.347176827E-16
    0.486550003E-16
    0.312821013E-16
    0.496807127E-16
    0.296129507E-16
    0.489591189E-16
    0.289397277E-16
    0.467331716E-16
    0.286558430E-16
    0.437336409E-16
    0.291844126E-16
    0.401161434E-16
    0.305698788E-16
    0.365225824E-16
    0.331474713E-16
    0.332587592E-16
    0.365041805E-16
    0.300362613E-16
    0.395564388E-16
    0.274804326E-16
    0.422261471E-16
    0.267847870E-16
    0.434459337E-16
    0.284343363E-16
    0.428110559E-16
    0.323958849E-16
    0.411260904E-16
    0.377340221E-16
    0.390857597E-16
    0.424484394E-16
    0.377426716E-16
    0.459691157E-16
    0.376870592E-16
    0.476938113E-16
    0.391666959E-16
    0.471874116E-16
    0.419842700E-16
    0.448079376E-16
    0.453979242E-16
    0.414368649E-16
    0.476028578E-16
    0.385344143E-16
    0.477639626E-16
    0.365916528E-16
    0.462429245E-16
    0.357184399E-16
    0.436561449E-16
    0.360049627E-16
    0.403625818E-16
    0.373793318E-16
    0.364496546E-16
    0.388666172E-16
    0.324872654E-16
    0.395576631E-16
    0.290441534E-16
    0.391303901E-16
    0.264562836E-16
    0.379325731E-16
    0.248497451E-16
    0.364484918E-16
    0.249034371E-16
    0.344123263E-16
    0.264609276E-16
    0.320140883E-16
    0.286991818E-16
    0.298697667E-16
    0.307402367E-16
    0.285839703E-16
    0.317348596E-16
    0.280028180E-16
    0.319637075E-16
    0.279401800E-16
    0.315762697E-16
    0.282180127E-16
    0.306020294E-16
    0.289241037E-16
    0.292745558E-16
    0.303534869E-16
    0.281080163E-16
    0.322479539E-16
    0.276205414E-16
    0.346189894E-16
    0.280963139E-16
    0.370616630E-16
    0.293835468E-16
    0.392511614E-16
    0.311652840E-16
    0.408564231E-16
    0.334396940E-16
    0.416552685E-16
    0.359838421E-16
    0.424927937E-16
    0.389410837E-16
    0.439345264E-16
    0.424828439E-16
    0.463634362E-16
    0.464228251E-16
    0.498853926E-16
    0.506097531E-16
    0.543648908E-16
    0.547100258E-16
    0.602363916E-16
    0.592978288E-16
    0.677407302E-16
    0.657936194E-16
    0.766348848E-16
    0.752425795E-16
    0.856445001E-16
    0.873598227E-16
    0.926988287E-16
    0.100123878E-15
    0.966096713E-16
    0.111294194E-15
    0.988017540E-16
    0.121258927E-15
    0.103935154E-15
    0.134204009E-15
    0.118613222E-15
    0.155463865E-15
    0.147923988E-15
    0.187258469E-15
    0.191135082E-15
    0.226118106E-15
    0.239896714E-15
    0.264939329E-15
    0.284280665E-15
    0.299259620E-15
    0.321466432E-15
    0.335198069E-15
    0.360210462E-15
    0.389429010E-15
    0.419249880E-15
    0.478823039E-15
    0.515293419E-15
    0.607619581E-15
    0.649475702E-15
    0.764615107E-15
    0.807500861E-15
    0.930531499E-15
    0.977340889E-15
    0.109547743E-14
    0.116506152E-14
    0.127757931E-14
    0.139811645E-14
    0.151689726E-14
    0.171389135E-14
    0.185122920E-14
    0.213852284E-14
    0.229845079E-14
    0.267280613E-14
    0.285976832E-14
    0.330523929E-14
    0.353745811E-14
    0.404672622E-14
    0.435877309E-14
    0.494710331E-14
    0.538992563E-14
    0.608360792E-14
    0.671792836E-14
    0.753963669E-14
    0.841624832E-14
    0.938771845E-14
    0.105398038E-13
    0.116916654E-13
    0.131606730E-13
    0.145468467E-13
    0.164094321E-13
    0.181347510E-13
    0.205019203E-13
    0.227296210E-13
    0.257345032E-13
    0.286547020E-13
    0.324355706E-13
    0.362420203E-13
    0.409272113E-13
    0.458399261E-13
    0.515791341E-13
    0.578981911E-13
    0.649584119E-13
    0.731286999E-13
    0.819950838E-13
    0.926579725E-13
    0.104081999E-12
    0.118081093E-12
    0.133077923E-12
    0.151432109E-12
    0.171282356E-12
    0.195203905E-12
    0.221531492E-12
    0.252604230E-12
    0.287571591E-12
    0.328139114E-12
    0.374800933E-12
    0.428490742E-12
    0.491332053E-12
    0.563651140E-12
    0.649248045E-12
    0.748290526E-12
    0.866077770E-12
    0.100339266E-11
    0.116674949E-11
    0.135848997E-11
    0.158646026E-11
    0.185527300E-11
    0.217524020E-11
    0.255362151E-11
    0.300543835E-11
    0.354116144E-11
    0.418346852E-11
    0.494746771E-11
    0.586682876E-11
    0.696419478E-11
    0.828750372E-11
    0.987281576E-11
    0.117845087E-10
    0.140831487E-10
    0.168508781E-10
    0.201896269E-10
    0.242029292E-10
    0.290561467E-10
    0.348835107E-10
    0.419418401E-10
    0.504146761E-10
    0.606834144E-10
    0.730167533E-10
    0.879565688E-10
    0.105917949E-09
    0.127646349E-09
    0.153794828E-09
    0.185372049E-09
    0.223400689E-09
    0.269239075E-09
    0.324462397E-09
    0.390914287E-09
    0.470962442E-09
    0.567152575E-09
    0.682958251E-09
    0.821956189E-09
    0.989141547E-09
    0.118961094E-08
    0.143043077E-08
    0.171893283E-08
    0.206499847E-08
    0.247920237E-08
    0.297527775E-08
    0.356843459E-08
    0.427770385E-08
    0.512484594E-08
    0.613620643E-08
    0.734269352E-08
    0.878079894E-08
    0.104940699E-07
    0.125330906E-07
    0.149587610E-07
    0.178411853E-07
    0.212649933E-07
    0.253272364E-07
    0.301448560E-07
    0.358519690E-07
    0.426093729E-07
    0.506018782E-07
    0.600497059E-07
    0.712065790E-07
    0.843729987E-07
    0.998959667E-07
    0.118184005E-06
    0.139709807E-06
    0.165026816E-06
    0.194776213E-06
    0.229705220E-06
    0.270680005E-06
    0.318705682E-06
    0.374947769E-06
    0.440753292E-06
    0.517684111E-06
    0.607539023E-06
    0.712402385E-06
    0.834667251E-06
    0.977104125E-06
    0.114288461E-05
    0.133567587E-05
    0.155966601E-05
    0.181968861E-05
    0.212125321E-05
    0.247070472E-05
    0.287526313E-05
    0.334322277E-05
    0.388400914E-05
    0.450841985E-05
    0.522871141E-05
    0.605888358E-05
    0.701481003E-05
    0.811456900E-05
    0.937863616E-05
    0.108302619E-04
    0.124957499E-04
    0.144048833E-04
    0.165913117E-04
    0.190930332E-04
    0.219529169E-04
    0.252192454E-04
    0.289464040E-04
    0.331954959E-04
    0.380352255E-04
    0.435426046E-04
    0.498040621E-04
    0.569162595E-04
    0.649874625E-04
    0.741384925E-04
    0.845043937E-04
    0.962355510E-04
    0.109499694E-03
    0.124483213E-03
    0.141393540E-03
    0.160460705E-03
    0.181940137E-03
    0.206114497E-03
    0.233296953E-03
    0.263833334E-03
    0.298105918E-03
    0.336535962E-03
    0.379588052E-03
    0.427773052E-03
    0.481653071E-03
    0.541844874E-03
    0.609025510E-03
    0.683936238E-03
    0.767388862E-03
    0.860270193E-03
    0.963549157E-03
    0.107828181E-02
    0.120561925E-02
    0.134681320E-02
    0.150322478E-02
    0.167633064E-02
    0.186773258E-02
    0.207916426E-02
    0.231250162E-02
    0.256977019E-02
    0.285315626E-02
    0.316501468E-02
    0.350788072E-02
    0.388447843E-02
    0.429773292E-02
    0.475077916E-02
    0.524697472E-02
    0.578990870E-02
    0.638341479E-02
    0.703158019E-02
    0.773875873E-02
    0.850957950E-02
    0.934895984E-02
    0.102621134E-01
    0.112545626E-01
    0.123321459E-01
    0.135010293E-01
    0.147677123E-01
    0.161390382E-01
    0.176221985E-01
    0.192247414E-01
    0.209545736E-01
    0.228199672E-01
    0.248295585E-01
    0.269923524E-01
    0.293177174E-01
    0.318153873E-01
    0.344954523E-01
    0.373683563E-01
    0.404448846E-01
    0.437361560E-01
    0.472536058E-01
    0.510089732E-01
    0.550142786E-01
    0.592818059E-01
    0.638240732E-01
    0.686538102E-01
    0.737839220E-01
    0.792274607E-01
    0.849975823E-01
    0.911075119E-01
    0.975704943E-01
    0.104399752E+00
    0.111608431E+00
    0.119209550E+00
    0.127215938E+00
    0.135640185E+00
    0.144494568E+00
    0.153790990E+00
    0.163540914E+00
    0.173755289E+00
    0.184444476E+00
    0.195618179E+00
    0.207285360E+00
    0.219454170E+00
    0.232131861E+00
    0.245324716E+00
    0.259037960E+00
    0.273275688E+00
    0.288040782E+00
    0.303334833E+00
    0.319158068E+00
    0.335509273E+00
    0.352385723E+00
    0.369783113E+00
    0.387695493E+00
    0.406115210E+00
    0.425032851E+00
    0.444437191E+00
    0.464315152E+00
    0.484651763E+00
    0.505430130E+00
    0.526631412E+00
    0.548234803E+00
    0.570217529E+00
    0.592554844E+00
    0.615220043E+00
    0.638184483E+00
    0.661417605E+00
    0.684886983E+00
    0.708558362E+00
    0.732395724E+00
    0.756361357E+00
    0.780415927E+00
    0.804518576E+00
    0.828627013E+00
    0.852697629E+00
    0.876685610E+00
    0.900545068E+00
    0.924229171E+00
    0.947690293E+00
    0.970880160E+00
    0.993750012E+00
    0.101625076E+01
    0.103833318E+01
    0.105994804E+01
    0.108104633E+01
    0.110157941E+01
    0.112149921E+01
    0.114075841E+01
    0.115931063E+01
    0.117711059E+01
    0.119411434E+01
    0.121027938E+01
    0.122556489E+01
    0.123993187E+01
    0.125334330E+01
    0.126576435E+01
    0.127716244E+01
    0.128750746E+01
    0.129677188E+01
    0.130493085E+01
    0.131196234E+01
    0.131784722E+01
    0.132256935E+01
    0.132611567E+01
    0.132847622E+01
    0.132964424E+01
    0.132961616E+01
    0.132839164E+01
    0.132597355E+01
    0.132236799E+01
    0.131758425E+01
    0.131163475E+01
    0.130453505E+01
    0.129630368E+01
    0.128696215E+01
    0.127653483E+01
    0.126504883E+01
    0.125253388E+01
    0.123902222E+01
    0.122454845E+01
    0.120914940E+01
    0.119286395E+01
    0.117573287E+01
    0.115779868E+01
    0.113910541E+01
    0.111969850E+01
    0.109962457E+01
    0.107893121E+01
    0.105766688E+01
    0.103588061E+01
    0.101362190E+01
    0.990940504E+00
    0.967886238E+00
    0.944508811E+00
    0.920857653E+00
    0.896981736E+00
    0.872929419E+00
    0.848748285E+00
    0.824484997E+00
    0.800185150E+00
    0.775893144E+00
    0.751652054E+00
    0.727503526E+00
    0.703487658E+00
    0.679642919E+00
    0.656006056E+00
    0.632612023E+00
    0.609493918E+00
    0.586682931E+00
    0.564208296E+00
    0.542097265E+00
    0.520375081E+00
    0.499064967E+00
    0.478188124E+00
    0.457763733E+00
    0.437808973E+00
    0.418339043E+00
    0.399367190E+00
    0.380904752E+00
    0.362961197E+00
    0.345544180E+00
    0.328659593E+00
    0.312311634E+00
    0.296502868E+00
    0.281234299E+00
    0.266505445E+00
    0.252314417E+00
    0.238657991E+00
    0.225531697E+00
    0.212929895E+00
    0.200845864E+00
    0.189271877E+00
    0.178199295E+00
    0.167618639E+00
    0.157519680E+00
    0.147891511E+00
    0.138722636E+00
    0.130001033E+00
    0.121714242E+00
    0.113849425E+00
    0.106393443E+00
    0.993329147E-01
    0.926542866E-01
    0.863438855E-01
    0.803879795E-01
    0.747728266E-01
    0.694847274E-01
    0.645100670E-01
    0.598353603E-01
    0.554472878E-01
    0.513327325E-01
    0.474788103E-01
    0.438728994E-01
    0.405026644E-01
    0.373560789E-01
    0.344214443E-01
    0.316874058E-01
    0.291429660E-01
    0.267774952E-01
    0.245807402E-01
    0.225428297E-01
    0.206542788E-01
    0.189059900E-01
    0.172892540E-01
    0.157957472E-01
    0.144175289E-01
    0.131470363E-01
    0.119770790E-01
    0.109008312E-01
    0.991182444E-02
    0.900393789E-02
    0.817138965E-02
    0.740872530E-02
    0.671080841E-02
    0.607280806E-02
    0.549018860E-02
    0.495869672E-02
    0.447435075E-02
    0.403342765E-02
    0.363245210E-02
    0.326818369E-02
    0.293760615E-02
    0.263791485E-02
    0.236650633E-02
    0.212096645E-02
    0.189906029E-02
    0.169872099E-02
    0.151804026E-02
    0.135525797E-02
    0.120875331E-02
    0.107703523E-02
    0.958734231E-03
    0.852593745E-03
    0.757462601E-03
    0.672287234E-03
    0.596104921E-03
    0.528036786E-03
    0.467281765E-03
    0.413110375E-03
    0.364859404E-03
    0.321926374E-03
    0.283764928E-03
    0.249879932E-03
    0.219823510E-03
    0.193190738E-03
    0.169616265E-03
    0.148770549E-03
    0.130357007E-03
    0.114108742E-03
    0.997861551E-04
    0.871741247E-04
    0.760800177E-04
    0.663312746E-04
    0.577737572E-04
    0.502697106E-04
    0.436963816E-04
    0.379443255E-04
    0.329162422E-04
    0.285255937E-04
    0.246956158E-04
    0.213582086E-04
    0.184530910E-04
    0.159269266E-04
    0.137325983E-04
    0.118285302E-04
    0.101780649E-04
    0.874894588E-05
    0.751278637E-05
    0.644467751E-05
    0.552273883E-05
    0.472782493E-05
    0.404314909E-05
    0.345406417E-05
    0.294775110E-05
    0.251305600E-05
    0.214023519E-05
    0.182083444E-05
    0.154748175E-05
    0.131379894E-05
    0.111423404E-05
    0.943997759E-06
    0.798927793E-06
    0.675444883E-06
    0.570442731E-06
    0.481259007E-06
    0.405586080E-06
    0.341452873E-06
    0.287153067E-06
    0.241233947E-06
    0.202439924E-06
    0.169704944E-06
    0.142109784E-06
    0.118875273E-06
    0.993320701E-07
    0.829128391E-07
    0.691329407E-07
    0.575807468E-07
    0.479073762E-07
    0.398152615E-07
    0.330546759E-07
    0.274113286E-07
    0.227074029E-07
    0.187892731E-07
    0.155309096E-07
    0.128227415E-07
    0.105757716E-07
    0.871232409E-08
    0.716974441E-08
    0.589332836E-08
    0.483907245E-08
    0.396871976E-08
    0.325144649E-08
    0.266068066E-08
    0.217488611E-08
    0.177572885E-08
    0.144820936E-08
    0.117976038E-08
    0.959961428E-09
    0.780258580E-09
    0.633427918E-09
    0.513696551E-09
    0.416059531E-09
    0.336658525E-09
    0.272029440E-09
    0.219618634E-09
    0.177035646E-09
    0.142598352E-09
    0.114674261E-09
    0.921483609E-10
    0.739290390E-10
    0.592589433E-10
    0.474350064E-10
    0.379225556E-10
    0.302921060E-10
    0.241508954E-10
    0.192537542E-10
    0.153076634E-10
    0.121806936E-10
    0.965839869E-11
    0.766952104E-11
    0.606715618E-11
    0.480554590E-11
    0.379462627E-11
    0.299529668E-11
    0.236216329E-11
    0.185642019E-11
    0.146275621E-11
    0.114370469E-11
    0.900357973E-12
    0.700578813E-12
    0.550770074E-12
    0.427232887E-12
    0.335000957E-12
    0.259860339E-12
    0.202867860E-12
    0.157900568E-12
    0.122409565E-12
    0.957392374E-13
    0.735238008E-13
    0.576903506E-13
    0.438522569E-13
    0.343442550E-13
    0.259080200E-13
    0.201386848E-13
    0.151961099E-13
    0.116829008E-13
    0.890817302E-14
    0.677840315E-14
    0.526550951E-14
    0.398528890E-14
    0.314459258E-14
    0.237356514E-14
    0.187798634E-14
    0.141558827E-14
    0.110586036E-14
    0.827674903E-15
    0.631342232E-15
    0.469661416E-15
    0.351255244E-15
    0.262497055E-15
    0.194928497E-15
    0.152710967E-15
    0.118556043E-15
    0.102196494E-15
    0.865203028E-16
    0.793037652E-16
    0.743069707E-16
    0.657088646E-16
    0.663055518E-16
    0.518787770E-16
    0.568901837E-16
    0.393763904E-16
    0.482050817E-16
    0.315290577E-16
    0.425052474E-16
    0.300003009E-16
    0.400274645E-16
    0.325688087E-16
    0.380686755E-16
    0.355396128E-16
    0.347636731E-16
    0.372208073E-16
    0.302435714E-16
    0.373489336E-16
    0.261461000E-16
    0.369981645E-16
    0.237039589E-16
    0.363674617E-16
    0.232060478E-16
    0.353391564E-16
    0.239868519E-16
    0.337466158E-16
    0.254721231E-16
    0.315661839E-16
    0.273074563E-16
    0.293621208E-16
    0.291702403E-16
    0.274292382E-16
    0.311217051E-16
    0.261860176E-16
    0.327662068E-16
    0.257629741E-16
    0.341604875E-16
    0.260762186E-16
    0.349249246E-16
    0.270235183E-16
    0.349299725E-16
    0.282626629E-16
    0.341082074E-16
    0.296487662E-16
    0.326785038E-16
    0.309867260E-16
    0.312339683E-16
    0.324139402E-16
    0.302796582E-16
    0.338791582E-16
    0.303107557E-16
    0.353542015E-16
    0.313201993E-16
    0.362891698E-16
    0.333770499E-16
    0.361629098E-16
    0.361334599E-16
    0.347163497E-16
    0.393937452E-16
    0.324207810E-16
    0.424956927E-16
    0.303249593E-16
    0.448027220E-16
    0.294530993E-16
    0.458169268E-16
    0.299409860E-16
    0.453905167E-16
    0.313553766E-16
    0.438868468E-16
    0.327969309E-16
    0.415362501E-16
    0.341765961E-16
    0.386271968E-16
    0.357595579E-16
    0.353017375E-16
    0.376660627E-16
    0.323646740E-16
    0.394377882E-16
    0.303716878E-16
    0.401037303E-16
    0.300159519E-16
    0.392842690E-16
    0.306657025E-16
    0.375817951E-16
    0.318959453E-16
    0.357650628E-16
    0.331968682E-16
    0.346681885E-16
    0.347223720E-16
    0.340520262E-16
    0.365173497E-16
    0.340271681E-16
    0.379626979E-16
    0.342644052E-16
    0.386949497E-16
    0.348165601E-16
    0.385453634E-16
    0.352315764E-16
    0.383638152E-16
    0.353683266E-16
    0.384543411E-16
    0.352640094E-16
    0.386487440E-16
    0.351598417E-16
    0.383692453E-16
    0.348896088E-16
    0.374390930E-16
    0.341711948E-16
    0.364610685E-16
    0.329682127E-16
    0.358385406E-16
    0.318380730E-16
    0.357291068E-16
    0.314122417E-16
    0.354267221E-16
    0.315474666E-16
    0.346717475E-16
    0.316956929E-16
    0.334287534E-16
    0.312825203E-16
    0.322990438E-16
    0.309789051E-16
    0.314599275E-16
    0.315741075E-16
    0.305479116E-16
    0.336017845E-16
    0.290800568E-16
    0.358411157E-16
    0.271676525E-16
    0.369457123E-16
    0.256019068E-16
    0.365148424E-16
    0.249350121E-16
    0.354001646E-16
    0.253958280E-16
    0.345537842E-16
    0.263269968E-16
    0.337224469E-16
    0.275965615E-16
    0.320848897E-16
    0.286973316E-16
    0.298662102E-16
    0.297076501E-16
    0.277455872E-16
    0.308220057E-16
    0.265325318E-16
    0.322641868E-16
    0.259863786E-16
    0.341187979E-16
    0.255641609E-16
    0.360412856E-16
    0.252827582E-16
    0.378017654E-16
    0.249769777E-16
    0.399362437E-16
    0.249495629E-16
    0.421920821E-16
    0.250942317E-16
    0.446125592E-16
    0.257685662E-16
    0.459380493E-16
    0.269091718E-16
    0.463676810E-16
    0.284393890E-16
    0.458651714E-16
    0.300511257E-16
    0.450665685E-16
    0.315354490E-16
    0.440458574E-16
    0.325964204E-16
    0.425468149E-16
    0.331179903E-16
    0.408823698E-16
    0.332656549E-16
    0.390385574E-16
    0.331795729E-16
    0.377846077E-16
    0.330241081E-16
    0.365924494E-16
    0.325915037E-16
    0.356160961E-16
    0.323898643E-16
    0.344304406E-16
    0.325270987E-16
    0.338944907E-16
    0.333511741E-16
    0.339567909E-16
    0.342130402E-16
    0.346589095E-16
    0.349189204E-16
    0.352346524E-16
    0.351932415E-16
    0.357982271E-16
    0.354669044E-16
    0.362638623E-16
    0.357486312E-16
    0.369423758E-16
    0.357859960E-16
    0.375041899E-16
    0.349964454E-16
    0.378737830E-16
    0.335278714E-16
    0.376389662E-16
    0.321839944E-16
    0.373098953E-16
    0.312225590E-16
    0.375053986E-16
    0.303613226E-16
    0.384231048E-16
    0.291963009E-16
    0.387857218E-16
    0.285198046E-16
    0.382247902E-16
    0.287550327E-16
    0.376634319E-16
    0.299270671E-16
    0.380296737E-16
    0.312428873E-16
    0.381197528E-16
    0.324325329E-16
    0.368805121E-16
    0.334382491E-16
    0.353788190E-16
    0.345733019E-16
    0.349373885E-16
    0.363248026E-16
    0.348476995E-16
    0.383028319E-16
    0.341163210E-16
    0.398786362E-16
    0.337588839E-16
    0.405091913E-16
    0.348208535E-16
    0.416595826E-16
    0.360660554E-16
    0.434476706E-16
    0.364777850E-16
    0.452892925E-16
    0.369535830E-16
    0.453312178E-16
    0.389391447E-16
    0.447347263E-16
    0.410530154E-16
    0.440916282E-16
    0.421501085E-16
    0.438402064E-16
    0.426262326E-16
    0.419944035E-16
    0.442971437E-16
    0.395592629E-16
    0.465251254E-16
    0.367728795E-16
    0.482641749E-16
    0.350136867E-16
    0.490926569E-16
    0.328204572E-16
    0.497178752E-16
    0.320044953E-16
    0.497614856E-16
    0.317952664E-16
    0.483847733E-16
    0.331012495E-16
    0.458100527E-16
    0.343445898E-16
    0.423306315E-16
    0.375372081E-16
    0.388357626E-16
    0.403752165E-16
    0.346723802E-16
    0.414991462E-16
    0.322145458E-16
    0.405675246E-16
    0.321961053E-16
    0.400982530E-16
    0.337967324E-16
    0.390348202E-16
    0.339087736E-16
    0.369616210E-16
    0.342812093E-16
    0.355080145E-16
    0.356269011E-16
    0.365063383E-16
    0.376676965E-16
    0.368498712E-16
